--------------------------------------------------------------
  XFOIL-like Polar Output (Generated by NeuralFoil)
--------------------------------------------------------------
  alpha     CL        CD       Cm        CL/CD
--------------------------------------------------------------
  -5.000  -0.06682   0.01409  -0.06138  -4.74177
  -4.915  -0.05793   0.01400  -0.06126  -4.13794
  -4.829  -0.04904   0.01391  -0.06114  -3.52583
  -4.744  -0.04014   0.01382  -0.06101  -2.90521
  -4.658  -0.03124   0.01373  -0.06089  -2.27581
  -4.573  -0.02233   0.01364  -0.06076  -1.63738
  -4.487  -0.01341   0.01355  -0.06063  -0.98967
  -4.402  -0.00447   0.01346  -0.06050  -0.33245
  -4.317   0.00447   0.01337  -0.06038   0.33448
  -4.231   0.01344   0.01329  -0.06025   1.01127
  -4.146   0.02242   0.01320  -0.06012   1.69798
  -4.060   0.03141   0.01312  -0.05999   2.39454
  -3.975   0.04042   0.01304  -0.05986   3.10064
  -3.889   0.04944   0.01296  -0.05972   3.81586
  -3.804   0.05845   0.01287  -0.05957   4.53984
  -3.719   0.06744   0.01279  -0.05941   5.27268
  -3.633   0.07638   0.01270  -0.05924   6.01559
  -3.548   0.08523   0.01259  -0.05905   6.77225
  -3.462   0.09390   0.01243  -0.05882   7.55142
  -3.377   0.10225   0.01222  -0.05855   8.36873
  -3.291   0.11021   0.01193  -0.05822   9.24092
  -3.206   0.11790   0.01159  -0.05784  10.16933
  -3.121   0.12561   0.01129  -0.05745  11.12690
  -3.035   0.13357   0.01107  -0.05708  12.07007
  -2.950   0.14186   0.01094  -0.05675  12.97052
  -2.864   0.15045   0.01088  -0.05645  13.82952
  -2.779   0.15925   0.01086  -0.05618  14.66364
  -2.693   0.16819   0.01086  -0.05592  15.48897
  -2.608   0.17721   0.01086  -0.05568  16.31628
  -2.523   0.18628   0.01086  -0.05545  17.15183
  -2.437   0.19537   0.01085  -0.05524  17.99910
  -2.352   0.20447   0.01084  -0.05503  18.85998
  -2.266   0.21358   0.01082  -0.05484  19.73554
  -2.181   0.22269   0.01080  -0.05465  20.62647
  -2.095   0.23181   0.01077  -0.05448  21.53329
  -2.010   0.24095   0.01073  -0.05432  22.45653
  -1.925   0.25011   0.01069  -0.05417  23.39678
  -1.839   0.25930   0.01065  -0.05403  24.35471
  -1.754   0.26853   0.01060  -0.05390  25.33104
  -1.668   0.27780   0.01055  -0.05378  26.32643
  -1.583   0.28709   0.01050  -0.05366  27.34139
  -1.497   0.29640   0.01045  -0.05354  28.37616
  -1.412   0.30568   0.01039  -0.05342  29.43078
  -1.327   0.31488   0.01032  -0.05327  30.50525
  -1.241   0.32396   0.01025  -0.05310  31.60001
  -1.156   0.33284   0.01017  -0.05288  32.71665
  -1.070   0.34149   0.01009  -0.05261  33.85897
  -0.985   0.34988   0.00999  -0.05227  35.03446
  -0.899   0.35803   0.00988  -0.05188  36.25629
  -0.814   0.36606   0.00975  -0.05144  37.54590
  -0.729   0.37420   0.00961  -0.05100  38.93562
  -0.643   0.38289   0.00946  -0.05065  40.46943
  -0.558   0.39271   0.00931  -0.05051  42.19839
  -0.472   0.40427   0.00915  -0.05070  44.16721
  -0.387   0.41797   0.00901  -0.05131  46.39275
  -0.302   0.43379   0.00888  -0.05237  48.84438
  -0.216   0.45125   0.00877  -0.05376  51.43900
  -0.131   0.46952   0.00869  -0.05534  54.05351
  -0.045   0.48771   0.00863  -0.05692  56.54470
   0.040   0.50505   0.00859  -0.05835  58.76542
   0.126   0.52103   0.00860  -0.05952  60.57603
   0.211   0.53541   0.00866  -0.06037  61.86013
   0.296   0.54819   0.00876  -0.06090  62.55557
   0.382   0.55955   0.00892  -0.06114  62.69574
   0.467   0.56976   0.00913  -0.06117  62.42395
   0.553   0.57911   0.00935  -0.06106  61.94356
   0.638   0.58786   0.00957  -0.06088  61.43222
   0.724   0.59622   0.00978  -0.06067  60.99303
   0.809   0.60438   0.00996  -0.06047  60.66324
   0.894   0.61242   0.01013  -0.06026  60.44373
   0.980   0.62041   0.01029  -0.06006  60.32047
   1.065   0.62838   0.01043  -0.05986  60.27520
   1.151   0.63634   0.01055  -0.05965  60.29037
   1.236   0.64432   0.01068  -0.05944  60.35107
   1.322   0.65231   0.01079  -0.05923  60.44563
   1.407   0.66032   0.01090  -0.05900  60.56527
   1.492   0.66836   0.01101  -0.05877  60.70364
   1.578   0.67643   0.01112  -0.05853  60.85612
   1.663   0.68453   0.01122  -0.05828  61.01929
   1.749   0.69266   0.01132  -0.05803  61.19052
   1.834   0.70082   0.01142  -0.05778  61.36760
   1.920   0.70900   0.01152  -0.05752  61.54859
   2.005   0.71721   0.01162  -0.05725  61.73173
   2.090   0.72543   0.01172  -0.05699  61.91544
   2.176   0.73367   0.01181  -0.05672  62.09831
   2.261   0.74193   0.01191  -0.05645  62.27914
   2.347   0.75018   0.01201  -0.05617  62.45695
   2.432   0.75844   0.01211  -0.05590  62.63100
   2.518   0.76670   0.01221  -0.05562  62.80082
   2.603   0.77496   0.01231  -0.05535  62.96617
   2.688   0.78321   0.01241  -0.05507  63.12709
   2.774   0.79145   0.01251  -0.05479  63.28379
   2.859   0.79968   0.01261  -0.05451  63.43672
   2.945   0.80789   0.01271  -0.05423  63.58644
   3.030   0.81609   0.01280  -0.05395  63.73360
   3.116   0.82427   0.01290  -0.05367  63.87889
   3.201   0.83244   0.01300  -0.05338  64.02297
   3.286   0.84058   0.01310  -0.05310  64.16646
   3.372   0.84869   0.01320  -0.05281  64.30989
   3.457   0.85679   0.01329  -0.05252  64.45369
   3.543   0.86485   0.01339  -0.05223  64.59825
   3.628   0.87289   0.01348  -0.05193  64.74388
   3.714   0.88089   0.01357  -0.05163  64.89089
   3.799   0.88885   0.01367  -0.05133  65.03959
   3.884   0.89679   0.01376  -0.05102  65.19034
   3.970   0.90468   0.01385  -0.05071  65.34349
   4.055   0.91254   0.01393  -0.05040  65.49941
   4.141   0.92036   0.01402  -0.05008  65.65843
   4.226   0.92814   0.01410  -0.04975  65.82079
   4.312   0.93589   0.01418  -0.04942  65.98663
   4.397   0.94359   0.01426  -0.04909  66.15593
   4.482   0.95126   0.01434  -0.04876  66.32849
   4.568   0.95889   0.01442  -0.04841  66.50400
   4.653   0.96648   0.01449  -0.04807  66.68198
   4.739   0.97403   0.01457  -0.04772  66.86189
   4.824   0.98155   0.01464  -0.04737  67.04309
   4.910   0.98902   0.01471  -0.04701  67.22488
   4.995   0.99645   0.01478  -0.04665  67.40654
   5.080   1.00385   0.01485  -0.04628  67.58732
   5.166   1.01121   0.01492  -0.04591  67.76644
   5.251   1.01853   0.01499  -0.04554  67.94310
   5.337   1.02582   0.01506  -0.04516  68.11649
   5.422   1.03307   0.01513  -0.04478  68.28581
   5.508   1.04028   0.01520  -0.04440  68.45022
   5.593   1.04747   0.01527  -0.04401  68.60893
   5.678   1.05462   0.01534  -0.04362  68.76114
   5.764   1.06174   0.01541  -0.04322  68.90609
   5.849   1.06884   0.01548  -0.04283  69.04310
   5.935   1.07590   0.01555  -0.04242  69.17154
   6.020   1.08294   0.01563  -0.04202  69.29096
   6.106   1.08995   0.01571  -0.04161  69.40113
   6.191   1.09693   0.01578  -0.04119  69.50215
   6.276   1.10389   0.01586  -0.04078  69.59464
   6.362   1.11082   0.01594  -0.04036  69.67994
   6.447   1.11773   0.01602  -0.03994  69.76034
   6.533   1.12463   0.01610  -0.03953  69.83920
   6.618   1.13154   0.01618  -0.03911  69.92075
   6.704   1.13845   0.01626  -0.03870  70.00936
   6.789   1.14539   0.01634  -0.03829  70.10801
   6.874   1.15234   0.01641  -0.03789  70.21648
   6.960   1.15931   0.01648  -0.03749  70.32970
   7.045   1.16626   0.01656  -0.03709  70.43652
   7.131   1.17317   0.01664  -0.03669  70.51852
   7.216   1.17997   0.01673  -0.03627  70.54878
   7.302   1.18661   0.01683  -0.03585  70.49193
   7.387   1.19299   0.01697  -0.03539  70.30681
   7.472   1.19903   0.01714  -0.03490  69.95179
   7.558   1.20460   0.01736  -0.03435  69.39090
   7.643   1.20959   0.01763  -0.03373  68.59969
   7.729   1.21391   0.01796  -0.03304  67.57133
   7.814   1.21751   0.01836  -0.03227  66.32410
   7.899   1.22043   0.01880  -0.03142  64.90868
   7.985   1.22280   0.01928  -0.03052  63.40736
   8.070   1.22488   0.01978  -0.02958  61.91631
   8.156   1.22691   0.02027  -0.02865  60.51538
   8.241   1.22908   0.02075  -0.02773  59.24446
   8.327   1.23144   0.02119  -0.02684  58.10172
   8.412   1.23397   0.02163  -0.02599  57.06034
   8.497   1.23659   0.02205  -0.02516  56.08849
   8.583   1.23924   0.02247  -0.02434  55.16122
   8.668   1.24189   0.02289  -0.02355  54.26333
   8.754   1.24450   0.02331  -0.02278  53.38727
   8.839   1.24709   0.02374  -0.02202  52.52998
   8.925   1.24965   0.02418  -0.02129  51.69048
   9.010   1.25217   0.02462  -0.02057  50.86843
   9.095   1.25467   0.02506  -0.01987  50.06348
   9.181   1.25714   0.02551  -0.01919  49.27508
   9.266   1.25957   0.02597  -0.01852  48.50243
   9.352   1.26196   0.02643  -0.01787  47.74460
   9.437   1.26431   0.02690  -0.01723  47.00058
   9.523   1.26661   0.02737  -0.01660  46.26940
   9.608   1.26886   0.02786  -0.01598  45.55015
   9.693   1.27105   0.02834  -0.01537  44.84204
   9.779   1.27318   0.02884  -0.01477  44.14438
   9.864   1.27525   0.02935  -0.01418  43.45665
   9.950   1.27727   0.02986  -0.01360  42.77843
  10.035   1.27922   0.03038  -0.01303  42.10946
  10.121   1.28112   0.03091  -0.01246  41.44958
  10.206   1.28296   0.03145  -0.01191  40.79875
  10.291   1.28474   0.03199  -0.01137  40.15699
  10.377   1.28648   0.03255  -0.01083  39.52442
  10.462   1.28816   0.03311  -0.01031  38.90120
  10.548   1.28980   0.03369  -0.00980  38.28753
  10.633   1.29140   0.03427  -0.00930  37.68361
  10.719   1.29295   0.03486  -0.00881  37.08963
  10.804   1.29447   0.03546  -0.00833  36.50577
  10.889   1.29596   0.03607  -0.00786  35.93215
  10.975   1.29742   0.03668  -0.00741  35.36885
  11.060   1.29884   0.03731  -0.00696  34.81587
  11.146   1.30024   0.03794  -0.00652  34.27319
  11.231   1.30161   0.03858  -0.00610  33.74069
  11.317   1.30295   0.03922  -0.00568  33.21825
  11.402   1.30427   0.03988  -0.00527  32.70567
  11.487   1.30557   0.04054  -0.00488  32.20277
  11.573   1.30684   0.04121  -0.00449  31.70933
  11.658   1.30808   0.04189  -0.00411  31.22516
  11.744   1.30930   0.04258  -0.00374  30.75006
  11.829   1.31050   0.04327  -0.00338  30.28386
  11.915   1.31168   0.04398  -0.00303  29.82642
  12.000   1.31283   0.04469  -0.00269  29.37760
