--------------------------------------------------------------
  XFOIL-like Polar Output (Generated by NeuralFoil)
--------------------------------------------------------------
  alpha     CL        CD       Cm        CL/CD
--------------------------------------------------------------
  -5.000  -0.22019   0.01081   0.00061  -20.36655
  -4.915  -0.21078   0.01079   0.00072  -19.53936
  -4.829  -0.20137   0.01076   0.00084  -18.71055
  -4.744  -0.19195   0.01074   0.00095  -17.87986
  -4.658  -0.18254   0.01071   0.00107  -17.04696
  -4.573  -0.17312   0.01068   0.00118  -16.21145
  -4.487  -0.16369   0.01065   0.00130  -15.37302
  -4.402  -0.15426   0.01062   0.00142  -14.53179
  -4.317  -0.14484   0.01058   0.00153  -13.68887
  -4.231  -0.13547   0.01054   0.00166  -12.84720
  -4.146  -0.12621   0.01051   0.00181  -12.01248
  -4.060  -0.11716   0.01047   0.00199  -11.19334
  -3.975  -0.10848   0.01043   0.00224  -10.39943
  -3.889  -0.10028   0.01041   0.00257  -9.63614
  -3.804  -0.09262   0.01041   0.00300  -8.89719
  -3.719  -0.08543   0.01047   0.00353  -8.16157
  -3.633  -0.07853   0.01061   0.00414  -7.40391
  -3.548  -0.07165   0.01083   0.00479  -6.61579
  -3.462  -0.06460   0.01111   0.00542  -5.81447
  -3.377  -0.05724   0.01139   0.00598  -5.02495
  -3.291  -0.04952   0.01163   0.00643  -4.25825
  -3.206  -0.04145   0.01181   0.00676  -3.50926
  -3.121  -0.03306   0.01194   0.00698  -2.76787
  -3.035  -0.02441   0.01204   0.00711  -2.02718
  -2.950  -0.01557   0.01212   0.00719  -1.28467
  -2.864  -0.00658   0.01218   0.00724  -0.54049
  -2.779   0.00250   0.01223   0.00726   0.20406
  -2.693   0.01163   0.01227   0.00729   0.94733
  -2.608   0.02078   0.01231   0.00732   1.68778
  -2.523   0.02993   0.01235   0.00735   2.42423
  -2.437   0.03908   0.01238   0.00740   3.15591
  -2.352   0.04822   0.01242   0.00745   3.88247
  -2.266   0.05735   0.01246   0.00751   4.60397
  -2.181   0.06647   0.01249   0.00758   5.32068
  -2.095   0.07559   0.01253   0.00765   6.03306
  -2.010   0.08472   0.01257   0.00772   6.74154
  -1.925   0.09386   0.01261   0.00780   7.44656
  -1.839   0.10302   0.01264   0.00787   8.14844
  -1.754   0.11219   0.01268   0.00795   8.84740
  -1.668   0.12137   0.01272   0.00802   9.54355
  -1.583   0.13057   0.01275   0.00809  10.23694
  -1.497   0.13979   0.01279   0.00816  10.92753
  -1.412   0.14901   0.01283   0.00823  11.61522
  -1.327   0.15825   0.01287   0.00830  12.29990
  -1.241   0.16751   0.01290   0.00837  12.98144
  -1.156   0.17676   0.01294   0.00844  13.65972
  -1.070   0.18603   0.01298   0.00850  14.33465
  -0.985   0.19530   0.01301   0.00857  15.00618
  -0.899   0.20457   0.01305   0.00863  15.67432
  -0.814   0.21385   0.01309   0.00869  16.33919
  -0.729   0.22312   0.01312   0.00876  17.00097
  -0.643   0.23241   0.01316   0.00881  17.65998
  -0.558   0.24169   0.01320   0.00887  18.31658
  -0.472   0.25098   0.01323   0.00893  18.97117
  -0.387   0.26028   0.01326   0.00898  19.62407
  -0.302   0.26959   0.01330   0.00904  20.27552
  -0.216   0.27890   0.01333   0.00909  20.92551
  -0.131   0.28822   0.01336   0.00914  21.57383
  -0.045   0.29754   0.01339   0.00918  22.22011
   0.040   0.30686   0.01342   0.00923  22.86387
   0.126   0.31618   0.01345   0.00927  23.50466
   0.211   0.32550   0.01348   0.00931  24.14219
   0.296   0.33482   0.01351   0.00934  24.77639
   0.382   0.34414   0.01354   0.00937  25.40747
   0.467   0.35346   0.01358   0.00940  26.03593
   0.553   0.36280   0.01361   0.00942  26.66253
   0.638   0.37215   0.01364   0.00943  27.28819
   0.724   0.38154   0.01367   0.00944  27.91385
   0.809   0.39095   0.01370   0.00945  28.54030
   0.894   0.40040   0.01373   0.00945  29.16806
   0.980   0.40988   0.01376   0.00945  29.79722
   1.065   0.41937   0.01378   0.00945  30.42737
   1.151   0.42884   0.01381   0.00947  31.05765
   1.236   0.43827   0.01383   0.00950  31.68679
   1.322   0.44758   0.01385   0.00957  32.31328
   1.407   0.45671   0.01387   0.00968  32.93545
   1.492   0.46559   0.01388   0.00985  33.55174
   1.578   0.47415   0.01388   0.01010  34.16092
   1.663   0.48232   0.01387   0.01044  34.76245
   1.749   0.49008   0.01386   0.01088  35.35708
   1.834   0.49749   0.01384   0.01140  35.94760
   1.920   0.50469   0.01381   0.01198  36.53970
   2.005   0.51192   0.01378   0.01255  37.14241
   2.090   0.51951   0.01376   0.01305  37.76771
   2.176   0.52785   0.01374   0.01340  38.42891
   2.261   0.53728   0.01373   0.01352  39.13797
   2.347   0.54806   0.01374   0.01336  39.90235
   2.432   0.56032   0.01376   0.01289  40.72222
   2.518   0.57401   0.01380   0.01211  41.58888
   2.603   0.58891   0.01386   0.01107  42.48477
   2.688   0.60468   0.01394   0.00985  43.38567
   2.774   0.62086   0.01403   0.00852  44.26441
   2.859   0.63701   0.01413   0.00719  45.09548
   2.945   0.65271   0.01423   0.00594  45.85894
   3.030   0.66766   0.01435   0.00482  46.54263
   3.116   0.68168   0.01446   0.00389  47.14240
   3.201   0.69469   0.01458   0.00315  47.66060
   3.286   0.70671   0.01469   0.00261  48.10395
   3.372   0.71781   0.01481   0.00225  48.48127
   3.457   0.72809   0.01492   0.00205  48.80187
   3.543   0.73767   0.01503   0.00200  49.07443
   3.628   0.74666   0.01514   0.00207  49.30654
   3.714   0.75518   0.01525   0.00223  49.50451
   3.799   0.76331   0.01537   0.00247  49.67342
   3.884   0.77113   0.01548   0.00278  49.81731
   3.970   0.77873   0.01559   0.00314  49.93930
   4.055   0.78616   0.01571   0.00353  50.04176
   4.141   0.79347   0.01583   0.00394  50.12646
   4.226   0.80069   0.01595   0.00438  50.19472
   4.312   0.80785   0.01608   0.00482  50.24747
   4.397   0.81496   0.01621   0.00528  50.28547
   4.482   0.82205   0.01634   0.00573  50.30936
   4.568   0.82912   0.01648   0.00619  50.31980
   4.653   0.83617   0.01662   0.00665  50.31755
   4.739   0.84323   0.01676   0.00710  50.30345
   4.824   0.85028   0.01691   0.00755  50.27838
   4.910   0.85733   0.01706   0.00800  50.24323
   4.995   0.86440   0.01722   0.00845  50.19877
   5.080   0.87148   0.01738   0.00889  50.14564
   5.166   0.87857   0.01754   0.00933  50.08431
   5.251   0.88567   0.01771   0.00977  50.01508
   5.337   0.89278   0.01788   0.01020  49.93810
   5.422   0.89990   0.01805   0.01063  49.85343
   5.508   0.90703   0.01823   0.01106  49.76100
   5.593   0.91416   0.01841   0.01149  49.66073
   5.678   0.92128   0.01859   0.01191  49.55251
   5.764   0.92841   0.01878   0.01234  49.43620
   5.849   0.93553   0.01897   0.01276  49.31172
   5.935   0.94264   0.01917   0.01317  49.17901
   6.020   0.94973   0.01937   0.01359  49.03801
   6.106   0.95682   0.01957   0.01400  48.88875
   6.191   0.96388   0.01978   0.01441  48.73123
   6.276   0.97093   0.01999   0.01482  48.56554
   6.362   0.97795   0.02021   0.01522  48.39174
   6.447   0.98495   0.02043   0.01563  48.20994
   6.533   0.99192   0.02066   0.01602  48.02025
   6.618   0.99886   0.02089   0.01642  47.82280
   6.704   1.00577   0.02112   0.01681  47.61772
   6.789   1.01265   0.02136   0.01720  47.40516
   6.874   1.01949   0.02161   0.01759  47.18527
   6.960   1.02630   0.02186   0.01797  46.95821
   7.045   1.03306   0.02211   0.01836  46.72416
   7.131   1.03978   0.02237   0.01874  46.48329
   7.216   1.04645   0.02263   0.01912  46.23579
   7.302   1.05308   0.02290   0.01949  45.98183
   7.387   1.05964   0.02318   0.01987  45.72158
   7.472   1.06616   0.02346   0.02025  45.45522
   7.558   1.07261   0.02374   0.02062  45.18288
   7.643   1.07899   0.02403   0.02100  44.90471
   7.729   1.08530   0.02432   0.02138  44.62086
   7.814   1.09154   0.02462   0.02176  44.33148
   7.899   1.09769   0.02493   0.02214  44.03671
   7.985   1.10376   0.02524   0.02252  43.73673
   8.070   1.10974   0.02555   0.02291  43.43173
   8.156   1.11562   0.02587   0.02330  43.12191
   8.241   1.12139   0.02620   0.02369  42.80749
   8.327   1.12706   0.02653   0.02409  42.48871
   8.412   1.13262   0.02686   0.02450  42.16578
   8.497   1.13806   0.02720   0.02491  41.83888
   8.583   1.14337   0.02755   0.02533  41.50816
   8.668   1.14856   0.02790   0.02575  41.17365
   8.754   1.15361   0.02825   0.02619  40.83530
   8.839   1.15851   0.02861   0.02663  40.49291
   8.925   1.16326   0.02898   0.02709  40.14613
   9.010   1.16785   0.02935   0.02756  39.79443
   9.095   1.17225   0.02972   0.02804  39.43713
   9.181   1.17647   0.03011   0.02855  39.07339
   9.266   1.18047   0.03050   0.02907  38.70228
   9.352   1.18425   0.03090   0.02962  38.32281
   9.437   1.18779   0.03131   0.03020  37.93402
   9.523   1.19107   0.03173   0.03081  37.53503
   9.608   1.19408   0.03216   0.03145  37.12513
   9.693   1.19680   0.03261   0.03213  36.70381
   9.779   1.19924   0.03306   0.03284  36.27075
   9.864   1.20138   0.03353   0.03358  35.82581
   9.950   1.20323   0.03402   0.03436  35.36893
  10.035   1.20479   0.03452   0.03515  34.90002
  10.121   1.20608   0.03504   0.03596  34.41885
  10.206   1.20710   0.03558   0.03678  33.92495
  10.291   1.20786   0.03614   0.03758  33.41757
  10.377   1.20835   0.03673   0.03837  32.89575
  10.462   1.20858   0.03735   0.03912  32.35850
  10.548   1.20856   0.03800   0.03983  31.80517
  10.633   1.20828   0.03868   0.04048  31.23587
  10.719   1.20777   0.03940   0.04106  30.65204
  10.804   1.20708   0.04016   0.04156  30.05689
  10.889   1.20625   0.04095   0.04198  29.45579
  10.975   1.20537   0.04177   0.04233  28.85618
  11.060   1.20456   0.04261   0.04260  28.26717
  11.146   1.20392   0.04346   0.04281  27.69861
  11.231   1.20358   0.04431   0.04297  27.15966
  11.317   1.20363   0.04515   0.04309  26.65672
  11.402   1.20412   0.04598   0.04317  26.19070
  11.487   1.20500   0.04679   0.04320  25.75340
  11.573   1.20605   0.04762   0.04314  25.32425
  11.658   1.20689   0.04853   0.04294  24.87017
  11.744   1.20700   0.04956   0.04255  24.35239
  11.829   1.20586   0.05079   0.04193  23.74030
  11.915   1.20313   0.05225   0.04109  23.02541
  12.000   1.19877   0.05394   0.04006  22.22520
