--------------------------------------------------------------
  XFOIL-like Polar Output (Generated by NeuralFoil)
--------------------------------------------------------------
  alpha     CL        CD       Cm        CL/CD
--------------------------------------------------------------
  -5.000  -0.32443   0.01512  -0.06287  -21.45222
  -4.915  -0.31060   0.01493  -0.06374  -20.79971
  -4.829  -0.29670   0.01474  -0.06463  -20.12570
  -4.744  -0.28277   0.01455  -0.06552  -19.43185
  -4.658  -0.26886   0.01436  -0.06640  -18.72026
  -4.573  -0.25503   0.01417  -0.06727  -17.99357
  -4.487  -0.24133   0.01399  -0.06810  -17.25478
  -4.402  -0.22781   0.01380  -0.06890  -16.50722
  -4.317  -0.21453   0.01362  -0.06965  -15.75436
  -4.231  -0.20154   0.01344  -0.07034  -14.99956
  -4.146  -0.18887   0.01326  -0.07095  -14.24589
  -4.060  -0.17656   0.01308  -0.07149  -13.49585
  -3.975  -0.16461   0.01291  -0.07195  -12.75121
  -3.889  -0.15303   0.01274  -0.07233  -12.01287
  -3.804  -0.14180   0.01257  -0.07263  -11.28090
  -3.719  -0.13091   0.01240  -0.07286  -10.55458
  -3.633  -0.12032   0.01224  -0.07303  -9.83234
  -3.548  -0.11001   0.01207  -0.07314  -9.11158
  -3.462  -0.09992   0.01191  -0.07320  -8.38879
  -3.377  -0.09000   0.01175  -0.07322  -7.66022
  -3.291  -0.08023   0.01159  -0.07321  -6.92269
  -3.206  -0.07056   0.01143  -0.07318  -6.17320
  -3.121  -0.06095   0.01127  -0.07313  -5.40778
  -3.035  -0.05136   0.01111  -0.07308  -4.62134
  -2.950  -0.04174   0.01096  -0.07301  -3.80784
  -2.864  -0.03203   0.01082  -0.07294  -2.96134
  -2.779  -0.02222   0.01068  -0.07287  -2.07951
  -2.693  -0.01234   0.01056  -0.07277  -1.16819
  -2.608  -0.00252   0.01045  -0.07264  -0.24121
  -2.523   0.00711   0.01036  -0.07247   0.68637
  -2.437   0.01648   0.01028  -0.07224   1.60346
  -2.352   0.02555   0.01021  -0.07194   2.50232
  -2.266   0.03432   0.01016  -0.07157   3.37867
  -2.181   0.04284   0.01012  -0.07115   4.23371
  -2.095   0.05120   0.01009  -0.07070   5.07419
  -2.010   0.05953   0.01007  -0.07026   5.90971
  -1.925   0.06792   0.01006  -0.06986   6.74899
  -1.839   0.07642   0.01006  -0.06949   7.59732
  -1.754   0.08506   0.01006  -0.06919   8.45616
  -1.668   0.09380   0.01006  -0.06893   9.32429
  -1.583   0.10261   0.01006  -0.06872  10.19937
  -1.497   0.11146   0.01006  -0.06856  11.07926
  -1.412   0.12032   0.01006  -0.06843  11.96274
  -1.327   0.12917   0.01005  -0.06833  12.85000
  -1.241   0.13797   0.01004  -0.06824  13.74335
  -1.156   0.14670   0.01001  -0.06815  14.64911
  -1.070   0.15527   0.00996  -0.06803  15.58241
  -0.985   0.16364   0.00987  -0.06784  16.57390
  -0.899   0.17176   0.00973  -0.06754  17.66173
  -0.814   0.17962   0.00953  -0.06712  18.84093
  -0.729   0.18723   0.00935  -0.06665  20.02055
  -0.643   0.19468   0.00923  -0.06617  21.09621
  -0.558   0.20218   0.00917  -0.06573  22.04987
  -0.472   0.20997   0.00916  -0.06535  22.93167
  -0.387   0.21819   0.00917  -0.06504  23.79345
  -0.302   0.22681   0.00920  -0.06479  24.66203
  -0.216   0.23574   0.00923  -0.06459  25.54480
  -0.131   0.24485   0.00926  -0.06443  26.44067
  -0.045   0.25406   0.00929  -0.06428  27.34665
   0.040   0.26331   0.00932  -0.06413  28.26026
   0.126   0.27256   0.00934  -0.06399  29.17989
   0.211   0.28182   0.00936  -0.06383  30.10461
   0.296   0.29106   0.00938  -0.06367  31.03371
   0.382   0.30027   0.00939  -0.06351  31.96633
   0.467   0.30945   0.00941  -0.06332  32.90111
   0.553   0.31856   0.00941  -0.06312  33.83608
   0.638   0.32757   0.00942  -0.06289  34.76879
   0.724   0.33645   0.00943  -0.06264  35.69686
   0.809   0.34519   0.00943  -0.06234  36.61893
   0.894   0.35381   0.00943  -0.06202  37.53577
   0.980   0.36239   0.00942  -0.06170  38.45130
   1.065   0.37107   0.00942  -0.06139  39.37298
   1.151   0.38002   0.00943  -0.06116  40.31115
   1.236   0.38944   0.00943  -0.06103  41.27735
   1.322   0.39951   0.00945  -0.06105  42.28182
   1.407   0.41038   0.00947  -0.06125  43.33103
   1.492   0.42208   0.00950  -0.06165  44.42602
   1.578   0.43459   0.00954  -0.06223  45.56171
   1.663   0.44779   0.00958  -0.06297  46.72740
   1.749   0.46151   0.00963  -0.06382  47.90800
   1.834   0.47550   0.00969  -0.06474  49.08589
   1.920   0.48955   0.00974  -0.06568  50.24306
   2.005   0.50342   0.00980  -0.06659  51.36325
   2.090   0.51693   0.00986  -0.06744  52.43359
   2.176   0.52996   0.00992  -0.06819  53.44545
   2.261   0.54241   0.00997  -0.06883  54.39462
   2.347   0.55426   0.01003  -0.06936  55.28064
   2.432   0.56552   0.01008  -0.06976  56.10604
   2.518   0.57623   0.01013  -0.07006  56.87529
   2.603   0.58644   0.01018  -0.07026  57.59401
   2.688   0.59623   0.01023  -0.07037  58.26834
   2.774   0.60566   0.01028  -0.07042  58.90443
   2.859   0.61479   0.01033  -0.07040  59.50820
   2.945   0.62369   0.01038  -0.07033  60.08514
   3.030   0.63242   0.01043  -0.07022  60.64024
   3.116   0.64102   0.01048  -0.07009  61.17794
   3.201   0.64954   0.01053  -0.06993  61.70218
   3.286   0.65802   0.01058  -0.06977  62.21635
   3.372   0.66647   0.01063  -0.06959  62.72340
   3.457   0.67493   0.01067  -0.06941  63.22586
   3.543   0.68341   0.01072  -0.06923  63.72585
   3.628   0.69193   0.01077  -0.06904  64.22518
   3.714   0.70048   0.01082  -0.06887  64.72536
   3.799   0.70908   0.01087  -0.06869  65.22768
   3.884   0.71773   0.01092  -0.06852  65.73322
   3.970   0.72642   0.01097  -0.06836  66.24287
   4.055   0.73516   0.01101  -0.06819  66.75744
   4.141   0.74393   0.01106  -0.06804  67.27758
   4.226   0.75274   0.01110  -0.06788  67.80387
   4.312   0.76158   0.01114  -0.06773  68.33684
   4.397   0.77043   0.01119  -0.06757  68.87690
   4.482   0.77931   0.01123  -0.06742  69.42443
   4.568   0.78819   0.01126  -0.06727  69.97972
   4.653   0.79708   0.01130  -0.06712  70.54296
   4.739   0.80597   0.01133  -0.06696  71.11425
   4.824   0.81485   0.01137  -0.06681  71.69358
   4.910   0.82372   0.01140  -0.06665  72.28079
   4.995   0.83258   0.01142  -0.06649  72.87557
   5.080   0.84142   0.01145  -0.06633  73.47742
   5.166   0.85024   0.01148  -0.06617  74.08568
   5.251   0.85905   0.01150  -0.06600  74.69950
   5.337   0.86783   0.01152  -0.06583  75.31781
   5.422   0.87659   0.01154  -0.06565  75.93938
   5.508   0.88533   0.01156  -0.06547  76.56280
   5.593   0.89405   0.01158  -0.06529  77.18648
   5.678   0.90274   0.01160  -0.06510  77.80868
   5.764   0.91140   0.01162  -0.06491  78.42749
   5.849   0.92004   0.01164  -0.06471  79.04088
   5.935   0.92866   0.01166  -0.06450  79.64662
   6.020   0.93724   0.01168  -0.06429  80.24238
   6.106   0.94580   0.01170  -0.06408  80.82564
   6.191   0.95433   0.01172  -0.06385  81.39375
   6.276   0.96283   0.01175  -0.06362  81.94388
   6.362   0.97130   0.01178  -0.06339  82.47295
   6.447   0.97973   0.01181  -0.06314  82.97745
   6.533   0.98813   0.01184  -0.06289  83.45319
   6.618   0.99649   0.01188  -0.06263  83.89476
   6.704   1.00480   0.01192  -0.06237  84.29479
   6.789   1.01304   0.01197  -0.06209  84.64305
   6.874   1.02122   0.01202  -0.06181  84.92555
   6.960   1.02928   0.01209  -0.06152  85.12405
   7.045   1.03720   0.01217  -0.06121  85.21644
   7.131   1.04494   0.01227  -0.06089  85.17817
   7.216   1.05245   0.01238  -0.06053  84.98469
   7.302   1.05968   0.01252  -0.06014  84.61485
   7.387   1.06660   0.01269  -0.05971  84.05508
   7.472   1.07317   0.01288  -0.05923  83.30352
   7.558   1.07941   0.01310  -0.05870  82.37193
   7.643   1.08532   0.01335  -0.05813  81.28594
   7.729   1.09099   0.01362  -0.05753  80.08598
   7.814   1.09651   0.01391  -0.05691  78.82647
   7.899   1.10199   0.01421  -0.05629  77.56437
   7.985   1.10749   0.01451  -0.05568  76.33937
   8.070   1.11302   0.01481  -0.05507  75.16994
   8.156   1.11860   0.01510  -0.05449  74.06311
   8.241   1.12421   0.01540  -0.05391  73.01395
   8.327   1.12982   0.01569  -0.05333  72.00403
   8.412   1.13536   0.01599  -0.05275  71.00815
   8.497   1.14077   0.01630  -0.05215  70.00188
   8.583   1.14598   0.01662  -0.05152  68.96606
   8.668   1.15095   0.01695  -0.05085  67.88966
   8.754   1.15563   0.01731  -0.05015  66.77298
   8.839   1.16005   0.01768  -0.04942  65.63150
   8.925   1.16426   0.01805  -0.04867  64.49447
   9.010   1.16834   0.01843  -0.04790  63.39440
   9.095   1.17239   0.01880  -0.04713  62.35328
   9.181   1.17644   0.01917  -0.04637  61.37643
   9.266   1.18048   0.01953  -0.04560  60.45651
   9.352   1.18448   0.01988  -0.04483  59.58168
   9.437   1.18841   0.02023  -0.04405  58.74147
   9.523   1.19225   0.02058  -0.04326  57.92881
   9.608   1.19600   0.02093  -0.04245  57.13957
   9.693   1.19965   0.02128  -0.04164  56.37143
   9.779   1.20320   0.02163  -0.04082  55.62283
   9.864   1.20666   0.02198  -0.03999  54.89234
   9.950   1.21003   0.02233  -0.03915  54.17830
  10.035   1.21332   0.02269  -0.03831  53.47882
  10.121   1.21654   0.02304  -0.03747  52.79183
  10.206   1.21967   0.02340  -0.03664  52.11518
  10.291   1.22274   0.02377  -0.03580  51.44681
  10.377   1.22573   0.02414  -0.03497  50.78484
  10.462   1.22866   0.02451  -0.03415  50.12764
  10.548   1.23154   0.02489  -0.03334  49.47388
  10.633   1.23435   0.02528  -0.03254  48.82258
  10.719   1.23712   0.02568  -0.03175  48.17305
  10.804   1.23984   0.02609  -0.03098  47.52494
  10.889   1.24253   0.02651  -0.03022  46.87817
  10.975   1.24517   0.02693  -0.02948  46.23290
  11.060   1.24779   0.02737  -0.02876  45.58953
  11.146   1.25038   0.02782  -0.02805  44.94864
  11.231   1.25295   0.02828  -0.02737  44.31095
  11.317   1.25549   0.02874  -0.02670  43.67726
  11.402   1.25802   0.02922  -0.02605  43.04848
  11.487   1.26053   0.02971  -0.02541  42.42550
  11.573   1.26303   0.03021  -0.02479  41.80924
  11.658   1.26553   0.03072  -0.02419  41.20059
  11.744   1.26803   0.03123  -0.02361  40.60035
  11.829   1.27052   0.03176  -0.02304  40.00930
  11.915   1.27303   0.03229  -0.02248  39.42809
  12.000   1.27554   0.03283  -0.02194  38.85729
