--------------------------------------------------------------
  XFOIL-like Polar Output (Generated by NeuralFoil)
--------------------------------------------------------------
  alpha     CL        CD       Cm        CL/CD
--------------------------------------------------------------
  -5.000  -0.26912   0.02079  -0.12440  -12.94481
  -4.915  -0.25831   0.02064  -0.12433  -12.51520
  -4.829  -0.24796   0.02048  -0.12432  -12.10815
  -4.744  -0.23813   0.02031  -0.12433  -11.72636
  -4.658  -0.22875   0.02013  -0.12435  -11.36480
  -4.573  -0.21971   0.01995  -0.12438  -11.01553
  -4.487  -0.21091   0.01976  -0.12441  -10.67105
  -4.402  -0.20225   0.01959  -0.12442  -10.32569
  -4.317  -0.19367   0.01941  -0.12443  -9.97574
  -4.231  -0.18512   0.01925  -0.12444  -9.61906
  -4.146  -0.17658   0.01908  -0.12444  -9.25452
  -4.060  -0.16802   0.01892  -0.12443  -8.88158
  -3.975  -0.15943   0.01876  -0.12443  -8.49991
  -3.889  -0.15081   0.01860  -0.12441  -8.10924
  -3.804  -0.14214   0.01844  -0.12440  -7.70919
  -3.719  -0.13343   0.01828  -0.12439  -7.29935
  -3.633  -0.12467   0.01812  -0.12438  -6.87925
  -3.548  -0.11586   0.01797  -0.12436  -6.44844
  -3.462  -0.10700   0.01781  -0.12435  -6.00656
  -3.377  -0.09809   0.01766  -0.12434  -5.55331
  -3.291  -0.08913   0.01752  -0.12433  -5.08854
  -3.206  -0.08012   0.01737  -0.12432  -4.61218
  -3.121  -0.07107   0.01723  -0.12431  -4.12427
  -3.035  -0.06197   0.01709  -0.12430  -3.62495
  -2.950  -0.05283   0.01696  -0.12429  -3.11441
  -2.864  -0.04365   0.01683  -0.12428  -2.59290
  -2.779  -0.03443   0.01671  -0.12427  -2.06070
  -2.693  -0.02519   0.01659  -0.12426  -1.51813
  -2.608  -0.01591   0.01647  -0.12426  -0.96554
  -2.523  -0.00660   0.01636  -0.12425  -0.40331
  -2.437   0.00273   0.01626  -0.12425   0.16817
  -2.352   0.01209   0.01615  -0.12424   0.74849
  -2.266   0.02147   0.01606  -0.12424   1.33723
  -2.181   0.03087   0.01596  -0.12423   1.93393
  -2.095   0.04028   0.01587  -0.12423   2.53816
  -2.010   0.04972   0.01579  -0.12423   3.14944
  -1.925   0.05917   0.01570  -0.12423   3.76732
  -1.839   0.06863   0.01563  -0.12424   4.39132
  -1.754   0.07810   0.01555  -0.12424   5.02099
  -1.668   0.08758   0.01549  -0.12425   5.65587
  -1.583   0.09708   0.01542  -0.12426   6.29553
  -1.497   0.10659   0.01536  -0.12427   6.93952
  -1.412   0.11610   0.01530  -0.12428   7.58746
  -1.327   0.12563   0.01525  -0.12430   8.23895
  -1.241   0.13516   0.01520  -0.12431   8.89363
  -1.156   0.14471   0.01515  -0.12433   9.55117
  -1.070   0.15426   0.01511  -0.12435  10.21125
  -0.985   0.16383   0.01507  -0.12437  10.87358
  -0.899   0.17339   0.01503  -0.12440  11.53788
  -0.814   0.18297   0.01499  -0.12442  12.20390
  -0.729   0.19255   0.01496  -0.12445  12.87142
  -0.643   0.20213   0.01493  -0.12447  13.54026
  -0.558   0.21171   0.01490  -0.12450  14.21027
  -0.472   0.22130   0.01487  -0.12453  14.88133
  -0.387   0.23089   0.01485  -0.12457  15.55334
  -0.302   0.24049   0.01482  -0.12460  16.22620
  -0.216   0.25010   0.01480  -0.12464  16.89980
  -0.131   0.25972   0.01478  -0.12468  17.57395
  -0.045   0.26936   0.01476  -0.12472  18.24836
   0.040   0.27900   0.01474  -0.12477  18.92263
   0.126   0.28866   0.01473  -0.12481  19.59628
   0.211   0.29831   0.01472  -0.12486  20.26878
   0.296   0.30796   0.01471  -0.12490  20.93967
   0.382   0.31760   0.01470  -0.12495  21.60857
   0.467   0.32723   0.01469  -0.12499  22.27527
   0.553   0.33684   0.01468  -0.12504  22.93972
   0.638   0.34645   0.01468  -0.12508  23.60198
   0.724   0.35604   0.01467  -0.12512  24.26214
   0.809   0.36563   0.01467  -0.12515  24.92022
   0.894   0.37520   0.01467  -0.12519  25.57613
   0.980   0.38477   0.01467  -0.12522  26.22964
   1.065   0.39434   0.01467  -0.12526  26.88045
   1.151   0.40390   0.01467  -0.12529  27.52828
   1.236   0.41346   0.01468  -0.12533  28.17290
   1.322   0.42302   0.01468  -0.12536  28.81412
   1.407   0.43259   0.01469  -0.12540  29.45184
   1.492   0.44218   0.01470  -0.12545  30.08599
   1.578   0.45178   0.01471  -0.12549  30.71652
   1.663   0.46140   0.01472  -0.12554  31.34330
   1.749   0.47104   0.01474  -0.12560  31.96618
   1.834   0.48070   0.01475  -0.12565  32.58496
   1.920   0.49038   0.01477  -0.12571  33.19940
   2.005   0.50008   0.01479  -0.12577  33.80928
   2.090   0.50980   0.01481  -0.12583  34.41442
   2.176   0.51953   0.01484  -0.12590  35.01470
   2.261   0.52927   0.01486  -0.12596  35.61011
   2.347   0.53902   0.01489  -0.12602  36.20069
   2.432   0.54877   0.01492  -0.12608  36.78659
   2.518   0.55852   0.01495  -0.12614  37.36805
   2.603   0.56827   0.01498  -0.12620  37.94533
   2.688   0.57800   0.01501  -0.12626  38.51876
   2.774   0.58772   0.01504  -0.12631  39.08865
   2.859   0.59743   0.01507  -0.12636  39.65529
   2.945   0.60711   0.01510  -0.12641  40.21887
   3.030   0.61678   0.01512  -0.12645  40.77948
   3.116   0.62643   0.01515  -0.12649  41.33712
   3.201   0.63606   0.01518  -0.12653  41.89166
   3.286   0.64568   0.01521  -0.12657  42.44293
   3.372   0.65528   0.01524  -0.12660  42.99071
   3.457   0.66487   0.01527  -0.12663  43.53478
   3.543   0.67444   0.01530  -0.12665  44.07493
   3.628   0.68400   0.01533  -0.12668  44.61100
   3.714   0.69354   0.01536  -0.12670  45.14288
   3.799   0.70307   0.01539  -0.12672  45.67052
   3.884   0.71258   0.01543  -0.12673  46.19393
   3.970   0.72206   0.01546  -0.12675  46.71316
   4.055   0.73154   0.01549  -0.12676  47.22828
   4.141   0.74099   0.01552  -0.12678  47.73934
   4.226   0.75043   0.01555  -0.12679  48.24631
   4.312   0.75986   0.01559  -0.12680  48.74910
   4.397   0.76929   0.01562  -0.12681  49.24749
   4.482   0.77871   0.01566  -0.12683  49.74124
   4.568   0.78812   0.01569  -0.12684  50.23001
   4.653   0.79755   0.01573  -0.12686  50.71347
   4.739   0.80698   0.01576  -0.12689  51.19128
   4.824   0.81642   0.01580  -0.12693  51.66316
   4.910   0.82588   0.01584  -0.12697  52.12887
   4.995   0.83537   0.01589  -0.12703  52.58821
   5.080   0.84489   0.01593  -0.12710  53.04104
   5.166   0.85446   0.01597  -0.12718  53.48727
   5.251   0.86407   0.01602  -0.12727  53.92710
   5.337   0.87375   0.01607  -0.12739  54.36157
   5.422   0.88350   0.01612  -0.12751  54.79378
   5.508   0.89332   0.01617  -0.12764  55.23149
   5.593   0.90322   0.01622  -0.12777  55.69202
   5.678   0.91315   0.01625  -0.12790  56.21026
   5.764   0.92310   0.01624  -0.12800  56.84517
   5.849   0.93298   0.01618  -0.12805  57.66738
   5.935   0.94269   0.01606  -0.12805  58.70589
   6.020   0.95207   0.01590  -0.12796  59.87740
   6.106   0.96101   0.01576  -0.12779  60.99001
   6.191   0.96950   0.01567  -0.12756  61.86716
   6.276   0.97768   0.01565  -0.12729  62.47373
   6.362   0.98580   0.01567  -0.12702  62.90131
   6.447   0.99410   0.01571  -0.12676  63.26355
   6.533   1.00268   0.01576  -0.12655  63.63067
   6.618   1.01155   0.01580  -0.12638  64.02649
   6.704   1.02064   0.01584  -0.12626  64.44868
   6.789   1.02987   0.01587  -0.12616  64.88571
   6.874   1.03916   0.01591  -0.12609  65.32543
   6.960   1.04847   0.01594  -0.12604  65.75788
   7.045   1.05776   0.01598  -0.12601  66.17571
   7.131   1.06702   0.01603  -0.12598  66.57397
   7.216   1.07622   0.01608  -0.12596  66.94992
   7.302   1.08538   0.01613  -0.12595  67.30299
   7.387   1.09447   0.01618  -0.12594  67.63457
   7.472   1.10352   0.01624  -0.12592  67.94756
   7.558   1.11253   0.01630  -0.12589  68.24597
   7.643   1.12151   0.01636  -0.12586  68.53426
   7.729   1.13048   0.01643  -0.12581  68.81693
   7.814   1.13944   0.01649  -0.12576  69.09822
   7.899   1.14840   0.01655  -0.12570  69.38189
   7.985   1.15736   0.01661  -0.12563  69.67129
   8.070   1.16632   0.01667  -0.12555  69.96935
   8.156   1.17526   0.01672  -0.12546  70.27873
   8.241   1.18419   0.01677  -0.12537  70.60189
   8.327   1.19310   0.01682  -0.12526  70.94122
   8.412   1.20197   0.01686  -0.12515  71.29909
   8.497   1.21082   0.01689  -0.12503  71.67789
   8.583   1.21962   0.01692  -0.12489  72.08008
   8.668   1.22837   0.01694  -0.12475  72.50822
   8.754   1.23707   0.01695  -0.12459  72.96496
   8.839   1.24572   0.01696  -0.12442  73.45306
   8.925   1.25431   0.01696  -0.12423  73.97534
   9.010   1.26283   0.01694  -0.12403  74.53474
   9.095   1.27130   0.01692  -0.12381  75.13424
   9.181   1.27970   0.01689  -0.12357  75.77683
   9.266   1.28804   0.01684  -0.12332  76.46550
   9.352   1.29631   0.01679  -0.12305  77.20312
   9.437   1.30451   0.01673  -0.12277  77.99232
   9.523   1.31265   0.01665  -0.12246  78.83534
   9.608   1.32073   0.01656  -0.12214  79.73380
   9.693   1.32874   0.01647  -0.12179  80.68835
   9.779   1.33668   0.01636  -0.12143  81.69827
   9.864   1.34454   0.01625  -0.12105  82.76086
   9.950   1.35231   0.01612  -0.12064  83.87064
  10.035   1.35997   0.01600  -0.12020  85.01817
  10.121   1.36747   0.01587  -0.11973  86.18838
  10.206   1.37478   0.01574  -0.11922  87.35803
  10.291   1.38180   0.01561  -0.11865  88.49226
  10.377   1.38844   0.01551  -0.11801  89.53998
  10.462   1.39455   0.01542  -0.11728  90.42846
  10.548   1.39996   0.01537  -0.11645  91.05842
  10.633   1.40445   0.01538  -0.11547  91.30238
  10.719   1.40780   0.01547  -0.11434  91.01061
  10.804   1.40976   0.01566  -0.11302  90.02922
  10.889   1.41009   0.01598  -0.11148  88.23289
  10.975   1.40859   0.01646  -0.10971  85.57050
  11.060   1.40511   0.01711  -0.10770  82.11632
  11.146   1.39971   0.01792  -0.10547  78.10524
  11.231   1.39270   0.01884  -0.10308  73.91071
  11.317   1.38467   0.01980  -0.10059  69.93650
  11.402   1.37643   0.02071  -0.09813  66.46915
  11.487   1.36879   0.02152  -0.09578  63.59948
  11.573   1.36238   0.02224  -0.09365  61.26093
  11.658   1.35750   0.02288  -0.09176  59.32227
  11.744   1.35418   0.02349  -0.09011  57.65704
  11.829   1.35220   0.02407  -0.08868  56.17028
  11.915   1.35125   0.02466  -0.08743  54.79964
  12.000   1.35100   0.02525  -0.08630  53.50747
