--------------------------------------------------------------
  XFOIL-like Polar Output (Generated by NeuralFoil)
--------------------------------------------------------------
  alpha     CL        CD       Cm        CL/CD
--------------------------------------------------------------
  -5.000  -0.71506   0.02953  -0.05004  -24.21342
  -4.915  -0.70402   0.02910  -0.04921  -24.19223
  -4.829  -0.69292   0.02865  -0.04864  -24.18343
  -4.744  -0.68284   0.02814  -0.04826  -24.26888
  -4.658  -0.67375   0.02757  -0.04801  -24.43652
  -4.573  -0.66535   0.02699  -0.04782  -24.65093
  -4.487  -0.65733   0.02642  -0.04767  -24.87989
  -4.402  -0.64949   0.02588  -0.04754  -25.10091
  -4.317  -0.64170   0.02536  -0.04741  -25.30060
  -4.231  -0.63389   0.02489  -0.04729  -25.47224
  -4.146  -0.62601   0.02444  -0.04716  -25.61339
  -4.060  -0.61808   0.02403  -0.04703  -25.72408
  -3.975  -0.61007   0.02364  -0.04690  -25.80560
  -3.889  -0.60200   0.02328  -0.04677  -25.85971
  -3.804  -0.59388   0.02294  -0.04664  -25.88826
  -3.719  -0.58570   0.02262  -0.04651  -25.89290
  -3.633  -0.57748   0.02232  -0.04637  -25.87504
  -3.548  -0.56921   0.02203  -0.04624  -25.83579
  -3.462  -0.56089   0.02176  -0.04610  -25.77603
  -3.377  -0.55253   0.02150  -0.04597  -25.69643
  -3.291  -0.54411   0.02126  -0.04584  -25.59753
  -3.206  -0.53564   0.02102  -0.04572  -25.47987
  -3.121  -0.52712   0.02080  -0.04560  -25.34396
  -3.035  -0.51854   0.02058  -0.04548  -25.19043
  -2.950  -0.50991   0.02038  -0.04537  -25.01994
  -2.864  -0.50124   0.02018  -0.04526  -24.83324
  -2.779  -0.49253   0.02000  -0.04516  -24.63108
  -2.693  -0.48377   0.01982  -0.04507  -24.41421
  -2.608  -0.47498   0.01964  -0.04498  -24.18334
  -2.523  -0.46614   0.01947  -0.04489  -23.93911
  -2.437  -0.45726   0.01931  -0.04481  -23.68212
  -2.352  -0.44834   0.01915  -0.04473  -23.41286
  -2.266  -0.43938   0.01899  -0.04466  -23.13178
  -2.181  -0.43037   0.01884  -0.04459  -22.83922
  -2.095  -0.42133   0.01870  -0.04452  -22.53547
  -2.010  -0.41224   0.01855  -0.04446  -22.22075
  -1.925  -0.40311   0.01841  -0.04440  -21.89525
  -1.839  -0.39395   0.01827  -0.04434  -21.55912
  -1.754  -0.38476   0.01814  -0.04428  -21.21253
  -1.668  -0.37553   0.01801  -0.04423  -20.85563
  -1.583  -0.36628   0.01788  -0.04417  -20.48858
  -1.497  -0.35701   0.01775  -0.04412  -20.11158
  -1.412  -0.34771   0.01763  -0.04407  -19.72483
  -1.327  -0.33840   0.01751  -0.04402  -19.32855
  -1.241  -0.32908   0.01739  -0.04397  -18.92295
  -1.156  -0.31975   0.01728  -0.04392  -18.50827
  -1.070  -0.31041   0.01716  -0.04388  -18.08471
  -0.985  -0.30107   0.01706  -0.04383  -17.65247
  -0.899  -0.29173   0.01695  -0.04378  -17.21176
  -0.814  -0.28239   0.01685  -0.04373  -16.76274
  -0.729  -0.27305   0.01675  -0.04368  -16.30557
  -0.643  -0.26372   0.01665  -0.04363  -15.84041
  -0.558  -0.25439   0.01655  -0.04358  -15.36737
  -0.472  -0.24506   0.01646  -0.04353  -14.88658
  -0.387  -0.23574   0.01637  -0.04348  -14.39813
  -0.302  -0.22642   0.01629  -0.04343  -13.90211
  -0.216  -0.21710   0.01620  -0.04338  -13.39862
  -0.131  -0.20778   0.01612  -0.04333  -12.88771
  -0.045  -0.19846   0.01604  -0.04328  -12.36948
   0.040  -0.18913   0.01597  -0.04323  -11.84400
   0.126  -0.17981   0.01590  -0.04319  -11.31136
   0.211  -0.17047   0.01583  -0.04315  -10.77167
   0.296  -0.16113   0.01576  -0.04311  -10.22504
   0.382  -0.15178   0.01569  -0.04307  -9.67164
   0.467  -0.14242   0.01563  -0.04303  -9.11163
   0.553  -0.13305   0.01557  -0.04299  -8.54526
   0.638  -0.12367   0.01551  -0.04295  -7.97281
   0.724  -0.11429   0.01546  -0.04292  -7.39458
   0.809  -0.10489   0.01540  -0.04288  -6.81094
   0.894  -0.09549   0.01535  -0.04285  -6.22223
   0.980  -0.08609   0.01530  -0.04282  -5.62874
   1.065  -0.07669   0.01524  -0.04279  -5.03065
   1.151  -0.06729   0.01520  -0.04275  -4.42799
   1.236  -0.05788   0.01515  -0.04272  -3.82069
   1.322  -0.04846   0.01510  -0.04269  -3.20870
   1.407  -0.03903   0.01506  -0.04267  -2.59208
   1.492  -0.02959   0.01501  -0.04264  -1.97117
   1.578  -0.02016   0.01497  -0.04261  -1.34647
   1.663  -0.01073   0.01493  -0.04259  -0.71856
   1.749  -0.00131   0.01489  -0.04256  -0.08784
   1.834   0.00810   0.01485  -0.04254   0.54548
   1.920   0.01751   0.01482  -0.04251   1.18140
   2.005   0.02690   0.01478  -0.04249   1.81991
   2.090   0.03630   0.01475  -0.04246   2.46085
   2.176   0.04569   0.01472  -0.04244   3.10388
   2.261   0.05508   0.01469  -0.04241   3.74863
   2.347   0.06447   0.01467  -0.04239   4.39501
   2.432   0.07387   0.01465  -0.04236   5.04327
   2.518   0.08329   0.01463  -0.04234   5.69401
   2.603   0.09274   0.01461  -0.04232   6.34793
   2.688   0.10225   0.01460  -0.04230   7.00555
   2.774   0.11181   0.01458  -0.04229   7.66687
   2.859   0.12141   0.01457  -0.04229   8.33131
   2.945   0.13105   0.01456  -0.04228   8.99785
   3.030   0.14071   0.01456  -0.04228   9.66536
   3.116   0.15036   0.01455  -0.04228  10.33283
   3.201   0.15999   0.01455  -0.04229  10.99962
   3.286   0.16959   0.01454  -0.04229  11.66544
   3.372   0.17914   0.01453  -0.04230  12.33037
   3.457   0.18866   0.01452  -0.04230  12.99458
   3.543   0.19816   0.01451  -0.04231  13.65817
   3.628   0.20763   0.01450  -0.04232  14.32109
   3.714   0.21709   0.01449  -0.04233  14.98315
   3.799   0.22655   0.01448  -0.04235  15.64409
   3.884   0.23600   0.01447  -0.04236  16.30374
   3.970   0.24544   0.01447  -0.04238  16.96206
   4.055   0.25490   0.01447  -0.04241  17.61923
   4.141   0.26436   0.01447  -0.04243  18.27568
   4.226   0.27384   0.01446  -0.04247  18.93212
   4.312   0.28335   0.01446  -0.04252  19.58961
   4.397   0.29289   0.01446  -0.04258  20.24965
   4.482   0.30247   0.01446  -0.04266  20.91422
   4.568   0.31208   0.01446  -0.04276  21.58573
   4.653   0.32173   0.01445  -0.04288  22.26688
   4.739   0.33140   0.01443  -0.04301  22.96084
   4.824   0.34107   0.01441  -0.04314  23.67249
   4.910   0.35067   0.01436  -0.04325  24.41185
   4.995   0.36016   0.01429  -0.04329  25.20067
   5.080   0.36942   0.01416  -0.04325  26.08157
   5.166   0.37836   0.01395  -0.04310  27.11315
   5.251   0.38690   0.01367  -0.04282  28.31216
   5.337   0.39499   0.01336  -0.04244  29.56450
   5.422   0.40272   0.01314  -0.04201  30.65331
   5.508   0.41029   0.01305  -0.04160  31.44648
   5.593   0.41802   0.01306  -0.04123  31.99693
   5.678   0.42613   0.01314  -0.04092  32.43485
   5.764   0.43467   0.01323  -0.04068  32.85277
   5.849   0.44354   0.01332  -0.04049  33.28692
   5.935   0.45262   0.01341  -0.04033  33.74151
   6.020   0.46177   0.01350  -0.04019  34.21021
   6.106   0.47094   0.01358  -0.04005  34.68616
   6.191   0.48008   0.01365  -0.03990  35.16451
   6.276   0.48920   0.01373  -0.03976  35.64236
   6.362   0.49828   0.01380  -0.03960  36.11802
   6.447   0.50734   0.01387  -0.03945  36.59045
   6.533   0.51639   0.01393  -0.03930  37.05893
   6.618   0.52542   0.01400  -0.03914  37.52293
   6.704   0.53445   0.01407  -0.03900  37.98202
   6.789   0.54347   0.01414  -0.03885  38.43581
   6.874   0.55249   0.01421  -0.03871  38.88401
   6.960   0.56150   0.01428  -0.03858  39.32635
   7.045   0.57051   0.01435  -0.03845  39.76265
   7.131   0.57952   0.01442  -0.03832  40.19279
   7.216   0.58851   0.01449  -0.03819  40.61672
   7.302   0.59748   0.01456  -0.03807  41.03448
   7.387   0.60643   0.01463  -0.03794  41.44617
   7.472   0.61535   0.01470  -0.03780  41.85201
   7.558   0.62424   0.01477  -0.03766  42.25227
   7.643   0.63307   0.01484  -0.03751  42.64732
   7.729   0.64185   0.01491  -0.03734  43.03764
   7.814   0.65056   0.01498  -0.03716  43.42376
   7.899   0.65919   0.01505  -0.03696  43.80635
   7.985   0.66774   0.01511  -0.03673  44.18613
   8.070   0.67618   0.01517  -0.03648  44.56398
   8.156   0.68452   0.01523  -0.03621  44.94085
   8.241   0.69275   0.01529  -0.03591  45.31787
   8.327   0.70087   0.01534  -0.03558  45.69631
   8.412   0.70890   0.01538  -0.03524  46.07765
   8.497   0.71684   0.01543  -0.03487  46.46358
   8.583   0.72473   0.01547  -0.03449  46.85600
   8.668   0.73261   0.01550  -0.03411  47.25704
   8.754   0.74050   0.01553  -0.03374  47.66905
   8.839   0.74847   0.01556  -0.03339  48.09448
   8.925   0.75655   0.01559  -0.03307  48.53592
   9.010   0.76478   0.01561  -0.03278  48.99594
   9.095   0.77322   0.01563  -0.03253  49.47711
   9.181   0.78187   0.01564  -0.03234  49.98193
   9.266   0.79078   0.01565  -0.03220  50.51287
   9.352   0.79994   0.01566  -0.03212  51.07230
   9.437   0.80938   0.01567  -0.03209  51.66256
   9.523   0.81908   0.01567  -0.03212  52.28587
   9.608   0.82907   0.01566  -0.03220  52.94434
   9.693   0.83933   0.01565  -0.03234  53.63987
   9.779   0.84985   0.01563  -0.03253  54.37405
   9.864   0.86063   0.01561  -0.03277  55.14807
   9.950   0.87164   0.01558  -0.03306  55.96260
  10.035   0.88286   0.01554  -0.03338  56.81770
  10.121   0.89424   0.01549  -0.03374  57.71274
  10.206   0.90574   0.01544  -0.03412  58.64644
  10.291   0.91731   0.01539  -0.03451  59.61687
  10.377   0.92887   0.01532  -0.03490  60.62164
  10.462   0.94038   0.01525  -0.03528  61.65802
  10.548   0.95176   0.01517  -0.03564  62.72318
  10.633   0.96298   0.01509  -0.03597  63.81442
  10.719   0.97397   0.01500  -0.03625  64.92939
  10.804   0.98470   0.01490  -0.03649  66.06634
  10.889   0.99517   0.01480  -0.03667  67.22427
  10.975   1.00535   0.01470  -0.03681  68.40316
  11.060   1.01526   0.01459  -0.03688  69.60400
  11.146   1.02491   0.01447  -0.03691  70.82884
  11.231   1.03432   0.01435  -0.03690  72.08049
  11.317   1.04354   0.01422  -0.03684  73.36211
  11.402   1.05259   0.01410  -0.03675  74.67643
  11.487   1.06151   0.01396  -0.03663  76.02467
  11.573   1.07033   0.01383  -0.03650  77.40529
  11.658   1.07907   0.01369  -0.03634  78.81265
  11.744   1.08775   0.01356  -0.03618  80.23528
  11.829   1.09636   0.01343  -0.03600  81.65329
  11.915   1.10490   0.01331  -0.03580  83.03375
  12.000   1.11330   0.01320  -0.03557  84.32311
