--------------------------------------------------------------
  XFOIL-like Polar Output (Generated by NeuralFoil)
--------------------------------------------------------------
  alpha     CL        CD       Cm        CL/CD
--------------------------------------------------------------
  -5.000  -0.03413   0.01318  -0.08279  -2.58924
  -4.915  -0.02286   0.01315  -0.08315  -1.73834
  -4.829  -0.01158   0.01312  -0.08351  -0.88217
  -4.744  -0.00027   0.01309  -0.08386  -0.02094
  -4.658   0.01104   0.01307  -0.08422   0.84507
  -4.573   0.02237   0.01304  -0.08456   1.71552
  -4.487   0.03371   0.01301  -0.08490   2.59008
  -4.402   0.04505   0.01299  -0.08523   3.46844
  -4.317   0.05638   0.01296  -0.08556   4.35032
  -4.231   0.06771   0.01293  -0.08588   5.23549
  -4.146   0.07903   0.01291  -0.08618   6.12375
  -4.060   0.09034   0.01288  -0.08648   7.01491
  -3.975   0.10162   0.01285  -0.08677   7.90881
  -3.889   0.11288   0.01282  -0.08704   8.80534
  -3.804   0.12410   0.01279  -0.08730   9.70440
  -3.719   0.13530   0.01276  -0.08754  10.60595
  -3.633   0.14646   0.01272  -0.08776  11.50993
  -3.548   0.15757   0.01269  -0.08797  12.41631
  -3.462   0.16863   0.01265  -0.08816  13.32514
  -3.377   0.17963   0.01262  -0.08833  14.23655
  -3.291   0.19057   0.01258  -0.08848  15.15088
  -3.206   0.20144   0.01254  -0.08861  16.06862
  -3.121   0.21225   0.01249  -0.08872  16.99039
  -3.035   0.22298   0.01245  -0.08881  17.91693
  -2.950   0.23364   0.01240  -0.08887  18.84912
  -2.864   0.24422   0.01234  -0.08892  19.78795
  -2.779   0.25473   0.01229  -0.08895  20.73454
  -2.693   0.26516   0.01222  -0.08895  21.69013
  -2.608   0.27552   0.01216  -0.08894  22.65602
  -2.523   0.28582   0.01209  -0.08891  23.63346
  -2.437   0.29605   0.01202  -0.08886  24.62360
  -2.352   0.30623   0.01195  -0.08880  25.62745
  -2.266   0.31634   0.01187  -0.08872  26.64585
  -2.181   0.32641   0.01179  -0.08862  27.67950
  -2.095   0.33643   0.01171  -0.08852  28.72903
  -2.010   0.34640   0.01163  -0.08840  29.79501
  -1.925   0.35632   0.01154  -0.08827  30.87802
  -1.839   0.36621   0.01145  -0.08813  31.97865
  -1.754   0.37605   0.01136  -0.08799  33.09749
  -1.668   0.38585   0.01127  -0.08783  34.23520
  -1.583   0.39561   0.01118  -0.08767  35.39243
  -1.497   0.40533   0.01108  -0.08750  36.56983
  -1.412   0.41502   0.01099  -0.08733  37.76810
  -1.327   0.42467   0.01089  -0.08715  38.98788
  -1.241   0.43427   0.01079  -0.08696  40.22986
  -1.156   0.44384   0.01070  -0.08677  41.49472
  -1.070   0.45335   0.01060  -0.08658  42.78322
  -0.985   0.46281   0.01050  -0.08637  44.09628
  -0.899   0.47221   0.01039  -0.08616  45.43507
  -0.814   0.48152   0.01029  -0.08593  46.80120
  -0.729   0.49074   0.01018  -0.08569  48.19686
  -0.643   0.49986   0.01007  -0.08542  49.62503
  -0.558   0.50886   0.00996  -0.08513  51.08976
  -0.472   0.51775   0.00984  -0.08482  52.59649
  -0.387   0.52656   0.00972  -0.08448  54.15258
  -0.302   0.53533   0.00960  -0.08413  55.76784
  -0.216   0.54418   0.00947  -0.08379  57.45504
  -0.131   0.55327   0.00934  -0.08348  59.22951
  -0.045   0.56283   0.00921  -0.08326  61.10733
   0.040   0.57313   0.00908  -0.08319  63.10081
   0.126   0.58438   0.00896  -0.08332  65.21121
   0.211   0.59665   0.00885  -0.08367  67.42022
   0.296   0.60976   0.00875  -0.08423  69.68461
   0.382   0.62330   0.00866  -0.08492  71.93957
   0.467   0.63670   0.00859  -0.08561  74.11253
   0.553   0.64942   0.00853  -0.08619  76.14182
   0.638   0.66114   0.00848  -0.08658  77.98960
   0.724   0.67179   0.00844  -0.08674  79.64237
   0.809   0.68148   0.00840  -0.08669  81.10072
   0.894   0.69043   0.00838  -0.08647  82.36622
   0.980   0.69885   0.00838  -0.08612  83.43288
   1.065   0.70692   0.00839  -0.08566  84.28685
   1.151   0.71471   0.00842  -0.08514  84.91291
   1.236   0.72227   0.00847  -0.08456  85.30233
   1.322   0.72961   0.00854  -0.08394  85.45685
   1.407   0.73671   0.00863  -0.08330  85.38851
   1.492   0.74361   0.00874  -0.08263  85.11788
   1.578   0.75034   0.00886  -0.08195  84.67293
   1.663   0.75695   0.00900  -0.08125  84.08729
   1.749   0.76349   0.00915  -0.08055  83.39641
   1.834   0.77000   0.00932  -0.07986  82.63091
   1.920   0.77649   0.00949  -0.07917  81.80948
   2.005   0.78295   0.00967  -0.07850  80.93426
   2.090   0.78936   0.00987  -0.07784  79.99315
   2.176   0.79568   0.01008  -0.07718  78.97235
   2.261   0.80192   0.01030  -0.07652  77.87718
   2.347   0.80812   0.01053  -0.07587  76.74766
   2.432   0.81434   0.01076  -0.07525  75.65003
   2.518   0.82067   0.01099  -0.07465  74.64453
   2.603   0.82713   0.01121  -0.07410  73.75748
   2.688   0.83376   0.01142  -0.07359  72.98035
   2.774   0.84052   0.01163  -0.07310  72.28857
   2.859   0.84738   0.01182  -0.07264  71.66067
   2.945   0.85435   0.01202  -0.07219  71.08631
   3.030   0.86139   0.01221  -0.07175  70.56295
   3.116   0.86851   0.01239  -0.07132  70.08887
   3.201   0.87567   0.01257  -0.07090  69.66027
   3.286   0.88289   0.01275  -0.07049  69.27310
   3.372   0.89013   0.01291  -0.07009  68.92452
   3.457   0.89741   0.01308  -0.06970  68.61170
   3.543   0.90471   0.01324  -0.06931  68.32995
   3.628   0.91203   0.01340  -0.06894  68.07302
   3.714   0.91937   0.01355  -0.06856  67.83509
   3.799   0.92672   0.01371  -0.06819  67.61283
   3.884   0.93409   0.01386  -0.06782  67.40563
   3.970   0.94148   0.01401  -0.06746  67.21342
   4.055   0.94889   0.01416  -0.06709  67.03446
   4.141   0.95630   0.01430  -0.06673  66.86587
   4.226   0.96370   0.01445  -0.06637  66.70589
   4.312   0.97110   0.01459  -0.06601  66.55453
   4.397   0.97850   0.01473  -0.06566  66.41175
   4.482   0.98590   0.01488  -0.06530  66.27540
   4.568   0.99329   0.01502  -0.06495  66.14081
   4.653   1.00068   0.01516  -0.06460  66.00223
   4.739   1.00803   0.01531  -0.06425  65.85471
   4.824   1.01536   0.01546  -0.06389  65.69528
   4.910   1.02264   0.01561  -0.06353  65.52306
   4.995   1.02987   0.01576  -0.06317  65.33867
   5.080   1.03705   0.01592  -0.06279  65.14347
   5.166   1.04418   0.01608  -0.06242  64.93887
   5.251   1.05126   0.01624  -0.06203  64.72592
   5.337   1.05829   0.01641  -0.06164  64.50509
   5.422   1.06527   0.01657  -0.06124  64.27637
   5.508   1.07219   0.01674  -0.06084  64.03949
   5.593   1.07905   0.01691  -0.06042  63.79417
   5.678   1.08585   0.01709  -0.06000  63.54017
   5.764   1.09260   0.01727  -0.05957  63.27719
   5.849   1.09928   0.01745  -0.05914  63.00463
   5.935   1.10590   0.01763  -0.05870  62.72143
   6.020   1.11245   0.01782  -0.05825  62.42604
   6.106   1.11893   0.01801  -0.05779  62.11660
   6.191   1.12532   0.01821  -0.05732  61.79109
   6.276   1.13164   0.01842  -0.05684  61.44762
   6.362   1.13786   0.01863  -0.05635  61.08460
   6.447   1.14398   0.01885  -0.05584  60.70090
   6.533   1.15000   0.01907  -0.05532  60.29608
   6.618   1.15593   0.01931  -0.05479  59.87051
   6.704   1.16175   0.01955  -0.05424  59.42557
   6.789   1.16746   0.01980  -0.05367  58.96365
   6.874   1.17308   0.02006  -0.05309  58.48791
   6.960   1.17860   0.02032  -0.05249  58.00192
   7.045   1.18403   0.02059  -0.05188  57.50910
   7.131   1.18938   0.02086  -0.05126  57.01230
   7.216   1.19466   0.02114  -0.05064  56.51359
   7.302   1.19986   0.02142  -0.05000  56.01430
   7.387   1.20499   0.02171  -0.04936  55.51518
   7.472   1.21005   0.02199  -0.04871  55.01670
   7.558   1.21505   0.02229  -0.04806  54.51916
   7.643   1.21998   0.02258  -0.04740  54.02285
   7.729   1.22485   0.02288  -0.04674  53.52805
   7.814   1.22965   0.02319  -0.04608  53.03499
   7.899   1.23440   0.02349  -0.04541  52.54385
   7.985   1.23909   0.02380  -0.04475  52.05468
   8.070   1.24372   0.02412  -0.04409  51.56741
   8.156   1.24830   0.02444  -0.04343  51.08182
   8.241   1.25282   0.02476  -0.04277  50.59762
   8.327   1.25729   0.02509  -0.04211  50.11445
   8.412   1.26169   0.02542  -0.04145  49.63192
   8.497   1.26604   0.02576  -0.04080  49.14968
   8.583   1.27033   0.02610  -0.04014  48.66744
   8.668   1.27455   0.02645  -0.03949  48.18496
   8.754   1.27871   0.02681  -0.03884  47.70215
   8.839   1.28281   0.02717  -0.03819  47.21896
   8.925   1.28685   0.02753  -0.03754  46.73548
   9.010   1.29082   0.02791  -0.03689  46.25186
   9.095   1.29474   0.02829  -0.03624  45.76832
   9.181   1.29859   0.02868  -0.03559  45.28512
   9.266   1.30240   0.02907  -0.03495  44.80258
   9.352   1.30614   0.02947  -0.03431  44.32100
   9.437   1.30984   0.02988  -0.03366  43.84072
   9.523   1.31348   0.03029  -0.03302  43.36203
   9.608   1.31707   0.03071  -0.03238  42.88523
   9.693   1.32062   0.03114  -0.03175  42.41057
   9.779   1.32412   0.03157  -0.03111  41.93826
   9.864   1.32757   0.03201  -0.03048  41.46850
   9.950   1.33098   0.03246  -0.02985  41.00140
  10.035   1.33434   0.03292  -0.02922  40.53706
  10.121   1.33764   0.03338  -0.02859  40.07552
  10.206   1.34090   0.03385  -0.02796  39.61678
  10.291   1.34410   0.03432  -0.02733  39.16080
  10.377   1.34725   0.03481  -0.02671  38.70749
  10.462   1.35034   0.03530  -0.02608  38.25676
  10.548   1.35336   0.03580  -0.02546  37.80844
  10.633   1.35632   0.03630  -0.02484  37.36238
  10.719   1.35921   0.03682  -0.02422  36.91838
  10.804   1.36203   0.03734  -0.02361  36.47623
  10.889   1.36476   0.03787  -0.02299  36.03572
  10.975   1.36741   0.03841  -0.02238  35.59664
  11.060   1.36998   0.03897  -0.02177  35.15876
  11.146   1.37245   0.03953  -0.02117  34.72190
  11.231   1.37483   0.04010  -0.02057  34.28586
  11.317   1.37711   0.04068  -0.01998  33.85049
  11.402   1.37929   0.04128  -0.01939  33.41567
  11.487   1.38137   0.04188  -0.01881  32.98131
  11.573   1.38334   0.04250  -0.01824  32.54736
  11.658   1.38520   0.04313  -0.01768  32.11383
  11.744   1.38696   0.04378  -0.01713  31.68077
  11.829   1.38861   0.04444  -0.01659  31.24825
  11.915   1.39015   0.04511  -0.01606  30.81641
  12.000   1.39160   0.04580  -0.01555  30.38539
