--------------------------------------------------------------
  XFOIL-like Polar Output (Generated by NeuralFoil)
--------------------------------------------------------------
  alpha     CL        CD       Cm        CL/CD
--------------------------------------------------------------
  -5.000  -0.45962   0.01208  -0.01365  -38.05350
  -4.915  -0.44724   0.01206  -0.01432  -37.07903
  -4.829  -0.43461   0.01205  -0.01502  -36.08041
  -4.744  -0.42174   0.01203  -0.01577  -35.06091
  -4.658  -0.40869   0.01201  -0.01655  -34.02454
  -4.573  -0.39548   0.01199  -0.01735  -32.97567
  -4.487  -0.38218   0.01197  -0.01817  -31.91883
  -4.402  -0.36883   0.01195  -0.01899  -30.85832
  -4.317  -0.35547   0.01193  -0.01980  -29.79796
  -4.231  -0.34214   0.01190  -0.02061  -28.74086
  -4.146  -0.32886   0.01188  -0.02140  -27.68926
  -4.060  -0.31566   0.01185  -0.02217  -26.64450
  -3.975  -0.30254   0.01181  -0.02292  -25.60710
  -3.889  -0.28951   0.01178  -0.02366  -24.57684
  -3.804  -0.27657   0.01174  -0.02438  -23.55291
  -3.719  -0.26370   0.01170  -0.02508  -22.53407
  -3.633  -0.25090   0.01166  -0.02577  -21.51871
  -3.548  -0.23815   0.01161  -0.02645  -20.50499
  -3.462  -0.22542   0.01157  -0.02713  -19.49095
  -3.377  -0.21271   0.01151  -0.02780  -18.47455
  -3.291  -0.19999   0.01146  -0.02848  -17.45380
  -3.206  -0.18725   0.01140  -0.02915  -16.42672
  -3.121  -0.17448   0.01134  -0.02983  -15.39142
  -3.035  -0.16168   0.01127  -0.03052  -14.34607
  -2.950  -0.14883   0.01120  -0.03121  -13.28892
  -2.864  -0.13592   0.01112  -0.03191  -12.21827
  -2.779  -0.12296   0.01105  -0.03261  -11.13252
  -2.693  -0.10995   0.01096  -0.03332  -10.03013
  -2.608  -0.09688   0.01087  -0.03404  -8.90971
  -2.523  -0.08377   0.01078  -0.03476  -7.77001
  -2.437  -0.07062   0.01068  -0.03548  -6.60999
  -2.352  -0.05745   0.01058  -0.03620  -5.42883
  -2.266  -0.04427   0.01047  -0.03691  -4.22601
  -2.181  -0.03110   0.01036  -0.03760  -3.00137
  -2.095  -0.01798   0.01024  -0.03827  -1.75523
  -2.010  -0.00494   0.01012  -0.03891  -0.48853
  -1.925   0.00796   0.00999  -0.03951   0.79691
  -1.839   0.02069   0.00986  -0.04006   2.09821
  -1.754   0.03319   0.00973  -0.04055   3.41141
  -1.668   0.04540   0.00959  -0.04097   4.73172
  -1.583   0.05728   0.00946  -0.04132   6.05415
  -1.497   0.06882   0.00933  -0.04158   7.37425
  -1.412   0.08001   0.00921  -0.04176   8.68899
  -1.327   0.09086   0.00909  -0.04185   9.99729
  -1.241   0.10140   0.00897  -0.04186  11.30014
  -1.156   0.11170   0.00886  -0.04180  12.60028
  -1.070   0.12178   0.00876  -0.04168  13.90130
  -0.985   0.13172   0.00866  -0.04152  15.20663
  -0.899   0.14153   0.00857  -0.04132  16.51843
  -0.814   0.15125   0.00848  -0.04110  17.83688
  -0.729   0.16087   0.00840  -0.04085  19.15995
  -0.643   0.17038   0.00832  -0.04057  20.48396
  -0.558   0.17979   0.00825  -0.04027  21.80482
  -0.472   0.18908   0.00818  -0.03994  23.11944
  -0.387   0.19828   0.00812  -0.03959  24.42655
  -0.302   0.20741   0.00806  -0.03923  25.72652
  -0.216   0.21651   0.00801  -0.03886  27.02040
  -0.131   0.22561   0.00797  -0.03849  28.30870
  -0.045   0.23473   0.00793  -0.03812  29.59044
   0.040   0.24385   0.00790  -0.03776  30.86257
   0.126   0.25296   0.00788  -0.03739  32.11978
   0.211   0.26199   0.00785  -0.03702  33.35448
   0.296   0.27090   0.00784  -0.03664  34.55731
   0.382   0.27964   0.00783  -0.03623  35.71787
   0.467   0.28816   0.00782  -0.03579  36.82559
   0.553   0.29645   0.00783  -0.03531  37.87090
   0.638   0.30452   0.00784  -0.03479  38.84668
   0.724   0.31241   0.00786  -0.03424  39.75046
   0.809   0.32021   0.00789  -0.03368  40.58690
   0.894   0.32803   0.00793  -0.03314  41.36958
   0.980   0.33603   0.00798  -0.03264  42.12034
   1.065   0.34438   0.00803  -0.03223  42.86515
   1.151   0.35321   0.00810  -0.03195  43.62790
   1.236   0.36260   0.00816  -0.03179  44.42495
   1.322   0.37255   0.00823  -0.03177  45.26334
   1.407   0.38300   0.00830  -0.03186  46.14298
   1.492   0.39389   0.00837  -0.03204  47.06011
   1.578   0.40516   0.00844  -0.03230  48.00906
   1.663   0.41679   0.00851  -0.03263  48.97999
   1.749   0.42875   0.00858  -0.03303  49.95230
   1.834   0.44094   0.00867  -0.03349  50.88302
   1.920   0.45320   0.00877  -0.03399  51.69001
   2.005   0.46527   0.00891  -0.03450  52.23463
   2.090   0.47686   0.00911  -0.03496  52.33050
   2.176   0.48775   0.00941  -0.03533  51.84147
   2.261   0.49789   0.00979  -0.03560  50.85731
   2.347   0.50737   0.01021  -0.03578  49.68794
   2.432   0.51633   0.01062  -0.03591  48.61941
   2.518   0.52495   0.01098  -0.03599  47.80110
   2.603   0.53338   0.01128  -0.03599  47.28411
   2.688   0.54164   0.01151  -0.03592  47.04701
   2.774   0.54970   0.01169  -0.03577  47.01754
   2.859   0.55748   0.01183  -0.03553  47.10944
   2.945   0.56496   0.01196  -0.03522  47.25393
   3.030   0.57220   0.01207  -0.03485  47.41009
   3.116   0.57924   0.01218  -0.03444  47.55885
   3.201   0.58618   0.01229  -0.03399  47.69349
   3.286   0.59308   0.01240  -0.03354  47.81329
   3.372   0.60000   0.01252  -0.03308  47.92031
   3.457   0.60699   0.01264  -0.03262  48.01753
   3.543   0.61406   0.01276  -0.03218  48.10780
   3.628   0.62124   0.01289  -0.03176  48.19325
   3.714   0.62853   0.01302  -0.03136  48.27522
   3.799   0.63594   0.01315  -0.03097  48.35442
   3.884   0.64344   0.01329  -0.03061  48.43123
   3.970   0.65103   0.01342  -0.03026  48.50586
   4.055   0.65871   0.01356  -0.02992  48.57845
   4.141   0.66645   0.01370  -0.02960  48.64908
   4.226   0.67425   0.01384  -0.02928  48.71769
   4.312   0.68210   0.01398  -0.02898  48.78414
   4.397   0.68999   0.01413  -0.02868  48.84818
   4.482   0.69791   0.01427  -0.02839  48.90951
   4.568   0.70586   0.01441  -0.02810  48.96783
   4.653   0.71382   0.01456  -0.02782  49.02287
   4.739   0.72180   0.01471  -0.02755  49.07442
   4.824   0.72979   0.01486  -0.02727  49.12236
   4.910   0.73779   0.01501  -0.02700  49.16662
   4.995   0.74580   0.01516  -0.02673  49.20721
   5.080   0.75381   0.01531  -0.02647  49.24421
   5.166   0.76183   0.01546  -0.02620  49.27772
   5.251   0.76985   0.01561  -0.02594  49.30790
   5.337   0.77788   0.01577  -0.02568  49.33489
   5.422   0.78592   0.01592  -0.02543  49.35884
   5.508   0.79396   0.01608  -0.02517  49.37987
   5.593   0.80202   0.01624  -0.02492  49.39805
   5.678   0.81008   0.01639  -0.02467  49.41341
   5.764   0.81815   0.01655  -0.02442  49.42590
   5.849   0.82623   0.01671  -0.02418  49.43539
   5.935   0.83432   0.01687  -0.02393  49.44167
   6.020   0.84243   0.01704  -0.02369  49.44446
   6.106   0.85054   0.01720  -0.02344  49.44340
   6.191   0.85866   0.01737  -0.02320  49.43805
   6.276   0.86678   0.01754  -0.02295  49.42792
   6.362   0.87490   0.01771  -0.02271  49.41245
   6.447   0.88301   0.01788  -0.02246  49.39103
   6.533   0.89111   0.01805  -0.02221  49.36305
   6.618   0.89919   0.01823  -0.02196  49.32787
   6.704   0.90724   0.01841  -0.02171  49.28495
   6.789   0.91526   0.01859  -0.02146  49.23387
   6.874   0.92324   0.01877  -0.02120  49.17438
   6.960   0.93118   0.01896  -0.02094  49.10641
   7.045   0.93907   0.01915  -0.02068  49.03012
   7.131   0.94693   0.01935  -0.02041  48.94582
   7.216   0.95474   0.01954  -0.02014  48.85392
   7.302   0.96251   0.01974  -0.01987  48.75488
   7.387   0.97025   0.01994  -0.01959  48.64916
   7.472   0.97796   0.02015  -0.01931  48.53721
   7.558   0.98563   0.02036  -0.01903  48.41939
   7.643   0.99327   0.02057  -0.01874  48.29602
   7.729   1.00087   0.02078  -0.01845  48.16736
   7.814   1.00845   0.02099  -0.01816  48.03358
   7.899   1.01599   0.02121  -0.01787  47.89483
   7.985   1.02350   0.02143  -0.01757  47.75117
   8.070   1.03098   0.02166  -0.01727  47.60264
   8.156   1.03841   0.02188  -0.01696  47.44923
   8.241   1.04581   0.02211  -0.01666  47.29091
   8.327   1.05317   0.02235  -0.01635  47.12763
   8.412   1.06049   0.02258  -0.01603  46.95932
   8.497   1.06777   0.02282  -0.01572  46.78591
   8.583   1.07499   0.02306  -0.01539  46.60735
   8.668   1.08217   0.02331  -0.01507  46.42358
   8.754   1.08930   0.02356  -0.01474  46.23456
   8.839   1.09637   0.02381  -0.01440  46.04026
   8.925   1.10339   0.02407  -0.01406  45.84067
   9.010   1.11034   0.02433  -0.01371  45.63579
   9.095   1.11724   0.02459  -0.01336  45.42560
   9.181   1.12406   0.02486  -0.01300  45.21012
   9.266   1.13082   0.02514  -0.01263  44.98934
   9.352   1.13750   0.02541  -0.01226  44.76323
   9.437   1.14410   0.02569  -0.01188  44.53178
   9.523   1.15061   0.02598  -0.01149  44.29493
   9.608   1.15703   0.02626  -0.01109  44.05262
   9.693   1.16336   0.02656  -0.01068  43.80479
   9.779   1.16958   0.02686  -0.01027  43.55133
   9.864   1.17569   0.02716  -0.00984  43.29216
   9.950   1.18168   0.02746  -0.00940  43.02715
  10.035   1.18754   0.02777  -0.00894  42.75620
  10.121   1.19327   0.02809  -0.00848  42.47918
  10.206   1.19885   0.02841  -0.00800  42.19599
  10.291   1.20428   0.02874  -0.00750  41.90652
  10.377   1.20955   0.02907  -0.00698  41.61068
  10.462   1.21465   0.02940  -0.00645  41.30844
  10.548   1.21958   0.02975  -0.00589  40.99979
  10.633   1.22433   0.03009  -0.00532  40.68482
  10.719   1.22891   0.03045  -0.00472  40.36367
  10.804   1.23330   0.03080  -0.00411  40.03661
  10.889   1.23753   0.03117  -0.00347  39.70395
  10.975   1.24160   0.03154  -0.00282  39.36612
  11.060   1.24552   0.03192  -0.00216  39.02357
  11.146   1.24929   0.03230  -0.00148  38.67678
  11.231   1.25293   0.03269  -0.00080  38.32622
  11.317   1.25645   0.03309  -0.00010  37.97229
  11.402   1.25986   0.03349   0.00060  37.61527
  11.487   1.26315   0.03391   0.00130  37.25534
  11.573   1.26635   0.03433   0.00201  36.89251
  11.658   1.26944   0.03475   0.00272  36.52657
  11.744   1.27241   0.03519   0.00343  36.15712
  11.829   1.27528   0.03564   0.00415  35.78354
  11.915   1.27801   0.03610   0.00486  35.40494
  12.000   1.28061   0.03657   0.00558  35.02021
