--------------------------------------------------------------
  XFOIL-like Polar Output (Generated by NeuralFoil)
--------------------------------------------------------------
  alpha     CL        CD       Cm        CL/CD
--------------------------------------------------------------
  -5.000  -0.12546   0.01190  -0.03758  -10.54605
  -4.915  -0.11207   0.01183  -0.03831  -9.47007
  -4.829  -0.09860   0.01177  -0.03906  -8.37830
  -4.744  -0.08508   0.01170  -0.03980  -7.27231
  -4.658  -0.07156   0.01163  -0.04053  -6.15414
  -4.573  -0.05807   0.01155  -0.04124  -5.02616
  -4.487  -0.04466   0.01148  -0.04193  -3.89110
  -4.402  -0.03137   0.01140  -0.04258  -2.75185
  -4.317  -0.01824   0.01132  -0.04319  -1.61139
  -4.231  -0.00531   0.01124  -0.04374  -0.47263
  -4.146   0.00738   0.01116  -0.04424   0.66166
  -4.060   0.01982   0.01108  -0.04468   1.78896
  -3.975   0.03198   0.01100  -0.04505   2.90703
  -3.889   0.04385   0.01093  -0.04535   4.01397
  -3.804   0.05542   0.01085  -0.04558   5.10822
  -3.719   0.06668   0.01077  -0.04574   6.18855
  -3.633   0.07763   0.01070  -0.04583   7.25408
  -3.548   0.08828   0.01063  -0.04585   8.30431
  -3.462   0.09863   0.01056  -0.04581   9.33911
  -3.377   0.10870   0.01049  -0.04571  10.35873
  -3.291   0.11849   0.01043  -0.04555  11.36386
  -3.206   0.12803   0.01036  -0.04534  12.35557
  -3.121   0.13733   0.01030  -0.04507  13.33535
  -3.035   0.14641   0.01024  -0.04477  14.30510
  -2.950   0.15530   0.01017  -0.04442  15.26717
  -2.864   0.16403   0.01011  -0.04403  16.22435
  -2.779   0.17261   0.01005  -0.04362  17.17984
  -2.693   0.18107   0.00998  -0.04318  18.13727
  -2.608   0.18945   0.00992  -0.04272  19.10062
  -2.523   0.19776   0.00985  -0.04225  20.07408
  -2.437   0.20604   0.00978  -0.04176  21.06195
  -2.352   0.21431   0.00971  -0.04128  22.06848
  -2.266   0.22259   0.00964  -0.04079  23.09768
  -2.181   0.23091   0.00956  -0.04030  24.15324
  -2.095   0.23928   0.00948  -0.03982  25.23841
  -2.010   0.24773   0.00940  -0.03936  26.35606
  -1.925   0.25627   0.00932  -0.03891  27.50869
  -1.839   0.26492   0.00923  -0.03848  28.69865
  -1.754   0.27369   0.00914  -0.03807  29.92833
  -1.668   0.28262   0.00906  -0.03770  31.20004
  -1.583   0.29171   0.00897  -0.03735  32.51506
  -1.497   0.30095   0.00889  -0.03704  33.87028
  -1.412   0.31028   0.00880  -0.03675  35.24962
  -1.327   0.31950   0.00873  -0.03642  36.60540
  -1.241   0.32815   0.00868  -0.03598  37.82556
  -1.156   0.33555   0.00867  -0.03529  38.69471
  -1.070   0.34113   0.00877  -0.03425  38.89419
  -0.985   0.34503   0.00904  -0.03289  38.15932
  -0.899   0.34816   0.00950  -0.03143  36.66055
  -0.814   0.35151   0.01002  -0.03014  35.06528
  -0.729   0.35564   0.01049  -0.02917  33.91187
  -0.643   0.36074   0.01084  -0.02851  33.28626
  -0.558   0.36676   0.01109  -0.02806  33.06545
  -0.472   0.37353   0.01127  -0.02774  33.12955
  -0.387   0.38082   0.01140  -0.02748  33.39471
  -0.302   0.38838   0.01149  -0.02721  33.79726
  -0.216   0.39601   0.01155  -0.02692  34.28655
  -0.131   0.40356   0.01159  -0.02656  34.82546
  -0.045   0.41100   0.01161  -0.02613  35.39170
   0.040   0.41843   0.01163  -0.02566  35.97814
   0.126   0.42614   0.01165  -0.02523  36.59306
   0.211   0.43463   0.01167  -0.02493  37.25875
   0.296   0.44450   0.01170  -0.02492  38.00433
   0.382   0.45628   0.01174  -0.02530  38.85114
   0.467   0.47013   0.01181  -0.02614  39.79554
   0.553   0.48571   0.01190  -0.02735  40.79972
   0.638   0.50218   0.01201  -0.02877  41.79900
   0.724   0.51849   0.01214  -0.03018  42.72334
   0.809   0.53372   0.01226  -0.03139  43.52070
   0.894   0.54734   0.01239  -0.03228  44.16941
   0.980   0.55923   0.01252  -0.03281  44.67601
   1.065   0.56956   0.01264  -0.03302  45.06425
   1.151   0.57866   0.01276  -0.03297  45.36352
   1.236   0.58687   0.01287  -0.03274  45.60126
   1.322   0.59450   0.01298  -0.03238  45.79976
   1.407   0.60179   0.01309  -0.03194  45.97581
   1.492   0.60893   0.01320  -0.03147  46.14151
   1.578   0.61605   0.01330  -0.03099  46.30536
   1.663   0.62325   0.01341  -0.03052  46.47315
   1.749   0.63058   0.01352  -0.03008  46.64859
   1.834   0.63808   0.01362  -0.02966  46.83371
   1.920   0.64577   0.01373  -0.02928  47.02916
   2.005   0.65366   0.01384  -0.02893  47.23454
   2.090   0.66172   0.01395  -0.02862  47.44859
   2.176   0.66993   0.01405  -0.02833  47.66950
   2.261   0.67826   0.01416  -0.02807  47.89513
   2.347   0.68668   0.01427  -0.02783  48.12326
   2.432   0.69517   0.01438  -0.02760  48.35177
   2.518   0.70369   0.01449  -0.02738  48.57880
   2.603   0.71222   0.01459  -0.02717  48.80278
   2.688   0.72075   0.01470  -0.02696  49.02250
   2.774   0.72925   0.01481  -0.02674  49.23706
   2.859   0.73772   0.01492  -0.02653  49.44586
   2.945   0.74616   0.01503  -0.02631  49.64849
   3.030   0.75456   0.01514  -0.02610  49.84473
   3.116   0.76293   0.01525  -0.02587  50.03443
   3.201   0.77125   0.01536  -0.02565  50.21747
   3.286   0.77954   0.01547  -0.02542  50.39378
   3.372   0.78780   0.01558  -0.02519  50.56322
   3.457   0.79603   0.01569  -0.02495  50.72563
   3.543   0.80423   0.01581  -0.02472  50.88075
   3.628   0.81241   0.01592  -0.02448  51.02829
   3.714   0.82056   0.01604  -0.02424  51.16785
   3.799   0.82871   0.01615  -0.02400  51.29895
   3.884   0.83684   0.01627  -0.02376  51.42100
   3.970   0.84496   0.01640  -0.02351  51.53331
   4.055   0.85307   0.01652  -0.02327  51.63502
   4.141   0.86116   0.01665  -0.02302  51.72514
   4.226   0.86925   0.01678  -0.02277  51.80249
   4.312   0.87732   0.01692  -0.02251  51.86577
   4.397   0.88536   0.01705  -0.02225  51.91357
   4.482   0.89338   0.01720  -0.02199  51.94452
   4.568   0.90136   0.01735  -0.02172  51.95732
   4.653   0.90929   0.01750  -0.02145  51.95092
   4.739   0.91718   0.01766  -0.02118  51.92464
   4.824   0.92502   0.01783  -0.02090  51.87819
   4.910   0.93281   0.01800  -0.02061  51.81173
   4.995   0.94054   0.01818  -0.02032  51.72582
   5.080   0.94822   0.01837  -0.02002  51.62137
   5.166   0.95585   0.01856  -0.01971  51.49952
   5.251   0.96343   0.01876  -0.01940  51.36155
   5.337   0.97095   0.01896  -0.01908  51.20876
   5.422   0.97843   0.01917  -0.01875  51.04248
   5.508   0.98585   0.01938  -0.01842  50.86394
   5.593   0.99323   0.01960  -0.01808  50.67437
   5.678   1.00056   0.01982  -0.01774  50.47489
   5.764   1.00784   0.02005  -0.01739  50.26660
   5.849   1.01507   0.02028  -0.01704  50.05049
   5.935   1.02226   0.02052  -0.01668  49.82751
   6.020   1.02940   0.02075  -0.01632  49.59847
   6.106   1.03650   0.02100  -0.01595  49.36408
   6.191   1.04355   0.02124  -0.01558  49.12492
   6.276   1.05055   0.02149  -0.01520  48.88142
   6.362   1.05751   0.02174  -0.01482  48.63390
   6.447   1.06443   0.02200  -0.01444  48.38252
   6.533   1.07130   0.02226  -0.01405  48.12734
   6.618   1.07812   0.02252  -0.01366  47.86835
   6.704   1.08488   0.02279  -0.01326  47.60541
   6.789   1.09160   0.02306  -0.01286  47.33838
   6.874   1.09826   0.02333  -0.01245  47.06705
   6.960   1.10486   0.02361  -0.01204  46.79122
   7.045   1.11140   0.02390  -0.01162  46.51066
   7.131   1.11787   0.02418  -0.01120  46.22519
   7.216   1.12427   0.02448  -0.01077  45.93464
   7.302   1.13059   0.02477  -0.01034  45.63886
   7.387   1.13684   0.02507  -0.00990  45.33777
   7.472   1.14300   0.02538  -0.00945  45.03131
   7.558   1.14906   0.02569  -0.00900  44.71945
   7.643   1.15504   0.02601  -0.00853  44.40222
   7.729   1.16090   0.02634  -0.00806  44.07967
   7.814   1.16667   0.02667  -0.00758  43.75187
   7.899   1.17231   0.02700  -0.00710  43.41894
   7.985   1.17783   0.02734  -0.00660  43.08098
   8.070   1.18323   0.02769  -0.00609  42.73813
   8.156   1.18848   0.02804  -0.00556  42.39054
   8.241   1.19360   0.02839  -0.00502  42.03838
   8.327   1.19857   0.02876  -0.00447  41.68185
   8.412   1.20338   0.02912  -0.00391  41.32118
   8.497   1.20804   0.02950  -0.00332  40.95664
   8.583   1.21254   0.02987  -0.00273  40.58856
   8.668   1.21690   0.03026  -0.00211  40.21735
   8.754   1.22110   0.03065  -0.00149  39.84344
   8.839   1.22517   0.03104  -0.00085  39.46734
   8.925   1.22910   0.03144  -0.00020  39.08954
   9.010   1.23291   0.03185   0.00045  38.71056
   9.095   1.23660   0.03226   0.00112  38.33084
   9.181   1.24019   0.03268   0.00178  37.95077
   9.266   1.24367   0.03310   0.00246  37.57061
   9.352   1.24706   0.03353   0.00313  37.19045
   9.437   1.25034   0.03397   0.00381  36.81022
   9.523   1.25353   0.03441   0.00450  36.42965
   9.608   1.25660   0.03486   0.00518  36.04822
   9.693   1.25955   0.03532   0.00588  35.66516
   9.779   1.26237   0.03578   0.00658  35.27942
   9.864   1.26504   0.03626   0.00729  34.88963
   9.950   1.26754   0.03675   0.00801  34.49408
  10.035   1.26984   0.03725   0.00875  34.09073
  10.121   1.27192   0.03777   0.00949  33.67721
  10.206   1.27375   0.03831   0.01024  33.25083
  10.291   1.27529   0.03887   0.01100  32.80871
  10.377   1.27651   0.03946   0.01177  32.34778
  10.462   1.27735   0.04009   0.01253  31.86495
  10.548   1.27777   0.04075   0.01328  31.35725
  10.633   1.27773   0.04146   0.01401  30.82193
  10.719   1.27718   0.04221   0.01471  30.25662
  10.804   1.27607   0.04302   0.01537  29.65952
  10.889   1.27435   0.04390   0.01597  29.02960
  10.975   1.27201   0.04484   0.01651  28.36694
  11.060   1.26903   0.04586   0.01698  27.67328
  11.146   1.26543   0.04695   0.01738  26.95278
  11.231   1.26129   0.04812   0.01771  26.21306
  11.317   1.25673   0.04935   0.01799  25.46611
  11.402   1.25198   0.05063   0.01822  24.72847
  11.487   1.24731   0.05193   0.01843  24.01923
  11.573   1.24303   0.05323   0.01861  23.35415
  11.658   1.23931   0.05451   0.01873  22.73497
  11.744   1.23599   0.05583   0.01868  22.13771
  11.829   1.23246   0.05729   0.01834  21.51085
  11.915   1.22776   0.05905   0.01759  20.79346
  12.000   1.22090   0.06121   0.01641  19.94629
