--------------------------------------------------------------
  XFOIL-like Polar Output (Generated by NeuralFoil)
--------------------------------------------------------------
  alpha     CL        CD       Cm        CL/CD
--------------------------------------------------------------
  -5.000  -0.58048   0.01248   0.00919  -46.50420
  -4.915  -0.57082   0.01232   0.00900  -46.34997
  -4.829  -0.56047   0.01214   0.00867  -46.15274
  -4.744  -0.54945   0.01197   0.00822  -45.91822
  -4.658  -0.53780   0.01178   0.00764  -45.65171
  -4.573  -0.52559   0.01159   0.00697  -45.36130
  -4.487  -0.51298   0.01138   0.00621  -45.06315
  -4.402  -0.50011   0.01117   0.00540  -44.77012
  -4.317  -0.48708   0.01095   0.00455  -44.47471
  -4.231  -0.47394   0.01073   0.00368  -44.15784
  -4.146  -0.46073   0.01052   0.00281  -43.80342
  -4.060  -0.44749   0.01031   0.00195  -43.39712
  -3.975  -0.43425   0.01012   0.00111  -42.92009
  -3.889  -0.42101   0.00994   0.00030  -42.35210
  -3.804  -0.40778   0.00978  -0.00047  -41.67984
  -3.719  -0.39458   0.00965  -0.00122  -40.90151
  -3.633  -0.38145   0.00953  -0.00194  -40.02737
  -3.548  -0.36840   0.00943  -0.00263  -39.07599
  -3.462  -0.35549   0.00934  -0.00329  -38.06857
  -3.377  -0.34279   0.00926  -0.00390  -37.02518
  -3.291  -0.33038   0.00919  -0.00445  -35.96377
  -3.206  -0.31834   0.00912  -0.00491  -34.90032
  -3.121  -0.30678   0.00906  -0.00527  -33.84888
  -3.035  -0.29576   0.00901  -0.00552  -32.82101
  -2.950  -0.28530   0.00896  -0.00564  -31.82492
  -2.864  -0.27540   0.00892  -0.00565  -30.86488
  -2.779  -0.26599   0.00888  -0.00555  -29.94119
  -2.693  -0.25700   0.00885  -0.00537  -29.05101
  -2.608  -0.24833   0.00881  -0.00513  -28.18959
  -2.523  -0.23989   0.00877  -0.00485  -27.35167
  -2.437  -0.23160   0.00873  -0.00455  -26.53242
  -2.352  -0.22341   0.00868  -0.00424  -25.72790
  -2.266  -0.21526   0.00863  -0.00393  -24.93483
  -2.181  -0.20712   0.00858  -0.00362  -24.14999
  -2.095  -0.19897   0.00851  -0.00332  -23.36913
  -2.010  -0.19078   0.00845  -0.00302  -22.58571
  -1.925  -0.18250   0.00838  -0.00271  -21.78944
  -1.839  -0.17408   0.00830  -0.00241  -20.96560
  -1.754  -0.16550   0.00824  -0.00209  -20.09700
  -1.668  -0.15674   0.00818  -0.00176  -19.16967
  -1.583  -0.14784   0.00813  -0.00139  -18.17964
  -1.497  -0.13891   0.00811  -0.00099  -17.13521
  -1.412  -0.13004   0.00810  -0.00053  -16.05185
  -1.327  -0.12129   0.00812  -0.00003  -14.94378
  -1.241  -0.11264   0.00815   0.00051  -13.82003
  -1.156  -0.10406   0.00820   0.00105  -12.68732
  -1.070  -0.09551   0.00827   0.00159  -11.55383
  -0.985  -0.08698   0.00834   0.00211  -10.42891
  -0.899  -0.07848   0.00842   0.00263  -9.32027
  -0.814  -0.06999   0.00850   0.00314  -8.23210
  -0.729  -0.06150   0.00858   0.00364  -7.16499
  -0.643  -0.05299   0.00866   0.00413  -6.11669
  -0.558  -0.04444   0.00874   0.00461  -5.08291
  -0.472  -0.03579   0.00882   0.00505  -4.05788
  -0.387  -0.02699   0.00889   0.00546  -3.03465
  -0.302  -0.01798   0.00896   0.00582  -2.00537
  -0.216  -0.00869   0.00903   0.00611  -0.96164
  -0.131   0.00096   0.00910   0.00632   0.10497
  -0.045   0.01102   0.00917   0.00644   1.20228
   0.040   0.02156   0.00923   0.00644   2.33677
   0.126   0.03264   0.00929   0.00633   3.51297
   0.211   0.04425   0.00935   0.00610   4.73293
   0.296   0.05641   0.00941   0.00574   5.99601
   0.382   0.06908   0.00946   0.00527   7.29906
   0.467   0.08220   0.00952   0.00469   8.63683
   0.553   0.09570   0.00957   0.00403  10.00265
   0.638   0.10950   0.00961   0.00329  11.38925
   0.724   0.12351   0.00966   0.00251  12.78950
   0.809   0.13763   0.00969   0.00169  14.19706
   0.894   0.15181   0.00973   0.00085  15.60685
   0.980   0.16597   0.00975   0.00001  17.01531
   1.065   0.18009   0.00978  -0.00083  18.42050
   1.151   0.19411   0.00979  -0.00166  19.82196
   1.236   0.20805   0.00980  -0.00247  21.22053
   1.322   0.22190   0.00981  -0.00328  22.61794
   1.407   0.23568   0.00981  -0.00407  24.01638
   1.492   0.24941   0.00981  -0.00486  25.41798
   1.578   0.26311   0.00981  -0.00565  26.82420
   1.663   0.27681   0.00980  -0.00644  28.23531
   1.749   0.29050   0.00980  -0.00723  29.64996
   1.834   0.30420   0.00979  -0.00803  31.06486
   1.920   0.31789   0.00979  -0.00884  32.47463
   2.005   0.33154   0.00979  -0.00965  33.87181
   2.090   0.34511   0.00979  -0.01045  35.24691
   2.176   0.35855   0.00980  -0.01123  36.58871
   2.261   0.37180   0.00981  -0.01199  37.88506
   2.347   0.38482   0.00984  -0.01270  39.12431
   2.432   0.39757   0.00987  -0.01337  40.29717
   2.518   0.41001   0.00990  -0.01398  41.39841
   2.603   0.42213   0.00995  -0.01453  42.42731
   2.688   0.43392   0.01000  -0.01502  43.38663
   2.774   0.44536   0.01006  -0.01545  44.28071
   2.859   0.45647   0.01012  -0.01583  45.11383
   2.945   0.46726   0.01018  -0.01615  45.88972
   3.030   0.47774   0.01025  -0.01643  46.61206
   3.116   0.48793   0.01032  -0.01665  47.28524
   3.201   0.49787   0.01039  -0.01684  47.91479
   3.286   0.50758   0.01046  -0.01698  48.50731
   3.372   0.51709   0.01054  -0.01709  49.07006
   3.457   0.52642   0.01061  -0.01717  49.61015
   3.543   0.53559   0.01068  -0.01721  50.13382
   3.628   0.54464   0.01075  -0.01723  50.64568
   3.714   0.55358   0.01082  -0.01723  51.14857
   3.799   0.56242   0.01089  -0.01719  51.64374
   3.884   0.57117   0.01096  -0.01713  52.13131
   3.970   0.57983   0.01102  -0.01705  52.61075
   4.055   0.58841   0.01109  -0.01694  53.08122
   4.141   0.59689   0.01115  -0.01680  53.54161
   4.226   0.60530   0.01121  -0.01665  53.99073
   4.312   0.61363   0.01127  -0.01647  54.42739
   4.397   0.62189   0.01134  -0.01628  54.85054
   4.482   0.63009   0.01140  -0.01607  55.25936
   4.568   0.63824   0.01147  -0.01584  55.65314
   4.653   0.64632   0.01154  -0.01560  56.03114
   4.739   0.65436   0.01160  -0.01534  56.39231
   4.824   0.66233   0.01167  -0.01507  56.73507
   4.910   0.67024   0.01175  -0.01478  57.05745
   4.995   0.67807   0.01182  -0.01448  57.35774
   5.080   0.68582   0.01190  -0.01417  57.63509
   5.166   0.69348   0.01198  -0.01384  57.88970
   5.251   0.70105   0.01206  -0.01349  58.12208
   5.337   0.70852   0.01215  -0.01313  58.33209
   5.422   0.71589   0.01223  -0.01274  58.51822
   5.508   0.72318   0.01232  -0.01235  58.67765
   5.593   0.73038   0.01242  -0.01194  58.80714
   5.678   0.73749   0.01252  -0.01151  58.90441
   5.764   0.74454   0.01263  -0.01106  58.96838
   5.849   0.75151   0.01274  -0.01061  58.99680
   5.935   0.75840   0.01286  -0.01014  58.98385
   6.020   0.76518   0.01299  -0.00965  58.92313
   6.106   0.77183   0.01312  -0.00915  58.81386
   6.191   0.77837   0.01327  -0.00864  58.66285
   6.276   0.78480   0.01342  -0.00811  58.48025
   6.362   0.79117   0.01358  -0.00758  58.27488
   6.447   0.79749   0.01374  -0.00704  58.05271
   6.533   0.80376   0.01390  -0.00649  57.81749
   6.618   0.81000   0.01407  -0.00594  57.57158
   6.704   0.81620   0.01424  -0.00539  57.31670
   6.789   0.82236   0.01441  -0.00483  57.05472
   6.874   0.82849   0.01459  -0.00426  56.78824
   6.960   0.83459   0.01477  -0.00369  56.52025
   7.045   0.84068   0.01494  -0.00312  56.25336
   7.131   0.84675   0.01512  -0.00254  55.98936
   7.216   0.85280   0.01530  -0.00197  55.72927
   7.302   0.85883   0.01548  -0.00138  55.47354
   7.387   0.86484   0.01566  -0.00080  55.22223
   7.472   0.87084   0.01584  -0.00021  54.97518
   7.558   0.87682   0.01602   0.00037  54.73204
   7.643   0.88280   0.01620   0.00096  54.49235
   7.729   0.88876   0.01638   0.00156  54.25564
   7.814   0.89471   0.01656   0.00215  54.02140
   7.899   0.90065   0.01674   0.00274  53.78918
   7.985   0.90658   0.01693   0.00334  53.55855
   8.070   0.91251   0.01711   0.00393  53.32911
   8.156   0.91842   0.01730   0.00452  53.10050
   8.241   0.92433   0.01748   0.00511  52.87242
   8.327   0.93022   0.01767   0.00570  52.64459
   8.412   0.93611   0.01786   0.00629  52.41677
   8.497   0.94199   0.01805   0.00687  52.18874
   8.583   0.94787   0.01824   0.00745  51.96024
   8.668   0.95376   0.01844   0.00803  51.73103
   8.754   0.95964   0.01863   0.00860  51.50081
   8.839   0.96553   0.01883   0.00916  51.26926
   8.925   0.97142   0.01903   0.00973  51.03608
   9.010   0.97731   0.01924   0.01028  50.80092
   9.095   0.98320   0.01944   0.01084  50.56348
   9.181   0.98910   0.01965   0.01138  50.32347
   9.266   0.99500   0.01987   0.01193  50.08066
   9.352   1.00089   0.02008   0.01246  49.83480
   9.437   1.00678   0.02030   0.01299  49.58572
   9.523   1.01266   0.02053   0.01351  49.33326
   9.608   1.01853   0.02075   0.01403  49.07727
   9.693   1.02438   0.02098   0.01455  48.81764
   9.779   1.03022   0.02122   0.01505  48.55426
   9.864   1.03604   0.02146   0.01556  48.28706
   9.950   1.04183   0.02170   0.01605  48.01595
  10.035   1.04759   0.02194   0.01655  47.74088
  10.121   1.05332   0.02219   0.01704  47.46179
  10.206   1.05901   0.02245   0.01753  47.17863
  10.291   1.06465   0.02270   0.01801  46.89138
  10.377   1.07025   0.02297   0.01850  46.60000
  10.462   1.07579   0.02323   0.01898  46.30445
  10.548   1.08128   0.02350   0.01946  46.00465
  10.633   1.08669   0.02378   0.01995  45.70053
  10.719   1.09204   0.02406   0.02043  45.39195
  10.804   1.09731   0.02434   0.02092  45.07872
  10.889   1.10248   0.02463   0.02141  44.76058
  10.975   1.10757   0.02492   0.02191  44.43721
  11.060   1.11255   0.02522   0.02241  44.10823
  11.146   1.11741   0.02553   0.02292  43.77322
  11.231   1.12217   0.02584   0.02344  43.43171
  11.317   1.12680   0.02615   0.02396  43.08328
  11.402   1.13130   0.02648   0.02449  42.72756
  11.487   1.13568   0.02681   0.02503  42.36425
  11.573   1.13994   0.02715   0.02558  41.99322
  11.658   1.14408   0.02749   0.02612  41.61447
  11.744   1.14811   0.02785   0.02667  41.22815
  11.829   1.15206   0.02821   0.02721  40.83457
  11.915   1.15591   0.02859   0.02775  40.43412
  12.000   1.15970   0.02897   0.02828  40.02724
