--------------------------------------------------------------
  XFOIL-like Polar Output (Generated by NeuralFoil)
--------------------------------------------------------------
  alpha     CL        CD       Cm        CL/CD
--------------------------------------------------------------
  -5.000  -0.62510   0.02724  -0.05312  -22.94935
  -4.915  -0.61441   0.02646  -0.05365  -23.22115
  -4.829  -0.60367   0.02567  -0.05446  -23.52056
  -4.744  -0.59238   0.02490  -0.05548  -23.79434
  -4.658  -0.58029   0.02417  -0.05666  -24.00799
  -4.573  -0.56736   0.02350  -0.05796  -24.14565
  -4.487  -0.55365   0.02287  -0.05934  -24.20474
  -4.402  -0.53929   0.02229  -0.06079  -24.19022
  -4.317  -0.52445   0.02175  -0.06228  -24.11022
  -4.231  -0.50930   0.02124  -0.06379  -23.97356
  -4.146  -0.49405   0.02077  -0.06527  -23.78872
  -4.060  -0.47894   0.02032  -0.06669  -23.56421
  -3.975  -0.46427   0.01992  -0.06798  -23.30936
  -3.889  -0.45036   0.01955  -0.06908  -23.03497
  -3.804  -0.43752   0.01923  -0.06992  -22.75276
  -3.719  -0.42597   0.01895  -0.07044  -22.47329
  -3.633  -0.41576   0.01873  -0.07064  -22.20304
  -3.548  -0.40674   0.01854  -0.07056  -21.94236
  -3.462  -0.39856   0.01838  -0.07026  -21.68564
  -3.377  -0.39084   0.01824  -0.06986  -21.42381
  -3.291  -0.38319   0.01812  -0.06942  -21.14793
  -3.206  -0.37534   0.01800  -0.06903  -20.85194
  -3.121  -0.36717   0.01788  -0.06870  -20.53380
  -3.035  -0.35866   0.01776  -0.06845  -20.19484
  -2.950  -0.34988   0.01764  -0.06827  -19.83839
  -2.864  -0.34090   0.01751  -0.06813  -19.46829
  -2.779  -0.33181   0.01738  -0.06803  -19.08788
  -2.693  -0.32266   0.01726  -0.06794  -18.69953
  -2.608  -0.31351   0.01713  -0.06786  -18.30464
  -2.523  -0.30436   0.01700  -0.06778  -17.90373
  -2.437  -0.29522   0.01687  -0.06770  -17.49675
  -2.352  -0.28610   0.01675  -0.06762  -17.08331
  -2.266  -0.27699   0.01662  -0.06753  -16.66283
  -2.181  -0.26788   0.01650  -0.06745  -16.23467
  -2.095  -0.25877   0.01638  -0.06736  -15.79826
  -2.010  -0.24966   0.01626  -0.06727  -15.35309
  -1.925  -0.24053   0.01614  -0.06718  -14.89876
  -1.839  -0.23139   0.01603  -0.06710  -14.43496
  -1.754  -0.22223   0.01592  -0.06701  -13.96149
  -1.668  -0.21306   0.01581  -0.06693  -13.47823
  -1.583  -0.20387   0.01570  -0.06685  -12.98512
  -1.497  -0.19466   0.01559  -0.06677  -12.48213
  -1.412  -0.18544   0.01549  -0.06670  -11.96928
  -1.327  -0.17620   0.01539  -0.06663  -11.44663
  -1.241  -0.16694   0.01530  -0.06656  -10.91422
  -1.156  -0.15767   0.01520  -0.06649  -10.37214
  -1.070  -0.14839   0.01511  -0.06643  -9.82047
  -0.985  -0.13909   0.01502  -0.06637  -9.25932
  -0.899  -0.12977   0.01494  -0.06631  -8.68884
  -0.814  -0.12045   0.01485  -0.06626  -8.10917
  -0.729  -0.11110   0.01477  -0.06621  -7.52051
  -0.643  -0.10175   0.01470  -0.06616  -6.92308
  -0.558  -0.09238   0.01462  -0.06611  -6.31715
  -0.472  -0.08300   0.01455  -0.06607  -5.70299
  -0.387  -0.07360   0.01449  -0.06603  -5.08093
  -0.302  -0.06420   0.01442  -0.06599  -4.45129
  -0.216  -0.05478   0.01436  -0.06596  -3.81444
  -0.131  -0.04535   0.01430  -0.06592  -3.17072
  -0.045  -0.03591   0.01425  -0.06589  -2.52049
   0.040  -0.02646   0.01419  -0.06585  -1.86412
   0.126  -0.01700   0.01414  -0.06582  -1.20198
   0.211  -0.00753   0.01409  -0.06579  -0.53442
   0.296   0.00194   0.01404  -0.06576   0.13823
   0.382   0.01142   0.01400  -0.06572   0.81563
   0.467   0.02090   0.01395  -0.06569   1.49754
   0.553   0.03038   0.01391  -0.06566   2.18374
   0.638   0.03986   0.01387  -0.06562   2.87409
   0.724   0.04934   0.01383  -0.06559   3.56852
   0.809   0.05883   0.01379  -0.06555   4.26702
   0.894   0.06832   0.01375  -0.06552   4.96958
   0.980   0.07781   0.01371  -0.06548   5.67621
   1.065   0.08731   0.01367  -0.06544   6.38683
   1.151   0.09681   0.01363  -0.06540   7.10132
   1.236   0.10632   0.01360  -0.06536   7.81947
   1.322   0.11582   0.01356  -0.06533   8.54103
   1.407   0.12532   0.01353  -0.06529   9.26576
   1.492   0.13481   0.01349  -0.06525   9.99348
   1.578   0.14430   0.01346  -0.06521  10.72407
   1.663   0.15377   0.01342  -0.06517  11.45751
   1.749   0.16324   0.01339  -0.06513  12.19387
   1.834   0.17270   0.01335  -0.06510  12.93320
   1.920   0.18215   0.01332  -0.06506  13.67548
   2.005   0.19160   0.01329  -0.06502  14.42058
   2.090   0.20105   0.01325  -0.06499  15.16824
   2.176   0.21049   0.01322  -0.06496  15.91824
   2.261   0.21993   0.01319  -0.06492  16.67046
   2.347   0.22936   0.01316  -0.06489  17.42507
   2.432   0.23880   0.01313  -0.06486  18.18253
   2.518   0.24826   0.01311  -0.06483  18.94342
   2.603   0.25773   0.01308  -0.06481  19.70822
   2.688   0.26723   0.01305  -0.06479  20.47699
   2.774   0.27676   0.01302  -0.06477  21.24925
   2.859   0.28631   0.01300  -0.06475  22.02407
   2.945   0.29587   0.01298  -0.06473  22.80037
   3.030   0.30542   0.01295  -0.06471  23.57723
   3.116   0.31493   0.01293  -0.06470  24.35403
   3.201   0.32441   0.01291  -0.06468  25.13032
   3.286   0.33384   0.01289  -0.06466  25.90557
   3.372   0.34323   0.01287  -0.06464  26.67900
   3.457   0.35260   0.01285  -0.06462  27.44968
   3.543   0.36197   0.01283  -0.06461  28.21684
   3.628   0.37135   0.01281  -0.06461  28.98040
   3.714   0.38077   0.01280  -0.06462  29.74169
   3.799   0.39022   0.01279  -0.06465  30.50432
   3.884   0.39971   0.01278  -0.06471  31.27496
   3.970   0.40925   0.01276  -0.06478  32.06417
   4.055   0.41880   0.01273  -0.06488  32.88904
   4.141   0.42837   0.01268  -0.06498  33.78230
   4.226   0.43791   0.01258  -0.06506  34.81435
   4.312   0.44733   0.01239  -0.06505  36.11668
   4.397   0.45640   0.01207  -0.06486  37.82737
   4.482   0.46465   0.01166  -0.06438  39.86116
   4.568   0.47157   0.01130  -0.06359  41.73430
   4.653   0.47712   0.01110  -0.06254  42.97842
   4.739   0.48208   0.01104  -0.06137  43.67605
   4.824   0.48750   0.01104  -0.06027  44.16502
   4.910   0.49383   0.01106  -0.05935  44.64260
   4.995   0.50096   0.01109  -0.05859  45.16376
   5.080   0.50881   0.01112  -0.05801  45.73674
   5.166   0.51741   0.01116  -0.05761  46.36381
   5.251   0.52683   0.01120  -0.05740  47.04503
   5.337   0.53706   0.01124  -0.05740  47.77655
   5.422   0.54805   0.01129  -0.05757  48.55295
   5.508   0.55975   0.01134  -0.05791  49.37060
   5.593   0.57213   0.01139  -0.05842  50.22819
   5.678   0.58518   0.01145  -0.05908  51.12442
   5.764   0.59885   0.01150  -0.05989  52.05455
   5.849   0.61300   0.01156  -0.06082  53.00819
   5.935   0.62742   0.01163  -0.06182  53.96939
   6.020   0.64184   0.01169  -0.06285  54.91895
   6.106   0.65596   0.01175  -0.06385  55.83782
   6.191   0.66954   0.01181  -0.06475  56.71024
   6.276   0.68241   0.01186  -0.06552  57.52575
   6.362   0.69448   0.01192  -0.06614  58.27960
   6.447   0.70573   0.01197  -0.06660  58.97208
   6.533   0.71624   0.01202  -0.06691  59.60711
   6.618   0.72608   0.01206  -0.06709  60.19082
   6.704   0.73537   0.01211  -0.06715  60.73022
   6.789   0.74424   0.01215  -0.06712  61.23230
   6.874   0.75280   0.01220  -0.06703  61.70349
   6.960   0.76113   0.01225  -0.06688  62.14935
   7.045   0.76933   0.01229  -0.06669  62.57451
   7.131   0.77745   0.01234  -0.06649  62.98274
   7.216   0.78555   0.01239  -0.06627  63.37703
   7.302   0.79367   0.01245  -0.06606  63.75973
   7.387   0.80182   0.01250  -0.06584  64.13272
   7.472   0.81004   0.01256  -0.06564  64.49748
   7.558   0.81832   0.01262  -0.06545  64.85524
   7.643   0.82668   0.01268  -0.06527  65.20707
   7.729   0.83512   0.01274  -0.06510  65.55391
   7.814   0.84363   0.01280  -0.06495  65.89669
   7.899   0.85221   0.01287  -0.06481  66.23633
   7.985   0.86086   0.01293  -0.06468  66.57379
   8.070   0.86957   0.01300  -0.06456  66.91005
   8.156   0.87833   0.01306  -0.06446  67.24615
   8.241   0.88714   0.01313  -0.06436  67.58316
   8.327   0.89598   0.01319  -0.06427  67.92216
   8.412   0.90486   0.01326  -0.06418  68.26425
   8.497   0.91376   0.01332  -0.06410  68.61047
   8.583   0.92269   0.01338  -0.06401  68.96188
   8.668   0.93163   0.01344  -0.06393  69.31948
   8.754   0.94057   0.01350  -0.06385  69.68422
   8.839   0.94953   0.01355  -0.06377  70.05703
   8.925   0.95848   0.01361  -0.06369  70.43883
   9.010   0.96742   0.01366  -0.06360  70.83046
   9.095   0.97636   0.01371  -0.06351  71.23279
   9.181   0.98530   0.01375  -0.06342  71.64663
   9.266   0.99421   0.01379  -0.06332  72.07279
   9.352   1.00312   0.01383  -0.06322  72.51202
   9.437   1.01201   0.01387  -0.06311  72.96507
   9.523   1.02088   0.01390  -0.06300  73.43264
   9.608   1.02974   0.01393  -0.06288  73.91538
   9.693   1.03857   0.01396  -0.06276  74.41387
   9.779   1.04739   0.01398  -0.06263  74.92861
   9.864   1.05619   0.01400  -0.06250  75.46001
   9.950   1.06496   0.01401  -0.06236  76.00832
  10.035   1.07371   0.01402  -0.06222  76.57366
  10.121   1.08244   0.01403  -0.06208  77.15598
  10.206   1.09115   0.01403  -0.06193  77.75503
  10.291   1.09983   0.01403  -0.06177  78.37036
  10.377   1.10849   0.01403  -0.06162  79.00133
  10.462   1.11714   0.01403  -0.06146  79.64707
  10.548   1.12576   0.01402  -0.06129  80.30654
  10.633   1.13437   0.01401  -0.06112  80.97853
  10.719   1.14297   0.01400  -0.06095  81.66165
  10.804   1.15155   0.01398  -0.06078  82.35438
  10.889   1.16012   0.01397  -0.06060  83.05513
  10.975   1.16869   0.01395  -0.06043  83.76226
  11.060   1.17725   0.01394  -0.06025  84.47416
  11.146   1.18581   0.01392  -0.06007  85.18928
  11.231   1.19436   0.01390  -0.05989  85.90617
  11.317   1.20290   0.01389  -0.05970  86.62331
  11.402   1.21142   0.01387  -0.05951  87.33886
  11.487   1.21993   0.01385  -0.05932  88.05012
  11.573   1.22842   0.01384  -0.05911  88.75263
  11.658   1.23688   0.01383  -0.05890  89.43863
  11.744   1.24529   0.01382  -0.05866  90.09490
  11.829   1.25362   0.01382  -0.05841  90.69956
  11.915   1.26180   0.01383  -0.05812  91.21810
  12.000   1.26974   0.01386  -0.05780  91.59898
