--------------------------------------------------------------
  XFOIL-like Polar Output (Generated by NeuralFoil)
--------------------------------------------------------------
  alpha     CL        CD       Cm        CL/CD
--------------------------------------------------------------
  -5.000  -0.45414   0.00807   0.02896  -56.30442
  -4.915  -0.43953   0.00793   0.02780  -55.42725
  -4.829  -0.42447   0.00783   0.02661  -54.21666
  -4.744  -0.40930   0.00775   0.02543  -52.84576
  -4.658  -0.39428   0.00767   0.02432  -51.41245
  -4.573  -0.37961   0.00760   0.02328  -49.96911
  -4.487  -0.36542   0.00753   0.02236  -48.54163
  -4.402  -0.35177   0.00746   0.02155  -47.14030
  -4.317  -0.33867   0.00740   0.02086  -45.76572
  -4.231  -0.32606   0.00734   0.02028  -44.41199
  -4.146  -0.31384   0.00729   0.01978  -43.06896
  -4.060  -0.30189   0.00724   0.01934  -41.72402
  -3.975  -0.29009   0.00719   0.01893  -40.36393
  -3.889  -0.27833   0.00714   0.01854  -38.97646
  -3.804  -0.26653   0.00710   0.01814  -37.55229
  -3.719  -0.25466   0.00706   0.01774  -36.08769
  -3.633  -0.24277   0.00702   0.01735  -34.58764
  -3.548  -0.23099   0.00699   0.01700  -33.06823
  -3.462  -0.21952   0.00696   0.01672  -31.55548
  -3.377  -0.20856   0.00693   0.01657  -30.07907
  -3.291  -0.19827   0.00692   0.01657  -28.66303
  -3.206  -0.18871   0.00691   0.01674  -27.31772
  -3.121  -0.17981   0.00691   0.01705  -26.03696
  -3.035  -0.17145   0.00691   0.01747  -24.80225
  -2.950  -0.16350   0.00693   0.01797  -23.59355
  -2.864  -0.15596   0.00696   0.01852  -22.40050
  -2.779  -0.14893   0.00702   0.01913  -21.22334
  -2.693  -0.14250   0.00711   0.01983  -20.05544
  -2.608  -0.13652   0.00724   0.02058  -18.85602
  -2.523  -0.13057   0.00744   0.02133  -17.55732
  -2.437  -0.12417   0.00769   0.02201  -16.15291
  -2.352  -0.11708   0.00794   0.02256  -14.75247
  -2.266  -0.10934   0.00813   0.02292  -13.45417
  -2.181  -0.10106   0.00825   0.02314  -12.24971
  -2.095  -0.09238   0.00833   0.02326  -11.09170
  -2.010  -0.08346   0.00839   0.02334  -9.95140
  -1.925  -0.07440   0.00844   0.02339  -8.81945
  -1.839  -0.06526   0.00848   0.02343  -7.69479
  -1.754  -0.05608   0.00852   0.02348  -6.57839
  -1.668  -0.04686   0.00856   0.02353  -5.47093
  -1.583  -0.03761   0.00860   0.02358  -4.37214
  -1.497  -0.02834   0.00864   0.02363  -3.28118
  -1.412  -0.01905   0.00867   0.02368  -2.19707
  -1.327  -0.00973   0.00870   0.02374  -1.11904
  -1.241  -0.00041   0.00873   0.02379  -0.04648
  -1.156   0.00894   0.00875   0.02384   1.02113
  -1.070   0.01829   0.00877   0.02390   2.08424
  -0.985   0.02765   0.00880   0.02396   3.14318
  -0.899   0.03701   0.00882   0.02402   4.19815
  -0.814   0.04638   0.00884   0.02408   5.24911
  -0.729   0.05574   0.00885   0.02414   6.29584
  -0.643   0.06510   0.00887   0.02420   7.33793
  -0.558   0.07445   0.00889   0.02427   8.37486
  -0.472   0.08380   0.00891   0.02434   9.40602
  -0.387   0.09313   0.00893   0.02441  10.43085
  -0.302   0.10246   0.00895   0.02448  11.44884
  -0.216   0.11178   0.00897   0.02456  12.45961
  -0.131   0.12109   0.00899   0.02464  13.46290
  -0.045   0.13039   0.00902   0.02472  14.45855
   0.040   0.13968   0.00904   0.02481  15.44639
   0.126   0.14896   0.00907   0.02491  16.42615
   0.211   0.15822   0.00909   0.02501  17.39727
   0.296   0.16746   0.00912   0.02513  18.35877
   0.382   0.17665   0.00915   0.02526  19.30909
   0.467   0.18579   0.00918   0.02541  20.24614
   0.553   0.19484   0.00920   0.02559  21.16731
   0.638   0.20379   0.00923   0.02579  22.06980
   0.724   0.21262   0.00926   0.02603  22.95095
   0.809   0.22132   0.00930   0.02630  23.80865
   0.894   0.22990   0.00933   0.02661  24.64170
   0.980   0.23836   0.00937   0.02695  25.45003
   1.065   0.24673   0.00940   0.02731  26.23468
   1.151   0.25505   0.00945   0.02769  26.99762
   1.236   0.26335   0.00949   0.02807  27.74143
   1.322   0.27167   0.00954   0.02844  28.46888
   1.407   0.28005   0.00960   0.02880  29.18255
   1.492   0.28851   0.00965   0.02914  29.88461
   1.578   0.29706   0.00972   0.02945  30.57671
   1.663   0.30570   0.00978   0.02974  31.26015
   1.749   0.31444   0.00985   0.03000  31.93609
   1.834   0.32326   0.00991   0.03024  32.60594
   1.920   0.33217   0.00998   0.03045  33.27162
   2.005   0.34117   0.01005   0.03064  33.93572
   2.090   0.35030   0.01012   0.03080  34.60151
   2.176   0.35958   0.01019   0.03092  35.27281
   2.261   0.36906   0.01026   0.03100  35.95378
   2.347   0.37878   0.01034   0.03102  36.64861
   2.432   0.38879   0.01041   0.03098  37.36121
   2.518   0.39914   0.01048   0.03086  38.09488
   2.603   0.40986   0.01055   0.03066  38.85213
   2.688   0.42099   0.01062   0.03037  39.63443
   2.774   0.43254   0.01070   0.02999  40.44219
   2.859   0.44450   0.01077   0.02952  41.27478
   2.945   0.45686   0.01084   0.02896  42.13072
   3.030   0.46959   0.01092   0.02832  43.00781
   3.116   0.48267   0.01099   0.02761  43.90348
   3.201   0.49605   0.01107   0.02682  44.81494
   3.286   0.50968   0.01114   0.02599  45.73940
   3.372   0.52354   0.01122   0.02510  46.67416
   3.457   0.53756   0.01129   0.02417  47.61663
   3.543   0.55173   0.01136   0.02322  48.56426
   3.628   0.56598   0.01143   0.02224  49.51441
   3.714   0.58029   0.01150   0.02125  50.46417
   3.799   0.59460   0.01157   0.02025  51.41024
   3.884   0.60886   0.01163   0.01926  52.34884
   3.970   0.62301   0.01169   0.01828  53.27570
   4.055   0.63699   0.01176   0.01734  54.18618
   4.141   0.65074   0.01182   0.01644  55.07549
   4.226   0.66419   0.01187   0.01559  55.93898
   4.312   0.67728   0.01193   0.01481  56.77244
   4.397   0.68996   0.01198   0.01412  57.57238
   4.482   0.70219   0.01204   0.01351  58.33622
   4.568   0.71394   0.01209   0.01300  59.06243
   4.653   0.72522   0.01214   0.01258  59.75046
   4.739   0.73600   0.01219   0.01226  60.40070
   4.824   0.74632   0.01223   0.01205  61.01427
   4.910   0.75619   0.01228   0.01192  61.59284
   4.995   0.76563   0.01232   0.01189  62.13839
   5.080   0.77469   0.01236   0.01194  62.65307
   5.166   0.78338   0.01241   0.01206  63.13900
   5.251   0.79176   0.01245   0.01226  63.59810
   5.337   0.79985   0.01249   0.01253  64.03201
   5.422   0.80769   0.01253   0.01284  64.44190
   5.508   0.81532   0.01258   0.01321  64.82836
   5.593   0.82276   0.01262   0.01362  65.19120
   5.678   0.83005   0.01267   0.01406  65.52929
   5.764   0.83721   0.01272   0.01453  65.84028
   5.849   0.84427   0.01277   0.01502  66.12054
   5.935   0.85123   0.01283   0.01552  66.36501
   6.020   0.85812   0.01289   0.01603  66.56732
   6.106   0.86493   0.01296   0.01655  66.71991
   6.191   0.87169   0.01305   0.01707  66.81442
   6.276   0.87838   0.01314   0.01760  66.84184
   6.362   0.88503   0.01325   0.01812  66.79244
   6.447   0.89163   0.01338   0.01864  66.65539
   6.533   0.89818   0.01352   0.01917  66.41847
   6.618   0.90465   0.01369   0.01970  66.06947
   6.704   0.91104   0.01389   0.02023  65.60062
   6.789   0.91731   0.01411   0.02076  65.01612
   6.874   0.92347   0.01435   0.02130  64.33887
   6.960   0.92955   0.01461   0.02184  63.60974
   7.045   0.93561   0.01488   0.02238  62.87699
   7.131   0.94171   0.01514   0.02291  62.18115
   7.216   0.94788   0.01540   0.02343  61.54487
   7.302   0.95415   0.01565   0.02394  60.97249
   7.387   0.96052   0.01589   0.02444  60.45642
   7.472   0.96696   0.01612   0.02492  59.98444
   7.558   0.97346   0.01635   0.02540  59.54473
   7.643   0.98001   0.01657   0.02586  59.12777
   7.729   0.98659   0.01680   0.02632  58.72661
   7.814   0.99320   0.01703   0.02677  58.33626
   7.899   0.99981   0.01725   0.02722  57.95306
   7.985   1.00643   0.01748   0.02765  57.57424
   8.070   1.01305   0.01771   0.02808  57.19756
   8.156   1.01966   0.01795   0.02851  56.82119
   8.241   1.02626   0.01818   0.02893  56.44360
   8.327   1.03283   0.01842   0.02935  56.06353
   8.412   1.03939   0.01867   0.02976  55.67992
   8.497   1.04591   0.01892   0.03017  55.29195
   8.583   1.05240   0.01917   0.03057  54.89898
   8.668   1.05884   0.01943   0.03098  54.50052
   8.754   1.06525   0.01969   0.03138  54.09624
   8.839   1.07159   0.01996   0.03178  53.68595
   8.925   1.07789   0.02023   0.03218  53.26955
   9.010   1.08412   0.02051   0.03258  52.84705
   9.095   1.09028   0.02080   0.03298  52.41852
   9.181   1.09637   0.02109   0.03338  51.98413
   9.266   1.10238   0.02139   0.03378  51.54406
   9.352   1.10832   0.02169   0.03418  51.09856
   9.437   1.11416   0.02200   0.03458  50.64791
   9.523   1.11991   0.02231   0.03499  50.19240
   9.608   1.12556   0.02263   0.03540  49.73234
   9.693   1.13112   0.02296   0.03581  49.26805
   9.779   1.13656   0.02329   0.03622  48.79984
   9.864   1.14189   0.02363   0.03664  48.32799
   9.950   1.14710   0.02397   0.03706  47.85276
  10.035   1.15219   0.02432   0.03749  47.37432
  10.121   1.15715   0.02468   0.03792  46.89277
  10.206   1.16196   0.02504   0.03836  46.40809
  10.291   1.16663   0.02541   0.03881  45.92010
  10.377   1.17113   0.02578   0.03927  45.42843
  10.462   1.17546   0.02616   0.03973  44.93244
  10.548   1.17959   0.02655   0.04021  44.43127
  10.633   1.18350   0.02694   0.04070  43.92371
  10.719   1.18717   0.02735   0.04121  43.40829
  10.804   1.19057   0.02776   0.04174  42.88324
  10.889   1.19367   0.02819   0.04229  42.34656
  10.975   1.19644   0.02863   0.04287  41.79617
  11.060   1.19886   0.02908   0.04347  41.23005
  11.146   1.20092   0.02955   0.04410  40.64642
  11.231   1.20261   0.03003   0.04474  40.04395
  11.317   1.20396   0.03054   0.04539  39.42192
  11.402   1.20499   0.03107   0.04604  38.78029
  11.487   1.20577   0.03163   0.04666  38.11959
  11.573   1.20635   0.03222   0.04724  37.44078
  11.658   1.20680   0.03284   0.04777  36.74494
  11.744   1.20717   0.03350   0.04821  36.03303
  11.829   1.20752   0.03420   0.04856  35.30566
  11.915   1.20785   0.03495   0.04881  34.56304
  12.000   1.20817   0.03574   0.04895  33.80503
