--------------------------------------------------------------
  XFOIL-like Polar Output (Generated by NeuralFoil)
--------------------------------------------------------------
  alpha     CL        CD       Cm        CL/CD
--------------------------------------------------------------
  -5.000  -0.38142   0.01332  -0.02387  -28.63943
  -4.915  -0.37244   0.01326  -0.02373  -28.08905
  -4.829  -0.36334   0.01320  -0.02361  -27.53183
  -4.744  -0.35417   0.01313  -0.02353  -26.96917
  -4.658  -0.34496   0.01307  -0.02345  -26.40222
  -4.573  -0.33573   0.01300  -0.02340  -25.83172
  -4.487  -0.32651   0.01293  -0.02334  -25.25799
  -4.402  -0.31730   0.01286  -0.02329  -24.68092
  -4.317  -0.30810   0.01278  -0.02325  -24.10007
  -4.231  -0.29893   0.01271  -0.02320  -23.51477
  -4.146  -0.28978   0.01264  -0.02315  -22.92426
  -4.060  -0.28064   0.01257  -0.02310  -22.32775
  -3.975  -0.27150   0.01250  -0.02305  -21.72449
  -3.889  -0.26237   0.01243  -0.02300  -21.11380
  -3.804  -0.25322   0.01236  -0.02295  -20.49506
  -3.719  -0.24407   0.01228  -0.02290  -19.86775
  -3.633  -0.23489   0.01221  -0.02285  -19.23140
  -3.548  -0.22570   0.01214  -0.02281  -18.58564
  -3.462  -0.21649   0.01207  -0.02277  -17.93011
  -3.377  -0.20726   0.01200  -0.02273  -17.26454
  -3.291  -0.19801   0.01194  -0.02270  -16.58870
  -3.206  -0.18873   0.01187  -0.02266  -15.90243
  -3.121  -0.17944   0.01180  -0.02263  -15.20563
  -3.035  -0.17013   0.01173  -0.02260  -14.49834
  -2.950  -0.16082   0.01167  -0.02257  -13.78066
  -2.864  -0.15150   0.01161  -0.02254  -13.05289
  -2.779  -0.14218   0.01154  -0.02250  -12.31550
  -2.693  -0.13289   0.01149  -0.02246  -11.56938
  -2.608  -0.12362   0.01143  -0.02241  -10.81607
  -2.523  -0.11441   0.01137  -0.02234  -10.05805
  -2.437  -0.10526   0.01132  -0.02227  -9.29874
  -2.352  -0.09619   0.01126  -0.02219  -8.54207
  -2.266  -0.08719   0.01119  -0.02211  -7.79260
  -2.181  -0.07828   0.01109  -0.02202  -7.05851
  -2.095  -0.06954   0.01094  -0.02193  -6.35656
  -2.010  -0.06116   0.01071  -0.02184  -5.70940
  -1.925  -0.05328   0.01039  -0.02172  -5.12590
  -1.839  -0.04581   0.01000  -0.02157  -4.57973
  -1.754  -0.03848   0.00958  -0.02137  -4.01604
  -1.668  -0.03101   0.00917  -0.02109  -3.38204
  -1.583  -0.02326   0.00880  -0.02076  -2.64288
  -1.497  -0.01522   0.00854  -0.02044  -1.78148
  -1.412  -0.00681   0.00842  -0.02021  -0.80880
  -1.327   0.00203   0.00841  -0.02005   0.24187
  -1.241   0.01130   0.00845  -0.01995   1.33719
  -1.156   0.02085   0.00851  -0.01987   2.45106
  -1.070   0.03052   0.00856  -0.01979   3.56557
  -0.985   0.04021   0.00861  -0.01972   4.67146
  -0.899   0.04986   0.00865  -0.01965   5.76602
  -0.814   0.05947   0.00868  -0.01958   6.84993
  -0.729   0.06904   0.00871  -0.01951   7.92503
  -0.643   0.07858   0.00874  -0.01944   8.99324
  -0.558   0.08809   0.00876  -0.01937  10.05614
  -0.472   0.09760   0.00878  -0.01931  11.11494
  -0.387   0.10709   0.00880  -0.01925  12.17049
  -0.302   0.11659   0.00882  -0.01919  13.22346
  -0.216   0.12609   0.00883  -0.01913  14.27433
  -0.131   0.13559   0.00885  -0.01908  15.32355
  -0.045   0.14510   0.00886  -0.01903  16.37152
   0.040   0.15462   0.00888  -0.01899  17.41867
   0.126   0.16414   0.00889  -0.01894  18.46543
   0.211   0.17367   0.00890  -0.01890  19.51226
   0.296   0.18320   0.00891  -0.01887  20.55966
   0.382   0.19275   0.00892  -0.01884  21.60812
   0.467   0.20230   0.00893  -0.01881  22.65819
   0.553   0.21185   0.00893  -0.01878  23.71040
   0.638   0.22141   0.00894  -0.01876  24.76528
   0.724   0.23098   0.00894  -0.01873  25.82336
   0.809   0.24056   0.00895  -0.01872  26.88510
   0.894   0.25014   0.00895  -0.01870  27.95095
   0.980   0.25974   0.00895  -0.01869  29.02129
   1.065   0.26934   0.00895  -0.01868  30.09640
   1.151   0.27896   0.00895  -0.01867  31.17648
   1.236   0.28859   0.00895  -0.01867  32.26162
   1.322   0.29823   0.00894  -0.01867  33.35182
   1.407   0.30789   0.00894  -0.01867  34.44691
   1.492   0.31757   0.00893  -0.01868  35.54664
   1.578   0.32727   0.00893  -0.01870  36.65061
   1.663   0.33698   0.00892  -0.01872  37.75829
   1.749   0.34671   0.00892  -0.01874  38.86906
   1.834   0.35646   0.00892  -0.01877  39.98217
   1.920   0.36623   0.00891  -0.01880  41.09680
   2.005   0.37601   0.00891  -0.01883  42.21206
   2.090   0.38580   0.00890  -0.01886  43.32698
   2.176   0.39561   0.00890  -0.01890  44.44057
   2.261   0.40542   0.00890  -0.01894  45.55179
   2.347   0.41523   0.00890  -0.01898  46.65957
   2.432   0.42504   0.00890  -0.01901  47.76281
   2.518   0.43486   0.00890  -0.01905  48.86040
   2.603   0.44467   0.00890  -0.01908  49.95116
   2.688   0.45447   0.00891  -0.01911  51.03391
   2.774   0.46427   0.00891  -0.01914  52.10744
   2.859   0.47406   0.00892  -0.01917  53.17052
   2.945   0.48384   0.00892  -0.01919  54.22199
   3.030   0.49361   0.00893  -0.01920  55.26068
   3.116   0.50337   0.00894  -0.01922  56.28544
   3.201   0.51312   0.00896  -0.01923  57.29504
   3.286   0.52286   0.00897  -0.01923  58.28794
   3.372   0.53258   0.00899  -0.01924  59.26198
   3.457   0.54229   0.00901  -0.01923  60.21399
   3.543   0.55197   0.00903  -0.01923  61.13939
   3.628   0.56162   0.00905  -0.01922  62.03195
   3.714   0.57123   0.00908  -0.01921  62.88363
   3.799   0.58078   0.00912  -0.01919  63.68447
   3.884   0.59028   0.00916  -0.01917  64.42261
   3.970   0.59970   0.00921  -0.01914  65.08510
   4.055   0.60905   0.00928  -0.01909  65.66019
   4.141   0.61830   0.00935  -0.01903  66.14150
   4.226   0.62747   0.00943  -0.01896  66.53225
   4.312   0.63654   0.00952  -0.01886  66.84627
   4.397   0.64551   0.00962  -0.01875  67.10394
   4.482   0.65438   0.00972  -0.01862  67.32563
   4.568   0.66313   0.00982  -0.01846  67.52739
   4.653   0.67174   0.00992  -0.01828  67.72046
   4.739   0.68020   0.01002  -0.01806  67.91273
   4.824   0.68850   0.01011  -0.01782  68.10970
   4.910   0.69665   0.01020  -0.01754  68.31473
   4.995   0.70467   0.01028  -0.01723  68.52907
   5.080   0.71259   0.01036  -0.01690  68.75252
   5.166   0.72045   0.01044  -0.01656  68.98425
   5.251   0.72831   0.01052  -0.01622  69.22380
   5.337   0.73623   0.01060  -0.01590  69.47167
   5.422   0.74431   0.01067  -0.01561  69.72954
   5.508   0.75261   0.01075  -0.01537  69.99984
   5.593   0.76119   0.01083  -0.01520  70.28478
   5.678   0.77011   0.01091  -0.01509  70.58531
   5.764   0.77937   0.01099  -0.01507  70.90049
   5.849   0.78898   0.01108  -0.01513  71.22752
   5.935   0.79888   0.01116  -0.01525  71.56258
   6.020   0.80903   0.01125  -0.01544  71.90195
   6.106   0.81933   0.01134  -0.01567  72.24297
   6.191   0.82972   0.01143  -0.01592  72.58460
   6.276   0.84012   0.01152  -0.01618  72.92737
   6.362   0.85045   0.01161  -0.01644  73.27285
   6.447   0.86067   0.01169  -0.01667  73.62283
   6.533   0.87074   0.01177  -0.01687  73.97849
   6.618   0.88063   0.01185  -0.01703  74.33996
   6.704   0.89035   0.01192  -0.01715  74.70625
   6.789   0.89989   0.01199  -0.01723  75.07538
   6.874   0.90926   0.01205  -0.01726  75.44441
   6.960   0.91850   0.01212  -0.01726  75.80915
   7.045   0.92761   0.01218  -0.01723  76.16338
   7.131   0.93661   0.01224  -0.01716  76.49792
   7.216   0.94551   0.01231  -0.01706  76.79936
   7.302   0.95431   0.01239  -0.01694  77.04872
   7.387   0.96300   0.01247  -0.01679  77.21985
   7.472   0.97154   0.01257  -0.01661  77.27781
   7.558   0.97988   0.01270  -0.01640  77.17765
   7.643   0.98794   0.01285  -0.01615  76.86472
   7.729   0.99561   0.01305  -0.01585  76.27904
   7.814   1.00277   0.01330  -0.01551  75.36851
   7.899   1.00935   0.01362  -0.01511  74.11451
   7.985   1.01533   0.01399  -0.01465  72.56423
   8.070   1.02082   0.01441  -0.01415  70.84732
   8.156   1.02609   0.01484  -0.01362  69.14898
   8.241   1.03146   0.01525  -0.01310  67.64125
   8.327   1.03719   0.01562  -0.01262  66.41818
   8.412   1.04336   0.01593  -0.01217  65.47943
   8.497   1.04990   0.01621  -0.01176  64.76202
   8.583   1.05668   0.01646  -0.01137  64.18549
   8.668   1.06357   0.01670  -0.01099  63.68237
   8.754   1.07049   0.01694  -0.01062  63.20805
   8.839   1.07736   0.01717  -0.01023  62.73803
   8.925   1.08416   0.01741  -0.00984  62.26131
   9.010   1.09088   0.01766  -0.00944  61.77464
   9.095   1.09751   0.01791  -0.00904  61.27854
   9.181   1.10406   0.01817  -0.00862  60.77520
   9.266   1.11051   0.01843  -0.00819  60.26722
   9.352   1.11687   0.01869  -0.00776  59.75704
   9.437   1.12315   0.01896  -0.00731  59.24671
   9.523   1.12934   0.01923  -0.00686  58.73775
   9.608   1.13544   0.01950  -0.00641  58.23116
   9.693   1.14145   0.01977  -0.00594  57.72743
   9.779   1.14737   0.02005  -0.00547  57.22666
   9.864   1.15319   0.02033  -0.00499  56.72860
   9.950   1.15890   0.02061  -0.00450  56.23277
  10.035   1.16451   0.02089  -0.00399  55.73855
  10.121   1.16999   0.02118  -0.00348  55.24518
  10.206   1.17535   0.02147  -0.00296  54.75186
  10.291   1.18058   0.02176  -0.00242  54.25773
  10.377   1.18566   0.02205  -0.00187  53.76193
  10.462   1.19058   0.02235  -0.00131  53.26353
  10.548   1.19534   0.02266  -0.00073  52.76159
  10.633   1.19992   0.02296  -0.00013  52.25510
  10.719   1.20431   0.02327   0.00049  51.74297
  10.804   1.20849   0.02359   0.00112  51.22406
  10.889   1.21246   0.02392   0.00178  50.69709
  10.975   1.21619   0.02425   0.00245  50.16072
  11.060   1.21968   0.02458   0.00315  49.61351
  11.146   1.22292   0.02493   0.00387  49.05398
  11.231   1.22590   0.02529   0.00461  48.48068
  11.317   1.22862   0.02565   0.00537  47.89225
  11.402   1.23109   0.02603   0.00614  47.28749
  11.487   1.23332   0.02643   0.00692  46.66551
  11.573   1.23533   0.02684   0.00770  46.02575
  11.658   1.23715   0.02727   0.00846  45.36808
  11.744   1.23882   0.02772   0.00921  44.69278
  11.829   1.24038   0.02819   0.00993  44.00051
  11.915   1.24186   0.02869   0.01060  43.29222
  12.000   1.24329   0.02921   0.01122  42.56913
