--------------------------------------------------------------
  XFOIL-like Polar Output (Generated by NeuralFoil)
--------------------------------------------------------------
  alpha     CL        CD       Cm        CL/CD
--------------------------------------------------------------
  -5.000   0.05047   0.01182  -0.02782   4.27039
  -4.915   0.05986   0.01184  -0.02782   5.05613
  -4.829   0.06928   0.01185  -0.02783   5.84495
  -4.744   0.07870   0.01186  -0.02782   6.63523
  -4.658   0.08813   0.01187  -0.02781   7.42527
  -4.573   0.09754   0.01188  -0.02778   8.21356
  -4.487   0.10693   0.01188  -0.02776   8.99886
  -4.402   0.11629   0.01189  -0.02772   9.78026
  -4.317   0.12564   0.01190  -0.02768  10.55708
  -4.231   0.13495   0.01191  -0.02764  11.32880
  -4.146   0.14424   0.01193  -0.02759  12.09503
  -4.060   0.15350   0.01194  -0.02755  12.85544
  -3.975   0.16273   0.01196  -0.02750  13.60973
  -3.889   0.17194   0.01198  -0.02745  14.35762
  -3.804   0.18112   0.01200  -0.02740  15.09892
  -3.719   0.19028   0.01202  -0.02735  15.83345
  -3.633   0.19941   0.01204  -0.02730  16.56118
  -3.548   0.20852   0.01207  -0.02725  17.28217
  -3.462   0.21762   0.01209  -0.02720  17.99662
  -3.377   0.22670   0.01212  -0.02715  18.70490
  -3.291   0.23576   0.01215  -0.02711  19.40751
  -3.206   0.24483   0.01218  -0.02706  20.10511
  -3.121   0.25389   0.01221  -0.02702  20.79848
  -3.035   0.26295   0.01224  -0.02697  21.48853
  -2.950   0.27202   0.01227  -0.02693  22.17623
  -2.864   0.28111   0.01230  -0.02688  22.86253
  -2.779   0.29021   0.01232  -0.02684  23.54831
  -2.693   0.29934   0.01235  -0.02680  24.23418
  -2.608   0.30849   0.01238  -0.02675  24.92045
  -2.523   0.31766   0.01241  -0.02671  25.60705
  -2.437   0.32685   0.01243  -0.02667  26.29352
  -2.352   0.33605   0.01246  -0.02662  26.97914
  -2.266   0.34526   0.01248  -0.02658  27.66303
  -2.181   0.35448   0.01251  -0.02653  28.34434
  -2.095   0.36369   0.01253  -0.02648  29.02231
  -2.010   0.37290   0.01256  -0.02643  29.69640
  -1.925   0.38209   0.01258  -0.02638  30.36632
  -1.839   0.39128   0.01261  -0.02633  31.03204
  -1.754   0.40045   0.01264  -0.02628  31.69377
  -1.668   0.40961   0.01266  -0.02622  32.35183
  -1.583   0.41876   0.01269  -0.02617  33.00654
  -1.497   0.42791   0.01271  -0.02611  33.65803
  -1.412   0.43704   0.01274  -0.02605  34.30613
  -1.327   0.44618   0.01277  -0.02599  34.95038
  -1.241   0.45531   0.01279  -0.02593  35.59007
  -1.156   0.46445   0.01282  -0.02586  36.22434
  -1.070   0.47358   0.01285  -0.02580  36.85221
  -0.985   0.48272   0.01288  -0.02573  37.47264
  -0.899   0.49185   0.01291  -0.02566  38.08441
  -0.814   0.50098   0.01295  -0.02558  38.68610
  -0.729   0.51010   0.01299  -0.02550  39.27606
  -0.643   0.51920   0.01303  -0.02542  39.85246
  -0.558   0.52828   0.01307  -0.02533  40.41352
  -0.472   0.53733   0.01312  -0.02524  40.95768
  -0.387   0.54634   0.01317  -0.02514  41.48386
  -0.302   0.55532   0.01322  -0.02504  41.99158
  -0.216   0.56426   0.01328  -0.02493  42.48098
  -0.131   0.57318   0.01334  -0.02481  42.95271
  -0.045   0.58207   0.01341  -0.02469  43.40774
   0.040   0.59093   0.01348  -0.02457  43.84718
   0.126   0.59976   0.01355  -0.02444  44.27224
   0.211   0.60856   0.01362  -0.02431  44.68422
   0.296   0.61735   0.01369  -0.02418  45.08455
   0.382   0.62611   0.01377  -0.02404  45.47470
   0.467   0.63487   0.01384  -0.02391  45.85604
   0.553   0.64362   0.01392  -0.02377  46.22958
   0.638   0.65236   0.01400  -0.02364  46.59593
   0.724   0.66110   0.01408  -0.02351  46.95524
   0.809   0.66984   0.01416  -0.02338  47.30732
   0.894   0.67857   0.01424  -0.02324  47.65168
   0.980   0.68730   0.01432  -0.02311  47.98773
   1.065   0.69601   0.01441  -0.02298  48.31487
   1.151   0.70471   0.01449  -0.02285  48.63260
   1.236   0.71340   0.01458  -0.02272  48.94054
   1.322   0.72207   0.01466  -0.02259  49.23851
   1.407   0.73073   0.01475  -0.02245  49.52647
   1.492   0.73937   0.01485  -0.02232  49.80453
   1.578   0.74799   0.01494  -0.02218  50.07289
   1.663   0.75661   0.01503  -0.02205  50.33180
   1.749   0.76521   0.01513  -0.02191  50.58152
   1.834   0.77381   0.01523  -0.02177  50.82234
   1.920   0.78241   0.01532  -0.02163  51.05447
   2.005   0.79100   0.01543  -0.02149  51.27811
   2.090   0.79959   0.01553  -0.02135  51.49338
   2.176   0.80819   0.01563  -0.02121  51.70032
   2.261   0.81680   0.01574  -0.02106  51.89889
   2.347   0.82540   0.01585  -0.02092  52.08898
   2.432   0.83401   0.01596  -0.02077  52.27033
   2.518   0.84262   0.01607  -0.02062  52.44262
   2.603   0.85123   0.01618  -0.02048  52.60543
   2.688   0.85982   0.01630  -0.02032  52.75833
   2.774   0.86839   0.01642  -0.02017  52.90097
   2.859   0.87693   0.01654  -0.02002  53.03314
   2.945   0.88545   0.01666  -0.01986  53.15489
   3.030   0.89394   0.01678  -0.01971  53.26648
   3.116   0.90240   0.01691  -0.01955  53.36837
   3.201   0.91084   0.01704  -0.01938  53.46108
   3.286   0.91926   0.01717  -0.01922  53.54515
   3.372   0.92766   0.01730  -0.01905  53.62101
   3.457   0.93605   0.01743  -0.01888  53.68902
   3.543   0.94443   0.01757  -0.01871  53.74944
   3.628   0.95279   0.01771  -0.01853  53.80243
   3.714   0.96113   0.01785  -0.01835  53.84812
   3.799   0.96946   0.01799  -0.01817  53.88660
   3.884   0.97777   0.01813  -0.01798  53.91793
   3.970   0.98605   0.01828  -0.01778  53.94218
   4.055   0.99431   0.01843  -0.01759  53.95940
   4.141   1.00254   0.01858  -0.01738  53.96963
   4.226   1.01075   0.01873  -0.01718  53.97294
   4.312   1.01892   0.01888  -0.01697  53.96936
   4.397   1.02705   0.01903  -0.01675  53.95895
   4.482   1.03515   0.01919  -0.01653  53.94175
   4.568   1.04321   0.01935  -0.01630  53.91780
   4.653   1.05122   0.01951  -0.01607  53.88717
   4.739   1.05920   0.01967  -0.01583  53.84991
   4.824   1.06714   0.01983  -0.01558  53.80608
   4.910   1.07503   0.02000  -0.01533  53.75577
   4.995   1.08288   0.02017  -0.01508  53.69906
   5.080   1.09068   0.02033  -0.01482  53.63609
   5.166   1.09844   0.02051  -0.01455  53.56696
   5.251   1.10616   0.02068  -0.01428  53.49184
   5.337   1.11383   0.02085  -0.01401  53.41090
   5.422   1.12146   0.02103  -0.01373  53.32431
   5.508   1.12905   0.02121  -0.01345  53.23227
   5.593   1.13660   0.02139  -0.01316  53.13497
   5.678   1.14411   0.02157  -0.01287  53.03262
   5.764   1.15159   0.02176  -0.01258  52.92539
   5.849   1.15902   0.02195  -0.01229  52.81345
   5.935   1.16642   0.02213  -0.01199  52.69695
   6.020   1.17378   0.02233  -0.01169  52.57600
   6.106   1.18109   0.02252  -0.01139  52.45068
   6.191   1.18837   0.02271  -0.01109  52.32102
   6.276   1.19560   0.02291  -0.01078  52.18702
   6.362   1.20278   0.02311  -0.01047  52.04861
   6.447   1.20990   0.02331  -0.01016  51.90566
   6.533   1.21697   0.02351  -0.00984  51.75798
   6.618   1.22397   0.02372  -0.00951  51.60530
   6.704   1.23089   0.02393  -0.00918  51.44728
   6.789   1.23772   0.02413  -0.00884  51.28349
   6.874   1.24447   0.02435  -0.00849  51.11344
   6.960   1.25111   0.02456  -0.00813  50.93657
   7.045   1.25765   0.02478  -0.00776  50.75228
   7.131   1.26406   0.02500  -0.00737  50.55994
   7.216   1.27036   0.02523  -0.00697  50.35891
   7.302   1.27652   0.02545  -0.00656  50.14857
   7.387   1.28254   0.02569  -0.00613  49.92833
   7.472   1.28842   0.02593  -0.00569  49.69766
   7.558   1.29415   0.02617  -0.00523  49.45610
   7.643   1.29973   0.02642  -0.00475  49.20329
   7.729   1.30514   0.02667  -0.00425  48.93897
   7.814   1.31039   0.02693  -0.00374  48.66304
   7.899   1.31547   0.02719  -0.00322  48.37548
   7.985   1.32039   0.02746  -0.00268  48.07646
   8.070   1.32514   0.02774  -0.00212  47.76628
   8.156   1.32973   0.02803  -0.00155  47.44538
   8.241   1.33416   0.02832  -0.00096  47.11433
   8.327   1.33844   0.02862  -0.00037  46.77379
   8.412   1.34257   0.02892   0.00024  46.42450
   8.497   1.34657   0.02923   0.00085  46.06724
   8.583   1.35044   0.02955   0.00147  45.70278
   8.668   1.35420   0.02987   0.00209  45.33183
   8.754   1.35784   0.03020   0.00271  44.95503
   8.839   1.36139   0.03054   0.00333  44.57290
   8.925   1.36485   0.03089   0.00395  44.18582
   9.010   1.36823   0.03124   0.00457  43.79404
   9.095   1.37153   0.03160   0.00518  43.39763
   9.181   1.37475   0.03197   0.00578  42.99657
   9.266   1.37789   0.03235   0.00638  42.59067
   9.352   1.38097   0.03274   0.00698  42.17968
   9.437   1.38396   0.03314   0.00757  41.76323
   9.523   1.38687   0.03355   0.00815  41.34093
   9.608   1.38970   0.03397   0.00873  40.91230
   9.693   1.39243   0.03440   0.00931  40.47685
   9.779   1.39506   0.03485   0.00988  40.03406
   9.864   1.39759   0.03531   0.01046  39.58339
   9.950   1.39999   0.03578   0.01103  39.12429
  10.035   1.40227   0.03628   0.01160  38.65623
  10.121   1.40440   0.03679   0.01218  38.17867
  10.206   1.40639   0.03731   0.01275  37.69112
  10.291   1.40822   0.03786   0.01332  37.19313
  10.377   1.40987   0.03843   0.01389  36.68435
  10.462   1.41134   0.03903   0.01445  36.16451
  10.548   1.41262   0.03964   0.01500  35.63346
  10.633   1.41369   0.04029   0.01553  35.09118
  10.719   1.41455   0.04096   0.01605  34.53775
  10.804   1.41519   0.04166   0.01655  33.97330
  10.889   1.41560   0.04239   0.01702  33.39793
  10.975   1.41577   0.04315   0.01744  32.81158
  11.060   1.41569   0.04395   0.01783  32.21384
  11.146   1.41534   0.04478   0.01816  31.60370
  11.231   1.41470   0.04567   0.01842  30.97929
  11.317   1.41374   0.04660   0.01862  30.33751
  11.402   1.41240   0.04760   0.01874  29.67380
  11.487   1.41060   0.04867   0.01877  28.98219
  11.573   1.40824   0.04984   0.01871  28.25594
  11.658   1.40520   0.05112   0.01857  27.48939
  11.744   1.40141   0.05252   0.01835  26.68123
  11.829   1.39689   0.05406   0.01807  25.83828
  11.915   1.39179   0.05572   0.01773  24.97702
  12.000   1.38643   0.05748   0.01731  24.11958
