  
       XFOIL         Version 6.99
  
 Calculated polar for: Repaneled_Airfoil                               
  
 1 1 Reynolds number fixed          Mach number fixed         
  
 xtrf =   1.000 (top)        1.000 (bottom)  
 Mach =   0.000     Re =     0.200 e 6     Ncrit =   9.000  9.000
  
   alpha    CL        CD       CDp       CM     Top_Xtr  Bot_Xtr  Top_Itr  Bot_Itr
  ------ -------- --------- --------- -------- -------- -------- -------- --------
  -5.000   0.0242   0.01459   0.00605  -0.0485   0.8153   0.5446  43.1633 230.0789
  -4.915   0.0330   0.01458   0.00607  -0.0481   0.8122   0.5464  43.5461 230.2582
  -4.829   0.0420   0.01454   0.00602  -0.0477   0.8093   0.5486  43.8935 230.4730
  -4.744   0.0508   0.01453   0.00600  -0.0474   0.8062   0.5513  44.2663 230.7249
  -4.658   0.0597   0.01449   0.00591  -0.0471   0.8028   0.5542  44.6741 231.0084
  -4.573   0.0686   0.01444   0.00588  -0.0467   0.7994   0.5560  45.0808 231.1877
  -4.487   0.0772   0.01443   0.00590  -0.0463   0.7954   0.5584  45.5564 231.4148
  -4.402   0.0862   0.01439   0.00582  -0.0458   0.7918   0.5613  45.9701 231.6967
  -4.317   0.0950   0.01437   0.00577  -0.0456   0.7877   0.5645  46.4450 232.0071
  -4.231   0.1038   0.01432   0.00572  -0.0451   0.7836   0.5663  46.9224 232.1844
  -4.146   0.1125   0.01427   0.00570  -0.0447   0.7787   0.5682  47.4860 232.3661
  -4.060   0.1215   0.01420   0.00557  -0.0443   0.7741   0.5700  48.0084 232.5455
  -3.975   0.1303   0.01413   0.00550  -0.0441   0.7687   0.5717  48.6188 232.7034
  -3.889   0.1393   0.01403   0.00535  -0.0437   0.7630   0.5730  49.2529 232.8349
  -3.804   0.1483   0.01392   0.00518  -0.0434   0.7567   0.5743  49.9556 232.9543
  -3.719   0.1572   0.01382   0.00507  -0.0431   0.7499   0.5752  50.7044 233.0430
  -3.633   0.1660   0.01371   0.00495  -0.0428   0.7425   0.5759  51.5095 233.1150
  -3.548   0.1749   0.01360   0.00482  -0.0425   0.7341   0.5767  52.4121 233.1938
  -3.462   0.1838   0.01349   0.00470  -0.0422   0.7252   0.5776  53.3617 233.2839
  -3.377   0.1927   0.01339   0.00456  -0.0418   0.7142   0.5787  54.5210 233.3828
  -3.292   0.2015   0.01329   0.00442  -0.0415   0.7021   0.5798  55.7854 233.4916
  -3.206   0.2102   0.01320   0.00427  -0.0412   0.6864   0.5810  57.4059 233.6108
  -3.121   0.2172   0.01309   0.00392  -0.0404   0.5743   0.5823  68.4818 233.7359
  -3.035   0.2157   0.01381   0.00390  -0.0384   0.4391   0.5834  81.4252 233.8405
  -2.950   0.2220   0.01405   0.00395  -0.0379   0.4172   0.5848  83.5445 233.9776
  -2.864   0.2294   0.01419   0.00399  -0.0376   0.4061   0.5857  84.6146 234.0674
  -2.779   0.2372   0.01430   0.00402  -0.0372   0.3986   0.5866  85.3451 234.1556
  -2.693   0.2451   0.01441   0.00406  -0.0370   0.3928   0.5876  85.9101 234.2522
  -2.608   0.2534   0.01449   0.00409  -0.0368   0.3880   0.5886  86.3813 234.3568
  -2.523   0.2617   0.01459   0.00412  -0.0365   0.3839   0.5898  86.7835 234.4722
  -2.437   0.2701   0.01468   0.00414  -0.0363   0.3804   0.5911  87.1250 234.5961
  -2.352   0.2789   0.01475   0.00416  -0.0362   0.3770   0.5925  87.4646 234.7329
  -2.266   0.2875   0.01484   0.00418  -0.0361   0.3739   0.5940  87.7658 234.8822
  -2.181   0.2960   0.01494   0.00420  -0.0359   0.3713   0.5955  88.0260 235.0246
  -2.095   0.3049   0.01498   0.00423  -0.0358   0.3684   0.5965  88.3110 235.1244
  -2.010   0.3137   0.01505   0.00427  -0.0356   0.3657   0.5976  88.5761 235.2375
  -1.925   0.3224   0.01513   0.00430  -0.0355   0.3634   0.5989  88.8111 235.3638
  -1.839   0.3310   0.01524   0.00433  -0.0353   0.3613   0.6004  89.0148 235.5031
  -1.754   0.3401   0.01528   0.00436  -0.0353   0.3590   0.6019  89.2432 235.6590
  -1.668   0.3492   0.01535   0.00438  -0.0352   0.3567   0.6037  89.4717 235.8279
  -1.583   0.3582   0.01545   0.00441  -0.0351   0.3545   0.6055  89.6918 236.0039
  -1.498   0.3670   0.01553   0.00444  -0.0350   0.3525   0.6066  89.8935 236.1148
  -1.412   0.3760   0.01560   0.00448  -0.0349   0.3505   0.6079  90.0950 236.2402
  -1.327   0.3851   0.01564   0.00451  -0.0348   0.3482   0.6093  90.3218 236.3848
  -1.241   0.3942   0.01571   0.00454  -0.0347   0.3460   0.6110  90.5392 236.5455
  -1.156   0.4033   0.01580   0.00458  -0.0347   0.3440   0.6128  90.7393 236.7236
  -1.070   0.4125   0.01592   0.00461  -0.0346   0.3422   0.6147  90.9178 236.9165
  -0.985   0.4217   0.01600   0.00464  -0.0346   0.3405   0.6163  91.0951 237.0757
  -0.899   0.4309   0.01603   0.00468  -0.0345   0.3385   0.6178  91.2912 237.2221
  -0.814   0.4401   0.01608   0.00471  -0.0344   0.3366   0.6195  91.4848 237.3881
  -0.729   0.4493   0.01616   0.00475  -0.0344   0.3348   0.6213  91.6689 237.5730
  -0.643   0.4586   0.01626   0.00478  -0.0344   0.3331   0.6234  91.8378 237.7725
  -0.558   0.4680   0.01641   0.00482  -0.0344   0.3316   0.6255  91.9924 237.9819
  -0.472   0.4772   0.01642   0.00486  -0.0343   0.3297   0.6271  92.1822 238.1391
  -0.387   0.4865   0.01646   0.00489  -0.0343   0.3278   0.6288  92.3787 238.3148
  -0.301   0.4957   0.01652   0.00493  -0.0343   0.3259   0.6308  92.5723 238.5125
  -0.216   0.5051   0.01661   0.00496  -0.0342   0.3241   0.6330  92.7555 238.7295
  -0.131   0.5146   0.01674   0.00499  -0.0343   0.3224   0.6353  92.9226 238.9576
  -0.045   0.5239   0.01680   0.00503  -0.0343   0.3207   0.6372  93.0990 239.1527
   0.040   0.5330   0.01682   0.00506  -0.0342   0.3187   0.6394  93.3013 239.3703
   0.126   0.5423   0.01687   0.00510  -0.0342   0.3168   0.6419  93.4944 239.6197
   0.211   0.5517   0.01696   0.00513  -0.0342   0.3151   0.6446  93.6723 239.8902
   0.296   0.5611   0.01703   0.00516  -0.0342   0.3135   0.6469  93.8365 240.1234
   0.382   0.5708   0.01712   0.00518  -0.0343   0.3120   0.6492  93.9892 240.3562
   0.467   0.5798   0.01713   0.00522  -0.0342   0.3100   0.6518  94.1907 240.6164
   0.553   0.5889   0.01717   0.00527  -0.0342   0.3080   0.6546  94.4010 240.8966
   0.638   0.5982   0.01719   0.00531  -0.0342   0.3061   0.6571  94.5995 241.1387
   0.724   0.6074   0.01723   0.00534  -0.0341   0.3043   0.6594  94.7796 241.3742
   0.809   0.6170   0.01732   0.00537  -0.0342   0.3027   0.6620  94.9438 241.6325
   0.894   0.6260   0.01737   0.00543  -0.0341   0.3009   0.6647  95.1388 241.9079
   0.980   0.6349   0.01738   0.00549  -0.0340   0.2987   0.6675  95.3590 242.1926
   1.065   0.6440   0.01743   0.00555  -0.0340   0.2967   0.6708  95.5673 242.5285
   1.151   0.6533   0.01752   0.00559  -0.0340   0.2949   0.6746  95.7567 242.9103
   1.236   0.6627   0.01760   0.00562  -0.0340   0.2933   0.6781  95.9281 243.2638
   1.322   0.6717   0.01766   0.00569  -0.0339   0.2913   0.6819  96.1307 243.6592
   1.407   0.6804   0.01768   0.00576  -0.0338   0.2891   0.6861  96.3683 244.0915
   1.492   0.6893   0.01771   0.00581  -0.0337   0.2870   0.6906  96.5870 244.5490
   1.578   0.6984   0.01777   0.00585  -0.0336   0.2851   0.6957  96.7829 245.0857
   1.663   0.7077   0.01784   0.00587  -0.0336   0.2835   0.7016  96.9574 245.6981
   1.749   0.7162   0.01785   0.00595  -0.0335   0.2812   0.7089  97.1929 246.4584
   1.834   0.7246   0.01783   0.00602  -0.0333   0.2789   0.7188  97.4424 247.5111
   1.920   0.7327   0.01777   0.00607  -0.0329   0.2768   0.7375  97.6604 249.5106
   2.091   0.7839   0.01774   0.00640  -0.0397   0.2694   1.0001  98.4543 301.0000
   2.176   0.7926   0.01784   0.00643  -0.0396   0.2672   1.0001  98.6919 301.0000
   2.261   0.8016   0.01795   0.00644  -0.0396   0.2653   1.0001  98.8919 301.0000
   2.347   0.8102   0.01806   0.00649  -0.0395   0.2632   1.0001  99.1204 301.0000
   2.432   0.8182   0.01813   0.00657  -0.0392   0.2604   1.0001  99.4164 301.0000
   2.518   0.8265   0.01820   0.00659  -0.0390   0.2581   1.0001  99.6691 301.0000
   2.603   0.8352   0.01829   0.00657  -0.0389   0.2562   1.0001  99.8800 301.0000
   2.688   0.8435   0.01838   0.00660  -0.0388   0.2539   1.0001 100.1215 301.0000
   2.774   0.8512   0.01844   0.00667  -0.0384   0.2510   1.0001 100.4408 301.0000
   2.859   0.8593   0.01849   0.00667  -0.0382   0.2487   1.0001 100.6980 301.0000
   2.945   0.8677   0.01856   0.00662  -0.0381   0.2468   1.0001 100.9081 301.0000
   3.030   0.8756   0.01863   0.00666  -0.0378   0.2442   1.0001 101.1900 301.0000
   3.116   0.8832   0.01867   0.00670  -0.0375   0.2413   1.0001 101.5095 301.0000
   3.201   0.8911   0.01871   0.00666  -0.0372   0.2390   1.0001 101.7633 301.0000
   3.286   0.8994   0.01876   0.00659  -0.0370   0.2372   1.0001 101.9704 301.0000
   3.372   0.9066   0.01881   0.00666  -0.0366   0.2340   1.0001 102.3316 301.0000
   3.457   0.9141   0.01883   0.00664  -0.0363   0.2312   1.0001 102.6384 301.0000
   3.543   0.9219   0.01885   0.00656  -0.0360   0.2291   1.0001 102.8817 301.0000
   3.628   0.9293   0.01889   0.00656  -0.0357   0.2263   1.0001 103.1990 301.0000
   3.714   0.9366   0.01891   0.00656  -0.0353   0.2230   1.0001 103.5672 301.0000
   3.799   0.9440   0.01891   0.00647  -0.0350   0.2206   1.0001 103.8461 301.0000
   3.884   0.9514   0.01895   0.00644  -0.0346   0.2178   1.0001 104.1607 301.0000
   3.970   0.9586   0.01897   0.00644  -0.0342   0.2144   1.0001 104.5528 301.0000
   4.055   0.9659   0.01898   0.00636  -0.0339   0.2119   1.0001 104.8471 301.0000
   4.141   0.9732   0.01902   0.00634  -0.0335   0.2089   1.0001 105.1930 301.0000
   4.226   0.9804   0.01905   0.00633  -0.0331   0.2053   1.0001 105.6132 301.0000
   4.312   0.9874   0.01906   0.00624  -0.0327   0.2026   1.0001 105.9292 301.0000
   4.397   0.9945   0.01910   0.00625  -0.0323   0.1985   1.0001 106.4158 301.0000
   4.482   1.0014   0.01912   0.00618  -0.0319   0.1951   1.0001 106.8299 301.0000
   4.568   1.0084   0.01916   0.00615  -0.0315   0.1912   1.0001 107.2997 301.0000
   4.653   1.0153   0.01919   0.00610  -0.0311   0.1872   1.0001 107.7805 301.0000
   4.739   1.0222   0.01925   0.00607  -0.0307   0.1831   1.0001 108.2843 301.0000
   4.824   1.0290   0.01931   0.00603  -0.0303   0.1787   1.0001 108.8230 301.0000
   4.910   1.0359   0.01939   0.00603  -0.0299   0.1739   1.0001 109.4205 301.0000
   4.995   1.0424   0.01949   0.00599  -0.0295   0.1697   1.0001 109.9486 301.0000
   5.080   1.0495   0.01960   0.00603  -0.0291   0.1645   1.0001 110.6219 301.0000
   5.166   1.0560   0.01973   0.00603  -0.0287   0.1600   1.0001 111.1983 301.0000
   5.251   1.0626   0.01988   0.00605  -0.0283   0.1549   1.0001 111.8563 301.0000
   5.337   1.0694   0.02005   0.00612  -0.0279   0.1495   1.0001 112.5735 301.0000
   5.422   1.0757   0.02024   0.00616  -0.0275   0.1448   1.0001 113.2117 301.0000
   5.508   1.0819   0.02044   0.00622  -0.0270   0.1399   1.0001 113.8776 301.0000
   5.593   1.0885   0.02066   0.00631  -0.0266   0.1345   1.0001 114.6258 301.0000
   5.678   1.0946   0.02090   0.00640  -0.0262   0.1296   1.0001 115.3071 301.0000
   5.764   1.1004   0.02115   0.00649  -0.0257   0.1251   1.0001 115.9564 301.0000
   5.849   1.1068   0.02140   0.00661  -0.0253   0.1200   1.0001 116.6959 301.0000
   5.935   1.1127   0.02168   0.00674  -0.0248   0.1155   1.0001 117.3547 301.0000
   6.020   1.1182   0.02197   0.00685  -0.0243   0.1116   1.0001 117.9512 301.0000
   6.106   1.1245   0.02224   0.00700  -0.0239   0.1070   1.0001 118.6526 301.0000
   6.191   1.1300   0.02255   0.00714  -0.0234   0.1034   1.0001 119.2135 301.0000
   6.276   1.1357   0.02284   0.00728  -0.0229   0.0997   1.0001 119.7925 301.0000
   6.362   1.1413   0.02316   0.00745  -0.0224   0.0963   1.0001 120.3358 301.0000
   6.447   1.1466   0.02347   0.00760  -0.0219   0.0932   1.0001 120.8344 301.0000
   6.533   1.1520   0.02379   0.00778  -0.0214   0.0903   1.0001 121.3240 301.0000
   6.618   1.1571   0.02409   0.00793  -0.0208   0.0876   1.0001 121.7750 301.0000
   6.704   1.1617   0.02444   0.00811  -0.0202   0.0853   1.0001 122.1604 301.0000
   6.789   1.1670   0.02475   0.00829  -0.0196   0.0828   1.0001 122.6011 301.0000
   6.874   1.1712   0.02511   0.00845  -0.0190   0.0809   1.0001 122.9198 301.0000
   6.960   1.1763   0.02545   0.00867  -0.0184   0.0787   1.0001 123.3107 301.0000
   7.045   1.1811   0.02579   0.00886  -0.0178   0.0767   1.0001 123.6680 301.0000
   7.131   1.1852   0.02617   0.00904  -0.0172   0.0752   1.0001 123.9355 301.0000
   7.216   1.1901   0.02653   0.00928  -0.0166   0.0734   1.0001 124.2651 301.0000
   7.301   1.1949   0.02688   0.00949  -0.0160   0.0717   1.0001 124.5805 301.0000
   7.387   1.1993   0.02726   0.00968  -0.0154   0.0703   1.0001 124.8315 301.0000
   7.472   1.2034   0.02769   0.00989  -0.0148   0.0691   1.0001 125.0597 301.0000
   7.558   1.2084   0.02805   0.01016  -0.0142   0.0676   1.0001 125.3567 301.0000
   7.643   1.2129   0.02843   0.01038  -0.0137   0.0662   1.0001 125.6115 301.0000
   7.729   1.2172   0.02883   0.01059  -0.0131   0.0651   1.0001 125.8238 301.0000
   7.814   1.2216   0.02931   0.01080  -0.0126   0.0641   1.0001 126.0108 301.0000
   7.899   1.2260   0.02969   0.01111  -0.0120   0.0629   1.0001 126.2657 301.0000
   7.985   1.2304   0.03009   0.01138  -0.0114   0.0617   1.0001 126.5024 301.0000
   8.070   1.2347   0.03049   0.01161  -0.0109   0.0606   1.0001 126.7099 301.0000
   8.156   1.2392   0.03092   0.01181  -0.0104   0.0597   1.0001 126.8910 301.0000
   8.241   1.2436   0.03140   0.01208  -0.0099   0.0588   1.0001 127.0783 301.0000
   8.327   1.2472   0.03182   0.01241  -0.0093   0.0577   1.0001 127.3011 301.0000
   8.412   1.2510   0.03224   0.01270  -0.0087   0.0567   1.0001 127.5109 301.0000
   8.498   1.2550   0.03265   0.01294  -0.0082   0.0558   1.0001 127.6984 301.0000
   8.583   1.2593   0.03308   0.01314  -0.0077   0.0550   1.0001 127.8653 301.0000
   8.668   1.2643   0.03359   0.01338  -0.0074   0.0542   1.0001 128.0297 301.0000
   8.754   1.2668   0.03406   0.01378  -0.0067   0.0533   1.0001 128.2136 301.0000
   8.839   1.2698   0.03453   0.01413  -0.0061   0.0525   1.0001 128.3955 301.0000
   8.925   1.2731   0.03499   0.01445  -0.0055   0.0517   1.0001 128.5643 301.0000
   9.010   1.2769   0.03543   0.01471  -0.0050   0.0510   1.0001 128.7199 301.0000
   9.095   1.2813   0.03589   0.01493  -0.0046   0.0503   1.0001 128.8644 301.0000
   9.181   1.2870   0.03643   0.01515  -0.0044   0.0496   1.0001 129.0124 301.0000
   9.266   1.2882   0.03698   0.01563  -0.0036   0.0490   1.0001 129.1524 301.0000
   9.352   1.2900   0.03753   0.01608  -0.0030   0.0483   1.0001 129.3011 301.0000
   9.437   1.2923   0.03807   0.01648  -0.0024   0.0477   1.0001 129.4451 301.0000
   9.523   1.2950   0.03860   0.01685  -0.0019   0.0471   1.0001 129.5787 301.0000
   9.608   1.2980   0.03911   0.01718  -0.0014   0.0465   1.0001 129.7036 301.0000
   9.694   1.3019   0.03960   0.01746  -0.0010   0.0460   1.0001 129.8235 301.0000
   9.779   1.3074   0.04010   0.01767  -0.0008   0.0455   1.0001 129.9441 301.0000
   9.864   1.3104   0.04074   0.01809  -0.0003   0.0450   1.0001 130.0559 301.0000
   9.950   1.3103   0.04142   0.01868   0.0004   0.0445   1.0001 130.1591 301.0000
  10.035   1.3108   0.04210   0.01924   0.0010   0.0441   1.0001 130.2682 301.0000
  10.121   1.3119   0.04276   0.01976   0.0016   0.0436   1.0001 130.3778 301.0000
  10.206   1.3131   0.04341   0.02026   0.0021   0.0432   1.0001 130.4836 301.0000
  10.291   1.3147   0.04405   0.02073   0.0026   0.0427   1.0001 130.5849 301.0000
  10.377   1.3168   0.04467   0.02117   0.0030   0.0423   1.0001 130.6802 301.0000
  10.462   1.3193   0.04526   0.02157   0.0034   0.0420   1.0001 130.7699 301.0000
  10.548   1.3229   0.04584   0.02190   0.0038   0.0416   1.0001 130.8574 301.0000
  10.633   1.3290   0.04638   0.02212   0.0039   0.0412   1.0001 130.9534 301.0000
  10.719   1.3314   0.04715   0.02265   0.0043   0.0408   1.0001 131.0323 301.0000
  10.804   1.3288   0.04806   0.02346   0.0050   0.0406   1.0001 131.0896 301.0000
  10.889   1.3266   0.04900   0.02428   0.0056   0.0404   1.0001 131.1507 301.0000
  10.975   1.3246   0.04995   0.02510   0.0061   0.0401   1.0001 131.2140 301.0000
  11.060   1.3228   0.05090   0.02592   0.0066   0.0398   1.0001 131.2781 301.0000
  11.146   1.3212   0.05186   0.02674   0.0070   0.0396   1.0001 131.3419 301.0000
  11.231   1.3198   0.05281   0.02754   0.0074   0.0393   1.0001 131.4052 301.0000
  11.317   1.3186   0.05376   0.02833   0.0078   0.0391   1.0001 131.4676 301.0000
  11.402   1.3178   0.05469   0.02910   0.0081   0.0388   1.0001 131.5295 301.0000
  11.487   1.3174   0.05560   0.02983   0.0084   0.0386   1.0001 131.5907 301.0000
  11.573   1.3166   0.05655   0.03061   0.0087   0.0384   1.0001 131.6482 301.0000
  11.658   1.3161   0.05747   0.03135   0.0089   0.0381   1.0001 131.7046 301.0000
  11.744   1.3161   0.05837   0.03206   0.0092   0.0379   1.0001 131.7606 301.0000
  11.829   1.3167   0.05923   0.03271   0.0094   0.0377   1.0001 131.8169 301.0000
  11.915   1.3182   0.06005   0.03329   0.0095   0.0374   1.0001 131.8747 301.0000
  12.000   1.3218   0.06076   0.03370   0.0097   0.0372   1.0001 131.9401 301.0000
