  
       XFOIL         Version 6.99
  
 Calculated polar for: Repaneled_Airfoil                               
  
 1 1 Reynolds number fixed          Mach number fixed         
  
 xtrf =   1.000 (top)        1.000 (bottom)  
 Mach =   0.000     Re =     0.200 e 6     Ncrit =   9.000  9.000
  
   alpha    CL        CD       CDp       CM     Top_Xtr  Bot_Xtr  Top_Itr  Bot_Itr
  ------ -------- --------- --------- -------- -------- -------- -------- --------
  -5.000  -0.2109   0.01815   0.00822  -0.0222   0.8612   0.5283  37.3481 228.5031
  -4.915  -0.2016   0.01811   0.00820  -0.0221   0.8604   0.5296  37.4498 228.6321
  -4.829  -0.1923   0.01805   0.00815  -0.0221   0.8597   0.5313  37.5543 228.7938
  -4.744  -0.1833   0.01792   0.00805  -0.0221   0.8589   0.5335  37.6537 229.0113
  -4.658  -0.1740   0.01793   0.00806  -0.0220   0.8581   0.5342  37.7654 229.0724
  -4.573  -0.1647   0.01794   0.00806  -0.0218   0.8572   0.5348  37.8924 229.1349
  -4.487  -0.1555   0.01795   0.00807  -0.0216   0.8562   0.5355  38.0234 229.2043
  -4.402  -0.1461   0.01796   0.00808  -0.0216   0.8553   0.5364  38.1455 229.2845
  -4.317  -0.1367   0.01796   0.00809  -0.0216   0.8544   0.5373  38.2752 229.3767
  -4.231  -0.1274   0.01796   0.00809  -0.0215   0.8532   0.5384  38.4277 229.4823
  -4.146  -0.1183   0.01794   0.00808  -0.0213   0.8519   0.5397  38.6076 229.6040
  -4.060  -0.1094   0.01790   0.00803  -0.0211   0.8504   0.5411  38.8037 229.7453
  -3.889  -0.0916   0.01778   0.00794  -0.0208   0.8476   0.5442  39.1819 230.0396
  -3.804  -0.0825   0.01777   0.00795  -0.0207   0.8460   0.5448  39.3878 230.0973
  -3.719  -0.0734   0.01777   0.00795  -0.0205   0.8444   0.5454  39.6037 230.1581
  -3.633  -0.0646   0.01776   0.00793  -0.0202   0.8426   0.5461  39.8436 230.2253
  -3.548  -0.0558   0.01775   0.00791  -0.0199   0.8407   0.5469  40.0886 230.2999
  -3.462  -0.0468   0.01774   0.00791  -0.0197   0.8386   0.5478  40.3515 230.3832
  -3.377  -0.0381   0.01772   0.00789  -0.0194   0.8363   0.5487  40.6504 230.4755
  -3.292  -0.0296   0.01769   0.00783  -0.0189   0.8339   0.5498  40.9603 230.5800
  -3.206  -0.0207   0.01766   0.00782  -0.0188   0.8317   0.5511  41.2473 230.7028
  -3.121  -0.0119   0.01762   0.00779  -0.0186   0.8291   0.5526  41.5662 230.8505
  -3.035  -0.0035   0.01756   0.00772  -0.0182   0.8265   0.5543  41.9033 231.0127
  -2.950   0.0052   0.01755   0.00772  -0.0179   0.8238   0.5549  42.2399 231.0742
  -2.864   0.0138   0.01754   0.00770  -0.0175   0.8207   0.5556  42.6189 231.1386
  -2.779   0.0222   0.01753   0.00765  -0.0169   0.8177   0.5563  42.9961 231.2088
  -2.693   0.0310   0.01751   0.00765  -0.0167   0.8147   0.5571  43.3658 231.2868
  -2.608   0.0395   0.01748   0.00761  -0.0163   0.8114   0.5580  43.7677 231.3738
  -2.523   0.0480   0.01747   0.00757  -0.0159   0.8083   0.5590  44.1493 231.4705
  -2.437   0.0567   0.01744   0.00755  -0.0156   0.8047   0.5601  44.5762 231.5781
  -2.352   0.0650   0.01741   0.00747  -0.0150   0.8010   0.5614  45.0211 231.6981
  -2.266   0.0736   0.01737   0.00745  -0.0148   0.7971   0.5628  45.4877 231.8343
  -2.181   0.0820   0.01732   0.00737  -0.0142   0.7930   0.5645  45.9705 231.9970
  -2.095   0.0906   0.01729   0.00735  -0.0139   0.7889   0.5652  46.4480 232.0640
  -2.010   0.0989   0.01725   0.00727  -0.0133   0.7845   0.5659  46.9573 232.1341
  -1.925   0.1074   0.01721   0.00725  -0.0130   0.7799   0.5667  47.4841 232.2131
  -1.839   0.1157   0.01717   0.00715  -0.0123   0.7750   0.5676  48.0466 232.3005
  -1.754   0.1242   0.01712   0.00710  -0.0120   0.7697   0.5686  48.6499 232.3953
  -1.668   0.1326   0.01708   0.00702  -0.0115   0.7645   0.5696  49.2324 232.4987
  -1.583   0.1410   0.01702   0.00692  -0.0109   0.7584   0.5708  49.9101 232.6103
  -1.498   0.1493   0.01696   0.00685  -0.0104   0.7518   0.5720  50.6393 232.7267
  -1.412   0.1576   0.01689   0.00675  -0.0099   0.7446   0.5733  51.4311 232.8504
  -1.327   0.1660   0.01683   0.00663  -0.0094   0.7371   0.5746  52.2387 232.9811
  -1.241   0.1742   0.01674   0.00649  -0.0088   0.7287   0.5754  53.1437 233.0559
  -1.156   0.1823   0.01665   0.00633  -0.0081   0.7193   0.5761  54.1408 233.1242
  -1.070   0.1904   0.01655   0.00618  -0.0075   0.7088   0.5769  55.2468 233.2002
  -0.985   0.1985   0.01649   0.00602  -0.0069   0.6976   0.5777  56.4095 233.2856
  -0.899   0.2064   0.01638   0.00590  -0.0065   0.6843   0.5787  57.7691 233.3809
  -0.814   0.2152   0.01529   0.00473  -0.0058   0.5124   0.5798  74.5691 233.4899
  -0.729   0.2166   0.01567   0.00454  -0.0043   0.4200   0.5808  83.4297 233.5835
  -0.643   0.2230   0.01587   0.00455  -0.0038   0.3970   0.5819  85.6640 233.6951
  -0.558   0.2302   0.01605   0.00460  -0.0034   0.3828   0.5832  87.0479 233.8161
  -0.472   0.2379   0.01622   0.00466  -0.0031   0.3718   0.5845  88.1403 233.9433
  -0.387   0.2458   0.01636   0.00471  -0.0029   0.3626   0.5855  89.0442 234.0425
  -0.301   0.2539   0.01644   0.00474  -0.0027   0.3543   0.5863  89.8749 234.1226
  -0.216   0.2622   0.01652   0.00477  -0.0025   0.3466   0.5873  90.6474 234.2127
  -0.131   0.2705   0.01661   0.00479  -0.0023   0.3396   0.5883  91.3451 234.3109
  -0.045   0.2788   0.01671   0.00482  -0.0021   0.3334   0.5894  91.9746 234.4163
   0.040   0.2875   0.01678   0.00485  -0.0019   0.3266   0.5906  92.6643 234.5338
   0.126   0.2960   0.01688   0.00489  -0.0018   0.3207   0.5918  93.2648 234.6597
   0.211   0.3046   0.01699   0.00494  -0.0016   0.3148   0.5932  93.8629 234.7903
   0.296   0.3134   0.01710   0.00500  -0.0015   0.3088   0.5946  94.4858 234.9274
   0.382   0.3218   0.01721   0.00503  -0.0013   0.3037   0.5957  95.0125 235.0383
   0.467   0.3306   0.01722   0.00504  -0.0012   0.2975   0.5967  95.6560 235.1299
   0.553   0.3391   0.01728   0.00505  -0.0011   0.2923   0.5977  96.1945 235.2297
   0.638   0.3478   0.01734   0.00506  -0.0010   0.2868   0.5987  96.7757 235.3330
   0.724   0.3565   0.01741   0.00509  -0.0008   0.2816   0.5998  97.3244 235.4436
   0.809   0.3652   0.01748   0.00511  -0.0007   0.2766   0.6010  97.8544 235.5559
   0.894   0.3740   0.01756   0.00515  -0.0006   0.2714   0.6022  98.4129 235.6720
   0.980   0.3827   0.01767   0.00519  -0.0005   0.2668   0.6033  98.9024 235.7875
   1.065   0.3916   0.01777   0.00525  -0.0004   0.2617   0.6046  99.4594 235.9056
   1.151   0.4003   0.01789   0.00529  -0.0003   0.2574   0.6057  99.9256 236.0135
   1.236   0.4091   0.01788   0.00530  -0.0002   0.2522   0.6066 100.4878 236.1061
   1.322   0.4177   0.01792   0.00528  -0.0000   0.2481   0.6077 100.9421 236.2074
   1.407   0.4266   0.01794   0.00530   0.0001   0.2430   0.6089 101.5083 236.3220
   1.492   0.4352   0.01801   0.00529   0.0002   0.2390   0.6101 101.9485 236.4416
   1.578   0.4441   0.01805   0.00533   0.0003   0.2341   0.6114 102.5021 236.5708
   1.663   0.4528   0.01814   0.00534   0.0004   0.2303   0.6127 102.9319 236.6985
   1.749   0.4617   0.01823   0.00540   0.0005   0.2256   0.6140 103.4638 236.8287
   1.834   0.4705   0.01835   0.00544   0.0006   0.2218   0.6152 103.8948 236.9496
   1.920   0.4794   0.01841   0.00547   0.0007   0.2175   0.6163 104.3853 237.0603
   2.005   0.4880   0.01844   0.00546   0.0008   0.2138   0.6175 104.8196 237.1745
   2.091   0.4968   0.01850   0.00547   0.0009   0.2099   0.6188 105.2721 237.3008
   2.176   0.5056   0.01857   0.00549   0.0010   0.2059   0.6201 105.7446 237.4327
   2.261   0.5143   0.01867   0.00551   0.0011   0.2022   0.6214 106.1742 237.5711
   2.347   0.5231   0.01876   0.00555   0.0012   0.1980   0.6228 106.6725 237.7065
   2.432   0.5318   0.01891   0.00559   0.0013   0.1947   0.6241 107.0651 237.8381
   2.518   0.5408   0.01906   0.00568   0.0014   0.1905   0.6253 107.5758 237.9601
   2.603   0.5492   0.01912   0.00565   0.0015   0.1874   0.6265 107.9479 238.0877
   2.688   0.5580   0.01912   0.00565   0.0016   0.1836   0.6280 108.4263 238.2359
   2.774   0.5665   0.01918   0.00563   0.0017   0.1803   0.6296 108.8259 238.3903
   2.859   0.5752   0.01927   0.00564   0.0018   0.1770   0.6312 109.2326 238.5518
   2.945   0.5840   0.01938   0.00567   0.0019   0.1735   0.6327 109.6723 238.7121
   3.030   0.5925   0.01956   0.00566   0.0020   0.1708   0.6343 110.0187 238.8687
   3.201   0.6095   0.01942   0.00564   0.0021   0.1640   0.6381 110.8833 239.2433
   3.286   0.6180   0.01934   0.00562   0.0022   0.1606   0.6398 111.3272 239.4154
   3.372   0.6265   0.01930   0.00559   0.0023   0.1573   0.6415 111.7557 239.5745
   3.457   0.6350   0.01933   0.00557   0.0024   0.1543   0.6430 112.1414 239.7254
   3.543   0.6437   0.01934   0.00561   0.0024   0.1508   0.6444 112.6036 239.8604
   3.628   0.6522   0.01942   0.00559   0.0025   0.1482   0.6457 112.9506 239.9812
   3.714   0.6609   0.01940   0.00567   0.0026   0.1449   0.6471 113.4031 240.1289
   3.799   0.6694   0.01941   0.00569   0.0027   0.1421   0.6486 113.7836 240.2799
   3.884   0.6780   0.01948   0.00573   0.0028   0.1395   0.6502 114.1357 240.4311
   3.970   0.6866   0.01952   0.00582   0.0029   0.1363   0.6517 114.5699 240.5827
   4.055   0.6951   0.01960   0.00584   0.0030   0.1339   0.6533 114.9046 240.7375
   4.141   0.7036   0.01967   0.00595   0.0031   0.1310   0.6549 115.3216 240.8922
   4.226   0.7120   0.01973   0.00601   0.0032   0.1281   0.6566 115.7222 241.0493
   4.312   0.7203   0.01981   0.00605   0.0034   0.1258   0.6583 116.0499 241.2209
   4.397   0.7285   0.01983   0.00619   0.0036   0.1226   0.6600 116.5140 241.3935
   4.482   0.7364   0.01988   0.00622   0.0038   0.1202   0.6618 116.8637 241.5739
   4.568   0.7442   0.01996   0.00633   0.0041   0.1175   0.6637 117.2586 241.7608
   4.653   0.7519   0.01999   0.00642   0.0044   0.1148   0.6657 117.6620 241.9579
   4.739   0.7598   0.02012   0.00645   0.0046   0.1128   0.6685 117.9660 242.2453
   4.824   0.7678   0.02023   0.00663   0.0048   0.1099   0.6719 118.4035 242.5972
   4.995   0.7836   0.02047   0.00676   0.0052   0.1057   0.6816 119.0471 243.5864
   5.080   0.7911   0.02054   0.00695   0.0056   0.1031   0.6917 119.4532 244.6245
   5.166   0.7953   0.02039   0.00709   0.0068   0.1014   0.7602 119.7236 251.9771
   5.251   0.8076   0.02054   0.00731   0.0065   0.0992   0.9173 120.0689 273.0362
   5.337   0.8188   0.02078   0.00758   0.0061   0.0964   0.9363 120.5156 276.5544
   5.422   0.8296   0.02101   0.00769   0.0057   0.0944   0.9486 120.8451 279.0761
   5.508   0.8405   0.02130   0.00789   0.0053   0.0922   0.9582 121.1992 281.2654
   5.593   0.8512   0.02154   0.00810   0.0050   0.0898   0.9663 121.5985 283.2994
   5.678   0.8620   0.02178   0.00817   0.0045   0.0880   0.9733 121.9048 285.2718
   5.764   0.8732   0.02208   0.00843   0.0040   0.0856   0.9803 122.2979 287.4997
   5.849   0.8840   0.02231   0.00859   0.0036   0.0835   0.9858 122.6721 289.5616
   5.935   0.8952   0.02258   0.00864   0.0030   0.0818   0.9906 122.9600 291.7016
   6.020   0.9060   0.02288   0.00896   0.0025   0.0795   0.9951 123.3672 294.2920
   6.106   0.9173   0.02313   0.00912   0.0020   0.0775   0.9992 123.7122 298.1890
   6.191   0.9256   0.02338   0.00917   0.0020   0.0762   1.0001 123.9455 301.0000
   6.276   0.9323   0.02367   0.00944   0.0024   0.0746   1.0001 124.2400 301.0000
   6.362   0.9390   0.02392   0.00965   0.0029   0.0730   1.0001 124.5273 301.0000
   6.447   0.9460   0.02414   0.00976   0.0032   0.0717   1.0001 124.7595 301.0000
   6.533   0.9535   0.02442   0.00982   0.0034   0.0707   1.0001 124.9544 301.0000
   6.618   0.9600   0.02475   0.01014   0.0038   0.0693   1.0001 125.2125 301.0000
   6.704   0.9666   0.02504   0.01040   0.0043   0.0679   1.0001 125.4718 301.0000
   6.789   0.9735   0.02530   0.01056   0.0046   0.0668   1.0001 125.6884 301.0000
   6.874   0.9808   0.02558   0.01067   0.0048   0.0658   1.0001 125.8693 301.0000
   6.960   0.9884   0.02597   0.01085   0.0050   0.0649   1.0001 126.0458 301.0000
   7.045   0.9944   0.02635   0.01127   0.0056   0.0637   1.0001 126.2744 301.0000
   7.131   1.0009   0.02671   0.01158   0.0060   0.0627   1.0001 126.4884 301.0000
   7.216   1.0077   0.02702   0.01179   0.0063   0.0617   1.0001 126.6740 301.0000
   7.301   1.0149   0.02732   0.01194   0.0065   0.0609   1.0001 126.8344 301.0000
   7.387   1.0231   0.02772   0.01206   0.0066   0.0602   1.0001 126.9807 301.0000
   7.472   1.0285   0.02819   0.01255   0.0072   0.0593   1.0001 127.1618 301.0000
   7.558   1.0342   0.02864   0.01298   0.0077   0.0583   1.0001 127.3489 301.0000
   7.643   1.0404   0.02904   0.01332   0.0081   0.0575   1.0001 127.5231 301.0000
   7.729   1.0470   0.02939   0.01356   0.0084   0.0567   1.0001 127.6831 301.0000
   7.814   1.0540   0.02971   0.01371   0.0087   0.0560   1.0001 127.8271 301.0000
   7.899   1.0621   0.03010   0.01383   0.0087   0.0554   1.0001 127.9619 301.0000
   7.985   1.0668   0.03065   0.01435   0.0093   0.0546   1.0001 128.1156 301.0000
   8.070   1.0709   0.03117   0.01489   0.0100   0.0538   1.0001 128.2887 301.0000
   8.156   1.0760   0.03162   0.01529   0.0105   0.0530   1.0001 128.4591 301.0000
   8.241   1.0818   0.03198   0.01556   0.0109   0.0523   1.0001 128.6180 301.0000
   8.327   1.0882   0.03229   0.01573   0.0112   0.0516   1.0001 128.7616 301.0000
   8.412   1.0954   0.03262   0.01584   0.0113   0.0510   1.0001 128.8913 301.0000
   8.498   1.1030   0.03314   0.01607   0.0114   0.0504   1.0001 129.0187 301.0000
   8.583   1.1044   0.03378   0.01680   0.0123   0.0498   1.0001 129.1490 301.0000
   8.668   1.1069   0.03441   0.01743   0.0131   0.0492   1.0001 129.2888 301.0000
   8.754   1.1103   0.03496   0.01795   0.0138   0.0485   1.0001 129.4287 301.0000
   8.839   1.1148   0.03542   0.01831   0.0143   0.0479   1.0001 129.5624 301.0000
   8.925   1.1202   0.03579   0.01856   0.0146   0.0474   1.0001 129.6886 301.0000
   9.010   1.1263   0.03613   0.01873   0.0149   0.0468   1.0001 129.8059 301.0000
   9.095   1.1333   0.03648   0.01884   0.0150   0.0464   1.0001 129.9153 301.0000
   9.181   1.1397   0.03708   0.01916   0.0152   0.0459   1.0001 130.0194 301.0000
   9.266   1.1384   0.03787   0.02002   0.0163   0.0455   1.0001 130.1061 301.0000
   9.352   1.1376   0.03867   0.02084   0.0174   0.0451   1.0001 130.1988 301.0000
   9.437   1.1373   0.03946   0.02160   0.0183   0.0447   1.0001 130.2926 301.0000
   9.523   1.1374   0.04020   0.02229   0.0192   0.0443   1.0001 130.3854 301.0000
   9.608   1.1381   0.04087   0.02290   0.0199   0.0439   1.0001 130.4759 301.0000
   9.694   1.1391   0.04146   0.02340   0.0207   0.0436   1.0001 130.5618 301.0000
   9.779   1.1412   0.04195   0.02377   0.0214   0.0432   1.0001 130.6474 301.0000
   9.864   1.1455   0.04233   0.02399   0.0218   0.0428   1.0001 130.7376 301.0000
   9.950   1.1497   0.04272   0.02420   0.0222   0.0424   1.0001 130.8227 301.0000
  10.035   1.1562   0.04309   0.02431   0.0224   0.0421   1.0001 130.9110 301.0000
  10.121   1.1642   0.04370   0.02453   0.0223   0.0417   1.0001 131.0017 301.0000
  10.206   1.1577   0.04458   0.02542   0.0237   0.0415   1.0001 131.0361 301.0000
  10.291   1.1513   0.04554   0.02638   0.0250   0.0414   1.0001 131.0708 301.0000
  10.377   1.1449   0.04658   0.02740   0.0261   0.0413   1.0001 131.1048 301.0000
  10.462   1.1385   0.04768   0.02848   0.0270   0.0411   1.0001 131.1372 301.0000
  10.548   1.1318   0.04886   0.02963   0.0278   0.0410   1.0001 131.1674 301.0000
  10.719   1.1180   0.05143   0.03213   0.0290   0.0408   1.0001 131.2185 301.0000
  10.804   1.1106   0.05283   0.03350   0.0294   0.0407   1.0001 131.2389 301.0000
  10.889   1.1029   0.05431   0.03495   0.0296   0.0406   1.0001 131.2554 301.0000
  10.975   1.0947   0.05589   0.03651   0.0298   0.0406   1.0001 131.2683 301.0000
  11.060   1.0860   0.05757   0.03817   0.0298   0.0405   1.0001 131.2768 301.0000
  11.146   1.0769   0.05936   0.03995   0.0297   0.0405   1.0001 131.2808 301.0000
  11.231   1.0672   0.06127   0.04186   0.0294   0.0405   1.0001 131.2808 301.0000
  11.317   1.0569   0.06331   0.04390   0.0291   0.0406   1.0001 131.2758 301.0000
  11.402   1.0460   0.06549   0.04607   0.0285   0.0406   1.0001 131.2659 301.0000
  11.487   1.0347   0.06786   0.04842   0.0277   0.0406   1.0001 131.2515 301.0000
  11.573   1.0229   0.07045   0.05099   0.0265   0.0407   1.0001 131.2314 301.0000
  11.658   1.0106   0.07332   0.05383   0.0250   0.0408   1.0001 131.2055 301.0000
  11.744   0.9980   0.07652   0.05700   0.0230   0.0410   1.0001 131.1739 301.0000
  11.829   0.9851   0.08016   0.06060   0.0204   0.0411   1.0001 131.1366 301.0000
  11.915   0.9721   0.08432   0.06474   0.0172   0.0413   1.0001 131.0942 301.0000
  12.000   0.9592   0.08887   0.06930   0.0138   0.0415   1.0001 131.0504 301.0000
