  
       XFOIL         Version 6.99
  
 Calculated polar for: Repaneled_Airfoil                               
  
 1 1 Reynolds number fixed          Mach number fixed         
  
 xtrf =   1.000 (top)        1.000 (bottom)  
 Mach =   0.000     Re =     0.200 e 6     Ncrit =   9.000  9.000
  
   alpha    CL        CD       CDp       CM     Top_Xtr  Bot_Xtr  Top_Itr  Bot_Itr
  ------ -------- --------- --------- -------- -------- -------- -------- --------
  -5.000  -0.0741   0.01647   0.00800  -0.0674   0.9307   0.4980  26.3158 225.6836
  -4.915  -0.0633   0.01648   0.00804  -0.0676   0.9290   0.5043  26.6220 226.2884
  -4.829  -0.0490   0.01648   0.00803  -0.0684   0.9278   0.5117  26.8540 226.9980
  -4.744  -0.0366   0.01647   0.00807  -0.0689   0.9264   0.5171  27.0964 227.5180
  -4.658  -0.0297   0.01652   0.00812  -0.0683   0.9244   0.5225  27.4678 228.0327
  -4.573  -0.0174   0.01651   0.00815  -0.0688   0.9230   0.5277  27.7095 228.5347
  -4.487  -0.0027   0.01649   0.00814  -0.0697   0.9220   0.5340  27.8934 229.1320
  -4.402   0.0068   0.01651   0.00819  -0.0697   0.9204   0.5387  28.1796 229.5852
  -4.317   0.0150   0.01656   0.00823  -0.0694   0.9185   0.5437  28.5062 230.0709
  -4.231   0.0275   0.01655   0.00826  -0.0699   0.9173   0.5486  28.7178 230.5365
  -4.146   0.0419   0.01653   0.00825  -0.0707   0.9163   0.5544  28.8803 231.1040
  -4.060   0.0549   0.01652   0.00828  -0.0713   0.9153   0.5596  29.0549 231.5978
  -3.975   0.0590   0.01661   0.00836  -0.0703   0.9130   0.5641  29.4493 232.0384
  -3.889   0.0707   0.01662   0.00841  -0.0706   0.9117   0.5688  29.6613 232.4880
  -3.804   0.0844   0.01661   0.00840  -0.0714   0.9108   0.5747  29.8204 233.0646
  -3.719   0.0993   0.01658   0.00841  -0.0723   0.9100   0.5796  29.9440 233.5398
  -3.633   0.1040   0.01667   0.00848  -0.0714   0.9076   0.5843  30.3385 233.9945
  -3.548   0.1148   0.01667   0.00852  -0.0715   0.9060   0.5884  30.5988 234.3894
  -3.462   0.1294   0.01664   0.00850  -0.0724   0.9049   0.5945  30.7811 234.9913
  -3.377   0.1452   0.01657   0.00847  -0.0734   0.9040   0.5994  30.9257 235.4642
  -3.292   0.1512   0.01664   0.00853  -0.0727   0.9015   0.6044  31.3313 235.9535
  -3.206   0.1622   0.01662   0.00854  -0.0728   0.8997   0.6087  31.6094 236.3836
  -3.121   0.1762   0.01657   0.00849  -0.0735   0.8986   0.6147  31.7989 236.9734
  -3.035   0.1907   0.01647   0.00843  -0.0743   0.8976   0.6190  31.9447 237.3966
  -2.950   0.1962   0.01654   0.00849  -0.0735   0.8949   0.6231  32.3672 237.7992
  -2.864   0.2073   0.01650   0.00846  -0.0737   0.8932   0.6270  32.6248 238.1882
  -2.779   0.2208   0.01640   0.00838  -0.0742   0.8921   0.6307  32.8068 238.5562
  -2.693   0.2353   0.01628   0.00826  -0.0750   0.8911   0.6352  32.9512 238.9995
  -2.608   0.2409   0.01632   0.00830  -0.0743   0.8881   0.6378  33.4019 239.2597
  -2.523   0.2526   0.01622   0.00822  -0.0745   0.8864   0.6415  33.6644 239.6328
  -2.437   0.2665   0.01608   0.00808  -0.0751   0.8852   0.6459  33.8476 240.0679
  -2.352   0.2805   0.01590   0.00794  -0.0757   0.8842   0.6494  33.9900 240.4221
  -2.266   0.2853   0.01597   0.00799  -0.0749   0.8807   0.6531  34.5016 240.7932
  -2.181   0.2976   0.01582   0.00787  -0.0752   0.8792   0.6571  34.7321 241.1970
  -2.095   0.3113   0.01562   0.00770  -0.0757   0.8779   0.6613  34.9152 241.6155
  -2.010   0.3189   0.01559   0.00766  -0.0752   0.8747   0.6656  35.3746 242.0536
  -1.925   0.3303   0.01541   0.00752  -0.0753   0.8725   0.6695  35.6877 242.4478
  -1.839   0.3438   0.01518   0.00732  -0.0757   0.8710   0.6746  35.9021 242.9705
  -1.754   0.3518   0.01510   0.00726  -0.0752   0.8678   0.6785  36.3513 243.3676
  -1.668   0.3625   0.01495   0.00713  -0.0752   0.8655   0.6835  36.6771 243.8845
  -1.583   0.3748   0.01472   0.00694  -0.0754   0.8640   0.6882  36.8845 244.3671
  -1.498   0.3834   0.01465   0.00688  -0.0751   0.8613   0.6935  37.2586 244.9163
  -1.412   0.3926   0.01453   0.00681  -0.0748   0.8588   0.6983  37.5976 245.4093
  -1.327   0.4040   0.01436   0.00666  -0.0749   0.8572   0.7042  37.8154 246.0277
  -1.241   0.4158   0.01413   0.00648  -0.0750   0.8560   0.7097  37.9879 246.6051
  -1.156   0.4221   0.01413   0.00650  -0.0744   0.8522   0.7155  38.4858 247.2156
  -1.070   0.4327   0.01395   0.00636  -0.0743   0.8503   0.7222  38.7499 247.9326
  -0.985   0.4442   0.01371   0.00618  -0.0743   0.8488   0.7291  38.9509 248.6677
  -0.899   0.4512   0.01365   0.00616  -0.0737   0.8451   0.7365  39.4301 249.4679
  -0.814   0.4613   0.01345   0.00601  -0.0735   0.8428   0.7450  39.7339 250.4010
  -0.729   0.4726   0.01319   0.00582  -0.0734   0.8411   0.7551  39.9581 251.5074
  -0.643   0.4797   0.01309   0.00578  -0.0728   0.8371   0.7668  40.4688 252.8162
  -0.558   0.4902   0.01283   0.00562  -0.0726   0.8346   0.7822  40.7863 254.5812
  -0.472   0.5015   0.01255   0.00546  -0.0725   0.8322   0.8059  41.0951 257.3866
  -0.387   0.5165   0.01231   0.00541  -0.0731   0.8283   0.8569  41.5888 263.9024
  -0.301   0.5577   0.01187   0.00510  -0.0792   0.8256   0.9850  41.9292 289.2418
  -0.216   0.5726   0.01178   0.00500  -0.0802   0.8210   1.0001  42.5026 301.0000
  -0.131   0.5831   0.01162   0.00480  -0.0801   0.8177   1.0001  42.9090 301.0000
  -0.045   0.5910   0.01157   0.00471  -0.0796   0.8129   1.0001  43.5005 301.0000
   0.040   0.6014   0.01140   0.00451  -0.0795   0.8092   1.0001  43.9460 301.0000
   0.126   0.6091   0.01135   0.00442  -0.0789   0.8037   1.0001  44.6085 301.0000
   0.211   0.6186   0.01122   0.00425  -0.0786   0.7990   1.0001  45.1675 301.0000
   0.296   0.6273   0.01111   0.00410  -0.0782   0.7934   1.0001  45.8306 301.0000
   0.382   0.6355   0.01103   0.00399  -0.0777   0.7871   1.0001  46.5657 301.0000
   0.467   0.6443   0.01092   0.00384  -0.0773   0.7807   1.0001  47.3059 301.0000
   0.553   0.6532   0.01081   0.00368  -0.0769   0.7737   1.0001  48.1056 301.0000
   0.638   0.6617   0.01071   0.00353  -0.0764   0.7656   1.0001  49.0227 301.0000
   0.724   0.6695   0.01064   0.00342  -0.0759   0.7557   1.0001  50.1208 301.0000
   0.809   0.6771   0.01057   0.00331  -0.0753   0.7438   1.0001  51.4247 301.0000
   0.894   0.6852   0.01048   0.00315  -0.0747   0.7299   1.0001  52.9232 301.0000
   1.065   0.6996   0.01035   0.00283  -0.0732   0.6755   1.0001  58.5863 301.0000
   1.151   0.7066   0.01030   0.00231  -0.0720   0.6121   1.0001  64.9010 301.0000
   1.236   0.7104   0.01060   0.00219  -0.0706   0.5641   1.0001  69.5514 301.0000
   1.322   0.7139   0.01097   0.00221  -0.0694   0.5212   1.0001  73.6605 301.0000
   1.407   0.7176   0.01133   0.00228  -0.0683   0.4849   1.0001  77.1262 301.0000
   1.492   0.7220   0.01165   0.00235  -0.0673   0.4569   1.0001  79.7982 301.0000
   1.578   0.7271   0.01194   0.00243  -0.0665   0.4365   1.0001  81.7579 301.0000
   1.663   0.7327   0.01220   0.00251  -0.0658   0.4209   1.0001  83.2598 301.0000
   1.749   0.7389   0.01243   0.00259  -0.0652   0.4086   1.0001  84.4514 301.0000
   1.834   0.7454   0.01265   0.00267  -0.0647   0.3984   1.0001  85.4444 301.0000
   1.920   0.7522   0.01286   0.00275  -0.0642   0.3897   1.0001  86.2863 301.0000
   2.005   0.7591   0.01307   0.00283  -0.0638   0.3823   1.0001  87.0097 301.0000
   2.091   0.7665   0.01324   0.00290  -0.0634   0.3751   1.0001  87.7202 301.0000
   2.176   0.7738   0.01342   0.00298  -0.0630   0.3687   1.0001  88.3522 301.0000
   2.261   0.7812   0.01361   0.00306  -0.0627   0.3630   1.0001  88.9209 301.0000
   2.347   0.7889   0.01376   0.00313  -0.0623   0.3571   1.0001  89.5041 301.0000
   2.432   0.7963   0.01395   0.00320  -0.0620   0.3522   1.0001  89.9886 301.0000
   2.518   0.8042   0.01409   0.00328  -0.0617   0.3468   1.0001  90.5367 301.0000
   2.603   0.8117   0.01428   0.00335  -0.0614   0.3423   1.0001  90.9841 301.0000
   2.688   0.8198   0.01441   0.00343  -0.0611   0.3370   1.0001  91.5145 301.0000
   2.774   0.8274   0.01460   0.00350  -0.0608   0.3327   1.0001  91.9516 301.0000
   2.859   0.8354   0.01473   0.00357  -0.0605   0.3278   1.0001  92.4497 301.0000
   2.945   0.8432   0.01490   0.00364  -0.0603   0.3236   1.0001  92.8796 301.0000
   3.030   0.8512   0.01504   0.00372  -0.0600   0.3191   1.0001  93.3384 301.0000
   3.116   0.8590   0.01519   0.00378  -0.0597   0.3147   1.0001  93.7834 301.0000
   3.201   0.8669   0.01534   0.00386  -0.0595   0.3105   1.0001  94.2161 301.0000
   3.286   0.8748   0.01548   0.00392  -0.0592   0.3060   1.0001  94.6831 301.0000
   3.372   0.8826   0.01565   0.00399  -0.0589   0.3021   1.0001  95.0851 301.0000
   3.457   0.8905   0.01576   0.00406  -0.0586   0.2975   1.0001  95.5652 301.0000
   3.543   0.8982   0.01593   0.00412  -0.0583   0.2937   1.0001  95.9583 301.0000
   3.628   0.9061   0.01604   0.00419  -0.0581   0.2892   1.0001  96.4379 301.0000
   3.714   0.9138   0.01619   0.00425  -0.0578   0.2852   1.0001  96.8573 301.0000
   3.799   0.9216   0.01632   0.00431  -0.0575   0.2810   1.0001  97.3052 301.0000
   3.884   0.9292   0.01645   0.00437  -0.0572   0.2767   1.0001  97.7582 301.0000
   3.970   0.9369   0.01659   0.00443  -0.0569   0.2727   1.0001  98.1855 301.0000
   4.055   0.9445   0.01670   0.00449  -0.0566   0.2682   1.0001  98.6703 301.0000
   4.141   0.9520   0.01685   0.00453  -0.0562   0.2644   1.0001  99.0830 301.0000
   4.226   0.9595   0.01695   0.00459  -0.0559   0.2595   1.0001  99.6089 301.0000
   4.312   0.9668   0.01710   0.00462  -0.0556   0.2557   1.0001 100.0255 301.0000
   4.397   0.9743   0.01718   0.00468  -0.0552   0.2505   1.0001 100.5880 301.0000
   4.482   0.9815   0.01732   0.00471  -0.0548   0.2466   1.0001 101.0166 301.0000
   4.568   0.9889   0.01741   0.00476  -0.0545   0.2415   1.0001 101.5920 301.0000
   4.653   0.9960   0.01755   0.00479  -0.0541   0.2375   1.0001 102.0292 301.0000
   4.739   1.0034   0.01763   0.00484  -0.0537   0.2323   1.0001 102.6243 301.0000
   4.824   1.0103   0.01777   0.00487  -0.0533   0.2280   1.0001 103.1105 301.0000
   4.910   1.0176   0.01786   0.00491  -0.0530   0.2225   1.0001 103.7318 301.0000
   4.995   1.0245   0.01798   0.00495  -0.0525   0.2174   1.0001 104.3193 301.0000
   5.080   1.0313   0.01810   0.00497  -0.0521   0.2123   1.0001 104.9068 301.0000
   5.166   1.0383   0.01821   0.00501  -0.0517   0.2063   1.0001 105.6111 301.0000
   5.251   1.0450   0.01834   0.00504  -0.0513   0.2007   1.0001 106.2776 301.0000
   5.337   1.0514   0.01848   0.00506  -0.0508   0.1950   1.0001 106.9590 301.0000
   5.422   1.0582   0.01862   0.00510  -0.0504   0.1885   1.0001 107.7390 301.0000
   5.508   1.0647   0.01877   0.00515  -0.0499   0.1823   1.0001 108.5029 301.0000
   5.593   1.0710   0.01895   0.00520  -0.0494   0.1763   1.0001 109.2537 301.0000
   5.764   1.0833   0.01934   0.00533  -0.0484   0.1639   1.0001 110.8225 301.0000
   5.849   1.0894   0.01955   0.00542  -0.0479   0.1576   1.0001 111.6370 301.0000
   5.935   1.0953   0.01978   0.00552  -0.0474   0.1516   1.0001 112.4282 301.0000
   6.020   1.1008   0.02003   0.00561  -0.0468   0.1461   1.0001 113.1693 301.0000
   6.106   1.1061   0.02028   0.00572  -0.0462   0.1407   1.0001 113.9058 301.0000
   6.191   1.1116   0.02053   0.00584  -0.0456   0.1350   1.0001 114.6949 301.0000
   6.276   1.1168   0.02080   0.00596  -0.0449   0.1298   1.0001 115.4209 301.0000
   6.362   1.1213   0.02110   0.00609  -0.0442   0.1254   1.0001 116.0549 301.0000
   6.447   1.1267   0.02137   0.00622  -0.0436   0.1204   1.0001 116.7768 301.0000
   6.533   1.1316   0.02166   0.00637  -0.0429   0.1159   1.0001 117.4425 301.0000
   6.618   1.1359   0.02199   0.00651  -0.0422   0.1123   1.0001 117.9899 301.0000
   6.704   1.1415   0.02226   0.00666  -0.0416   0.1077   1.0001 118.6816 301.0000
   6.789   1.1461   0.02258   0.00682  -0.0410   0.1042   1.0001 119.2229 301.0000
   6.874   1.1511   0.02287   0.00697  -0.0403   0.1007   1.0001 119.7823 301.0000
   6.960   1.1559   0.02320   0.00714  -0.0397   0.0975   1.0001 120.2956 301.0000
   7.045   1.1607   0.02351   0.00731  -0.0391   0.0944   1.0001 120.7942 301.0000
   7.131   1.1655   0.02385   0.00749  -0.0384   0.0916   1.0001 121.2513 301.0000
   7.216   1.1704   0.02416   0.00766  -0.0378   0.0888   1.0001 121.7180 301.0000
   7.387   1.1799   0.02484   0.00804  -0.0366   0.0840   1.0001 122.5327 301.0000
   7.472   1.1843   0.02519   0.00821  -0.0359   0.0821   1.0001 122.8691 301.0000
   7.558   1.1890   0.02556   0.00843  -0.0353   0.0800   1.0001 123.2292 301.0000
   7.643   1.1940   0.02589   0.00863  -0.0347   0.0779   1.0001 123.6053 301.0000
   7.729   1.1982   0.02627   0.00882  -0.0341   0.0763   1.0001 123.8890 301.0000
   7.814   1.2029   0.02665   0.00905  -0.0335   0.0746   1.0001 124.1951 301.0000
   7.899   1.2079   0.02700   0.00927  -0.0329   0.0728   1.0001 124.5227 301.0000
   7.985   1.2124   0.02737   0.00947  -0.0323   0.0714   1.0001 124.7863 301.0000
   8.070   1.2166   0.02783   0.00967  -0.0318   0.0703   1.0001 124.9991 301.0000
   8.156   1.2218   0.02817   0.00994  -0.0312   0.0686   1.0001 125.3034 301.0000
   8.241   1.2265   0.02855   0.01017  -0.0306   0.0673   1.0001 125.5682 301.0000
   8.327   1.2311   0.02894   0.01037  -0.0301   0.0661   1.0001 125.7902 301.0000
   8.412   1.2359   0.02941   0.01058  -0.0296   0.0651   1.0001 125.9803 301.0000
   8.498   1.2407   0.02980   0.01087  -0.0290   0.0638   1.0001 126.2311 301.0000
   8.583   1.2454   0.03018   0.01114  -0.0284   0.0626   1.0001 126.4745 301.0000
   8.668   1.2501   0.03058   0.01136  -0.0279   0.0615   1.0001 126.6894 301.0000
   8.754   1.2550   0.03100   0.01156  -0.0274   0.0605   1.0001 126.8771 301.0000
   8.839   1.2601   0.03147   0.01181  -0.0270   0.0596   1.0001 127.0688 301.0000
   8.925   1.2642   0.03187   0.01213  -0.0264   0.0585   1.0001 127.2973 301.0000
   9.010   1.2685   0.03227   0.01240  -0.0258   0.0574   1.0001 127.5138 301.0000
   9.095   1.2729   0.03267   0.01263  -0.0253   0.0565   1.0001 127.7069 301.0000
   9.181   1.2780   0.03309   0.01282  -0.0249   0.0556   1.0001 127.8795 301.0000
   9.266   1.2834   0.03358   0.01306  -0.0245   0.0548   1.0001 128.0555 301.0000
   9.352   1.2867   0.03402   0.01343  -0.0238   0.0539   1.0001 128.2484 301.0000
   9.437   1.2905   0.03446   0.01375  -0.0232   0.0530   1.0001 128.4364 301.0000
   9.523   1.2945   0.03489   0.01403  -0.0227   0.0522   1.0001 128.6096 301.0000
   9.608   1.2991   0.03531   0.01426  -0.0223   0.0515   1.0001 128.7684 301.0000
   9.694   1.3049   0.03576   0.01444  -0.0220   0.0507   1.0001 128.9207 301.0000
   9.779   1.3097   0.03629   0.01475  -0.0215   0.0500   1.0001 129.0764 301.0000
   9.864   1.3121   0.03679   0.01517  -0.0208   0.0493   1.0001 129.2335 301.0000
   9.950   1.3152   0.03730   0.01556  -0.0202   0.0486   1.0001 129.3916 301.0000
  10.035   1.3187   0.03778   0.01590  -0.0197   0.0480   1.0001 129.5394 301.0000
  10.121   1.3225   0.03826   0.01620  -0.0192   0.0474   1.0001 129.6755 301.0000
  10.206   1.3270   0.03871   0.01645  -0.0188   0.0468   1.0001 129.8039 301.0000
  10.291   1.3335   0.03918   0.01663  -0.0186   0.0462   1.0001 129.9337 301.0000
  10.377   1.3381   0.03976   0.01699  -0.0182   0.0456   1.0001 130.0595 301.0000
  10.462   1.3391   0.04036   0.01751  -0.0174   0.0451   1.0001 130.1747 301.0000
  10.548   1.3408   0.04096   0.01799  -0.0167   0.0446   1.0001 130.2974 301.0000
  10.633   1.3433   0.04154   0.01842  -0.0161   0.0441   1.0001 130.4198 301.0000
  10.719   1.3459   0.04211   0.01884  -0.0156   0.0436   1.0001 130.5361 301.0000
  10.804   1.3490   0.04265   0.01921  -0.0151   0.0431   1.0001 130.6451 301.0000
  10.889   1.3526   0.04318   0.01954  -0.0147   0.0427   1.0001 130.7469 301.0000
  10.975   1.3572   0.04369   0.01983  -0.0143   0.0423   1.0001 130.8436 301.0000
  11.060   1.3647   0.04420   0.02002  -0.0142   0.0418   1.0001 130.9488 301.0000
  11.146   1.3688   0.04490   0.02047  -0.0138   0.0415   1.0001 131.0397 301.0000
  11.231   1.3677   0.04568   0.02115  -0.0130   0.0412   1.0001 131.1092 301.0000
  11.317   1.3671   0.04647   0.02183  -0.0123   0.0409   1.0001 131.1847 301.0000
  11.402   1.3670   0.04726   0.02249  -0.0116   0.0405   1.0001 131.2629 301.0000
  11.487   1.3672   0.04805   0.02313  -0.0110   0.0402   1.0001 131.3418 301.0000
  11.573   1.3678   0.04883   0.02375  -0.0104   0.0399   1.0001 131.4204 301.0000
  11.658   1.3688   0.04958   0.02434  -0.0099   0.0396   1.0001 131.4977 301.0000
  11.744   1.3703   0.05031   0.02489  -0.0094   0.0393   1.0001 131.5734 301.0000
  11.829   1.3720   0.05102   0.02541  -0.0090   0.0390   1.0001 131.6469 301.0000
  11.915   1.3738   0.05173   0.02592  -0.0086   0.0387   1.0001 131.7171 301.0000
  12.000   1.3762   0.05241   0.02639  -0.0082   0.0384   1.0001 131.7865 301.0000
