  
       XFOIL         Version 6.99
  
 Calculated polar for: Repaneled_Airfoil                               
  
 1 1 Reynolds number fixed          Mach number fixed         
  
 xtrf =   1.000 (top)        1.000 (bottom)  
 Mach =   0.000     Re =     0.200 e 6     Ncrit =   9.000  9.000
  
   alpha    CL        CD       CDp       CM     Top_Xtr  Bot_Xtr  Top_Itr  Bot_Itr
  ------ -------- --------- --------- -------- -------- -------- -------- --------
  -5.000  -0.0049   0.01829   0.00953  -0.0843   0.9251   0.4196  27.3153 218.1584
  -4.915   0.0059   0.01830   0.00958  -0.0845   0.9234   0.4386  27.6301 220.0024
  -4.829   0.0204   0.01828   0.00962  -0.0854   0.9220   0.4556  27.8729 221.6406
  -4.744   0.0305   0.01830   0.00966  -0.0855   0.9202   0.4682  28.1810 222.8483
  -4.658   0.0389   0.01832   0.00972  -0.0852   0.9183   0.4783  28.5253 223.8224
  -4.573   0.0518   0.01832   0.00975  -0.0858   0.9169   0.4893  28.7669 224.8741
  -4.487   0.0665   0.01830   0.00975  -0.0867   0.9158   0.4999  28.9508 225.8961
  -4.402   0.0723   0.01835   0.00983  -0.0859   0.9136   0.5066  29.3231 226.5370
  -4.317   0.0829   0.01836   0.00987  -0.0861   0.9118   0.5148  29.6176 227.3233
  -4.231   0.0966   0.01834   0.00987  -0.0868   0.9106   0.5237  29.8325 228.1732
  -4.146   0.1120   0.01831   0.00985  -0.0878   0.9096   0.5326  29.9955 229.0329
  -4.060   0.1153   0.01839   0.00996  -0.0866   0.9069   0.5374  30.4321 229.4862
  -3.975   0.1271   0.01839   0.00997  -0.0869   0.9054   0.5446  30.6842 230.1804
  -3.889   0.1411   0.01836   0.00996  -0.0877   0.9042   0.5520  30.8680 230.9004
  -3.804   0.1530   0.01835   0.00998  -0.0880   0.9029   0.5582  31.0843 231.4939
  -3.719   0.1587   0.01843   0.01005  -0.0873   0.9004   0.5640  31.4865 232.0534
  -3.633   0.1706   0.01842   0.01007  -0.0876   0.8990   0.5702  31.7088 232.6524
  -3.548   0.1845   0.01839   0.01007  -0.0883   0.8979   0.5770  31.8726 233.3164
  -3.462   0.1998   0.01836   0.01005  -0.0893   0.8971   0.5846  31.9953 234.0552
  -3.377   0.2016   0.01848   0.01017  -0.0878   0.8939   0.5885  32.4942 234.4274
  -3.292   0.2141   0.01847   0.01016  -0.0883   0.8925   0.5950  32.7092 235.0698
  -3.206   0.2288   0.01842   0.01014  -0.0891   0.8915   0.6008  32.8653 235.6370
  -3.121   0.2450   0.01835   0.01009  -0.0902   0.8907   0.6070  32.9866 236.2433
  -3.035   0.2468   0.01846   0.01019  -0.0887   0.8871   0.6109  33.5213 236.6290
  -2.950   0.2607   0.01841   0.01015  -0.0894   0.8858   0.6168  33.7291 237.2070
  -2.864   0.2766   0.01832   0.01008  -0.0904   0.8848   0.6230  33.8767 237.8179
  -2.779   0.2936   0.01821   0.00999  -0.0916   0.8841   0.6287  33.9862 238.3815
  -2.693   0.2950   0.01832   0.01007  -0.0901   0.8801   0.6331  34.5580 238.8177
  -2.608   0.3099   0.01821   0.00999  -0.0909   0.8789   0.6387  34.7466 239.3805
  -2.523   0.3262   0.01808   0.00986  -0.0919   0.8779   0.6456  34.8882 240.0628
  -2.352   0.3449   0.01797   0.00977  -0.0916   0.8729   0.6563  35.6058 241.1447
  -2.266   0.3595   0.01779   0.00960  -0.0922   0.8716   0.6632  35.7927 241.8376
  -2.181   0.3748   0.01755   0.00941  -0.0930   0.8706   0.6695  35.9316 242.4788
  -2.095   0.3805   0.01755   0.00940  -0.0922   0.8670   0.6753  36.4418 243.0714
  -2.010   0.3929   0.01736   0.00925  -0.0925   0.8652   0.6815  36.6848 243.7107
  -1.925   0.4069   0.01711   0.00906  -0.0930   0.8641   0.6881  36.8443 244.3850
  -1.839   0.4213   0.01687   0.00885  -0.0936   0.8632   0.6950  36.9690 245.0985
  -1.754   0.4256   0.01690   0.00888  -0.0926   0.8592   0.7000  37.5126 245.6226
  -1.668   0.4378   0.01671   0.00872  -0.0928   0.8578   0.7060  37.7087 246.2534
  -1.583   0.4506   0.01651   0.00856  -0.0932   0.8567   0.7123  37.8514 246.9134
  -1.498   0.4636   0.01627   0.00837  -0.0936   0.8559   0.7181  37.9640 247.5309
  -1.412   0.4685   0.01631   0.00841  -0.0927   0.8521   0.7240  38.4747 248.1569
  -1.327   0.4797   0.01614   0.00828  -0.0928   0.8505   0.7307  38.6857 248.8760
  -1.241   0.4920   0.01591   0.00811  -0.0930   0.8494   0.7376  38.8337 249.6234
  -1.156   0.5048   0.01565   0.00791  -0.0933   0.8485   0.7453  38.9538 250.4661
  -1.070   0.5101   0.01565   0.00792  -0.0925   0.8446   0.7531  39.4675 251.3228
  -0.985   0.5214   0.01542   0.00775  -0.0925   0.8428   0.7625  39.6933 252.3695
  -0.899   0.5339   0.01512   0.00754  -0.0927   0.8416   0.7735  39.8539 253.6176
  -0.814   0.5469   0.01480   0.00731  -0.0929   0.8406   0.7872  39.9889 255.1911
  -0.729   0.5531   0.01473   0.00731  -0.0922   0.8363   0.8057  40.5390 257.3858
  -0.643   0.5693   0.01435   0.00713  -0.0930   0.8348   0.8469  40.7300 262.5876
  -0.558   0.6078   0.01390   0.00685  -0.0986   0.8340   1.0001  40.8377 301.0000
  -0.472   0.6193   0.01374   0.00667  -0.0987   0.8318   1.0001  41.1135 301.0000
  -0.387   0.6270   0.01371   0.00660  -0.0983   0.8280   1.0001  41.5953 301.0000
  -0.301   0.6394   0.01350   0.00638  -0.0985   0.8261   1.0001  41.8369 301.0000
  -0.216   0.6495   0.01338   0.00623  -0.0984   0.8232   1.0001  42.1939 301.0000
  -0.131   0.6584   0.01329   0.00612  -0.0981   0.8196   1.0001  42.6333 301.0000
  -0.045   0.6707   0.01307   0.00588  -0.0983   0.8176   1.0001  42.8912 301.0000
   0.040   0.6787   0.01301   0.00579  -0.0978   0.8135   1.0001  43.3889 301.0000
   0.126   0.6894   0.01283   0.00560  -0.0978   0.8104   1.0001  43.7608 301.0000
   0.211   0.7004   0.01265   0.00539  -0.0977   0.8075   1.0001  44.1178 301.0000
   0.296   0.7085   0.01257   0.00528  -0.0973   0.8028   1.0001  44.6749 301.0000
   0.382   0.7207   0.01232   0.00502  -0.0974   0.8000   1.0001  45.0114 301.0000
   0.467   0.7277   0.01227   0.00494  -0.0967   0.7943   1.0001  45.6802 301.0000
   0.553   0.7378   0.01210   0.00474  -0.0965   0.7900   1.0001  46.1880 301.0000
   0.638   0.7468   0.01197   0.00458  -0.0961   0.7846   1.0001  46.8117 301.0000
   0.724   0.7548   0.01188   0.00445  -0.0956   0.7784   1.0001  47.5206 301.0000
   0.809   0.7643   0.01172   0.00426  -0.0953   0.7726   1.0001  48.1819 301.0000
   0.894   0.7734   0.01159   0.00409  -0.0949   0.7659   1.0001  48.9410 301.0000
   0.980   0.7813   0.01151   0.00396  -0.0944   0.7575   1.0001  49.8751 301.0000
   1.065   0.7894   0.01141   0.00383  -0.0939   0.7479   1.0001  50.9282 301.0000
   1.151   0.7969   0.01133   0.00370  -0.0933   0.7364   1.0001  52.1767 301.0000
   1.236   0.8039   0.01127   0.00358  -0.0925   0.7216   1.0001  53.7638 301.0000
   1.322   0.8115   0.01117   0.00340  -0.0919   0.7007   1.0001  55.9592 301.0000
   1.407   0.8207   0.01099   0.00305  -0.0913   0.6570   1.0001  60.4066 301.0000
   1.492   0.8315   0.01086   0.00249  -0.0908   0.6202   1.0001  64.0618 301.0000
   1.578   0.8373   0.01109   0.00237  -0.0898   0.5876   1.0001  67.2374 301.0000
   1.663   0.8423   0.01139   0.00238  -0.0889   0.5582   1.0001  70.0725 301.0000
   1.749   0.8470   0.01168   0.00243  -0.0879   0.5303   1.0001  72.7462 301.0000
   1.834   0.8517   0.01197   0.00249  -0.0869   0.5045   1.0001  75.2080 301.0000
   1.920   0.8564   0.01225   0.00255  -0.0860   0.4816   1.0001  77.3906 301.0000
   2.005   0.8612   0.01252   0.00262  -0.0852   0.4626   1.0001  79.2021 301.0000
   2.091   0.8665   0.01278   0.00269  -0.0844   0.4467   1.0001  80.7305 301.0000
   2.176   0.8720   0.01302   0.00276  -0.0836   0.4340   1.0001  81.9484 301.0000
   2.261   0.8780   0.01325   0.00283  -0.0830   0.4231   1.0001  83.0008 301.0000
   2.347   0.8843   0.01346   0.00291  -0.0824   0.4137   1.0001  83.9085 301.0000
   2.432   0.8910   0.01366   0.00298  -0.0819   0.4054   1.0001  84.7133 301.0000
   2.518   0.8978   0.01385   0.00305  -0.0815   0.3981   1.0001  85.4249 301.0000
   2.603   0.9046   0.01406   0.00312  -0.0810   0.3917   1.0001  86.0473 301.0000
   2.688   0.9119   0.01423   0.00320  -0.0806   0.3852   1.0001  86.6798 301.0000
   2.774   0.9190   0.01442   0.00327  -0.0802   0.3796   1.0001  87.2302 301.0000
   2.859   0.9263   0.01460   0.00334  -0.0798   0.3741   1.0001  87.7702 301.0000
   2.945   0.9338   0.01477   0.00341  -0.0794   0.3689   1.0001  88.2821 301.0000
   3.030   0.9412   0.01494   0.00349  -0.0791   0.3639   1.0001  88.7816 301.0000
   3.116   0.9487   0.01512   0.00356  -0.0788   0.3591   1.0001  89.2533 301.0000
   3.201   0.9563   0.01528   0.00363  -0.0784   0.3544   1.0001  89.7236 301.0000
   3.286   0.9638   0.01546   0.00370  -0.0781   0.3501   1.0001  90.1497 301.0000
   3.372   0.9715   0.01560   0.00377  -0.0778   0.3455   1.0001  90.6185 301.0000
   3.457   0.9790   0.01581   0.00384  -0.0775   0.3416   1.0001  91.0049 301.0000
   3.543   0.9868   0.01593   0.00391  -0.0771   0.3369   1.0001  91.4765 301.0000
   3.628   0.9943   0.01611   0.00398  -0.0768   0.3329   1.0001  91.8806 301.0000
   3.714   1.0020   0.01626   0.00405  -0.0765   0.3288   1.0001  92.3006 301.0000
   3.799   1.0096   0.01641   0.00412  -0.0762   0.3247   1.0001  92.7120 301.0000
   3.884   1.0173   0.01659   0.00419  -0.0759   0.3212   1.0001  93.0737 301.0000
   3.970   1.0249   0.01671   0.00426  -0.0756   0.3169   1.0001  93.5138 301.0000
   4.055   1.0324   0.01689   0.00432  -0.0753   0.3132   1.0001  93.8966 301.0000
   4.141   1.0399   0.01703   0.00439  -0.0749   0.3091   1.0001  94.3139 301.0000
   4.226   1.0473   0.01717   0.00446  -0.0746   0.3051   1.0001  94.7277 301.0000
   4.312   1.0548   0.01734   0.00452  -0.0743   0.3015   1.0001  95.0987 301.0000
   4.397   1.0620   0.01746   0.00458  -0.0739   0.2973   1.0001  95.5437 301.0000
   4.482   1.0692   0.01763   0.00463  -0.0735   0.2936   1.0001  95.9225 301.0000
   4.568   1.0764   0.01775   0.00470  -0.0731   0.2895   1.0001  96.3564 301.0000
   4.653   1.0834   0.01789   0.00476  -0.0727   0.2856   1.0001  96.7701 301.0000
   4.739   1.0905   0.01804   0.00481  -0.0723   0.2819   1.0001  97.1578 301.0000
   4.824   1.0974   0.01816   0.00487  -0.0719   0.2777   1.0001  97.6077 301.0000
   4.910   1.1043   0.01833   0.00491  -0.0714   0.2741   1.0001  97.9821 301.0000
   4.995   1.1109   0.01842   0.00497  -0.0710   0.2696   1.0001  98.4692 301.0000
   5.080   1.1174   0.01857   0.00501  -0.0705   0.2657   1.0001  98.8934 301.0000
   5.166   1.1239   0.01868   0.00506  -0.0700   0.2611   1.0001  99.3898 301.0000
   5.251   1.1301   0.01881   0.00509  -0.0694   0.2567   1.0001  99.8620 301.0000
   5.337   1.1363   0.01892   0.00513  -0.0689   0.2519   1.0001 100.3944 301.0000
   5.422   1.1420   0.01905   0.00516  -0.0682   0.2473   1.0001 100.8972 301.0000
   5.508   1.1477   0.01915   0.00519  -0.0676   0.2421   1.0001 101.4755 301.0000
   5.593   1.1528   0.01929   0.00520  -0.0668   0.2376   1.0001 101.9736 301.0000
   5.678   1.1585   0.01938   0.00524  -0.0662   0.2317   1.0001 102.6344 301.0000
   5.764   1.1638   0.01951   0.00526  -0.0655   0.2264   1.0001 103.2415 301.0000
   5.849   1.1690   0.01965   0.00529  -0.0648   0.2205   1.0001 103.9108 301.0000
   5.935   1.1746   0.01978   0.00533  -0.0642   0.2140   1.0001 104.6669 301.0000
   6.020   1.1800   0.01993   0.00536  -0.0635   0.2073   1.0001 105.4441 301.0000
   6.106   1.1851   0.02010   0.00540  -0.0628   0.2001   1.0001 106.2966 301.0000
   6.191   1.1902   0.02028   0.00545  -0.0622   0.1921   1.0001 107.2574 301.0000
   6.276   1.1949   0.02050   0.00551  -0.0615   0.1838   1.0001 108.2714 301.0000
   6.362   1.1996   0.02074   0.00559  -0.0608   0.1746   1.0001 109.4190 301.0000
   6.447   1.2038   0.02103   0.00568  -0.0600   0.1653   1.0001 110.5951 301.0000
   6.533   1.2077   0.02135   0.00580  -0.0593   0.1563   1.0001 111.7690 301.0000
   6.618   1.2115   0.02170   0.00595  -0.0585   0.1475   1.0001 112.9371 301.0000
   6.704   1.2150   0.02208   0.00611  -0.0577   0.1396   1.0001 114.0181 301.0000
   6.789   1.2187   0.02246   0.00629  -0.0569   0.1317   1.0001 115.1076 301.0000
   6.874   1.2223   0.02285   0.00648  -0.0561   0.1248   1.0001 116.1051 301.0000
   6.960   1.2257   0.02326   0.00668  -0.0553   0.1188   1.0001 116.9710 301.0000
   7.045   1.2295   0.02365   0.00689  -0.0546   0.1130   1.0001 117.8453 301.0000
   7.131   1.2334   0.02404   0.00710  -0.0539   0.1078   1.0001 118.6400 301.0000
   7.216   1.2369   0.02445   0.00732  -0.0531   0.1035   1.0001 119.3092 301.0000
   7.301   1.2402   0.02488   0.00754  -0.0523   0.0997   1.0001 119.9003 301.0000
   7.387   1.2441   0.02526   0.00776  -0.0516   0.0958   1.0001 120.5350 301.0000
   7.472   1.2469   0.02572   0.00800  -0.0508   0.0930   1.0001 120.9897 301.0000
   7.558   1.2513   0.02608   0.00822  -0.0502   0.0895   1.0001 121.5736 301.0000
   7.643   1.2542   0.02654   0.00846  -0.0494   0.0872   1.0001 121.9626 301.0000
   7.729   1.2583   0.02692   0.00870  -0.0487   0.0843   1.0001 122.4537 301.0000
   7.814   1.2616   0.02735   0.00894  -0.0480   0.0821   1.0001 122.8296 301.0000
   7.899   1.2649   0.02780   0.00920  -0.0473   0.0801   1.0001 123.1875 301.0000
   7.985   1.2688   0.02820   0.00944  -0.0466   0.0778   1.0001 123.5838 301.0000
   8.070   1.2719   0.02866   0.00969  -0.0459   0.0762   1.0001 123.8793 301.0000
   8.156   1.2753   0.02911   0.00996  -0.0452   0.0745   1.0001 124.1896 301.0000
   8.241   1.2792   0.02952   0.01022  -0.0445   0.0726   1.0001 124.5268 301.0000
   8.327   1.2825   0.02996   0.01047  -0.0438   0.0712   1.0001 124.7947 301.0000
   8.412   1.2851   0.03049   0.01075  -0.0431   0.0700   1.0001 125.0077 301.0000
   8.498   1.2894   0.03089   0.01103  -0.0425   0.0684   1.0001 125.3183 301.0000
   8.583   1.2931   0.03132   0.01130  -0.0418   0.0670   1.0001 125.5850 301.0000
   8.668   1.2964   0.03179   0.01156  -0.0412   0.0658   1.0001 125.8073 301.0000
   8.754   1.2993   0.03233   0.01183  -0.0405   0.0649   1.0001 125.9940 301.0000
   8.839   1.3034   0.03275   0.01214  -0.0399   0.0635   1.0001 126.2623 301.0000
   8.925   1.3072   0.03319   0.01242  -0.0393   0.0622   1.0001 126.5102 301.0000
   9.010   1.3107   0.03364   0.01269  -0.0387   0.0612   1.0001 126.7264 301.0000
   9.095   1.3141   0.03414   0.01294  -0.0381   0.0602   1.0001 126.9113 301.0000
   9.181   1.3177   0.03464   0.01325  -0.0375   0.0592   1.0001 127.1165 301.0000
   9.266   1.3213   0.03508   0.01357  -0.0369   0.0581   1.0001 127.3524 301.0000
   9.352   1.3249   0.03554   0.01387  -0.0363   0.0570   1.0001 127.5676 301.0000
   9.437   1.3284   0.03601   0.01414  -0.0358   0.0561   1.0001 127.7551 301.0000
   9.523   1.3322   0.03651   0.01439  -0.0352   0.0553   1.0001 127.9200 301.0000
   9.608   1.3358   0.03703   0.01470  -0.0347   0.0545   1.0001 128.0973 301.0000
   9.694   1.3390   0.03752   0.01508  -0.0341   0.0535   1.0001 128.2954 301.0000
   9.779   1.3422   0.03801   0.01542  -0.0335   0.0527   1.0001 128.4840 301.0000
   9.864   1.3457   0.03850   0.01572  -0.0330   0.0519   1.0001 128.6558 301.0000
   9.950   1.3494   0.03898   0.01598  -0.0325   0.0511   1.0001 128.8106 301.0000
  10.035   1.3541   0.03949   0.01619  -0.0321   0.0504   1.0001 128.9589 301.0000
  10.121   1.3572   0.04004   0.01658  -0.0315   0.0497   1.0001 129.1145 301.0000
  10.206   1.3597   0.04059   0.01701  -0.0309   0.0490   1.0001 129.2763 301.0000
  10.291   1.3626   0.04114   0.01740  -0.0303   0.0483   1.0001 129.4333 301.0000
  10.377   1.3657   0.04167   0.01776  -0.0298   0.0477   1.0001 129.5802 301.0000
  10.462   1.3691   0.04219   0.01808  -0.0293   0.0470   1.0001 129.7163 301.0000
  10.548   1.3733   0.04268   0.01834  -0.0289   0.0465   1.0001 129.8447 301.0000
  10.633   1.3796   0.04317   0.01849  -0.0286   0.0459   1.0001 129.9792 301.0000
  10.719   1.3816   0.04380   0.01898  -0.0280   0.0454   1.0001 130.0994 301.0000
  10.804   1.3832   0.04444   0.01950  -0.0274   0.0448   1.0001 130.2249 301.0000
  10.889   1.3854   0.04506   0.01997  -0.0268   0.0443   1.0001 130.3526 301.0000
  10.975   1.3878   0.04567   0.02041  -0.0263   0.0437   1.0001 130.4752 301.0000
  11.060   1.3905   0.04626   0.02082  -0.0258   0.0433   1.0001 130.5898 301.0000
  11.146   1.3936   0.04683   0.02119  -0.0253   0.0428   1.0001 130.6958 301.0000
  11.231   1.3975   0.04738   0.02151  -0.0249   0.0424   1.0001 130.7957 301.0000
  11.317   1.4029   0.04788   0.02174  -0.0246   0.0419   1.0001 130.8973 301.0000
  11.402   1.4111   0.04838   0.02186  -0.0245   0.0415   1.0001 131.0137 301.0000
  11.487   1.4105   0.04919   0.02256  -0.0238   0.0412   1.0001 131.0876 301.0000
  11.573   1.4106   0.04999   0.02323  -0.0232   0.0408   1.0001 131.1700 301.0000
  11.658   1.4111   0.05078   0.02387  -0.0226   0.0405   1.0001 131.2563 301.0000
  11.744   1.4121   0.05156   0.02449  -0.0221   0.0401   1.0001 131.3437 301.0000
  11.829   1.4135   0.05232   0.02507  -0.0216   0.0398   1.0001 131.4306 301.0000
  11.915   1.4153   0.05305   0.02561  -0.0211   0.0394   1.0001 131.5158 301.0000
  12.000   1.4173   0.05376   0.02612  -0.0207   0.0391   1.0001 131.5982 301.0000
