  
       XFOIL         Version 6.99
  
 Calculated polar for: Repaneled_Airfoil                               
  
 1 1 Reynolds number fixed          Mach number fixed         
  
 xtrf =   1.000 (top)        1.000 (bottom)  
 Mach =   0.000     Re =     0.200 e 6     Ncrit =   9.000  9.000
  
   alpha    CL        CD       CDp       CM     Top_Xtr  Bot_Xtr  Top_Itr  Bot_Itr
  ------ -------- --------- --------- -------- -------- -------- -------- --------
  -5.000  -0.9554   0.02246   0.00696   0.0428   1.0001   0.0767   1.0000 178.1724
  -4.915  -0.9491   0.02217   0.00683   0.0433   1.0001   0.0786   1.0000 178.5048
  -4.829  -0.9423   0.02193   0.00668   0.0438   1.0001   0.0810   1.0000 178.9196
  -4.744  -0.9365   0.02160   0.00653   0.0444   1.0001   0.0829   1.0000 179.2517
  -4.658  -0.9304   0.02132   0.00640   0.0450   1.0001   0.0852   1.0000 179.6588
  -4.573  -0.9242   0.02105   0.00625   0.0456   1.0001   0.0878   1.0000 180.1034
  -4.487  -0.9186   0.02075   0.00611   0.0463   1.0001   0.0903   1.0000 180.5148
  -4.402  -0.9124   0.02049   0.00597   0.0469   1.0001   0.0935   1.0000 181.0411
  -4.317  -0.9074   0.02017   0.00583   0.0477   1.0001   0.0962   1.0000 181.4836
  -4.231  -0.9016   0.01990   0.00568   0.0484   1.0001   0.0998   1.0000 182.0675
  -4.146  -0.8967   0.01958   0.00554   0.0492   1.0001   0.1032   1.0000 182.6049
  -4.060  -0.8917   0.01928   0.00539   0.0499   1.0001   0.1074   1.0000 183.2453
  -3.975  -0.8864   0.01899   0.00525   0.0507   1.0001   0.1124   1.0000 184.0243
  -3.889  -0.8818   0.01866   0.00510   0.0516   1.0001   0.1179   1.0000 184.8418
  -3.804  -0.8773   0.01832   0.00495   0.0524   1.0001   0.1248   1.0000 185.8428
  -3.719  -0.8732   0.01796   0.00479   0.0534   1.0001   0.1339   1.0000 187.1380
  -3.633  -0.8695   0.01755   0.00462   0.0543   1.0001   0.1469   1.0000 188.9254
  -3.548  -0.8668   0.01708   0.00448   0.0554   1.0001   0.1676   1.0000 191.6473
  -3.462  -0.8645   0.01665   0.00443   0.0565   1.0001   0.2013   1.0000 195.7993
  -3.377  -0.8604   0.01637   0.00442   0.0575   1.0001   0.2342   1.0000 199.5918
  -3.292  -0.8547   0.01620   0.00441   0.0582   1.0001   0.2559   1.0000 202.0024
  -3.206  -0.8491   0.01602   0.00438   0.0589   1.0001   0.2704   1.0000 203.5711
  -3.121  -0.8428   0.01587   0.00434   0.0595   1.0001   0.2829   1.0000 204.8988
  -3.035  -0.8364   0.01572   0.00431   0.0600   1.0001   0.2934   1.0000 206.0069
  -2.950  -0.8300   0.01556   0.00426   0.0606   1.0001   0.3027   1.0000 206.9822
  -2.864  -0.8235   0.01540   0.00422   0.0612   1.0001   0.3112   1.0000 207.8577
  -2.779  -0.8168   0.01523   0.00417   0.0617   1.0001   0.3190   1.0000 208.6596
  -2.693  -0.8099   0.01507   0.00412   0.0621   1.0001   0.3265   1.0000 209.4174
  -2.608  -0.7756   0.01477   0.00389   0.0565   0.8371   0.3426  40.7256 211.0513
  -2.523  -0.7556   0.01475   0.00371   0.0543   0.7796   0.3534  47.7084 212.1342
  -2.437  -0.7476   0.01469   0.00366   0.0546   0.7646   0.3608  49.4120 212.8674
  -2.352  -0.7400   0.01458   0.00360   0.0549   0.7547   0.3681  50.5193 213.5919
  -2.266  -0.7324   0.01445   0.00354   0.0552   0.7469   0.3759  51.3834 214.3648
  -2.181  -0.7249   0.01432   0.00347   0.0556   0.7402   0.3843  52.1092 215.1908
  -2.095  -0.7177   0.01416   0.00341   0.0560   0.7343   0.3933  52.7537 216.0710
  -1.925  -0.7046   0.01381   0.00327   0.0570   0.7245   0.4137  53.8121 218.0572
  -1.839  -0.6990   0.01360   0.00319   0.0577   0.7201   0.4261  54.2737 219.2546
  -1.754  -0.6943   0.01335   0.00311   0.0586   0.7160   0.4416  54.7150 220.7516
  -1.668  -0.6906   0.01306   0.00302   0.0596   0.7124   0.4626  55.0938 222.7609
  -1.583  -0.6886   0.01270   0.00294   0.0610   0.7087   0.4943  55.4863 225.7905
  -1.498  -0.6897   0.01228   0.00293   0.0630   0.7056   0.5483  55.8103 230.9610
  -1.412  -0.6920   0.01230   0.00316   0.0653   0.7027   0.6715  56.1178 243.0326
  -1.327  -0.6844   0.01222   0.00321   0.0659   0.6990   0.6872  56.4992 244.6332
  -1.241  -0.6755   0.01224   0.00338   0.0664   0.6958   0.7018  56.8373 246.1392
  -1.156  -0.6657   0.01238   0.00366   0.0669   0.6926   0.7159  57.1713 247.6126
  -1.070  -0.6569   0.01253   0.00389   0.0675   0.6892   0.7291  57.5250 249.0158
  -0.985  -0.6462   0.01289   0.00433   0.0680   0.6861   0.7412  57.8452 250.3243
  -0.899  -0.6361   0.01327   0.00475   0.0686   0.6831   0.7523  58.1463 251.5400
  -0.814  -0.6263   0.01369   0.00520   0.0692   0.6800   0.7627  58.4637 252.6874
  -0.729  -0.6158   0.01423   0.00575   0.0699   0.6773   0.7723  58.7483 253.7664
  -0.643  -0.6044   0.01490   0.00639   0.0706   0.6749   0.7809  58.9950 254.7417
  -0.558  -0.5911   0.01565   0.00713   0.0710   0.6716   0.7880  59.3227 255.5680
  -0.472  -0.5795   0.01623   0.00768   0.0715   0.6687   0.7940  59.6213 256.2671
  -0.387  -0.5689   0.01666   0.00807   0.0720   0.6662   0.7989  59.8810 256.8450
  -0.301  -0.5558   0.01720   0.00855   0.0722   0.6639   0.8022  60.1123 257.2400
  -0.216  -0.5422   0.01772   0.00900   0.0722   0.6616   0.8051  60.3372 257.5822
  -0.131  -0.5365   0.01774   0.00901   0.0729   0.6597   0.8091  60.5284 258.0617
  -0.045  -0.5207   0.01833   0.00950   0.0726   0.6575   0.8107  60.7502 258.2541
   0.040  -0.5073   0.01876   0.00983   0.0725   0.6555   0.8127  60.9522 258.5028
   0.126  -0.5036   0.01867   0.00978   0.0734   0.6533   0.8169  61.1656 259.0146
   0.211  -0.4881   0.01913   0.01019   0.0730   0.6505   0.8181  61.4461 259.1551
   0.296  -0.4731   0.01956   0.01056   0.0726   0.6479   0.8196  61.7030 259.3385
   0.382  -0.4605   0.01990   0.01084   0.0724   0.6457   0.8219  61.9245 259.6274
   0.467  -0.4551   0.01991   0.01088   0.0732   0.6436   0.8255  62.1392 260.0719
   0.553  -0.4376   0.02036   0.01132   0.0724   0.6406   0.8269  62.4395 260.2540
   0.638  -0.4222   0.02073   0.01166   0.0719   0.6379   0.8291  62.7073 260.5299
   0.724  -0.4200   0.02067   0.01162   0.0732   0.6361   0.8330  62.8902 261.0249
   0.809  -0.4000   0.02114   0.01207   0.0719   0.6334   0.8345  63.1567 261.2131
   0.894  -0.3827   0.02147   0.01239   0.0710   0.6304   0.8366  63.4510 261.4813
   0.980  -0.3774   0.02148   0.01242   0.0718   0.6283   0.8397  63.6691 261.8757
   1.065  -0.3641   0.02170   0.01262   0.0715   0.6258   0.8417  63.9107 262.1401
   1.151  -0.3438   0.02199   0.01290   0.0699   0.6225   0.8434  64.2394 262.3604
   1.236  -0.3308   0.02210   0.01302   0.0695   0.6194   0.8455  64.5464 262.6321
   1.322  -0.3336   0.02194   0.01290   0.0716   0.6176   0.8480  64.7209 262.9635
   1.407  -0.3128   0.02222   0.01313   0.0699   0.6146   0.8495  65.0174 263.1610
   1.492  -0.2931   0.02238   0.01332   0.0684   0.6107   0.8513  65.4069 263.3960
   1.578  -0.2820   0.02244   0.01338   0.0682   0.6080   0.8532  65.6731 263.6582
   1.663  -0.2822   0.02232   0.01328   0.0699   0.6063   0.8553  65.8346 263.9384
   1.749  -0.2650   0.02245   0.01341   0.0688   0.6037   0.8569  66.0907 264.1525
   1.834  -0.2469   0.02257   0.01355   0.0674   0.6002   0.8586  66.4374 264.3799
   1.920  -0.2359   0.02260   0.01358   0.0673   0.5977   0.8603  66.6841 264.6201
   2.005  -0.2315   0.02253   0.01351   0.0682   0.5959   0.8621  66.8562 264.8564
   2.091  -0.2246   0.02249   0.01348   0.0688   0.5942   0.8636  67.0245 265.0692
   2.176  -0.2053   0.02259   0.01361   0.0672   0.5905   0.8652  67.3888 265.2832
   2.261  -0.1927   0.02262   0.01364   0.0667   0.5878   0.8667  67.6471 265.4999
   2.347  -0.1844   0.02258   0.01360   0.0670   0.5858   0.8681  67.8408 265.6996
   2.432  -0.1795   0.02249   0.01350   0.0678   0.5843   0.8693  67.9872 265.8663
   2.518  -0.1775   0.02235   0.01341   0.0691   0.5818   0.8702  68.2304 265.9927
   2.603  -0.1588   0.02240   0.01349   0.0676   0.5785   0.8715  68.5593 266.1736
   2.688  -0.1458   0.02240   0.01348   0.0670   0.5761   0.8726  68.7891 266.3242
   2.774  -0.1354   0.02236   0.01343   0.0669   0.5742   0.8735  68.9694 266.4623
   2.859  -0.1265   0.02230   0.01339   0.0670   0.5712   0.8745  69.2639 266.5930
   2.945  -0.1191   0.02222   0.01333   0.0674   0.5685   0.8753  69.5229 266.7145
   3.030  -0.1132   0.02211   0.01323   0.0680   0.5664   0.8761  69.7340 266.8302
   3.116  -0.1087   0.02200   0.01311   0.0689   0.5646   0.8768  69.9084 266.9286
   3.201  -0.1041   0.02187   0.01300   0.0697   0.5621   0.8772  70.1439 266.9815
   3.799  -0.0326   0.02140   0.01255   0.0690   0.5425   0.8815  72.0425 267.6174
   3.884  -0.0252   0.02130   0.01249   0.0693   0.5389   0.8818  72.3844 267.6589
   3.970  -0.0182   0.02120   0.01239   0.0697   0.5361   0.8820  72.6571 267.6913
   4.055  -0.0113   0.02109   0.01227   0.0702   0.5338   0.8822  72.8814 267.7153
   4.141  -0.0046   0.02098   0.01217   0.0706   0.5310   0.8824  73.1519 267.7401
   4.226   0.0021   0.02088   0.01209   0.0711   0.5275   0.8825  73.4877 267.7638
   4.312   0.0082   0.02077   0.01197   0.0717   0.5247   0.8828  73.7572 267.8024
   4.397   0.0139   0.02066   0.01184   0.0724   0.5224   0.8831  73.9750 267.8433
   4.482   0.0197   0.02055   0.01177   0.0730   0.5186   0.8833  74.3379 267.8716
   4.568   0.0257   0.02043   0.01166   0.0736   0.5154   0.8833  74.6500 267.8821
   4.653   0.0318   0.02032   0.01152   0.0742   0.5127   0.8834  74.9066 267.8862
   4.739   0.0379   0.02020   0.01143   0.0748   0.5090   0.8834  75.2597 267.8851
   4.824   0.0437   0.02008   0.01132   0.0754   0.5052   0.8834  75.6238 267.8890
   4.910   0.0491   0.01996   0.01117   0.0762   0.5022   0.8835  75.9132 267.9013
   4.995   0.0548   0.01984   0.01107   0.0768   0.4980   0.8835  76.3166 267.9045
   5.080   0.0610   0.01971   0.01095   0.0774   0.4939   0.8835  76.7126 267.8997
   5.166   0.0673   0.01959   0.01080   0.0779   0.4904   0.8835  77.0464 267.9023
   5.251   0.0738   0.01946   0.01070   0.0784   0.4852   0.8835  77.5461 267.9060
   5.337   0.0801   0.01934   0.01055   0.0789   0.4812   0.8835  77.9310 267.9114
   5.422   0.0867   0.01921   0.01045   0.0794   0.4758   0.8836  78.4545 267.9158
   5.508   0.0932   0.01909   0.01030   0.0799   0.4711   0.8836  78.9050 267.9187
   5.593   0.1000   0.01896   0.01019   0.0804   0.4651   0.8836  79.4861 267.9205
   5.678   0.1068   0.01884   0.01003   0.0808   0.4598   0.8836  79.9907 267.9191
   5.764   0.1139   0.01871   0.00991   0.0812   0.4524   0.8835  80.7107 267.9114
   5.849   0.1212   0.01859   0.00978   0.0815   0.4448   0.8834  81.4360 267.8953
   5.935   0.1287   0.01847   0.00964   0.0818   0.4367   0.8832  82.2195 267.8686
   6.020   0.1363   0.01835   0.00949   0.0821   0.4274   0.8830  83.1229 267.8295
   6.106   0.1439   0.01823   0.00935   0.0824   0.4165   0.8826  84.1816 267.7731
   6.191   0.1514   0.01811   0.00921   0.0827   0.4039   0.8821  85.4114 267.6975
   6.276   0.1582   0.01799   0.00904   0.0830   0.3899   0.8814  86.7859 267.6036
   6.362   0.1644   0.01786   0.00886   0.0834   0.3740   0.8807  88.3630 267.4984
   6.447   0.1698   0.01774   0.00866   0.0840   0.3568   0.8800  90.0741 267.3881
   6.533   0.1747   0.01762   0.00845   0.0845   0.3386   0.8792  91.9027 267.2768
   6.618   0.1794   0.01751   0.00824   0.0851   0.3216   0.8785  93.6452 267.1700
   6.704   0.1844   0.01742   0.00804   0.0855   0.3062   0.8778  95.2373 267.0729
   6.789   0.1902   0.01736   0.00788   0.0858   0.2927   0.8772  96.6472 266.9914
   6.874   0.1987   0.01743   0.00784   0.0858   0.2802   0.8769  97.9708 266.9367
   6.960   0.2069   0.01750   0.00781   0.0859   0.2702   0.8765  99.0380 266.8803
   7.045   0.2151   0.01756   0.00778   0.0859   0.2618   0.8761  99.9574 266.8224
   7.131   0.2233   0.01761   0.00777   0.0859   0.2542   0.8757 100.7884 266.7643
   7.216   0.2315   0.01766   0.00775   0.0860   0.2476   0.8752 101.5133 266.7061
   7.301   0.2394   0.01773   0.00773   0.0860   0.2420   0.8748 102.1420 266.6484
   7.387   0.2474   0.01777   0.00772   0.0861   0.2361   0.8744 102.7962 266.5912
   7.472   0.2555   0.01782   0.00770   0.0861   0.2307   0.8741 103.4100 266.5362
   7.558   0.2634   0.01789   0.00768   0.0861   0.2259   0.8737 103.9550 266.4826
   7.643   0.2717   0.01791   0.00768   0.0861   0.2207   0.8733 104.5590 266.4318
   7.729   0.2796   0.01799   0.00766   0.0861   0.2165   0.8730 105.0442 266.3829
   7.814   0.2882   0.01801   0.00766   0.0860   0.2116   0.8727 105.6203 266.3369
   7.899   0.2964   0.01809   0.00765   0.0860   0.2077   0.8724 106.0809 266.2937
   7.985   0.3051   0.01812   0.00766   0.0859   0.2030   0.8721 106.6309 266.2524
   8.070   0.3135   0.01820   0.00765   0.0858   0.1993   0.8718 107.0716 266.2138
   8.156   0.3224   0.01823   0.00766   0.0856   0.1947   0.8715 107.6244 266.1779
   8.241   0.3310   0.01831   0.00765   0.0855   0.1911   0.8713 108.0716 266.1444
   8.327   0.3400   0.01833   0.00766   0.0853   0.1864   0.8711 108.6383 266.1134
   8.412   0.3488   0.01841   0.00765   0.0852   0.1827   0.8709 109.0958 266.0843
   8.498   0.3580   0.01843   0.00766   0.0850   0.1782   0.8707 109.6622 266.0577
   8.583   0.3669   0.01850   0.00765   0.0848   0.1746   0.8705 110.1183 266.0327
   8.668   0.3761   0.01853   0.00766   0.0846   0.1702   0.8704 110.6676 266.0100
   8.754   0.3850   0.01862   0.00767   0.0845   0.1668   0.8702 111.1081 265.9859
   8.839   0.3942   0.01868   0.00772   0.0844   0.1626   0.8700 111.6498 265.9595
   8.925   0.4030   0.01878   0.00772   0.0843   0.1594   0.8698 112.0650 265.9350
   9.010   0.4122   0.01884   0.00778   0.0842   0.1552   0.8697 112.6168 265.9104
   9.095   0.4210   0.01894   0.00778   0.0841   0.1522   0.8695 113.0190 265.8872
   9.181   0.4302   0.01900   0.00784   0.0840   0.1479   0.8693 113.5925 265.8655
   9.352   0.4482   0.01915   0.00789   0.0837   0.1406   0.8690 114.5991 265.8253
   9.437   0.4570   0.01926   0.00787   0.0836   0.1375   0.8689 115.0218 265.8066
   9.523   0.4662   0.01931   0.00794   0.0835   0.1333   0.8688 115.6165 265.7898
   9.608   0.4750   0.01942   0.00792   0.0833   0.1303   0.8687 116.0359 265.7737
   9.694   0.4842   0.01950   0.00800   0.0832   0.1263   0.8686 116.6059 265.7594
   9.779   0.4929   0.01963   0.00798   0.0831   0.1236   0.8685 116.9967 265.7459
   9.864   0.5020   0.01972   0.00809   0.0829   0.1198   0.8684 117.5618 265.7345
   9.950   0.5107   0.01985   0.00810   0.0828   0.1171   0.8683 117.9510 265.7235
  10.035   0.5197   0.01998   0.00822   0.0827   0.1137   0.8683 118.4667 265.7147
  10.121   0.5284   0.02012   0.00825   0.0826   0.1111   0.8682 118.8643 265.7065
  10.206   0.5372   0.02028   0.00836   0.0825   0.1082   0.8681 119.2999 265.7002
  10.291   0.5460   0.02043   0.00843   0.0824   0.1055   0.8681 119.7255 265.6948
  10.377   0.5545   0.02062   0.00848   0.0822   0.1033   0.8681 120.0762 265.6910
  10.462   0.5634   0.02077   0.00863   0.0821   0.1003   0.8681 120.5516 265.6884
  10.548   0.5720   0.02094   0.00866   0.0820   0.0981   0.8681 120.9045 265.6869
  10.633   0.5807   0.02112   0.00882   0.0819   0.0954   0.8681 121.3367 265.6875
  10.719   0.5894   0.02128   0.00889   0.0818   0.0930   0.8681 121.7356 265.6886
  10.804   0.5978   0.02149   0.00894   0.0817   0.0910   0.8681 122.0603 265.6913
  10.889   0.6065   0.02166   0.00912   0.0816   0.0884   0.8681 122.5029 265.6956
  10.975   0.6151   0.02183   0.00917   0.0815   0.0864   0.8682 122.8352 265.7009
  11.060   0.6234   0.02207   0.00930   0.0814   0.0845   0.8682 123.1702 265.7082
  11.146   0.6320   0.02226   0.00948   0.0813   0.0822   0.8683 123.5604 265.7170
  11.231   0.6405   0.02245   0.00953   0.0812   0.0805   0.8683 123.8568 265.7266
  11.317   0.6488   0.02272   0.00969   0.0811   0.0788   0.8684 124.1554 265.7385
  11.402   0.6572   0.02294   0.00990   0.0810   0.0769   0.8685 124.5057 265.7524
  11.487   0.6656   0.02315   0.01000   0.0809   0.0753   0.8686 124.7834 265.7670
  11.573   0.6739   0.02344   0.01005   0.0808   0.0741   0.8687 125.0055 265.7822
  11.658   0.6821   0.02371   0.01038   0.0807   0.0724   0.8689 125.3269 265.8028
  11.744   0.6904   0.02398   0.01058   0.0807   0.0709   0.8690 125.5979 265.8233
  11.829   0.6987   0.02423   0.01069   0.0805   0.0697   0.8692 125.8185 265.8447
  11.915   0.7071   0.02457   0.01078   0.0804   0.0687   0.8693 126.0061 265.8670
  12.000   0.7149   0.02490   0.01117   0.0804   0.0673   0.8696 126.2737 265.8966
