  
       XFOIL         Version 6.99
  
 Calculated polar for: Repaneled_Airfoil                               
  
 1 1 Reynolds number fixed          Mach number fixed         
  
 xtrf =   1.000 (top)        1.000 (bottom)  
 Mach =   0.000     Re =     0.200 e 6     Ncrit =   9.000  9.000
  
   alpha    CL        CD       CDp       CM     Top_Xtr  Bot_Xtr  Top_Itr  Bot_Itr
  ------ -------- --------- --------- -------- -------- -------- -------- --------
  -5.000  -0.2008   0.01955   0.00875  -0.1083   0.9059   0.0838  30.8396 179.1317
  -4.915  -0.1911   0.01939   0.00870  -0.1084   0.9050   0.0851  30.9770 179.3460
  -4.829  -0.1827   0.01924   0.00857  -0.1082   0.9035   0.0866  31.2205 179.6016
  -4.744  -0.1741   0.01900   0.00823  -0.1081   0.9022   0.0885  31.4425 179.9286
  -4.658  -0.1650   0.01881   0.00815  -0.1081   0.9010   0.0899  31.6268 180.1641
  -4.573  -0.1555   0.01870   0.00813  -0.1081   0.9000   0.0915  31.7883 180.4216
  -4.487  -0.1458   0.01853   0.00794  -0.1081   0.8991   0.0936  31.9309 180.7762
  -4.402  -0.1370   0.01834   0.00774  -0.1080   0.8978   0.0956  32.1350 181.0992
  -4.317  -0.1284   0.01827   0.00779  -0.1079   0.8963   0.0972  32.3773 181.3510
  -4.231  -0.1193   0.01817   0.00769  -0.1079   0.8950   0.0994  32.5826 181.7066
  -4.146  -0.1099   0.01798   0.00747  -0.1078   0.8938   0.1018  32.7642 182.0875
  -4.060  -0.1002   0.01788   0.00749  -0.1079   0.8928   0.1035  32.9244 182.3618
  -3.975  -0.0913   0.01778   0.00739  -0.1078   0.8913   0.1059  33.1491 182.7286
  -3.889  -0.0827   0.01764   0.00724  -0.1076   0.8896   0.1083  33.4078 183.0952
  -3.804  -0.0735   0.01756   0.00726  -0.1076   0.8882   0.1101  33.6226 183.3772
  -3.719  -0.0639   0.01744   0.00713  -0.1076   0.8870   0.1127  33.8058 183.7728
  -3.633  -0.0542   0.01727   0.00697  -0.1075   0.8860   0.1151  33.9653 184.1328
  -3.548  -0.0456   0.01721   0.00699  -0.1074   0.8842   0.1170  34.2299 184.4152
  -3.462  -0.0367   0.01710   0.00686  -0.1073   0.8825   0.1196  34.4752 184.8021
  -3.377  -0.0274   0.01695   0.00674  -0.1072   0.8812   0.1220  34.6789 185.1423
  -3.292  -0.0178   0.01686   0.00672  -0.1072   0.8800   0.1241  34.8545 185.4504
  -3.206  -0.0080   0.01674   0.00655  -0.1072   0.8789   0.1272  35.0192 185.8947
  -3.121   0.0003   0.01666   0.00654  -0.1070   0.8769   0.1293  35.3093 186.1974
  -3.035   0.0094   0.01660   0.00653  -0.1069   0.8752   0.1318  35.5477 186.5429
  -2.950   0.0189   0.01650   0.00636  -0.1068   0.8738   0.1352  35.7530 187.0257
  -2.864   0.0286   0.01639   0.00637  -0.1068   0.8726   0.1374  35.9328 187.3296
  -2.779   0.0374   0.01634   0.00632  -0.1066   0.8706   0.1404  36.2046 187.7367
  -2.693   0.0463   0.01626   0.00624  -0.1065   0.8686   0.1433  36.4906 188.1344
  -2.608   0.0557   0.01618   0.00623  -0.1064   0.8669   0.1458  36.7303 188.4793
  -2.523   0.0655   0.01608   0.00606  -0.1063   0.8655   0.1495  36.9325 188.9704
  -2.437   0.0742   0.01600   0.00607  -0.1062   0.8634   0.1516  37.2313 189.2583
  -2.352   0.0831   0.01593   0.00603  -0.1060   0.8612   0.1544  37.5289 189.6261
  -2.266   0.0927   0.01582   0.00588  -0.1059   0.8595   0.1577  37.7694 190.0637
  -2.181   0.1024   0.01571   0.00584  -0.1058   0.8580   0.1602  37.9682 190.3786
  -2.095   0.1110   0.01566   0.00578  -0.1056   0.8556   0.1633  38.2989 190.7846
  -2.010   0.1201   0.01557   0.00571  -0.1055   0.8535   0.1662  38.5833 191.1593
  -1.925   0.1296   0.01548   0.00567  -0.1054   0.8518   0.1691  38.8179 191.5251
  -1.839   0.1394   0.01541   0.00552  -0.1053   0.8502   0.1729  39.0366 192.0160
  -1.754   0.1478   0.01533   0.00555  -0.1051   0.8474   0.1753  39.3976 192.3133
  -1.668   0.1571   0.01526   0.00547  -0.1050   0.8453   0.1788  39.6827 192.7409
  -1.583   0.1668   0.01515   0.00536  -0.1049   0.8435   0.1821  39.9183 193.1555
  -1.498   0.1756   0.01508   0.00534  -0.1047   0.8409   0.1850  40.2600 193.5112
  -1.412   0.1848   0.01502   0.00522  -0.1045   0.8383   0.1888  40.5971 193.9782
  -1.327   0.1943   0.01488   0.00516  -0.1044   0.8363   0.1914  40.8651 194.2956
  -1.241   0.2034   0.01481   0.00508  -0.1042   0.8337   0.1947  41.1896 194.6951
  -1.156   0.2123   0.01473   0.00500  -0.1040   0.8309   0.1981  41.5574 195.1035
  -1.070   0.2218   0.01461   0.00493  -0.1039   0.8286   0.2011  41.8416 195.4607
  -0.985   0.2311   0.01455   0.00482  -0.1037   0.8262   0.2051  42.1555 195.9306
  -0.899   0.2399   0.01445   0.00479  -0.1035   0.8232   0.2081  42.5327 196.2777
  -0.814   0.2494   0.01436   0.00470  -0.1034   0.8208   0.2118  42.8230 196.7165
  -0.729   0.2588   0.01426   0.00461  -0.1033   0.8184   0.2155  43.1271 197.1457
  -0.643   0.2675   0.01418   0.00457  -0.1031   0.8152   0.2189  43.5236 197.5367
  -0.558   0.2771   0.01411   0.00445  -0.1029   0.8127   0.2231  43.8281 198.0269
  -0.472   0.2862   0.01399   0.00440  -0.1028   0.8100   0.2263  44.1622 198.3913
  -0.387   0.2951   0.01393   0.00433  -0.1025   0.8066   0.2303  44.5732 198.8460
  -0.301   0.3047   0.01381   0.00423  -0.1024   0.8040   0.2339  44.8847 199.2529
  -0.216   0.3136   0.01373   0.00417  -0.1022   0.8006   0.2379  45.2907 199.6968
  -0.131   0.3227   0.01364   0.00409  -0.1020   0.7973   0.2420  45.6857 200.1520
  -0.045   0.3324   0.01353   0.00399  -0.1019   0.7948   0.2462  45.9860 200.6195
   0.040   0.3409   0.01347   0.00394  -0.1016   0.7907   0.2506  46.4753 201.1075
   0.126   0.3503   0.01337   0.00386  -0.1015   0.7876   0.2550  46.8348 201.5843
   0.211   0.3594   0.01330   0.00379  -0.1013   0.7841   0.2598  47.2433 202.1135
   0.296   0.3683   0.01321   0.00373  -0.1011   0.7804   0.2645  47.6729 202.6204
   0.382   0.3780   0.01312   0.00363  -0.1009   0.7776   0.2697  47.9891 203.1856
   0.467   0.3865   0.01305   0.00360  -0.1007   0.7733   0.2749  48.4898 203.7415
   0.553   0.3959   0.01296   0.00352  -0.1005   0.7701   0.2803  48.8528 204.3195
   0.638   0.4049   0.01290   0.00346  -0.1003   0.7663   0.2867  49.2806 204.9939
   0.724   0.4139   0.01281   0.00341  -0.1001   0.7625   0.2927  49.7058 205.6273
   0.809   0.4233   0.01272   0.00334  -0.1000   0.7596   0.2999  50.0414 206.3797
   0.894   0.4319   0.01266   0.00331  -0.0998   0.7550   0.3079  50.5458 207.2059
   0.980   0.4412   0.01257   0.00324  -0.0996   0.7518   0.3173  50.9045 208.1756
   1.065   0.4498   0.01249   0.00322  -0.0994   0.7475   0.3283  51.3735 209.2921
   1.151   0.4587   0.01239   0.00317  -0.0992   0.7438   0.3429  51.7803 210.7651
   1.236   0.4675   0.01227   0.00312  -0.0990   0.7402   0.3643  52.1801 212.9052
   1.322   0.4754   0.01208   0.00310  -0.0987   0.7359   0.4036  52.6453 216.7568
   1.407   0.4817   0.01165   0.00312  -0.0980   0.7329   0.5361  52.9716 229.4681
   1.492   0.4883   0.01140   0.00308  -0.0973   0.7282   0.6508  53.4742 240.6397
   1.663   0.5420   0.01069   0.00309  -0.1035   0.7201   1.0000  54.3477 301.0000
   1.749   0.5509   0.01074   0.00306  -0.1033   0.7162   1.0000  54.7640 301.0000
   1.834   0.5598   0.01079   0.00304  -0.1030   0.7125   1.0000  55.1493 301.0000
   1.920   0.5683   0.01085   0.00305  -0.1027   0.7081   1.0000  55.6107 301.0000
   2.005   0.5776   0.01091   0.00302  -0.1026   0.7050   1.0000  55.9418 301.0000
   2.091   0.5859   0.01098   0.00305  -0.1023   0.7005   1.0000  56.4117 301.0000
   2.176   0.5948   0.01104   0.00305  -0.1020   0.6969   1.0000  56.7863 301.0000
   2.261   0.6038   0.01112   0.00305  -0.1018   0.6935   1.0000  57.1350 301.0000
   2.347   0.6123   0.01119   0.00307  -0.1016   0.6895   1.0000  57.5565 301.0000
   2.432   0.6216   0.01126   0.00307  -0.1014   0.6864   1.0000  57.8709 301.0000
   2.518   0.6297   0.01133   0.00310  -0.1011   0.6819   1.0000  58.3276 301.0000
   2.603   0.6381   0.01140   0.00312  -0.1008   0.6776   1.0000  58.7730 301.0000
   2.688   0.6425   0.01137   0.00333  -0.1001   0.6611   1.0000  60.4707 301.0000
   2.774   0.6516   0.01134   0.00324  -0.0998   0.6580   1.0000  60.7771 301.0000
   2.859   0.6606   0.01130   0.00315  -0.0996   0.6551   1.0000  61.0620 301.0000
   2.945   0.6695   0.01128   0.00309  -0.0993   0.6510   1.0000  61.4738 301.0000
   3.030   0.6785   0.01124   0.00299  -0.0991   0.6478   1.0000  61.7945 301.0000
   3.116   0.6875   0.01120   0.00290  -0.0988   0.6448   1.0000  62.1000 301.0000
   3.201   0.6963   0.01118   0.00284  -0.0986   0.6411   1.0000  62.4713 301.0000
   3.286   0.7052   0.01116   0.00275  -0.0983   0.6380   1.0000  62.7821 301.0000
   3.372   0.7142   0.01115   0.00268  -0.0981   0.6349   1.0000  63.0831 301.0000
   3.457   0.7229   0.01118   0.00265  -0.0978   0.6309   1.0000  63.4786 301.0000
   3.543   0.7318   0.01119   0.00260  -0.0976   0.6276   1.0000  63.8045 301.0000
   3.628   0.7407   0.01123   0.00256  -0.0973   0.6243   1.0000  64.1376 301.0000
   3.714   0.7494   0.01128   0.00257  -0.0971   0.6203   1.0000  64.5311 301.0000
   3.799   0.7583   0.01134   0.00255  -0.0969   0.6170   1.0000  64.8544 301.0000
   3.884   0.7672   0.01141   0.00256  -0.0967   0.6135   1.0000  65.2000 301.0000
   3.970   0.7759   0.01149   0.00258  -0.0965   0.6097   1.0000  65.5746 301.0000
   4.055   0.7850   0.01157   0.00259  -0.0963   0.6065   1.0000  65.8853 301.0000
   4.141   0.7938   0.01167   0.00263  -0.0961   0.6029   1.0000  66.2316 301.0000
   4.226   0.8025   0.01176   0.00267  -0.0959   0.5993   1.0000  66.5920 301.0000
   4.312   0.8116   0.01186   0.00269  -0.0957   0.5962   1.0000  66.8944 301.0000
   4.397   0.8204   0.01196   0.00274  -0.0955   0.5927   1.0000  67.2331 301.0000
   4.482   0.8291   0.01206   0.00279  -0.0953   0.5891   1.0000  67.5838 301.0000
   4.568   0.8382   0.01216   0.00282  -0.0951   0.5860   1.0000  67.8789 301.0000
   4.653   0.8470   0.01227   0.00287  -0.0949   0.5828   1.0000  68.1950 301.0000
   4.739   0.8556   0.01236   0.00293  -0.0947   0.5793   1.0000  68.5358 301.0000
   4.824   0.8646   0.01247   0.00297  -0.0946   0.5763   1.0000  68.8247 301.0000
   4.910   0.8737   0.01258   0.00301  -0.0944   0.5734   1.0000  69.0999 301.0000
   4.995   0.8822   0.01267   0.00308  -0.0941   0.5700   1.0000  69.4313 301.0000
   5.080   0.8911   0.01277   0.00313  -0.0940   0.5671   1.0000  69.7153 301.0000
   5.166   0.9004   0.01289   0.00316  -0.0939   0.5646   1.0000  69.9536 301.0000
   5.251   0.9089   0.01298   0.00323  -0.0936   0.5614   1.0000  70.2578 301.0000
   5.337   0.9175   0.01308   0.00329  -0.0934   0.5584   1.0000  70.5541 301.0000
   5.422   0.9266   0.01318   0.00333  -0.0933   0.5557   1.0000  70.8077 301.0000
   5.508   0.9359   0.01330   0.00337  -0.0931   0.5534   1.0000  71.0313 301.0000
   5.593   0.9441   0.01339   0.00345  -0.0929   0.5502   1.0000  71.3379 301.0000
   5.678   0.9529   0.01349   0.00351  -0.0927   0.5474   1.0000  71.6057 301.0000
   5.764   0.9621   0.01359   0.00356  -0.0925   0.5450   1.0000  71.8354 301.0000
   5.849   0.9713   0.01371   0.00360  -0.0924   0.5428   1.0000  72.0490 301.0000
   5.935   0.9795   0.01380   0.00369  -0.0921   0.5398   1.0000  72.3387 301.0000
   6.020   0.9883   0.01390   0.00375  -0.0919   0.5371   1.0000  72.5952 301.0000
   6.106   0.9974   0.01401   0.00379  -0.0918   0.5348   1.0000  72.8198 301.0000
   6.191   1.0068   0.01413   0.00383  -0.0917   0.5327   1.0000  73.0221 301.0000
   6.276   1.0148   0.01422   0.00392  -0.0914   0.5296   1.0000  73.3186 301.0000
   6.362   1.0234   0.01432   0.00398  -0.0911   0.5268   1.0000  73.5821 301.0000
   6.447   1.0325   0.01442   0.00402  -0.0910   0.5244   1.0000  73.8101 301.0000
   6.533   1.0420   0.01454   0.00405  -0.0909   0.5224   1.0000  74.0067 301.0000
   6.618   1.0498   0.01463   0.00415  -0.0905   0.5192   1.0000  74.3098 301.0000
   6.704   1.0582   0.01472   0.00420  -0.0903   0.5163   1.0000  74.5877 301.0000
   6.789   1.0672   0.01482   0.00422  -0.0901   0.5137   1.0000  74.8407 301.0000
   6.874   1.0759   0.01492   0.00425  -0.0899   0.5108   1.0000  75.1178 301.0000
   6.960   1.0835   0.01499   0.00431  -0.0894   0.5070   1.0000  75.4756 301.0000
   7.045   1.0920   0.01506   0.00430  -0.0892   0.5036   1.0000  75.8049 301.0000
   7.131   1.1001   0.01513   0.00429  -0.0888   0.4999   1.0000  76.1587 301.0000
   7.216   1.1075   0.01519   0.00431  -0.0883   0.4954   1.0000  76.5833 301.0000
   7.301   1.1160   0.01525   0.00425  -0.0880   0.4918   1.0000  76.9351 301.0000
   7.387   1.1231   0.01531   0.00428  -0.0875   0.4874   1.0000  77.3527 301.0000
   7.472   1.1310   0.01536   0.00427  -0.0871   0.4834   1.0000  77.7324 301.0000
   7.558   1.1395   0.01544   0.00424  -0.0868   0.4801   1.0000  78.0473 301.0000
   7.643   1.1466   0.01550   0.00428  -0.0863   0.4760   1.0000  78.4477 301.0000
   7.729   1.1547   0.01557   0.00427  -0.0859   0.4724   1.0000  78.7851 301.0000
   7.814   1.1628   0.01564   0.00426  -0.0856   0.4691   1.0000  79.1076 301.0000
   7.899   1.1700   0.01570   0.00429  -0.0851   0.4649   1.0000  79.5079 301.0000
   7.985   1.1780   0.01577   0.00427  -0.0847   0.4613   1.0000  79.8503 301.0000
   8.070   1.1855   0.01584   0.00427  -0.0843   0.4574   1.0000  80.2240 301.0000
   8.156   1.1927   0.01590   0.00427  -0.0838   0.4531   1.0000  80.6411 301.0000
   8.241   1.2006   0.01597   0.00421  -0.0834   0.4494   1.0000  80.9910 301.0000
   8.327   1.2073   0.01602   0.00425  -0.0828   0.4446   1.0000  81.4587 301.0000
   8.412   1.2147   0.01609   0.00421  -0.0823   0.4404   1.0000  81.8612 301.0000
   8.498   1.2217   0.01616   0.00422  -0.0817   0.4359   1.0000  82.2983 301.0000
   8.583   1.2287   0.01622   0.00421  -0.0812   0.4313   1.0000  82.7401 301.0000
   8.668   1.2358   0.01630   0.00418  -0.0807   0.4269   1.0000  83.1600 301.0000
   8.754   1.2425   0.01636   0.00419  -0.0801   0.4219   1.0000  83.6443 301.0000
   8.839   1.2496   0.01645   0.00416  -0.0796   0.4177   1.0000  84.0531 301.0000
   8.925   1.2562   0.01652   0.00418  -0.0790   0.4125   1.0000  84.5626 301.0000
   9.010   1.2631   0.01662   0.00415  -0.0784   0.4082   1.0000  84.9791 301.0000
   9.095   1.2696   0.01670   0.00418  -0.0778   0.4025   1.0000  85.5307 301.0000
   9.181   1.2760   0.01680   0.00415  -0.0772   0.3976   1.0000  86.0111 301.0000
   9.266   1.2822   0.01689   0.00417  -0.0766   0.3913   1.0000  86.6227 301.0000
   9.352   1.2882   0.01699   0.00416  -0.0759   0.3855   1.0000  87.1962 301.0000
   9.437   1.2939   0.01711   0.00415  -0.0751   0.3789   1.0000  87.8428 301.0000
   9.523   1.2996   0.01722   0.00416  -0.0744   0.3717   1.0000  88.5528 301.0000
   9.608   1.3048   0.01735   0.00416  -0.0736   0.3642   1.0000  89.2952 301.0000
   9.694   1.3095   0.01750   0.00416  -0.0727   0.3561   1.0000  90.1048 301.0000
   9.779   1.3139   0.01767   0.00417  -0.0718   0.3470   1.0000  91.0177 301.0000
   9.864   1.3180   0.01785   0.00420  -0.0708   0.3361   1.0000  92.1162 301.0000
   9.950   1.3214   0.01806   0.00423  -0.0697   0.3235   1.0000  93.3986 301.0000
  10.035   1.3234   0.01832   0.00427  -0.0685   0.3082   1.0000  94.9663 301.0000
  10.121   1.3239   0.01866   0.00434  -0.0670   0.2895   1.0000  96.9185 301.0000
  10.206   1.3219   0.01907   0.00444  -0.0652   0.2663   1.0000  99.3933 301.0000
  10.291   1.3174   0.01965   0.00463  -0.0630   0.2372   1.0000 102.6062 301.0000
  10.377   1.3108   0.02042   0.00494  -0.0608   0.2016   1.0000 106.7177 301.0000
  10.462   1.3031   0.02135   0.00539  -0.0585   0.1693   1.0000 110.6892 301.0000
  10.548   1.2963   0.02230   0.00590  -0.0565   0.1447   1.0000 113.9105 301.0000
  10.633   1.2913   0.02318   0.00642  -0.0548   0.1274   1.0000 116.3187 301.0000
  10.719   1.2878   0.02398   0.00691  -0.0533   0.1162   1.0000 117.9571 301.0000
  10.804   1.2856   0.02472   0.00737  -0.0519   0.1079   1.0000 119.2095 301.0000
  10.889   1.2840   0.02543   0.00782  -0.0507   0.1020   1.0000 120.1259 301.0000
  10.975   1.2830   0.02612   0.00827  -0.0496   0.0972   1.0000 120.8986 301.0000
  11.060   1.2827   0.02676   0.00869  -0.0486   0.0930   1.0000 121.5765 301.0000
  11.146   1.2818   0.02747   0.00915  -0.0475   0.0901   1.0000 122.0604 301.0000
  11.231   1.2822   0.02809   0.00957  -0.0466   0.0869   1.0000 122.6023 301.0000
  11.317   1.2812   0.02883   0.01006  -0.0457   0.0847   1.0000 122.9587 301.0000
  11.402   1.2819   0.02945   0.01049  -0.0449   0.0821   1.0000 123.4117 301.0000
  11.487   1.2819   0.03014   0.01096  -0.0440   0.0801   1.0000 123.7673 301.0000
  11.573   1.2808   0.03093   0.01149  -0.0432   0.0786   1.0000 124.0318 301.0000
  11.658   1.2821   0.03154   0.01193  -0.0425   0.0765   1.0000 124.4122 301.0000
  11.744   1.2825   0.03224   0.01241  -0.0418   0.0748   1.0000 124.7111 301.0000
  11.829   1.2817   0.03304   0.01295  -0.0410   0.0736   1.0000 124.9340 301.0000
  11.915   1.2823   0.03374   0.01345  -0.0404   0.0720   1.0000 125.2175 301.0000
  12.000   1.2833   0.03441   0.01393  -0.0398   0.0705   1.0000 125.5047 301.0000
