  
       XFOIL         Version 6.99
  
 Calculated polar for: Repaneled_Airfoil                               
  
 1 1 Reynolds number fixed          Mach number fixed         
  
 xtrf =   1.000 (top)        1.000 (bottom)  
 Mach =   0.000     Re =     0.200 e 6     Ncrit =   9.000  9.000
  
   alpha    CL        CD       CDp       CM     Top_Xtr  Bot_Xtr  Top_Itr  Bot_Itr
  ------ -------- --------- --------- -------- -------- -------- -------- --------
  -5.000  -0.0600   0.02081   0.00981  -0.1327   0.8669   0.0937  36.6927 180.7390
  -4.915  -0.0508   0.02059   0.00956  -0.1326   0.8661   0.0958  36.8007 181.0833
  -4.829  -0.0413   0.02050   0.00959  -0.1326   0.8654   0.0974  36.8964 181.3399
  -4.744  -0.0318   0.02037   0.00948  -0.1326   0.8648   0.0997  36.9806 181.6991
  -4.658  -0.0237   0.02026   0.00932  -0.1324   0.8640   0.1020  37.1023 182.0666
  -4.573  -0.0154   0.02025   0.00945  -0.1324   0.8633   0.1035  37.1900 182.3069
  -4.487  -0.0069   0.02022   0.00947  -0.1323   0.8629   0.1057  37.2447 182.6386
  -4.402   0.0017   0.02013   0.00931  -0.1322   0.8625   0.1083  37.2991 183.0429
  -4.317   0.0102   0.02011   0.00943  -0.1322   0.8621   0.1099  37.3574 183.2910
  -4.231   0.0189   0.02009   0.00945  -0.1321   0.8617   0.1121  37.4213 183.6280
  -4.146   0.0276   0.01998   0.00927  -0.1320   0.8612   0.1148  37.4912 184.0389
  -4.060   0.0364   0.01994   0.00936  -0.1320   0.8606   0.1165  37.5646 184.2876
  -3.975   0.0455   0.01988   0.00934  -0.1320   0.8601   0.1188  37.6391 184.6230
  -3.889   0.0547   0.01976   0.00915  -0.1319   0.8596   0.1216  37.7119 185.0390
  -3.804   0.0639   0.01969   0.00922  -0.1319   0.8591   0.1234  37.7807 185.2965
  -3.719   0.0734   0.01963   0.00918  -0.1319   0.8586   0.1259  37.8466 185.6584
  -3.633   0.0830   0.01952   0.00904  -0.1319   0.8581   0.1288  37.9106 186.0786
  -3.548   0.0927   0.01947   0.00909  -0.1319   0.8577   0.1310  37.9720 186.3795
  -3.462   0.1013   0.01947   0.00908  -0.1318   0.8571   0.1339  38.0523 186.7876
  -3.377   0.1089   0.01949   0.00912  -0.1316   0.8563   0.1363  38.1584 187.1357
  -3.292   0.1167   0.01954   0.00925  -0.1314   0.8555   0.1385  38.2718 187.4318
  -3.206   0.1250   0.01954   0.00922  -0.1313   0.8546   0.1416  38.3890 187.8648
  -3.121   0.1338   0.01950   0.00924  -0.1312   0.8537   0.1441  38.5057 188.1967
  -3.035   0.1429   0.01948   0.00927  -0.1311   0.8529   0.1466  38.6204 188.5438
  -2.950   0.1526   0.01940   0.00912  -0.1310   0.8521   0.1502  38.7274 189.0190
  -2.864   0.1624   0.01930   0.00914  -0.1311   0.8514   0.1523  38.8249 189.3022
  -2.779   0.1726   0.01921   0.00906  -0.1311   0.8507   0.1553  38.9146 189.6986
  -2.693   0.1831   0.01908   0.00892  -0.1311   0.8501   0.1584  38.9982 190.1127
  -2.608   0.1895   0.01918   0.00909  -0.1308   0.8487   0.1604  39.1844 190.3679
  -2.523   0.1972   0.01921   0.00912  -0.1305   0.8474   0.1633  39.3557 190.7378
  -2.437   0.2061   0.01917   0.00907  -0.1304   0.8463   0.1663  39.5077 191.1225
  -2.352   0.2155   0.01911   0.00908  -0.1303   0.8452   0.1689  39.6466 191.4532
  -2.266   0.2256   0.01903   0.00895  -0.1303   0.8443   0.1726  39.7726 191.9356
  -2.181   0.2361   0.01888   0.00889  -0.1303   0.8434   0.1753  39.8877 192.2711
  -2.095   0.2470   0.01874   0.00876  -0.1303   0.8426   0.1788  39.9930 192.7012
  -2.010   0.2532   0.01885   0.00884  -0.1299   0.8406   0.1817  40.2491 193.0662
  -1.925   0.2614   0.01882   0.00888  -0.1297   0.8390   0.1841  40.4573 193.3576
  -1.839   0.2709   0.01874   0.00880  -0.1295   0.8377   0.1874  40.6285 193.7670
  -1.754   0.2811   0.01860   0.00868  -0.1295   0.8366   0.1905  40.7692 194.1499
  -1.668   0.2917   0.01845   0.00858  -0.1295   0.8357   0.1935  40.8884 194.5119
  -1.498   0.3088   0.01839   0.00854  -0.1291   0.8328   0.1996  41.2621 195.2451
  -1.412   0.3171   0.01837   0.00855  -0.1289   0.8311   0.2027  41.4726 195.6092
  -1.327   0.3267   0.01830   0.00845  -0.1288   0.8298   0.2065  41.6383 196.0558
  -1.241   0.3368   0.01815   0.00837  -0.1287   0.8288   0.2094  41.7742 196.4052
  -1.156   0.3474   0.01803   0.00824  -0.1287   0.8279   0.2135  41.8889 196.8778
  -1.070   0.3581   0.01786   0.00811  -0.1288   0.8271   0.2168  41.9875 197.2617
  -0.985   0.3643   0.01796   0.00824  -0.1283   0.8248   0.2197  42.2817 197.5964
  -0.899   0.3730   0.01794   0.00819  -0.1281   0.8230   0.2234  42.4954 198.0264
  -0.814   0.3826   0.01780   0.00813  -0.1280   0.8217   0.2264  42.6617 198.3644
  -0.729   0.3930   0.01766   0.00800  -0.1280   0.8206   0.2304  42.8006 198.8163
  -0.643   0.4037   0.01749   0.00785  -0.1280   0.8197   0.2340  42.9195 199.2260
  -0.558   0.4124   0.01744   0.00783  -0.1277   0.8180   0.2375  43.1300 199.6252
  -0.472   0.4199   0.01746   0.00785  -0.1274   0.8156   0.2413  43.4206 200.0477
  -0.387   0.4293   0.01734   0.00778  -0.1272   0.8140   0.2449  43.6164 200.4412
  -0.301   0.4397   0.01721   0.00765  -0.1272   0.8128   0.2495  43.7702 200.9591
  -0.216   0.4502   0.01703   0.00752  -0.1271   0.8117   0.2535  43.8984 201.3896
  -0.131   0.4599   0.01694   0.00743  -0.1270   0.8103   0.2582  44.0700 201.9079
  -0.045   0.4667   0.01696   0.00750  -0.1266   0.8076   0.2617  44.3999 202.2855
   0.040   0.4762   0.01687   0.00743  -0.1264   0.8059   0.2664  44.6038 202.7935
   0.126   0.4863   0.01672   0.00732  -0.1263   0.8046   0.2709  44.7614 203.2868
   0.211   0.4969   0.01657   0.00718  -0.1263   0.8035   0.2764  44.8962 203.8706
   0.296   0.5064   0.01645   0.00711  -0.1262   0.8020   0.2813  45.0704 204.3975
   0.382   0.5136   0.01648   0.00716  -0.1258   0.7992   0.2867  45.4079 204.9645
   0.467   0.5230   0.01636   0.00710  -0.1256   0.7975   0.2923  45.6136 205.5535
   0.553   0.5331   0.01621   0.00698  -0.1255   0.7961   0.2991  45.7779 206.2680
   0.638   0.5436   0.01605   0.00685  -0.1255   0.7949   0.3070  45.9178 207.0905
   0.724   0.5519   0.01599   0.00684  -0.1252   0.7926   0.3150  46.1901 207.9062
   0.809   0.5601   0.01593   0.00683  -0.1248   0.7900   0.3240  46.4916 208.8296
   0.894   0.5699   0.01577   0.00673  -0.1247   0.7883   0.3360  46.6993 210.0511
   0.980   0.5801   0.01556   0.00660  -0.1246   0.7868   0.3526  46.8666 211.7162
   1.065   0.5900   0.01535   0.00650  -0.1245   0.7854   0.3791  47.0397 214.3406
   1.151   0.5965   0.01529   0.00659  -0.1239   0.7819   0.4215  47.4419 218.4711
   1.236   0.6053   0.01514   0.00658  -0.1236   0.7798   0.5007  47.6816 226.0631
   1.322   0.6155   0.01513   0.00649  -0.1234   0.7782   0.5619  47.8653 231.9204
   1.407   0.6255   0.01523   0.00642  -0.1232   0.7763   0.5913  48.0812 234.7625
   1.492   0.6332   0.01539   0.00646  -0.1228   0.7730   0.6086  48.4689 236.4486
   1.578   0.6432   0.01575   0.00648  -0.1225   0.7708   0.6241  48.7111 237.9659
   1.663   0.6534   0.01555   0.00616  -0.1224   0.7693   0.6367  48.8884 239.2158
   1.749   0.6629   0.01479   0.00580  -0.1224   0.7672   0.6470  49.1258 240.2568
   1.834   0.6698   0.01435   0.00574  -0.1219   0.7640   0.6568  49.4791 241.2278
   2.005   0.7131   0.01337   0.00556  -0.1260   0.7606   1.0000  49.8673 301.0000
   2.091   0.7225   0.01336   0.00550  -0.1258   0.7581   1.0000  50.1405 301.0000
   2.176   0.7306   0.01338   0.00550  -0.1254   0.7547   1.0000  50.5226 301.0000
   2.261   0.7407   0.01333   0.00540  -0.1253   0.7524   1.0000  50.7752 301.0000
   2.347   0.7515   0.01327   0.00527  -0.1253   0.7507   1.0000  50.9703 301.0000
   2.432   0.7589   0.01332   0.00531  -0.1247   0.7466   1.0000  51.4126 301.0000
   2.518   0.7686   0.01329   0.00523  -0.1246   0.7439   1.0000  51.7096 301.0000
   2.603   0.7793   0.01324   0.00511  -0.1245   0.7419   1.0000  51.9318 301.0000
   2.688   0.7872   0.01328   0.00512  -0.1241   0.7380   1.0000  52.3532 301.0000
   2.774   0.7967   0.01327   0.00506  -0.1238   0.7350   1.0000  52.6849 301.0000
   2.859   0.8072   0.01324   0.00495  -0.1238   0.7328   1.0000  52.9242 301.0000
   2.945   0.8152   0.01329   0.00496  -0.1233   0.7288   1.0000  53.3502 301.0000
   3.030   0.8245   0.01329   0.00492  -0.1231   0.7256   1.0000  53.6916 301.0000
   3.116   0.8351   0.01328   0.00483  -0.1230   0.7233   1.0000  53.9365 301.0000
   3.201   0.8429   0.01334   0.00485  -0.1226   0.7192   1.0000  54.3827 301.0000
   3.286   0.8524   0.01336   0.00481  -0.1224   0.7160   1.0000  54.7217 301.0000
   3.372   0.8631   0.01336   0.00473  -0.1224   0.7136   1.0000  54.9671 301.0000
   3.457   0.8705   0.01345   0.00478  -0.1218   0.7090   1.0000  55.4545 301.0000
   3.543   0.8802   0.01348   0.00474  -0.1217   0.7059   1.0000  55.7825 301.0000
   3.628   0.8902   0.01353   0.00470  -0.1216   0.7031   1.0000  56.0794 301.0000
   3.714   0.8978   0.01361   0.00475  -0.1211   0.6984   1.0000  56.5685 301.0000
   3.799   0.9079   0.01366   0.00471  -0.1210   0.6954   1.0000  56.8757 301.0000
   3.884   0.9164   0.01376   0.00473  -0.1206   0.6913   1.0000  57.2965 301.0000
   3.970   0.9255   0.01385   0.00474  -0.1204   0.6876   1.0000  57.6838 301.0000
   4.055   0.9363   0.01394   0.00470  -0.1204   0.6849   1.0000  57.9622 301.0000
   4.141   0.9311   0.01406   0.00501  -0.1181   0.6698   1.0000  59.5110 301.0000
   4.226   0.9485   0.01408   0.00477  -0.1190   0.6738   1.0000  59.1019 301.0000
   4.312   0.9419   0.01383   0.00494  -0.1166   0.6409   1.0000  62.4213 301.0000
   4.397   0.9519   0.01370   0.00474  -0.1164   0.6371   1.0000  62.7996 301.0000
   4.482   0.9616   0.01358   0.00456  -0.1162   0.6329   1.0000  63.2134 301.0000
   4.568   0.9709   0.01349   0.00439  -0.1159   0.6283   1.0000  63.6627 301.0000
   4.653   0.9802   0.01339   0.00422  -0.1155   0.6242   1.0000  64.0688 301.0000
   4.739   0.9888   0.01335   0.00411  -0.1151   0.6191   1.0000  64.5777 301.0000
   4.824   0.9976   0.01327   0.00396  -0.1147   0.6150   1.0000  64.9813 301.0000
   4.910   1.0058   0.01326   0.00389  -0.1143   0.6097   1.0000  65.4975 301.0000
   4.995   1.0143   0.01321   0.00378  -0.1139   0.6054   1.0000  65.9202 301.0000
   5.080   1.0222   0.01325   0.00376  -0.1134   0.6002   1.0000  66.4285 301.0000
   5.166   1.0304   0.01327   0.00372  -0.1130   0.5956   1.0000  66.8680 301.0000
   5.251   1.0382   0.01334   0.00373  -0.1125   0.5906   1.0000  67.3549 301.0000
   5.337   1.0462   0.01341   0.00374  -0.1121   0.5861   1.0000  67.8000 301.0000
   5.422   1.0541   0.01351   0.00377  -0.1117   0.5815   1.0000  68.2383 301.0000
   5.508   1.0619   0.01361   0.00382  -0.1112   0.5769   1.0000  68.6863 301.0000
   5.593   1.0702   0.01372   0.00384  -0.1109   0.5731   1.0000  69.0547 301.0000
   5.678   1.0777   0.01384   0.00392  -0.1104   0.5684   1.0000  69.5117 301.0000
   5.764   1.0860   0.01396   0.00396  -0.1101   0.5646   1.0000  69.8754 301.0000
   5.849   1.0939   0.01409   0.00403  -0.1097   0.5605   1.0000  70.2682 301.0000
   5.935   1.1017   0.01422   0.00409  -0.1093   0.5564   1.0000  70.6609 301.0000
   6.020   1.1104   0.01434   0.00413  -0.1090   0.5532   1.0000  70.9746 301.0000
   6.106   1.1178   0.01447   0.00422  -0.1086   0.5488   1.0000  71.3879 301.0000
   6.191   1.1258   0.01460   0.00428  -0.1082   0.5450   1.0000  71.7596 301.0000
   6.276   1.1340   0.01473   0.00432  -0.1079   0.5413   1.0000  72.1113 301.0000
   6.362   1.1411   0.01486   0.00440  -0.1074   0.5367   1.0000  72.5544 301.0000
   6.447   1.1493   0.01499   0.00442  -0.1070   0.5327   1.0000  72.9347 301.0000
   6.533   1.1560   0.01513   0.00450  -0.1064   0.5278   1.0000  73.4010 301.0000
   6.618   1.1634   0.01525   0.00453  -0.1059   0.5232   1.0000  73.8408 301.0000
   6.704   1.1701   0.01538   0.00457  -0.1053   0.5183   1.0000  74.3140 301.0000
   6.789   1.1769   0.01551   0.00461  -0.1047   0.5133   1.0000  74.7920 301.0000
   6.874   1.1836   0.01564   0.00464  -0.1041   0.5085   1.0000  75.2546 301.0000
   6.960   1.1901   0.01576   0.00468  -0.1035   0.5035   1.0000  75.7259 301.0000
   7.045   1.1972   0.01588   0.00470  -0.1029   0.4992   1.0000  76.1351 301.0000
   7.131   1.2034   0.01601   0.00475  -0.1023   0.4945   1.0000  76.5921 301.0000
   7.216   1.2109   0.01613   0.00476  -0.1018   0.4906   1.0000  76.9627 301.0000
   7.301   1.2169   0.01626   0.00482  -0.1011   0.4859   1.0000  77.4077 301.0000
   7.387   1.2236   0.01638   0.00484  -0.1005   0.4817   1.0000  77.8091 301.0000
   7.472   1.2302   0.01650   0.00487  -0.0999   0.4776   1.0000  78.2048 301.0000
   7.558   1.2363   0.01663   0.00492  -0.0992   0.4731   1.0000  78.6294 301.0000
   7.643   1.2435   0.01675   0.00492  -0.0987   0.4695   1.0000  78.9786 301.0000
   7.729   1.2491   0.01688   0.00498  -0.0979   0.4649   1.0000  79.4153 301.0000
   7.814   1.2554   0.01701   0.00501  -0.0972   0.4608   1.0000  79.8122 301.0000
   7.899   1.2614   0.01714   0.00503  -0.0966   0.4566   1.0000  80.2184 301.0000
   7.985   1.2669   0.01726   0.00507  -0.0958   0.4519   1.0000  80.6605 301.0000
   8.070   1.2732   0.01740   0.00507  -0.0951   0.4480   1.0000  81.0416 301.0000
   8.156   1.2781   0.01753   0.00513  -0.0942   0.4431   1.0000  81.5061 301.0000
   8.241   1.2840   0.01767   0.00514  -0.0935   0.4391   1.0000  81.8935 301.0000
   8.327   1.2893   0.01780   0.00519  -0.0927   0.4347   1.0000  82.3144 301.0000
   8.412   1.2945   0.01794   0.00522  -0.0919   0.4304   1.0000  82.7339 301.0000
   8.498   1.2998   0.01809   0.00524  -0.0911   0.4263   1.0000  83.1292 301.0000
   8.583   1.3039   0.01823   0.00529  -0.0901   0.4215   1.0000  83.5905 301.0000
   8.668   1.3084   0.01838   0.00529  -0.0891   0.4174   1.0000  83.9920 301.0000
   8.754   1.3118   0.01854   0.00535  -0.0880   0.4122   1.0000  84.4940 301.0000
   8.839   1.3157   0.01871   0.00537  -0.0870   0.4076   1.0000  84.9431 301.0000
   8.925   1.3191   0.01888   0.00544  -0.0859   0.4021   1.0000  85.4746 301.0000
   9.010   1.3227   0.01908   0.00546  -0.0849   0.3971   1.0000  85.9653 301.0000
   9.095   1.3260   0.01928   0.00554  -0.0838   0.3912   1.0000  86.5459 301.0000
   9.181   1.3292   0.01950   0.00559  -0.0828   0.3856   1.0000  87.0902 301.0000
   9.266   1.3322   0.01973   0.00567  -0.0818   0.3791   1.0000  87.7268 301.0000
   9.352   1.3352   0.01997   0.00575  -0.0807   0.3725   1.0000  88.3752 301.0000
   9.437   1.3378   0.02024   0.00583  -0.0797   0.3659   1.0000  89.0360 301.0000
   9.523   1.3406   0.02052   0.00594  -0.0787   0.3583   1.0000  89.7894 301.0000
   9.608   1.3432   0.02081   0.00605  -0.0777   0.3503   1.0000  90.5891 301.0000
   9.694   1.3454   0.02114   0.00618  -0.0766   0.3414   1.0000  91.4775 301.0000
   9.779   1.3473   0.02149   0.00632  -0.0756   0.3312   1.0000  92.5102 301.0000
   9.864   1.3485   0.02190   0.00649  -0.0745   0.3194   1.0000  93.7161 301.0000
   9.950   1.3491   0.02236   0.00668  -0.0734   0.3045   1.0000  95.2480 301.0000
  10.035   1.3482   0.02293   0.00692  -0.0721   0.2863   1.0000  97.1536 301.0000
  10.121   1.3457   0.02364   0.00722  -0.0708   0.2617   1.0000  99.7920 301.0000
  10.206   1.3409   0.02455   0.00764  -0.0693   0.2279   1.0000 103.5490 301.0000
  10.291   1.3335   0.02570   0.00821  -0.0676   0.1884   1.0000 108.1997 301.0000
  10.377   1.3260   0.02692   0.00889  -0.0660   0.1541   1.0000 112.5446 301.0000
  10.462   1.3204   0.02805   0.00957  -0.0646   0.1317   1.0000 115.6147 301.0000
  10.548   1.3169   0.02904   0.01019  -0.0634   0.1176   1.0000 117.6409 301.0000
  10.633   1.3149   0.02993   0.01076  -0.0623   0.1083   1.0000 119.0433 301.0000
  10.719   1.3138   0.03075   0.01131  -0.0614   0.1018   1.0000 120.0601 301.0000
  10.804   1.3134   0.03152   0.01182  -0.0605   0.0965   1.0000 120.8991 301.0000
  10.889   1.3137   0.03224   0.01231  -0.0597   0.0922   1.0000 121.6108 301.0000
  10.975   1.3135   0.03300   0.01284  -0.0588   0.0890   1.0000 122.1385 301.0000
  11.060   1.3142   0.03370   0.01332  -0.0581   0.0858   1.0000 122.6750 301.0000
  11.146   1.3137   0.03450   0.01388  -0.0573   0.0837   1.0000 123.0482 301.0000
  11.231   1.3151   0.03515   0.01434  -0.0566   0.0809   1.0000 123.5228 301.0000
  11.317   1.3152   0.03591   0.01488  -0.0559   0.0790   1.0000 123.8596 301.0000
  11.402   1.3155   0.03666   0.01542  -0.0551   0.0772   1.0000 124.1888 301.0000
  11.487   1.3167   0.03734   0.01591  -0.0545   0.0752   1.0000 124.5472 301.0000
  11.573   1.3170   0.03809   0.01645  -0.0538   0.0737   1.0000 124.8235 301.0000
  11.658   1.3165   0.03891   0.01704  -0.0531   0.0724   1.0000 125.0544 301.0000
  11.744   1.3183   0.03955   0.01751  -0.0525   0.0706   1.0000 125.3801 301.0000
  11.829   1.3192   0.04026   0.01803  -0.0518   0.0692   1.0000 125.6516 301.0000
  11.915   1.3193   0.04105   0.01860  -0.0512   0.0680   1.0000 125.8683 301.0000
  12.000   1.3192   0.04184   0.01917  -0.0505   0.0670   1.0000 126.0743 301.0000
