  
       XFOIL         Version 6.99
  
 Calculated polar for: Repaneled_Airfoil                               
  
 1 1 Reynolds number fixed          Mach number fixed         
  
 xtrf =   1.000 (top)        1.000 (bottom)  
 Mach =   0.000     Re =     0.200 e 6     Ncrit =   9.000  9.000
  
   alpha    CL        CD       CDp       CM     Top_Xtr  Bot_Xtr  Top_Itr  Bot_Itr
  ------ -------- --------- --------- -------- -------- -------- -------- --------
  -5.000  -0.1270   0.01870   0.00806  -0.0985   0.8866   0.1030  33.7884 182.1863
  -4.915  -0.1177   0.01861   0.00804  -0.0985   0.8860   0.1051  33.8825 182.5043
  -4.829  -0.1084   0.01849   0.00785  -0.0984   0.8854   0.1079  33.9703 182.9455
  -4.744  -0.0997   0.01839   0.00787  -0.0984   0.8847   0.1098  34.0735 183.2290
  -4.658  -0.0910   0.01835   0.00787  -0.0983   0.8840   0.1120  34.1730 183.5653
  -4.573  -0.0822   0.01827   0.00772  -0.0982   0.8835   0.1149  34.2572 184.0114
  -4.487  -0.0734   0.01818   0.00777  -0.0982   0.8829   0.1167  34.3332 184.2781
  -4.402  -0.0645   0.01812   0.00774  -0.0982   0.8824   0.1192  34.4078 184.6349
  -4.317  -0.0555   0.01803   0.00761  -0.0981   0.8820   0.1220  34.4794 185.0526
  -4.231  -0.0465   0.01795   0.00763  -0.0981   0.8815   0.1239  34.5467 185.3352
  -4.146  -0.0374   0.01789   0.00759  -0.0980   0.8811   0.1267  34.6116 185.7279
  -4.060  -0.0283   0.01780   0.00751  -0.0980   0.8806   0.1294  34.6767 186.1259
  -3.975  -0.0191   0.01775   0.00753  -0.0980   0.8802   0.1318  34.7421 186.4659
  -3.889  -0.0097   0.01770   0.00742  -0.0980   0.8797   0.1353  34.8089 186.9588
  -3.804  -0.0004   0.01761   0.00744  -0.0980   0.8793   0.1377  34.8770 187.2904
  -3.719   0.0090   0.01756   0.00740  -0.0979   0.8788   0.1409  34.9444 187.7286
  -3.633   0.0183   0.01749   0.00735  -0.0979   0.8783   0.1440  35.0135 188.1547
  -3.548   0.0266   0.01749   0.00740  -0.0978   0.8777   0.1467  35.1116 188.5210
  -3.462   0.0352   0.01749   0.00735  -0.0977   0.8769   0.1504  35.2226 189.0111
  -3.377   0.0436   0.01743   0.00740  -0.0976   0.8760   0.1528  35.3501 189.3304
  -3.292   0.0524   0.01739   0.00736  -0.0975   0.8749   0.1561  35.5051 189.7658
  -3.206   0.0617   0.01729   0.00728  -0.0973   0.8737   0.1592  35.6870 190.1744
  -3.121   0.0716   0.01715   0.00718  -0.0972   0.8723   0.1623  35.8827 190.5837
  -3.035   0.0805   0.01707   0.00707  -0.0970   0.8705   0.1660  36.1397 191.0540
  -2.950   0.0884   0.01698   0.00706  -0.0966   0.8681   0.1686  36.4735 191.3904
  -2.864   0.0980   0.01685   0.00690  -0.0964   0.8659   0.1726  36.7850 191.8973
  -2.779   0.1073   0.01667   0.00677  -0.0961   0.8637   0.1758  37.0929 192.3025
  -2.693   0.1151   0.01662   0.00673  -0.0957   0.8609   0.1794  37.4846 192.7501
  -2.608   0.1246   0.01644   0.00657  -0.0954   0.8586   0.1831  37.8056 193.2114
  -2.523   0.1337   0.01631   0.00645  -0.0951   0.8564   0.1870  38.1024 193.6861
  -2.437   0.1417   0.01624   0.00640  -0.0948   0.8539   0.1907  38.4385 194.1423
  -2.352   0.1507   0.01610   0.00630  -0.0945   0.8520   0.1945  38.7014 194.5979
  -2.266   0.1603   0.01597   0.00617  -0.0943   0.8505   0.1987  38.9036 195.1074
  -2.181   0.1691   0.01585   0.00610  -0.0941   0.8490   0.2024  39.0964 195.5505
  -2.095   0.1775   0.01582   0.00608  -0.0939   0.8474   0.2067  39.3100 196.0563
  -2.010   0.1861   0.01571   0.00604  -0.0938   0.8460   0.2106  39.4979 196.5119
  -1.925   0.1953   0.01562   0.00596  -0.0936   0.8447   0.2154  39.6630 197.0705
  -1.839   0.2044   0.01548   0.00589  -0.0935   0.8436   0.2199  39.8082 197.5984
  -1.754   0.2138   0.01536   0.00579  -0.0934   0.8427   0.2251  39.9369 198.1883
  -1.668   0.2226   0.01528   0.00576  -0.0932   0.8414   0.2304  40.0963 198.7947
  -1.583   0.2307   0.01522   0.00576  -0.0930   0.8399   0.2356  40.2949 199.3841
  -1.498   0.2393   0.01514   0.00572  -0.0928   0.8385   0.2418  40.4819 200.0830
  -1.412   0.2482   0.01502   0.00567  -0.0927   0.8371   0.2484  40.6567 200.8163
  -1.327   0.2574   0.01488   0.00559  -0.0925   0.8359   0.2559  40.8196 201.6401
  -1.241   0.2667   0.01473   0.00550  -0.0923   0.8347   0.2653  40.9682 202.6544
  -1.156   0.2746   0.01465   0.00551  -0.0921   0.8329   0.2768  41.2057 203.8921
  -1.070   0.2827   0.01453   0.00551  -0.0918   0.8310   0.2944  41.4429 205.7562
  -0.985   0.2908   0.01430   0.00549  -0.0916   0.8294   0.3320  41.6499 209.6300
  -0.899   0.2984   0.01399   0.00552  -0.0911   0.8279   0.4187  41.8321 218.1929
  -0.814   0.3064   0.01379   0.00555  -0.0906   0.8267   0.4941  41.9915 225.4260
  -0.729   0.3136   0.01382   0.00568  -0.0902   0.8244   0.5373  42.2806 229.5587
  -0.643   0.3220   0.01383   0.00572  -0.0898   0.8224   0.5662  42.5284 232.3402
  -0.558   0.3311   0.01382   0.00571  -0.0895   0.8207   0.5869  42.7390 234.3406
  -0.472   0.3408   0.01381   0.00565  -0.0893   0.8193   0.6035  42.9186 235.9519
  -0.387   0.3494   0.01382   0.00564  -0.0890   0.8173   0.6165  43.1638 237.2207
  -0.301   0.3578   0.01382   0.00561  -0.0887   0.8150   0.6282  43.4437 238.3729
  -0.216   0.3669   0.01376   0.00550  -0.0885   0.8131   0.6405  43.6739 239.5959
  -0.131   0.3761   0.01349   0.00533  -0.0883   0.8116   0.6513  43.8642 240.6751
  -0.045   0.3840   0.01317   0.00526  -0.0877   0.8100   0.6601  44.0612 241.5653
   0.040   0.3885   0.01285   0.00535  -0.0865   0.8074   0.7033  44.3678 245.9839
   0.126   0.4334   0.01238   0.00539  -0.0927   0.8057   0.9678  44.5710 283.7698
   0.211   0.4565   0.01231   0.00529  -0.0953   0.8039   0.9899  44.7926 291.4005
   0.296   0.4785   0.01221   0.00515  -0.0978   0.8023   1.0000  44.9838 301.0000
   0.382   0.4861   0.01226   0.00518  -0.0974   0.7995   1.0000  45.3183 301.0000
   0.467   0.4945   0.01227   0.00515  -0.0971   0.7971   1.0000  45.6019 301.0000
   0.553   0.5035   0.01224   0.00508  -0.0968   0.7952   1.0000  45.8358 301.0000
   0.638   0.5125   0.01223   0.00502  -0.0965   0.7932   1.0000  46.0700 301.0000
   0.724   0.5202   0.01227   0.00505  -0.0961   0.7902   1.0000  46.4246 301.0000
   0.809   0.5289   0.01226   0.00500  -0.0958   0.7878   1.0000  46.7039 301.0000
   0.894   0.5382   0.01222   0.00491  -0.0955   0.7858   1.0000  46.9312 301.0000
   0.980   0.5462   0.01225   0.00491  -0.0952   0.7829   1.0000  47.2742 301.0000
   1.065   0.5546   0.01225   0.00489  -0.0948   0.7800   1.0000  47.6023 301.0000
   1.151   0.5638   0.01222   0.00480  -0.0945   0.7778   1.0000  47.8635 301.0000
   1.236   0.5723   0.01222   0.00477  -0.0942   0.7750   1.0000  48.1800 301.0000
   1.322   0.5804   0.01223   0.00475  -0.0938   0.7717   1.0000  48.5540 301.0000
   1.407   0.5896   0.01219   0.00466  -0.0935   0.7692   1.0000  48.8421 301.0000
   1.492   0.5982   0.01218   0.00461  -0.0931   0.7662   1.0000  49.1755 301.0000
   1.578   0.6063   0.01219   0.00459  -0.0927   0.7627   1.0000  49.5765 301.0000
   1.663   0.6156   0.01215   0.00449  -0.0924   0.7600   1.0000  49.8792 301.0000
   1.749   0.6238   0.01215   0.00446  -0.0920   0.7564   1.0000  50.2742 301.0000
   1.834   0.6323   0.01213   0.00441  -0.0917   0.7529   1.0000  50.6693 301.0000
   1.920   0.6419   0.01209   0.00430  -0.0914   0.7502   1.0000  50.9663 301.0000
   2.005   0.6494   0.01211   0.00429  -0.0909   0.7458   1.0000  51.4432 301.0000
   2.091   0.6585   0.01208   0.00421  -0.0906   0.7425   1.0000  51.8078 301.0000
   2.176   0.6671   0.01206   0.00415  -0.0903   0.7389   1.0000  52.1978 301.0000
   2.261   0.6754   0.01206   0.00410  -0.0899   0.7348   1.0000  52.6490 301.0000
   2.347   0.6851   0.01202   0.00399  -0.0896   0.7317   1.0000  52.9797 301.0000
   2.432   0.6926   0.01203   0.00398  -0.0891   0.7268   1.0000  53.5090 301.0000
   2.518   0.7019   0.01201   0.00389  -0.0888   0.7232   1.0000  53.8942 301.0000
   2.603   0.7099   0.01201   0.00386  -0.0884   0.7184   1.0000  54.3993 301.0000
   2.688   0.7190   0.01200   0.00377  -0.0881   0.7143   1.0000  54.8398 301.0000
   2.774   0.7272   0.01200   0.00373  -0.0877   0.7093   1.0000  55.3583 301.0000
   2.859   0.7361   0.01199   0.00365  -0.0873   0.7047   1.0000  55.8442 301.0000
   2.945   0.7442   0.01201   0.00361  -0.0869   0.6992   1.0000  56.4178 301.0000
   3.030   0.7534   0.01201   0.00352  -0.0866   0.6943   1.0000  56.9270 301.0000
   3.116   0.7614   0.01204   0.00348  -0.0861   0.6882   1.0000  57.5572 301.0000
   3.201   0.7704   0.01208   0.00341  -0.0858   0.6826   1.0000  58.1259 301.0000
   3.286   0.7754   0.01208   0.00344  -0.0849   0.6725   1.0000  59.1612 301.0000
   3.372   0.7781   0.01184   0.00344  -0.0839   0.6294   1.0000  63.4838 301.0000
   3.457   0.7870   0.01166   0.00314  -0.0834   0.6188   1.0000  64.5244 301.0000
   3.543   0.7952   0.01151   0.00286  -0.0828   0.6073   1.0000  65.6584 301.0000
   3.628   0.8028   0.01144   0.00266  -0.0821   0.5948   1.0000  66.8716 301.0000
   3.714   0.8099   0.01145   0.00254  -0.0814   0.5818   1.0000  68.1352 301.0000
   3.799   0.8167   0.01153   0.00249  -0.0807   0.5689   1.0000  69.3781 301.0000
   3.884   0.8236   0.01164   0.00248  -0.0801   0.5569   1.0000  70.5338 301.0000
   3.970   0.8304   0.01178   0.00250  -0.0795   0.5456   1.0000  71.6186 301.0000
   4.055   0.8373   0.01193   0.00253  -0.0789   0.5352   1.0000  72.6132 301.0000
   4.141   0.8443   0.01209   0.00257  -0.0784   0.5257   1.0000  73.5256 301.0000
   4.226   0.8514   0.01225   0.00262  -0.0779   0.5170   1.0000  74.3580 301.0000
   4.312   0.8586   0.01241   0.00266  -0.0774   0.5091   1.0000  75.1081 301.0000
   4.397   0.8658   0.01256   0.00272  -0.0769   0.5015   1.0000  75.8377 301.0000
   4.482   0.8731   0.01271   0.00277  -0.0765   0.4943   1.0000  76.5200 301.0000
   4.568   0.8805   0.01287   0.00283  -0.0760   0.4882   1.0000  77.1061 301.0000
   4.653   0.8879   0.01301   0.00288  -0.0756   0.4818   1.0000  77.7157 301.0000
   4.739   0.8954   0.01316   0.00294  -0.0752   0.4762   1.0000  78.2538 301.0000
   4.824   0.9030   0.01331   0.00299  -0.0748   0.4708   1.0000  78.7681 301.0000
   4.910   0.9106   0.01345   0.00305  -0.0744   0.4658   1.0000  79.2472 301.0000
   4.995   0.9184   0.01359   0.00310  -0.0740   0.4609   1.0000  79.7124 301.0000
   5.080   0.9262   0.01374   0.00315  -0.0737   0.4569   1.0000  80.1034 301.0000
   5.166   0.9341   0.01386   0.00322  -0.0734   0.4523   1.0000  80.5396 301.0000
   5.251   0.9421   0.01401   0.00327  -0.0730   0.4487   1.0000  80.8835 301.0000
   5.337   0.9501   0.01414   0.00333  -0.0727   0.4450   1.0000  81.2395 301.0000
   5.422   0.9582   0.01427   0.00340  -0.0724   0.4413   1.0000  81.5944 301.0000
   5.508   0.9664   0.01442   0.00345  -0.0722   0.4383   1.0000  81.8878 301.0000
   5.593   0.9746   0.01455   0.00352  -0.0719   0.4350   1.0000  82.2028 301.0000
   5.678   0.9827   0.01468   0.00359  -0.0716   0.4317   1.0000  82.5257 301.0000
   5.764   0.9910   0.01482   0.00364  -0.0713   0.4288   1.0000  82.8030 301.0000
   5.849   0.9994   0.01497   0.00370  -0.0711   0.4262   1.0000  83.0559 301.0000
   5.935   1.0075   0.01509   0.00378  -0.0708   0.4228   1.0000  83.3797 301.0000
   6.020   1.0157   0.01522   0.00384  -0.0706   0.4197   1.0000  83.6786 301.0000
   6.106   1.0240   0.01537   0.00388  -0.0703   0.4169   1.0000  83.9489 301.0000
   6.191   1.0318   0.01549   0.00395  -0.0700   0.4132   1.0000  84.3087 301.0000
   6.276   1.0395   0.01561   0.00399  -0.0696   0.4094   1.0000  84.6770 301.0000
   6.362   1.0475   0.01576   0.00401  -0.0693   0.4059   1.0000  85.0142 301.0000
   6.447   1.0546   0.01586   0.00408  -0.0689   0.4014   1.0000  85.4584 301.0000
   6.533   1.0621   0.01599   0.00410  -0.0685   0.3972   1.0000  85.8637 301.0000
   6.618   1.0693   0.01611   0.00414  -0.0680   0.3929   1.0000  86.2831 301.0000
   6.704   1.0765   0.01622   0.00417  -0.0676   0.3886   1.0000  86.7079 301.0000
   6.789   1.0841   0.01636   0.00419  -0.0672   0.3849   1.0000  87.0736 301.0000
   6.874   1.0911   0.01646   0.00424  -0.0668   0.3806   1.0000  87.4946 301.0000
   6.960   1.0986   0.01659   0.00427  -0.0664   0.3769   1.0000  87.8538 301.0000
   7.045   1.1059   0.01672   0.00431  -0.0660   0.3732   1.0000  88.2241 301.0000
   7.131   1.1130   0.01683   0.00435  -0.0655   0.3693   1.0000  88.6078 301.0000
   7.216   1.1206   0.01697   0.00437  -0.0651   0.3660   1.0000  88.9371 301.0000
   7.301   1.1276   0.01708   0.00443  -0.0647   0.3622   1.0000  89.3064 301.0000
   7.387   1.1349   0.01719   0.00447  -0.0643   0.3587   1.0000  89.6589 301.0000
   7.472   1.1424   0.01734   0.00448  -0.0639   0.3556   1.0000  89.9616 301.0000
   7.558   1.1493   0.01744   0.00454  -0.0634   0.3520   1.0000  90.3303 301.0000
   7.643   1.1564   0.01756   0.00458  -0.0630   0.3484   1.0000  90.6828 301.0000
   7.729   1.1638   0.01770   0.00459  -0.0626   0.3454   1.0000  90.9861 301.0000
   7.814   1.1705   0.01780   0.00466  -0.0621   0.3417   1.0000  91.3617 301.0000
   7.899   1.1774   0.01792   0.00469  -0.0616   0.3382   1.0000  91.7116 301.0000
   7.985   1.1845   0.01807   0.00471  -0.0612   0.3352   1.0000  92.0141 301.0000
   8.070   1.1911   0.01816   0.00477  -0.0607   0.3315   1.0000  92.3930 301.0000
   8.156   1.1978   0.01828   0.00480  -0.0602   0.3281   1.0000  92.7364 301.0000
   8.241   1.2047   0.01842   0.00482  -0.0597   0.3250   1.0000  93.0495 301.0000
   8.327   1.2111   0.01852   0.00488  -0.0592   0.3211   1.0000  93.4461 301.0000
   8.412   1.2174   0.01865   0.00490  -0.0586   0.3175   1.0000  93.8167 301.0000
   8.498   1.2236   0.01878   0.00493  -0.0580   0.3137   1.0000  94.2076 301.0000
   8.583   1.2294   0.01889   0.00497  -0.0574   0.3093   1.0000  94.6600 301.0000
   8.668   1.2350   0.01903   0.00498  -0.0568   0.3053   1.0000  95.0768 301.0000
   8.754   1.2405   0.01914   0.00502  -0.0561   0.3002   1.0000  95.6048 301.0000
   8.839   1.2455   0.01929   0.00503  -0.0553   0.2957   1.0000  96.0803 301.0000
   8.925   1.2505   0.01941   0.00507  -0.0546   0.2899   1.0000  96.6858 301.0000
   9.010   1.2550   0.01956   0.00509  -0.0537   0.2842   1.0000  97.2826 301.0000
   9.095   1.2585   0.01971   0.00511  -0.0527   0.2782   1.0000  97.9175 301.0000
   9.181   1.2622   0.01985   0.00514  -0.0518   0.2712   1.0000  98.6688 301.0000
   9.266   1.2656   0.02003   0.00517  -0.0508   0.2636   1.0000  99.4887 301.0000
   9.352   1.2688   0.02022   0.00522  -0.0498   0.2544   1.0000 100.4963 301.0000
   9.437   1.2713   0.02045   0.00527  -0.0488   0.2427   1.0000 101.7856 301.0000
   9.523   1.2735   0.02073   0.00533  -0.0477   0.2256   1.0000 103.7124 301.0000
   9.608   1.2734   0.02116   0.00544  -0.0465   0.1995   1.0000 106.7632 301.0000
   9.694   1.2698   0.02188   0.00568  -0.0449   0.1685   1.0000 110.5867 301.0000
   9.779   1.2658   0.02274   0.00608  -0.0434   0.1436   1.0000 113.8712 301.0000
   9.864   1.2632   0.02356   0.00653  -0.0421   0.1260   1.0000 116.3290 301.0000
  10.035   1.2614   0.02501   0.00737  -0.0399   0.1063   1.0000 119.2653 301.0000
  10.121   1.2614   0.02568   0.00778  -0.0389   0.1003   1.0000 120.2088 301.0000
  10.206   1.2617   0.02633   0.00818  -0.0380   0.0956   1.0000 120.9670 301.0000
  10.291   1.2630   0.02691   0.00854  -0.0372   0.0913   1.0000 121.6763 301.0000
  10.377   1.2637   0.02754   0.00894  -0.0364   0.0881   1.0000 122.2088 301.0000
  10.462   1.2650   0.02813   0.00931  -0.0356   0.0851   1.0000 122.7222 301.0000
  10.548   1.2655   0.02878   0.00973  -0.0348   0.0828   1.0000 123.1145 301.0000
  10.633   1.2674   0.02934   0.01010  -0.0341   0.0801   1.0000 123.5801 301.0000
  10.719   1.2680   0.03000   0.01052  -0.0333   0.0783   1.0000 123.9040 301.0000
  10.804   1.2695   0.03060   0.01092  -0.0326   0.0763   1.0000 124.2625 301.0000
  10.889   1.2712   0.03118   0.01131  -0.0320   0.0743   1.0000 124.6134 301.0000
  10.975   1.2721   0.03184   0.01174  -0.0313   0.0729   1.0000 124.8792 301.0000
  11.060   1.2731   0.03249   0.01217  -0.0307   0.0714   1.0000 125.1527 301.0000
  11.146   1.2753   0.03306   0.01256  -0.0301   0.0697   1.0000 125.4679 301.0000
  11.231   1.2767   0.03369   0.01298  -0.0295   0.0683   1.0000 125.7287 301.0000
  11.317   1.2772   0.03439   0.01344  -0.0288   0.0672   1.0000 125.9334 301.0000
  11.402   1.2791   0.03500   0.01386  -0.0282   0.0659   1.0000 126.1935 301.0000
  11.487   1.2813   0.03558   0.01426  -0.0277   0.0645   1.0000 126.4713 301.0000
  11.573   1.2830   0.03621   0.01468  -0.0272   0.0633   1.0000 126.7062 301.0000
  11.658   1.2840   0.03689   0.01513  -0.0266   0.0623   1.0000 126.8961 301.0000
  11.744   1.2853   0.03757   0.01558  -0.0260   0.0613   1.0000 127.0946 301.0000
  11.829   1.2879   0.03813   0.01600  -0.0255   0.0600   1.0000 127.3453 301.0000
  11.915   1.2899   0.03874   0.01642  -0.0250   0.0590   1.0000 127.5641 301.0000
  12.000   1.2916   0.03938   0.01685  -0.0245   0.0580   1.0000 127.7499 301.0000
