  
       XFOIL         Version 6.99
  
 Calculated polar for: Repaneled_Airfoil                               
  
 1 1 Reynolds number fixed          Mach number fixed         
  
 xtrf =   1.000 (top)        1.000 (bottom)  
 Mach =   0.000     Re =     0.200 e 6     Ncrit =   9.000  9.000
  
   alpha    CL        CD       CDp       CM     Top_Xtr  Bot_Xtr  Top_Itr  Bot_Itr
  ------ -------- --------- --------- -------- -------- -------- -------- --------
  -5.000  -0.3623   0.01702   0.00615  -0.0797   0.9559   0.1100  21.2493 183.3834
  -4.915  -0.3506   0.01685   0.00600  -0.0802   0.9543   0.1145  21.6129 184.0542
  -4.829  -0.3380   0.01666   0.00593  -0.0809   0.9534   0.1187  21.8294 184.6874
  -4.744  -0.3249   0.01647   0.00583  -0.0818   0.9527   0.1235  21.9907 185.3793
  -4.658  -0.3149   0.01633   0.00573  -0.0819   0.9502   0.1283  22.5247 186.0759
  -4.573  -0.3024   0.01618   0.00567  -0.0827   0.9492   0.1335  22.7565 186.8130
  -4.487  -0.2895   0.01601   0.00560  -0.0835   0.9484   0.1389  22.9318 187.5563
  -4.402  -0.2793   0.01588   0.00553  -0.0837   0.9461   0.1440  23.4111 188.2608
  -4.317  -0.2673   0.01575   0.00544  -0.0842   0.9448   0.1500  23.7000 189.0613
  -4.231  -0.2547   0.01561   0.00539  -0.0849   0.9438   0.1557  23.9046 189.8259
  -4.146  -0.2444   0.01551   0.00537  -0.0851   0.9416   0.1608  24.3609 190.4873
  -4.060  -0.2328   0.01540   0.00532  -0.0855   0.9400   0.1667  24.6796 191.2471
  -3.975  -0.2203   0.01531   0.00526  -0.0862   0.9389   0.1731  24.8945 192.0644
  -3.889  -0.2101   0.01525   0.00527  -0.0863   0.9367   0.1784  25.3357 192.7238
  -3.804  -0.1988   0.01519   0.00527  -0.0867   0.9350   0.1840  25.6703 193.4089
  -3.719  -0.1865   0.01512   0.00524  -0.0873   0.9338   0.1902  25.8932 194.1669
  -3.633  -0.1764   0.01510   0.00525  -0.0874   0.9315   0.1955  26.3345 194.8128
  -3.548  -0.1655   0.01506   0.00527  -0.0877   0.9297   0.2004  26.6695 195.3973
  -3.462  -0.1534   0.01502   0.00523  -0.0882   0.9285   0.2063  26.8946 196.0936
  -3.377  -0.1436   0.01500   0.00527  -0.0882   0.9262   0.2105  27.3277 196.5841
  -3.292  -0.1328   0.01496   0.00524  -0.0884   0.9243   0.2154  27.6689 197.1601
  -3.206  -0.1210   0.01492   0.00524  -0.0889   0.9230   0.2200  27.9005 197.6935
  -3.121  -0.1114   0.01489   0.00523  -0.0889   0.9206   0.2244  28.3362 198.1917
  -3.035  -0.1008   0.01487   0.00523  -0.0891   0.9186   0.2287  28.6807 198.6880
  -2.950  -0.0892   0.01482   0.00520  -0.0894   0.9173   0.2333  28.9196 199.2074
  -2.864  -0.0799   0.01480   0.00521  -0.0893   0.9145   0.2373  29.3890 199.6517
  -2.779  -0.0693   0.01475   0.00516  -0.0895   0.9125   0.2417  29.7265 200.1458
  -2.693  -0.0578   0.01469   0.00514  -0.0898   0.9111   0.2456  29.9680 200.5761
  -2.608  -0.0490   0.01467   0.00509  -0.0896   0.9080   0.2499  30.4887 201.0524
  -2.523  -0.0383   0.01459   0.00508  -0.0898   0.9061   0.2531  30.8026 201.4053
  -2.437  -0.0278   0.01454   0.00500  -0.0899   0.9040   0.2575  31.1485 201.8894
  -2.352  -0.0185   0.01447   0.00498  -0.0899   0.9011   0.2607  31.6009 202.2357
  -2.266  -0.0077   0.01440   0.00493  -0.0900   0.8993   0.2646  31.8926 202.6545
  -2.181   0.0016   0.01435   0.00486  -0.0899   0.8965   0.2685  32.3424 203.0809
  -2.095   0.0116   0.01426   0.00483  -0.0900   0.8941   0.2717  32.7178 203.4145
  -2.010   0.0225   0.01419   0.00473  -0.0901   0.8924   0.2759  32.9861 203.8669
  -1.925   0.0311   0.01412   0.00470  -0.0899   0.8890   0.2790  33.5025 204.1936
  -1.839   0.0414   0.01402   0.00464  -0.0900   0.8868   0.2823  33.8319 204.5520
  -1.754   0.0511   0.01398   0.00455  -0.0900   0.8842   0.2864  34.2298 204.9870
  -1.668   0.0606   0.01386   0.00451  -0.0899   0.8813   0.2892  34.6531 205.2786
  -1.583   0.0711   0.01377   0.00442  -0.0900   0.8793   0.2928  34.9537 205.6592
  -1.498   0.0800   0.01372   0.00435  -0.0898   0.8758   0.2965  35.4591 206.0436
  -1.412   0.0899   0.01360   0.00429  -0.0898   0.8733   0.2994  35.8254 206.3475
  -1.327   0.0994   0.01352   0.00422  -0.0897   0.8702   0.3030  36.2598 206.7136
  -1.241   0.1090   0.01344   0.00413  -0.0896   0.8671   0.3065  36.7074 207.0780
  -1.156   0.1190   0.01331   0.00405  -0.0896   0.8645   0.3095  37.0729 207.3875
  -1.070   0.1280   0.01325   0.00399  -0.0895   0.8606   0.3130  37.6028 207.7455
  -0.985   0.1383   0.01315   0.00388  -0.0895   0.8580   0.3165  37.9670 208.1058
  -0.899   0.1470   0.01305   0.00384  -0.0893   0.8539   0.3194  38.5268 208.4067
  -0.814   0.1571   0.01296   0.00374  -0.0893   0.8509   0.3230  38.9302 208.7779
  -0.729   0.1661   0.01289   0.00367  -0.0891   0.8468   0.3263  39.4784 209.1075
  -0.643   0.1759   0.01277   0.00359  -0.0890   0.8436   0.3294  39.9048 209.4243
  -0.558   0.1851   0.01270   0.00352  -0.0889   0.8394   0.3330  40.4500 209.7868
  -0.472   0.1949   0.01261   0.00343  -0.0888   0.8360   0.3364  40.8972 210.1321
  -0.387   0.2039   0.01252   0.00338  -0.0886   0.8316   0.3396  41.4541 210.4528
  -0.301   0.2138   0.01244   0.00329  -0.0886   0.8280   0.3434  41.9147 210.8408
  -0.216   0.2228   0.01236   0.00323  -0.0884   0.8235   0.3467  42.4848 211.1724
  -0.131   0.2325   0.01226   0.00315  -0.0883   0.8198   0.3502  42.9448 211.5213
  -0.045   0.2417   0.01221   0.00309  -0.0882   0.8150   0.3540  43.5381 211.9020
   0.040   0.2514   0.01211   0.00301  -0.0881   0.8113   0.3575  43.9936 212.2470
   0.126   0.2604   0.01205   0.00296  -0.0879   0.8062   0.3613  44.6160 212.6253
   0.211   0.2700   0.01198   0.00289  -0.0878   0.8021   0.3656  45.1144 213.0517
   0.296   0.2791   0.01190   0.00284  -0.0876   0.7971   0.3694  45.7003 213.4243
   0.382   0.2886   0.01185   0.00277  -0.0875   0.7927   0.3740  46.2295 213.8783
   0.467   0.2978   0.01177   0.00272  -0.0874   0.7879   0.3782  46.7938 214.2928
   0.553   0.3070   0.01172   0.00267  -0.0872   0.7829   0.3831  47.3671 214.7729
   0.638   0.3164   0.01165   0.00261  -0.0871   0.7783   0.3879  47.9007 215.2515
   0.724   0.3254   0.01161   0.00257  -0.0869   0.7731   0.3933  48.4985 215.7789
   0.809   0.3349   0.01155   0.00251  -0.0868   0.7688   0.3991  48.9848 216.3417
   0.980   0.3530   0.01145   0.00244  -0.0864   0.7589   0.4135  50.1011 217.7431
   1.065   0.3618   0.01139   0.00242  -0.0862   0.7536   0.4228  50.6894 218.6424
   1.151   0.3708   0.01133   0.00240  -0.0861   0.7491   0.4351  51.1934 219.8284
   1.236   0.3794   0.01126   0.00239  -0.0858   0.7442   0.4527  51.7289 221.5128
   1.322   0.3877   0.01114   0.00241  -0.0856   0.7398   0.4845  52.2101 224.5550
   1.407   0.3950   0.01095   0.00245  -0.0851   0.7351   0.5569  52.7189 231.4744
   1.492   0.4032   0.01083   0.00241  -0.0848   0.7309   0.6374  53.1705 239.3224
   1.578   0.4071   0.01054   0.00257  -0.0832   0.7265   0.7307  53.6475 248.9263
   1.663   0.4140   0.01047   0.00260  -0.0822   0.7229   0.8059  54.0295 257.4468
   1.749   0.4225   0.01041   0.00267  -0.0815   0.7182   0.8584  54.5385 264.1701
   1.834   0.4406   0.01041   0.00270  -0.0828   0.7143   0.9177  54.9427 273.2237
   1.920   0.4619   0.01045   0.00274  -0.0851   0.7093   0.9601  55.4705 281.8160
   2.005   0.4816   0.01054   0.00275  -0.0871   0.7054   0.9843  55.8871 289.0111
   2.091   0.5020   0.01062   0.00278  -0.0894   0.7007   0.9993  56.3719 298.6377
   2.176   0.5114   0.01071   0.00281  -0.0894   0.6969   1.0000  56.7717 301.0000
   2.261   0.5202   0.01082   0.00285  -0.0892   0.6934   1.0000  57.1326 301.0000
   2.347   0.5285   0.01092   0.00290  -0.0889   0.6894   1.0000  57.5528 301.0000
   2.432   0.5375   0.01104   0.00293  -0.0887   0.6862   1.0000  57.8750 301.0000
   2.518   0.5455   0.01113   0.00299  -0.0884   0.6821   1.0000  58.3011 301.0000
   2.603   0.5536   0.01121   0.00304  -0.0882   0.6779   1.0000  58.7239 301.0000
   2.688   0.5615   0.01125   0.00307  -0.0878   0.6738   1.0000  59.1468 301.0000
   2.774   0.5670   0.01116   0.00316  -0.0872   0.6620   1.0000  60.3582 301.0000
   2.859   0.5757   0.01115   0.00312  -0.0870   0.6590   1.0000  60.6586 301.0000
   2.945   0.5846   0.01115   0.00307  -0.0867   0.6566   1.0000  60.8974 301.0000
   3.030   0.5934   0.01115   0.00303  -0.0865   0.6537   1.0000  61.1917 301.0000
   3.116   0.6021   0.01115   0.00301  -0.0863   0.6504   1.0000  61.5172 301.0000
   3.201   0.6109   0.01114   0.00296  -0.0861   0.6479   1.0000  61.7769 301.0000
   3.286   0.6198   0.01113   0.00291  -0.0859   0.6458   1.0000  61.9841 301.0000
   3.372   0.6286   0.01114   0.00289  -0.0856   0.6427   1.0000  62.2945 301.0000
   3.457   0.6374   0.01115   0.00286  -0.0854   0.6400   1.0000  62.5663 301.0000
   3.543   0.6463   0.01116   0.00283  -0.0852   0.6377   1.0000  62.7951 301.0000
   3.628   0.6554   0.01116   0.00277  -0.0850   0.6357   1.0000  62.9880 301.0000
   3.714   0.6642   0.01120   0.00279  -0.0848   0.6325   1.0000  63.3021 301.0000
   3.799   0.6730   0.01124   0.00279  -0.0847   0.6298   1.0000  63.5763 301.0000
   3.884   0.6820   0.01127   0.00277  -0.0845   0.6274   1.0000  63.8107 301.0000
   3.970   0.6912   0.01131   0.00275  -0.0843   0.6253   1.0000  64.0169 301.0000
   4.055   0.7000   0.01138   0.00279  -0.0841   0.6221   1.0000  64.3358 301.0000
   4.141   0.7089   0.01143   0.00281  -0.0840   0.6192   1.0000  64.6243 301.0000
   4.226   0.7180   0.01149   0.00280  -0.0838   0.6165   1.0000  64.8832 301.0000
   4.312   0.7268   0.01156   0.00282  -0.0836   0.6131   1.0000  65.2171 301.0000
   4.397   0.7355   0.01163   0.00284  -0.0834   0.6092   1.0000  65.6050 301.0000
   4.482   0.7445   0.01171   0.00283  -0.0832   0.6057   1.0000  65.9467 301.0000
   4.568   0.7529   0.01178   0.00287  -0.0829   0.6012   1.0000  66.3882 301.0000
   4.653   0.7616   0.01186   0.00288  -0.0826   0.5969   1.0000  66.8029 301.0000
   4.739   0.7702   0.01195   0.00290  -0.0824   0.5927   1.0000  67.2175 301.0000
   4.824   0.7787   0.01202   0.00293  -0.0821   0.5882   1.0000  67.6541 301.0000
   4.910   0.7878   0.01212   0.00292  -0.0819   0.5846   1.0000  68.0027 301.0000
   4.995   0.7959   0.01219   0.00298  -0.0816   0.5801   1.0000  68.4358 301.0000
   5.080   0.8047   0.01227   0.00299  -0.0814   0.5763   1.0000  68.8040 301.0000
   5.166   0.8135   0.01236   0.00302  -0.0812   0.5727   1.0000  69.1555 301.0000
   5.251   0.8219   0.01243   0.00306  -0.0809   0.5687   1.0000  69.5404 301.0000
   5.337   0.8309   0.01252   0.00307  -0.0807   0.5654   1.0000  69.8625 301.0000
   5.422   0.8395   0.01260   0.00311  -0.0805   0.5618   1.0000  70.2023 301.0000
   5.508   0.8479   0.01267   0.00314  -0.0802   0.5579   1.0000  70.5829 301.0000
   5.593   0.8568   0.01275   0.00314  -0.0800   0.5544   1.0000  70.9186 301.0000
   5.678   0.8651   0.01282   0.00318  -0.0797   0.5504   1.0000  71.3016 301.0000
   5.764   0.8736   0.01288   0.00320  -0.0794   0.5465   1.0000  71.6770 301.0000
   5.849   0.8826   0.01297   0.00320  -0.0792   0.5432   1.0000  71.9908 301.0000
   5.935   0.8907   0.01303   0.00324  -0.0789   0.5390   1.0000  72.3947 301.0000
   6.020   0.8992   0.01309   0.00325  -0.0786   0.5352   1.0000  72.7566 301.0000
   6.106   0.9079   0.01317   0.00326  -0.0784   0.5318   1.0000  73.0865 301.0000
   6.191   0.9160   0.01322   0.00329  -0.0781   0.5275   1.0000  73.4984 301.0000
   6.276   0.9246   0.01329   0.00329  -0.0778   0.5237   1.0000  73.8662 301.0000
   6.362   0.9328   0.01335   0.00331  -0.0775   0.5195   1.0000  74.2679 301.0000
   6.447   0.9409   0.01340   0.00331  -0.0771   0.5149   1.0000  74.7032 301.0000
   6.533   0.9493   0.01347   0.00330  -0.0768   0.5107   1.0000  75.1103 301.0000
   6.618   0.9571   0.01351   0.00331  -0.0764   0.5056   1.0000  75.5936 301.0000
   6.789   0.9732   0.01361   0.00331  -0.0756   0.4960   1.0000  76.5142 301.0000
   6.874   0.9814   0.01367   0.00328  -0.0753   0.4914   1.0000  76.9556 301.0000
   6.960   0.9891   0.01371   0.00329  -0.0748   0.4857   1.0000  77.4966 301.0000
   7.045   0.9970   0.01377   0.00326  -0.0744   0.4806   1.0000  77.9854 301.0000
   7.131   1.0046   0.01381   0.00327  -0.0740   0.4741   1.0000  78.6064 301.0000
   7.216   1.0121   0.01386   0.00325  -0.0735   0.4678   1.0000  79.2100 301.0000
   7.301   1.0195   0.01391   0.00322  -0.0730   0.4605   1.0000  79.9126 301.0000
   7.387   1.0266   0.01396   0.00320  -0.0725   0.4519   1.0000  80.7404 301.0000
   7.472   1.0335   0.01401   0.00317  -0.0719   0.4422   1.0000  81.6726 301.0000
   7.558   1.0401   0.01408   0.00313  -0.0712   0.4308   1.0000  82.7684 301.0000
   7.643   1.0463   0.01416   0.00309  -0.0705   0.4173   1.0000  84.0778 301.0000
   7.729   1.0520   0.01426   0.00306  -0.0697   0.3994   1.0000  85.8179 301.0000
   7.814   1.0567   0.01443   0.00303  -0.0688   0.3746   1.0000  88.2441 301.0000
   7.899   1.0590   0.01474   0.00302  -0.0675   0.3328   1.0000  92.4301 301.0000
   7.985   1.0544   0.01554   0.00315  -0.0652   0.2503   1.0000 101.1237 301.0000
   8.070   1.0508   0.01644   0.00354  -0.0633   0.2033   1.0000 106.4878 301.0000
   8.156   1.0513   0.01709   0.00389  -0.0620   0.1801   1.0000 109.3022 301.0000
   8.241   1.0534   0.01761   0.00418  -0.0608   0.1650   1.0000 111.2052 301.0000
   8.327   1.0563   0.01805   0.00443  -0.0598   0.1536   1.0000 112.6957 301.0000
   8.412   1.0595   0.01847   0.00466  -0.0588   0.1448   1.0000 113.8661 301.0000
   8.498   1.0630   0.01886   0.00489  -0.0579   0.1374   1.0000 114.8828 301.0000
   8.583   1.0668   0.01923   0.00510  -0.0570   0.1309   1.0000 115.7979 301.0000
   8.668   1.0706   0.01958   0.00530  -0.0561   0.1252   1.0000 116.6116 301.0000
   8.754   1.0743   0.01995   0.00551  -0.0551   0.1203   1.0000 117.3167 301.0000
   8.839   1.0777   0.02031   0.00571  -0.0542   0.1161   1.0000 117.9422 301.0000
   8.925   1.0820   0.02062   0.00589  -0.0534   0.1115   1.0000 118.6299 301.0000
   9.010   1.0849   0.02098   0.00608  -0.0523   0.1082   1.0000 119.1349 301.0000
   9.095   1.0887   0.02127   0.00625  -0.0514   0.1045   1.0000 119.7091 301.0000
   9.181   1.0915   0.02163   0.00645  -0.0504   0.1016   1.0000 120.1609 301.0000
   9.266   1.0954   0.02193   0.00663  -0.0495   0.0984   1.0000 120.6832 301.0000
   9.352   1.0981   0.02231   0.00683  -0.0485   0.0960   1.0000 121.0570 301.0000
   9.437   1.1025   0.02260   0.00702  -0.0477   0.0930   1.0000 121.5571 301.0000
   9.523   1.1056   0.02296   0.00721  -0.0467   0.0908   1.0000 121.9093 301.0000
   9.608   1.1094   0.02329   0.00742  -0.0459   0.0884   1.0000 122.3189 301.0000
   9.694   1.1132   0.02363   0.00762  -0.0451   0.0862   1.0000 122.6967 301.0000
   9.779   1.1158   0.02404   0.00783  -0.0441   0.0846   1.0000 122.9693 301.0000
   9.864   1.1202   0.02436   0.00805  -0.0434   0.0823   1.0000 123.3553 301.0000
   9.950   1.1240   0.02471   0.00827  -0.0426   0.0805   1.0000 123.6836 301.0000
  10.035   1.1270   0.02513   0.00849  -0.0417   0.0790   1.0000 123.9326 301.0000
  10.121   1.1309   0.02549   0.00873  -0.0410   0.0773   1.0000 124.2408 301.0000
  10.206   1.1350   0.02585   0.00896  -0.0402   0.0756   1.0000 124.5442 301.0000
  10.291   1.1386   0.02624   0.00918  -0.0395   0.0743   1.0000 124.7880 301.0000
  10.377   1.1416   0.02670   0.00941  -0.0387   0.0732   1.0000 124.9824 301.0000
  10.462   1.1461   0.02706   0.00967  -0.0380   0.0717   1.0000 125.2619 301.0000
  10.548   1.1503   0.02743   0.00992  -0.0373   0.0703   1.0000 125.5195 301.0000
  10.633   1.1543   0.02783   0.01015  -0.0367   0.0691   1.0000 125.7386 301.0000
  10.719   1.1581   0.02827   0.01037  -0.0360   0.0682   1.0000 125.9217 301.0000
  10.804   1.1623   0.02870   0.01063  -0.0353   0.0671   1.0000 126.1315 301.0000
  10.889   1.1669   0.02908   0.01091  -0.0347   0.0658   1.0000 126.3750 301.0000
  10.975   1.1713   0.02947   0.01115  -0.0341   0.0647   1.0000 126.5964 301.0000
  11.060   1.1758   0.02987   0.01137  -0.0335   0.0637   1.0000 126.7896 301.0000
  11.146   1.1807   0.03031   0.01155  -0.0330   0.0628   1.0000 126.9614 301.0000
  11.231   1.1853   0.03072   0.01185  -0.0324   0.0617   1.0000 127.1762 301.0000
  11.317   1.1899   0.03111   0.01213  -0.0318   0.0605   1.0000 127.4053 301.0000
  11.402   1.1945   0.03150   0.01237  -0.0312   0.0595   1.0000 127.6139 301.0000
  11.487   1.1994   0.03189   0.01257  -0.0307   0.0586   1.0000 127.7975 301.0000
  11.573   1.2052   0.03232   0.01272  -0.0303   0.0577   1.0000 127.9678 301.0000
  11.658   1.2098   0.03275   0.01304  -0.0297   0.0568   1.0000 128.1632 301.0000
  11.744   1.2144   0.03316   0.01334  -0.0291   0.0558   1.0000 128.3643 301.0000
  11.829   1.2192   0.03357   0.01361  -0.0286   0.0549   1.0000 128.5536 301.0000
  11.915   1.2242   0.03396   0.01383  -0.0282   0.0541   1.0000 128.7245 301.0000
  12.000   1.2300   0.03435   0.01399  -0.0278   0.0534   1.0000 128.8824 301.0000
