Repaneled_Airfoil
1.000000 -0.001439
0.999890 -0.001412
0.999561 -0.001331
0.999013 -0.001195
0.998246 -0.001005
0.997261 -0.000760
0.996057 -0.000460
0.994636 -0.000106
0.992998 0.000304
0.991144 0.000769
0.989074 0.001289
0.986789 0.001865
0.984292 0.002496
0.981581 0.003184
0.978660 0.003927
0.975528 0.004726
0.972188 0.005582
0.968641 0.006493
0.964888 0.007460
0.960932 0.008482
0.956773 0.009559
0.952414 0.010690
0.947856 0.011876
0.943102 0.013114
0.938153 0.014404
0.933013 0.015743
0.927682 0.017132
0.922164 0.018569
0.916461 0.020050
0.910575 0.021575
0.904508 0.023141
0.898265 0.024744
0.891847 0.026385
0.885257 0.028056
0.878498 0.029753
0.871572 0.031481
0.864484 0.033223
0.857236 0.034982
0.849832 0.036760
0.842274 0.038534
0.834565 0.040311
0.826710 0.042095
0.818712 0.043854
0.810574 0.045602
0.802300 0.047344
0.793893 0.049035
0.785357 0.050702
0.776696 0.052348
0.767913 0.053915
0.759014 0.055443
0.750000 0.056934
0.740877 0.058324
0.731648 0.059680
0.722318 0.060995
0.712890 0.062234
0.703368 0.063447
0.693758 0.064631
0.684062 0.065770
0.674286 0.066897
0.664433 0.068009
0.654508 0.069102
0.644516 0.070186
0.634460 0.071257
0.624345 0.072303
0.614175 0.073337
0.603956 0.074352
0.593691 0.075338
0.583384 0.076309
0.573042 0.077256
0.562667 0.078169
0.552264 0.079063
0.541839 0.079928
0.531395 0.080755
0.520938 0.081559
0.510471 0.082328
0.500000 0.083057
0.489529 0.083759
0.479062 0.084419
0.468605 0.085037
0.458161 0.085625
0.447736 0.086164
0.437333 0.086658
0.426958 0.087120
0.416616 0.087528
0.406309 0.087889
0.396044 0.088215
0.385825 0.088481
0.375655 0.088699
0.365540 0.088881
0.355484 0.088997
0.345492 0.089064
0.335567 0.089094
0.325714 0.089053
0.315938 0.088964
0.306242 0.088838
0.296632 0.088634
0.287110 0.088385
0.277682 0.088098
0.268352 0.087729
0.259123 0.087320
0.250000 0.086874
0.240986 0.086356
0.232087 0.085811
0.223304 0.085238
0.214643 0.084616
0.206107 0.083979
0.197700 0.083324
0.189426 0.082635
0.181288 0.081917
0.173290 0.081163
0.165435 0.080306
0.157726 0.079390
0.150168 0.078393
0.142764 0.077250
0.135516 0.076031
0.128428 0.074704
0.121502 0.073210
0.114743 0.071639
0.108153 0.069955
0.101735 0.068139
0.095492 0.066272
0.089425 0.064320
0.083539 0.062276
0.077836 0.060206
0.072318 0.058073
0.066987 0.055882
0.061847 0.053687
0.056898 0.051448
0.052144 0.049178
0.047586 0.046922
0.043227 0.044636
0.039068 0.042340
0.035112 0.040075
0.031359 0.037788
0.027812 0.035508
0.024472 0.033275
0.021340 0.031021
0.018419 0.028788
0.015708 0.026617
0.013211 0.024422
0.010926 0.022261
0.008856 0.020182
0.007002 0.018065
0.005364 0.016002
0.003943 0.014056
0.002739 0.012052
0.001754 0.010151
0.000987 0.008465
0.000439 0.006789
0.000110 0.005608
0.000000 0.005138
0.000110 0.001811
0.000439 -0.003017
0.000987 -0.004516
0.001754 -0.005932
0.002739 -0.007474
0.003943 -0.009027
0.005364 -0.010424
0.007002 -0.011845
0.008856 -0.013225
0.010926 -0.014471
0.013211 -0.015706
0.015708 -0.016884
0.018419 -0.017946
0.021340 -0.018981
0.024472 -0.019949
0.027812 -0.020814
0.031359 -0.021643
0.035112 -0.022401
0.039068 -0.023068
0.043227 -0.023695
0.047586 -0.024250
0.052144 -0.024728
0.056898 -0.025167
0.061847 -0.025540
0.066987 -0.025852
0.072318 -0.026132
0.077836 -0.026358
0.083539 -0.026546
0.089425 -0.026714
0.095492 -0.026854
0.101735 -0.026985
0.108153 -0.027117
0.114743 -0.027260
0.121502 -0.027435
0.128428 -0.027640
0.135516 -0.027918
0.142764 -0.028255
0.150168 -0.028636
0.157726 -0.029066
0.165435 -0.029509
0.173290 -0.029963
0.181288 -0.030400
0.189426 -0.030803
0.197700 -0.031178
0.206107 -0.031456
0.214643 -0.031681
0.223304 -0.031858
0.232087 -0.031945
0.240986 -0.031992
0.250000 -0.032000
0.259123 -0.031941
0.268352 -0.031856
0.277682 -0.031743
0.287110 -0.031586
0.296632 -0.031405
0.306242 -0.031200
0.315938 -0.030955
0.325714 -0.030690
0.335567 -0.030400
0.345492 -0.030077
0.355484 -0.029735
0.365540 -0.029369
0.375655 -0.028975
0.385825 -0.028563
0.396044 -0.028131
0.406309 -0.027673
0.416616 -0.027201
0.426958 -0.026709
0.437333 -0.026197
0.447736 -0.025672
0.458161 -0.025129
0.468605 -0.024569
0.479062 -0.023998
0.489529 -0.023412
0.500000 -0.022812
0.510471 -0.022202
0.520938 -0.021580
0.531395 -0.020945
0.541839 -0.020303
0.552264 -0.019651
0.562667 -0.018988
0.573042 -0.018320
0.583384 -0.017642
0.593691 -0.016958
0.603956 -0.016269
0.614175 -0.015572
0.624345 -0.014870
0.634460 -0.014165
0.644516 -0.013454
0.654508 -0.012739
0.664433 -0.012022
0.674286 -0.011300
0.684062 -0.010585
0.693758 -0.009877
0.703368 -0.009195
0.712890 -0.008542
0.722318 -0.007917
0.731648 -0.007357
0.740877 -0.006842
0.750000 -0.006371
0.759014 -0.005995
0.767913 -0.005664
0.776696 -0.005380
0.785357 -0.005169
0.793893 -0.004990
0.802300 -0.004847
0.810574 -0.004753
0.818712 -0.004681
0.826710 -0.004633
0.834565 -0.004617
0.842274 -0.004614
0.849832 -0.004626
0.857236 -0.004653
0.864484 -0.004685
0.871572 -0.004724
0.878498 -0.004767
0.885257 -0.004809
0.891847 -0.004851
0.898265 -0.004890
0.904508 -0.004925
0.910575 -0.004955
0.916461 -0.004977
0.922164 -0.004993
0.927682 -0.005001
0.933013 -0.005000
0.938153 -0.004993
0.943102 -0.004978
0.947856 -0.004954
0.952414 -0.004924
0.956773 -0.004886
0.960932 -0.004842
0.964888 -0.004794
0.968641 -0.004740
0.972188 -0.004682
0.975528 -0.004623
0.978660 -0.004560
0.981581 -0.004496
0.984292 -0.004434
0.986789 -0.004371
0.989074 -0.004311
0.991144 -0.004254
0.992998 -0.004199
0.994636 -0.004150
0.996057 -0.004105
0.997261 -0.004066
0.998246 -0.004033
0.999013 -0.004007
0.999561 -0.003988
0.999890 -0.003976
1.000000 -0.003971
