Repaneled_Airfoil
1.000000 0.016924
0.999890 0.016946
0.999561 0.017011
0.999013 0.017121
0.998246 0.017274
0.997261 0.017471
0.996057 0.017711
0.994636 0.017994
0.992998 0.018319
0.991144 0.018687
0.989074 0.019098
0.986789 0.019550
0.984292 0.020044
0.981581 0.020578
0.978660 0.021153
0.975528 0.021768
0.972188 0.022422
0.968641 0.023116
0.964888 0.023849
0.960932 0.024620
0.956773 0.025429
0.952414 0.026275
0.947856 0.027157
0.943102 0.028076
0.938153 0.029032
0.933013 0.030024
0.927682 0.031051
0.922164 0.032114
0.916461 0.033212
0.910575 0.034345
0.904508 0.035514
0.898265 0.036718
0.891847 0.037956
0.885257 0.039231
0.878498 0.040541
0.871572 0.041887
0.864484 0.043269
0.857236 0.044689
0.849832 0.046143
0.842274 0.047639
0.834565 0.049172
0.826710 0.050739
0.818712 0.052344
0.810574 0.053976
0.802300 0.055636
0.793893 0.057313
0.785357 0.059006
0.776696 0.060714
0.767913 0.062416
0.759014 0.064119
0.750000 0.065823
0.740877 0.067495
0.731648 0.069159
0.722318 0.070813
0.712890 0.072422
0.703368 0.074015
0.693758 0.075585
0.684062 0.077102
0.674286 0.078593
0.664433 0.080050
0.654508 0.081445
0.644516 0.082810
0.634460 0.084136
0.624345 0.085401
0.614175 0.086634
0.603956 0.087824
0.593691 0.088956
0.583384 0.090056
0.573042 0.091110
0.562667 0.092107
0.552264 0.093073
0.541839 0.093991
0.531395 0.094856
0.520938 0.095689
0.510471 0.096473
0.500000 0.097208
0.489529 0.097910
0.479062 0.098564
0.468605 0.099172
0.458161 0.099749
0.447736 0.100276
0.437333 0.100762
0.426958 0.101217
0.416616 0.101623
0.406309 0.101990
0.396044 0.102328
0.385825 0.102618
0.375655 0.102872
0.365540 0.103098
0.355484 0.103275
0.345492 0.103420
0.335567 0.103537
0.325714 0.103607
0.315938 0.103647
0.306242 0.103660
0.296632 0.103626
0.287110 0.103563
0.277682 0.103476
0.268352 0.103339
0.259123 0.103170
0.250000 0.102972
0.240986 0.102667
0.232087 0.102292
0.223304 0.101845
0.214643 0.101224
0.206107 0.100506
0.197700 0.099683
0.189426 0.098645
0.181288 0.097503
0.173290 0.096235
0.165435 0.094755
0.157726 0.093176
0.150168 0.091469
0.142764 0.089563
0.135516 0.087568
0.128428 0.085447
0.121502 0.083146
0.114743 0.080770
0.108153 0.078273
0.101735 0.075640
0.095492 0.072966
0.089425 0.070213
0.083539 0.067385
0.077836 0.064552
0.072318 0.061678
0.066987 0.058775
0.061847 0.055897
0.056898 0.053011
0.052144 0.050129
0.047586 0.047296
0.043227 0.044473
0.039068 0.041681
0.035112 0.038954
0.031359 0.036248
0.027812 0.033586
0.024472 0.031003
0.021340 0.028439
0.018419 0.025928
0.015708 0.023507
0.013211 0.021096
0.010926 0.018745
0.008856 0.016499
0.007002 0.014241
0.005364 0.012057
0.003943 0.010008
0.002739 0.007919
0.001754 0.005951
0.000987 0.004214
0.000439 0.002505
0.000110 0.001308
0.000000 0.000834
0.000110 -0.002583
0.000439 -0.007524
0.000987 -0.009008
0.001754 -0.010405
0.002739 -0.011923
0.003943 -0.013445
0.005364 -0.014798
0.007002 -0.016166
0.008856 -0.017482
0.010926 -0.018647
0.013211 -0.019788
0.015708 -0.020854
0.018419 -0.021781
0.021340 -0.022661
0.024472 -0.023450
0.027812 -0.024105
0.031359 -0.024698
0.035112 -0.025187
0.039068 -0.025546
0.043227 -0.025833
0.047586 -0.026006
0.052144 -0.026055
0.056898 -0.026027
0.061847 -0.025882
0.066987 -0.025624
0.072318 -0.025290
0.077836 -0.024848
0.083539 -0.024313
0.089425 -0.023712
0.095492 -0.023027
0.101735 -0.022282
0.108153 -0.021495
0.114743 -0.020671
0.121502 -0.019842
0.128428 -0.019011
0.135516 -0.018227
0.142764 -0.017517
0.150168 -0.016862
0.157726 -0.016332
0.165435 -0.015886
0.173290 -0.015506
0.181288 -0.015257
0.189426 -0.015088
0.197700 -0.014988
0.206107 -0.015014
0.214643 -0.015097
0.223304 -0.015231
0.232087 -0.015427
0.240986 -0.015634
0.250000 -0.015853
0.259123 -0.016045
0.268352 -0.016205
0.277682 -0.016328
0.287110 -0.016375
0.296632 -0.016385
0.306242 -0.016353
0.315938 -0.016253
0.325714 -0.016118
0.335567 -0.015944
0.345492 -0.015711
0.355484 -0.015448
0.365540 -0.015148
0.375655 -0.014798
0.385825 -0.014424
0.396044 -0.014017
0.406309 -0.013571
0.416616 -0.013105
0.426958 -0.012614
0.437333 -0.012094
0.447736 -0.011559
0.458161 -0.011005
0.468605 -0.010433
0.479062 -0.009853
0.489529 -0.009261
0.500000 -0.008661
0.510471 -0.008058
0.520938 -0.007452
0.531395 -0.006848
0.541839 -0.006245
0.552264 -0.005649
0.562667 -0.005061
0.573042 -0.004482
0.583384 -0.003917
0.593691 -0.003368
0.603956 -0.002831
0.614175 -0.002317
0.624345 -0.001824
0.634460 -0.001348
0.644516 -0.000902
0.654508 -0.000481
0.664433 -0.000080
0.674286 0.000284
0.684062 0.000625
0.693758 0.000945
0.703368 0.001232
0.712890 0.001502
0.722318 0.001756
0.731648 0.001984
0.740877 0.002198
0.750000 0.002401
0.759014 0.002586
0.767913 0.002765
0.776696 0.002939
0.785357 0.003115
0.793893 0.003295
0.802300 0.003481
0.810574 0.003683
0.818712 0.003896
0.826710 0.004123
0.834565 0.004377
0.842274 0.004643
0.849832 0.004926
0.857236 0.005232
0.864484 0.005546
0.871572 0.005872
0.878498 0.006213
0.885257 0.006557
0.891847 0.006908
0.898265 0.007266
0.904508 0.007624
0.910575 0.007985
0.916461 0.008347
0.922164 0.008704
0.927682 0.009060
0.933013 0.009412
0.938153 0.009757
0.943102 0.010098
0.947856 0.010431
0.952414 0.010754
0.956773 0.011068
0.960932 0.011372
0.964888 0.011664
0.968641 0.011945
0.972188 0.012213
0.975528 0.012467
0.978660 0.012708
0.981581 0.012935
0.984292 0.013146
0.986789 0.013342
0.989074 0.013523
0.991144 0.013687
0.992998 0.013835
0.994636 0.013967
0.996057 0.014080
0.997261 0.014178
0.998246 0.014257
0.999013 0.014320
0.999561 0.014364
0.999890 0.014388
1.000000 0.014395
