Repaneled_Airfoil
1.000000 0.011916
0.999890 0.011938
0.999561 0.012003
0.999013 0.012112
0.998246 0.012264
0.997261 0.012458
0.996057 0.012695
0.994636 0.012973
0.992998 0.013293
0.991144 0.013652
0.989074 0.014050
0.986789 0.014487
0.984292 0.014961
0.981581 0.015469
0.978660 0.016013
0.975528 0.016591
0.972188 0.017199
0.968641 0.017839
0.964888 0.018507
0.960932 0.019202
0.956773 0.019924
0.952414 0.020670
0.947856 0.021437
0.943102 0.022228
0.938153 0.023038
0.933013 0.023863
0.927682 0.024708
0.922164 0.025566
0.916461 0.026436
0.910575 0.027322
0.904508 0.028215
0.898265 0.029116
0.891847 0.030029
0.885257 0.030945
0.878498 0.031866
0.871572 0.032796
0.864484 0.033723
0.857236 0.034654
0.849832 0.035592
0.842274 0.036523
0.834565 0.037456
0.826710 0.038394
0.818712 0.039322
0.810574 0.040251
0.802300 0.041181
0.793893 0.042098
0.785357 0.043014
0.776696 0.043930
0.767913 0.044829
0.759014 0.045725
0.750000 0.046619
0.740877 0.047497
0.731648 0.048375
0.722318 0.049252
0.712890 0.050128
0.703368 0.051011
0.693758 0.051902
0.684062 0.052807
0.674286 0.054122
0.664433 0.055993
0.654508 0.057155
0.644516 0.058202
0.634460 0.059180
0.624345 0.060145
0.614175 0.061106
0.603956 0.062057
0.593691 0.062994
0.583384 0.063923
0.573042 0.064840
0.562667 0.065741
0.552264 0.066633
0.541839 0.067509
0.531395 0.068364
0.520938 0.069205
0.510471 0.070023
0.500000 0.070812
0.489529 0.071580
0.479062 0.072312
0.468605 0.073003
0.458161 0.073664
0.447736 0.074273
0.437333 0.074827
0.426958 0.075340
0.416616 0.075782
0.406309 0.076159
0.396044 0.076487
0.385825 0.076726
0.375655 0.076895
0.365540 0.077009
0.355484 0.077021
0.345492 0.076963
0.335567 0.076849
0.325714 0.076627
0.315938 0.076333
0.306242 0.075977
0.296632 0.075496
0.287110 0.074944
0.277682 0.074329
0.268352 0.073582
0.259123 0.072767
0.250000 0.071891
0.240986 0.070881
0.232087 0.069813
0.223304 0.068686
0.214643 0.067437
0.206107 0.066139
0.197700 0.064784
0.189426 0.063322
0.181288 0.061817
0.173290 0.060261
0.165435 0.058612
0.157726 0.056930
0.150168 0.055203
0.142764 0.053397
0.135516 0.051568
0.128428 0.049698
0.121502 0.047764
0.114743 0.045816
0.108153 0.043835
0.101735 0.041805
0.095492 0.039773
0.089425 0.037718
0.083539 0.035631
0.077836 0.033552
0.072318 0.031457
0.066987 0.029344
0.061847 0.027248
0.056898 0.025139
0.052144 0.023022
0.047586 0.020930
0.043227 0.018827
0.039068 0.016723
0.035112 0.014653
0.031359 0.012568
0.027812 0.010490
0.024472 0.008453
0.021340 0.006395
0.018419 0.004349
0.015708 0.002354
0.013211 0.000326
0.010926 -0.001681
0.008856 -0.003622
0.007002 -0.005620
0.005364 -0.007584
0.003943 -0.009452
0.002739 -0.011416
0.001754 -0.013321
0.000987 -0.015042
0.000439 -0.016902
0.000110 -0.018356
0.000000 -0.018988
0.000110 -0.021382
0.000439 -0.025087
0.000987 -0.026841
0.001754 -0.028389
0.002739 -0.030063
0.003943 -0.031733
0.005364 -0.033241
0.007002 -0.034783
0.008856 -0.036293
0.010926 -0.037678
0.013211 -0.039064
0.015708 -0.040404
0.018419 -0.041637
0.021340 -0.042856
0.024472 -0.044017
0.027812 -0.045083
0.031359 -0.046121
0.035112 -0.047094
0.039068 -0.047977
0.043227 -0.048825
0.047586 -0.049599
0.052144 -0.050290
0.056898 -0.050939
0.061847 -0.051509
0.066987 -0.051999
0.072318 -0.052445
0.077836 -0.052809
0.083539 -0.053100
0.089425 -0.053344
0.095492 -0.053508
0.101735 -0.053607
0.108153 -0.053660
0.114743 -0.053638
0.121502 -0.053561
0.128428 -0.053444
0.135516 -0.053263
0.142764 -0.053040
0.150168 -0.052783
0.157726 -0.052474
0.165435 -0.052131
0.173290 -0.051760
0.181288 -0.051347
0.189426 -0.050909
0.197700 -0.050451
0.206107 -0.049965
0.214643 -0.049463
0.223304 -0.048948
0.232087 -0.048420
0.240986 -0.047886
0.250000 -0.047345
0.259123 -0.046805
0.268352 -0.046267
0.277682 -0.045731
0.287110 -0.045208
0.296632 -0.044690
0.306242 -0.044177
0.315938 -0.043678
0.325714 -0.043185
0.335567 -0.042698
0.345492 -0.042217
0.355484 -0.041737
0.365540 -0.041260
0.375655 -0.040790
0.385825 -0.040322
0.396044 -0.039860
0.406309 -0.039402
0.416616 -0.038945
0.426958 -0.038489
0.437333 -0.038029
0.447736 -0.037564
0.458161 -0.037092
0.468605 -0.036606
0.479062 -0.036110
0.489529 -0.035597
0.500000 -0.035062
0.510471 -0.034512
0.520938 -0.033938
0.531395 -0.033340
0.541839 -0.032724
0.552264 -0.032082
0.562667 -0.031415
0.573042 -0.030733
0.583384 -0.030025
0.593691 -0.029298
0.603956 -0.028558
0.614175 -0.027795
0.624345 -0.027019
0.634460 -0.026233
0.644516 -0.025427
0.654508 -0.025114
0.664433 -0.025055
0.674286 -0.024366
0.684062 -0.023529
0.693758 -0.022585
0.703368 -0.021605
0.712890 -0.020614
0.722318 -0.019616
0.731648 -0.018603
0.740877 -0.017593
0.750000 -0.016588
0.759014 -0.015588
0.767913 -0.014600
0.776696 -0.013623
0.785357 -0.012658
0.793893 -0.011707
0.802300 -0.010770
0.810574 -0.009849
0.818712 -0.008944
0.826710 -0.008056
0.834565 -0.007186
0.842274 -0.006333
0.849832 -0.005499
0.857236 -0.004687
0.864484 -0.003894
0.871572 -0.003123
0.878498 -0.002376
0.885257 -0.001651
0.891847 -0.000949
0.898265 -0.000272
0.904508 0.000382
0.910575 0.001012
0.916461 0.001616
0.922164 0.002197
0.927682 0.002753
0.933013 0.003283
0.938153 0.003791
0.943102 0.004274
0.947856 0.004732
0.952414 0.005168
0.956773 0.005579
0.960932 0.005967
0.964888 0.006333
0.968641 0.006676
0.972188 0.006996
0.975528 0.007296
0.978660 0.007574
0.981581 0.007830
0.984292 0.008066
0.986789 0.008281
0.989074 0.008477
0.991144 0.008653
0.992998 0.008810
0.994636 0.008947
0.996057 0.009066
0.997261 0.009166
0.998246 0.009247
0.999013 0.009311
0.999561 0.009356
0.999890 0.009381
1.000000 0.009389
