Repaneled_Airfoil
1.000000 -0.001923
0.999890 -0.001909
0.999561 -0.001865
0.999013 -0.001791
0.998246 -0.001689
0.997261 -0.001559
0.996057 -0.001402
0.994636 -0.001218
0.992998 -0.001009
0.991144 -0.000776
0.989074 -0.000521
0.986789 -0.000243
0.984292 0.000055
0.981581 0.000369
0.978660 0.000701
0.975528 0.001050
0.972188 0.001411
0.968641 0.001786
0.964888 0.002173
0.960932 0.002568
0.956773 0.002975
0.952414 0.003390
0.947856 0.003813
0.943102 0.004246
0.938153 0.004687
0.933013 0.005135
0.927682 0.005595
0.922164 0.006065
0.916461 0.006549
0.910575 0.007047
0.904508 0.007564
0.898265 0.008103
0.891847 0.008664
0.885257 0.009257
0.878498 0.009886
0.871572 0.010548
0.864484 0.011265
0.857236 0.012038
0.849832 0.012859
0.842274 0.013768
0.834565 0.014754
0.826710 0.015806
0.818712 0.016967
0.810574 0.018195
0.802300 0.019482
0.793893 0.020850
0.785357 0.022263
0.776696 0.023718
0.767913 0.025214
0.759014 0.026728
0.750000 0.028260
0.740877 0.029789
0.731648 0.031323
0.722318 0.032860
0.712890 0.034381
0.703368 0.035898
0.693758 0.037407
0.684062 0.038887
0.674286 0.040354
0.664433 0.041802
0.654508 0.043209
0.644516 0.044597
0.634460 0.045958
0.624345 0.047273
0.614175 0.048565
0.603956 0.049823
0.593691 0.051031
0.583384 0.052211
0.573042 0.053350
0.562667 0.054436
0.552264 0.055489
0.541839 0.056495
0.531395 0.057445
0.520938 0.058359
0.510471 0.059219
0.500000 0.060019
0.489529 0.060781
0.479062 0.061482
0.468605 0.062123
0.458161 0.062722
0.447736 0.063253
0.437333 0.063723
0.426958 0.064149
0.416616 0.064503
0.406309 0.064794
0.396044 0.065040
0.385825 0.065208
0.375655 0.065315
0.365540 0.065376
0.355484 0.065353
0.345492 0.065271
0.335567 0.065143
0.325714 0.064927
0.315938 0.064655
0.306242 0.064337
0.296632 0.063926
0.287110 0.063464
0.277682 0.062957
0.268352 0.062354
0.259123 0.061707
0.250000 0.061021
0.240986 0.060281
0.232087 0.059543
0.223304 0.058807
0.214643 0.058111
0.206107 0.057460
0.197700 0.056858
0.189426 0.056365
0.181288 0.055923
0.173290 0.055538
0.165435 0.055208
0.157726 0.054900
0.150168 0.054613
0.142764 0.054334
0.135516 0.054055
0.128428 0.053770
0.121502 0.053455
0.114743 0.053119
0.108153 0.052746
0.101735 0.052308
0.095492 0.051833
0.089425 0.051298
0.083539 0.050681
0.077836 0.050020
0.072318 0.049284
0.066987 0.048462
0.061847 0.047596
0.056898 0.046647
0.052144 0.045617
0.047586 0.044549
0.043227 0.043395
0.039068 0.042169
0.035112 0.040916
0.031359 0.039576
0.027812 0.038178
0.024472 0.036766
0.021340 0.035268
0.018419 0.033727
0.015708 0.032189
0.013211 0.030561
0.010926 0.028907
0.008856 0.027277
0.007002 0.025544
0.005364 0.023803
0.003943 0.022122
0.002739 0.020297
0.001754 0.018482
0.000987 0.016811
0.000439 0.014870
0.000110 0.013084
0.000000 0.012218
0.000110 0.010515
0.000439 0.007639
0.000987 0.005685
0.001754 0.004008
0.002739 0.002191
0.003943 0.000363
0.005364 -0.001327
0.007002 -0.003082
0.008856 -0.004838
0.010926 -0.006512
0.013211 -0.008228
0.015708 -0.009942
0.018419 -0.011606
0.021340 -0.013305
0.024472 -0.015002
0.027812 -0.016672
0.031359 -0.018372
0.035112 -0.020074
0.039068 -0.021762
0.043227 -0.023478
0.047586 -0.025195
0.052144 -0.026907
0.056898 -0.028642
0.061847 -0.030375
0.066987 -0.032101
0.072318 -0.033843
0.077836 -0.035572
0.083539 -0.037286
0.089425 -0.039004
0.095492 -0.040689
0.101735 -0.042343
0.108153 -0.043983
0.114743 -0.045560
0.121502 -0.047082
0.128428 -0.048569
0.135516 -0.049955
0.142764 -0.051265
0.150168 -0.052520
0.157726 -0.053643
0.165435 -0.054670
0.173290 -0.055620
0.181288 -0.056397
0.189426 -0.057058
0.197700 -0.057620
0.206107 -0.057967
0.214643 -0.058202
0.223304 -0.058337
0.232087 -0.058294
0.240986 -0.058175
0.250000 -0.057982
0.259123 -0.057684
0.268352 -0.057357
0.277682 -0.056999
0.287110 -0.056610
0.296632 -0.056204
0.306242 -0.055782
0.315938 -0.055335
0.325714 -0.054876
0.335567 -0.054403
0.345492 -0.053913
0.355484 -0.053414
0.365540 -0.052903
0.375655 -0.052382
0.385825 -0.051854
0.396044 -0.051318
0.406309 -0.050777
0.416616 -0.050232
0.426958 -0.049684
0.437333 -0.049134
0.447736 -0.048582
0.458161 -0.048032
0.468605 -0.047484
0.479062 -0.046937
0.489529 -0.046393
0.500000 -0.045855
0.510471 -0.045320
0.520938 -0.044792
0.531395 -0.044271
0.541839 -0.043756
0.552264 -0.043250
0.562667 -0.042753
0.573042 -0.042263
0.583384 -0.041784
0.593691 -0.041316
0.603956 -0.040855
0.614175 -0.040407
0.624345 -0.039970
0.634460 -0.039541
0.644516 -0.039126
0.654508 -0.038721
0.664433 -0.038326
0.674286 -0.037946
0.684062 -0.037573
0.693758 -0.037208
0.703368 -0.036850
0.712890 -0.036494
0.722318 -0.036142
0.731648 -0.035789
0.740877 -0.035434
0.750000 -0.035079
0.759014 -0.034713
0.767913 -0.034334
0.776696 -0.033942
0.785357 -0.033501
0.793893 -0.033032
0.802300 -0.032528
0.810574 -0.031948
0.818712 -0.031327
0.826710 -0.030657
0.834565 -0.029894
0.842274 -0.029089
0.849832 -0.028231
0.857236 -0.027303
0.864484 -0.026355
0.871572 -0.025376
0.878498 -0.024365
0.885257 -0.023351
0.891847 -0.022328
0.898265 -0.021301
0.904508 -0.020285
0.910575 -0.019278
0.916461 -0.018286
0.922164 -0.017318
0.927682 -0.016372
0.933013 -0.015454
0.938153 -0.014568
0.943102 -0.013714
0.947856 -0.012896
0.952414 -0.012113
0.956773 -0.011369
0.960932 -0.010664
0.964888 -0.009997
0.968641 -0.009371
0.972188 -0.008785
0.975528 -0.008237
0.978660 -0.007731
0.981581 -0.007263
0.984292 -0.006832
0.986789 -0.006441
0.989074 -0.006086
0.991144 -0.005768
0.992998 -0.005486
0.994636 -0.005238
0.996057 -0.005025
0.997261 -0.004846
0.998246 -0.004701
0.999013 -0.004588
0.999561 -0.004507
0.999890 -0.004460
1.000000 -0.004444
