Repaneled_Airfoil
1.000000 0.001971
0.999890 0.001994
0.999561 0.002061
0.999013 0.002174
0.998246 0.002331
0.997261 0.002532
0.996057 0.002777
0.994636 0.003066
0.992998 0.003398
0.991144 0.003773
0.989074 0.004189
0.986789 0.004647
0.984292 0.005146
0.981581 0.005683
0.978660 0.006260
0.975528 0.006875
0.972188 0.007527
0.968641 0.008215
0.964888 0.008938
0.960932 0.009694
0.956773 0.010484
0.952414 0.011306
0.947856 0.012156
0.943102 0.013037
0.938153 0.013945
0.933013 0.014878
0.927682 0.015839
0.922164 0.016822
0.916461 0.017827
0.910575 0.018856
0.904508 0.019902
0.898265 0.020966
0.891847 0.022051
0.885257 0.023148
0.878498 0.024259
0.871572 0.025388
0.864484 0.026524
0.857236 0.027670
0.849832 0.028830
0.842274 0.029993
0.834565 0.031164
0.826710 0.032344
0.818712 0.033518
0.810574 0.034692
0.802300 0.035867
0.793893 0.037023
0.785357 0.038170
0.776696 0.039309
0.767913 0.040409
0.759014 0.041492
0.750000 0.042557
0.740877 0.043569
0.731648 0.044567
0.722318 0.045548
0.712890 0.046501
0.703368 0.047451
0.693758 0.048396
0.684062 0.049342
0.674286 0.051224
0.664433 0.054387
0.654508 0.055748
0.644516 0.056846
0.634460 0.057813
0.624345 0.058755
0.614175 0.059684
0.603956 0.060596
0.593691 0.061482
0.583384 0.062354
0.573042 0.063207
0.562667 0.064034
0.552264 0.064847
0.541839 0.065638
0.531395 0.066402
0.520938 0.067148
0.510471 0.067867
0.500000 0.068553
0.489529 0.069217
0.479062 0.069842
0.468605 0.070426
0.458161 0.070980
0.447736 0.071482
0.437333 0.071931
0.426958 0.072342
0.416616 0.072685
0.406309 0.072966
0.396044 0.073202
0.385825 0.073355
0.375655 0.073443
0.365540 0.073480
0.355484 0.073425
0.345492 0.073305
0.335567 0.073133
0.325714 0.072863
0.315938 0.072520
0.306242 0.072116
0.296632 0.071585
0.287110 0.070982
0.277682 0.070315
0.268352 0.069513
0.259123 0.068646
0.250000 0.067717
0.240986 0.066668
0.232087 0.065577
0.223304 0.064444
0.214643 0.063237
0.206107 0.062012
0.197700 0.060765
0.189426 0.059483
0.181288 0.058197
0.173290 0.056902
0.165435 0.055578
0.157726 0.054248
0.150168 0.052908
0.142764 0.051535
0.135516 0.050157
0.128428 0.048763
0.121502 0.047338
0.114743 0.045907
0.108153 0.044458
0.101735 0.042972
0.095492 0.041481
0.089425 0.039966
0.083539 0.038413
0.077836 0.036857
0.072318 0.035272
0.066987 0.033653
0.061847 0.032033
0.056898 0.030380
0.052144 0.028696
0.047586 0.027016
0.043227 0.025301
0.039068 0.023561
0.035112 0.021832
0.031359 0.020062
0.027812 0.018276
0.024472 0.016509
0.021340 0.014695
0.018419 0.012872
0.015708 0.011081
0.013211 0.009233
0.010926 0.007385
0.008856 0.005585
0.007002 0.003709
0.005364 0.001846
0.003943 0.000062
0.002739 -0.001842
0.001754 -0.003712
0.000987 -0.005421
0.000439 -0.007346
0.000110 -0.008982
0.000000 -0.009737
0.000110 -0.011708
0.000439 -0.014905
0.000987 -0.016777
0.001754 -0.018393
0.002739 -0.020139
0.003943 -0.021884
0.005364 -0.023471
0.007002 -0.025106
0.008856 -0.026722
0.010926 -0.028227
0.013211 -0.029749
0.015708 -0.031241
0.018419 -0.032647
0.021340 -0.034056
0.024472 -0.035428
0.027812 -0.036728
0.031359 -0.038020
0.035112 -0.039270
0.039068 -0.040455
0.043227 -0.041627
0.047586 -0.042751
0.052144 -0.043817
0.056898 -0.044863
0.061847 -0.045856
0.066987 -0.046792
0.072318 -0.047703
0.077836 -0.048556
0.083539 -0.049352
0.089425 -0.050119
0.095492 -0.050819
0.101735 -0.051462
0.108153 -0.052069
0.114743 -0.052602
0.121502 -0.053074
0.128428 -0.053504
0.135516 -0.053849
0.142764 -0.054131
0.150168 -0.054365
0.157726 -0.054506
0.165435 -0.054584
0.173290 -0.054610
0.181288 -0.054536
0.189426 -0.054398
0.197700 -0.054204
0.206107 -0.053904
0.214643 -0.053546
0.223304 -0.053136
0.232087 -0.052647
0.240986 -0.052124
0.250000 -0.051568
0.259123 -0.050981
0.268352 -0.050390
0.277682 -0.049795
0.287110 -0.049215
0.296632 -0.048640
0.306242 -0.048072
0.315938 -0.047520
0.325714 -0.046974
0.335567 -0.046436
0.345492 -0.045898
0.355484 -0.045356
0.365540 -0.044809
0.375655 -0.044261
0.385825 -0.043710
0.396044 -0.043159
0.406309 -0.042606
0.416616 -0.042051
0.426958 -0.041492
0.437333 -0.040927
0.447736 -0.040355
0.458161 -0.039774
0.468605 -0.039180
0.479062 -0.038575
0.489529 -0.037954
0.500000 -0.037314
0.510471 -0.036661
0.520938 -0.035988
0.531395 -0.035295
0.541839 -0.034589
0.552264 -0.033861
0.562667 -0.033117
0.573042 -0.032362
0.583384 -0.031590
0.593691 -0.030806
0.603956 -0.030016
0.614175 -0.029215
0.624345 -0.028408
0.634460 -0.027599
0.644516 -0.026781
0.654508 -0.027219
0.664433 -0.028300
0.674286 -0.027750
0.684062 -0.026995
0.693758 -0.026091
0.703368 -0.025165
0.712890 -0.024240
0.722318 -0.023318
0.731648 -0.022410
0.740877 -0.021522
0.750000 -0.020653
0.759014 -0.019828
0.767913 -0.019029
0.776696 -0.018256
0.785357 -0.017519
0.793893 -0.016802
0.802300 -0.016106
0.810574 -0.015433
0.818712 -0.014775
0.826710 -0.014133
0.834565 -0.013505
0.842274 -0.012890
0.849832 -0.012288
0.857236 -0.011699
0.864484 -0.011122
0.871572 -0.010559
0.878498 -0.010010
0.885257 -0.009474
0.891847 -0.008953
0.898265 -0.008447
0.904508 -0.007955
0.910575 -0.007477
0.916461 -0.007015
0.922164 -0.006568
0.927682 -0.006136
0.933013 -0.005719
0.938153 -0.005318
0.943102 -0.004933
0.947856 -0.004564
0.952414 -0.004209
0.956773 -0.003872
0.960932 -0.003550
0.964888 -0.003245
0.968641 -0.002956
0.972188 -0.002682
0.975528 -0.002425
0.978660 -0.002184
0.981581 -0.001960
0.984292 -0.001753
0.986789 -0.001562
0.989074 -0.001387
0.991144 -0.001229
0.992998 -0.001087
0.994636 -0.000962
0.996057 -0.000854
0.997261 -0.000762
0.998246 -0.000687
0.999013 -0.000628
0.999561 -0.000587
0.999890 -0.000563
1.000000 -0.000556
