--------------------------------------------------------------
  XFOIL-like Polar Output (Generated by NeuralFoil)
--------------------------------------------------------------
  alpha     CL        CD       Cm        CL/CD
--------------------------------------------------------------
  -5.000  -0.46204   0.00899  -0.01917  -51.40564
  -4.915  -0.45269   0.00892  -0.01916  -50.75019
  -4.829  -0.44331   0.00886  -0.01915  -50.06280
  -4.744  -0.43390   0.00879  -0.01915  -49.34464
  -4.658  -0.42447   0.00873  -0.01915  -48.59758
  -4.573  -0.41502   0.00868  -0.01915  -47.82396
  -4.487  -0.40556   0.00862  -0.01915  -47.02689
  -4.402  -0.39609   0.00857  -0.01915  -46.21071
  -4.317  -0.38662   0.00852  -0.01915  -45.38112
  -4.231  -0.37715   0.00847  -0.01915  -44.54447
  -4.146  -0.36769   0.00841  -0.01914  -43.70619
  -4.060  -0.35823   0.00836  -0.01914  -42.86886
  -3.975  -0.34876   0.00830  -0.01913  -42.03144
  -3.889  -0.33928   0.00824  -0.01913  -41.19076
  -3.804  -0.32978   0.00817  -0.01912  -40.34464
  -3.719  -0.32029   0.00811  -0.01912  -39.49442
  -3.633  -0.31082   0.00804  -0.01911  -38.64476
  -3.548  -0.30139   0.00797  -0.01910  -37.80102
  -3.462  -0.29201   0.00790  -0.01908  -36.96684
  -3.377  -0.28267   0.00782  -0.01907  -36.14331
  -3.291  -0.27335   0.00774  -0.01906  -35.32882
  -3.206  -0.26405   0.00765  -0.01905  -34.51861
  -3.121  -0.25476   0.00756  -0.01905  -33.70508
  -3.035  -0.24547   0.00747  -0.01904  -32.87876
  -2.950  -0.23619   0.00737  -0.01903  -32.02791
  -2.864  -0.22690   0.00729  -0.01902  -31.13660
  -2.779  -0.21758   0.00721  -0.01900  -30.18615
  -2.693  -0.20820   0.00714  -0.01900  -29.16183
  -2.608  -0.19876   0.00708  -0.01899  -28.05962
  -2.523  -0.18924   0.00704  -0.01898  -26.88687
  -2.437  -0.17966   0.00700  -0.01898  -25.65748
  -2.352  -0.17002   0.00697  -0.01897  -24.38601
  -2.266  -0.16035   0.00695  -0.01896  -23.08408
  -2.181  -0.15066   0.00692  -0.01895  -21.75930
  -2.095  -0.14094   0.00690  -0.01895  -20.41611
  -2.010  -0.13121   0.00688  -0.01895  -19.05702
  -1.925  -0.12145   0.00687  -0.01895  -17.68364
  -1.839  -0.11167   0.00685  -0.01895  -16.29730
  -1.754  -0.10188   0.00684  -0.01896  -14.89922
  -1.668  -0.09207   0.00682  -0.01897  -13.49059
  -1.583  -0.08224   0.00681  -0.01898  -12.07250
  -1.497  -0.07240   0.00680  -0.01899  -10.64597
  -1.412  -0.06254   0.00679  -0.01901  -9.21188
  -1.327  -0.05267   0.00678  -0.01902  -7.77099
  -1.241  -0.04280   0.00677  -0.01904  -6.32394
  -1.156  -0.03292   0.00676  -0.01905  -4.87125
  -1.070  -0.02303   0.00675  -0.01907  -3.41333
  -0.985  -0.01314   0.00674  -0.01908  -1.95048
  -0.899  -0.00325   0.00673  -0.01909  -0.48290
  -0.814   0.00664   0.00672  -0.01911   0.98928
  -0.729   0.01653   0.00670  -0.01912   2.46603
  -0.643   0.02642   0.00669  -0.01913   3.94740
  -0.558   0.03630   0.00668  -0.01914   5.43350
  -0.472   0.04618   0.00667  -0.01914   6.92452
  -0.387   0.05606   0.00666  -0.01915   8.42071
  -0.302   0.06593   0.00664  -0.01915   9.92237
  -0.216   0.07579   0.00663  -0.01916  11.42987
  -0.131   0.08565   0.00662  -0.01916  12.94361
  -0.045   0.09551   0.00660  -0.01916  14.46407
   0.040   0.10537   0.00659  -0.01917  15.99175
   0.126   0.11524   0.00657  -0.01917  17.52719
   0.211   0.12510   0.00656  -0.01917  19.07101
   0.296   0.13497   0.00654  -0.01917  20.62386
   0.382   0.14485   0.00653  -0.01918  22.18649
   0.467   0.15473   0.00651  -0.01919  23.75977
   0.553   0.16462   0.00650  -0.01920  25.34471
   0.638   0.17451   0.00648  -0.01921  26.94249
   0.724   0.18441   0.00646  -0.01922  28.55450
   0.809   0.19431   0.00644  -0.01924  30.18224
   0.894   0.20421   0.00642  -0.01925  31.82719
   0.980   0.21409   0.00639  -0.01927  33.49032
   1.065   0.22396   0.00637  -0.01929  35.17135
   1.151   0.23379   0.00634  -0.01931  36.86737
   1.236   0.24357   0.00631  -0.01932  38.57098
   1.322   0.25326   0.00629  -0.01932  40.26786
   1.407   0.26284   0.00627  -0.01932  41.93443
   1.492   0.27224   0.00625  -0.01930  43.53646
   1.578   0.28145   0.00625  -0.01925  45.02999
   1.663   0.29042   0.00626  -0.01918  46.36496
   1.749   0.29916   0.00630  -0.01908  47.49177
   1.834   0.30772   0.00636  -0.01896  48.37164
   1.920   0.31614   0.00645  -0.01881  48.99456
   2.005   0.32451   0.00657  -0.01865  49.40364
   2.090   0.33285   0.00670  -0.01849  49.70450
   2.176   0.34122   0.00682  -0.01833  50.03258
   2.261   0.34964   0.00692  -0.01818  50.49495
   2.347   0.35811   0.00700  -0.01804  51.13849
   2.432   0.36664   0.00706  -0.01790  51.95900
   2.518   0.37519   0.00709  -0.01775  52.92534
   2.603   0.38376   0.00711  -0.01758  53.99790
   2.688   0.39233   0.00712  -0.01741  55.13863
   2.774   0.40088   0.00712  -0.01721  56.31519
   2.859   0.40944   0.00712  -0.01701  57.50192
   2.945   0.41800   0.00712  -0.01678  58.67905
   3.030   0.42659   0.00713  -0.01655  59.83096
   3.116   0.43522   0.00714  -0.01632  60.94410
   3.201   0.44390   0.00716  -0.01608  62.00545
   3.286   0.45264   0.00718  -0.01585  63.00233
   3.372   0.46143   0.00722  -0.01562  63.92350
   3.457   0.47026   0.00726  -0.01540  64.75975
   3.543   0.47911   0.00731  -0.01519  65.50187
   3.628   0.48794   0.00738  -0.01497  66.13651
   3.714   0.49672   0.00745  -0.01476  66.64261
   3.799   0.50541   0.00754  -0.01453  66.99214
   3.884   0.51399   0.00765  -0.01429  67.15782
   3.970   0.52244   0.00778  -0.01403  67.12611
   4.055   0.53076   0.00793  -0.01376  66.90660
   4.141   0.53897   0.00810  -0.01347  66.54006
   4.226   0.54708   0.00828  -0.01318  66.10742
   4.312   0.55516   0.00845  -0.01290  65.70989
   4.397   0.56328   0.00861  -0.01261  65.42137
   4.482   0.57147   0.00876  -0.01233  65.26565
   4.568   0.57972   0.00889  -0.01206  65.23259
   4.653   0.58801   0.00900  -0.01180  65.30225
   4.739   0.59633   0.00911  -0.01153  65.45665
   4.824   0.60468   0.00921  -0.01127  65.68077
   4.910   0.61304   0.00929  -0.01102  65.96072
   4.995   0.62143   0.00938  -0.01077  66.28306
   5.080   0.62983   0.00945  -0.01052  66.63542
   5.166   0.63824   0.00952  -0.01028  67.00738
   5.251   0.64669   0.00960  -0.01005  67.39081
   5.337   0.65517   0.00967  -0.00983  67.77984
   5.422   0.66370   0.00974  -0.00962  68.17043
   5.508   0.67229   0.00981  -0.00943  68.55991
   5.593   0.68095   0.00988  -0.00925  68.94653
   5.678   0.68967   0.00995  -0.00909  69.32920
   5.764   0.69849   0.01002  -0.00895  69.70722
   5.849   0.70739   0.01009  -0.00884  70.08019
   5.935   0.71639   0.01017  -0.00874  70.44786
   6.020   0.72550   0.01025  -0.00867  70.81013
   6.106   0.73471   0.01032  -0.00863  71.16696
   6.191   0.74404   0.01040  -0.00861  71.51836
   6.276   0.75349   0.01048  -0.00862  71.86436
   6.362   0.76305   0.01057  -0.00866  72.20499
   6.447   0.77274   0.01065  -0.00873  72.54028
   6.533   0.78255   0.01074  -0.00882  72.87021
   6.618   0.79249   0.01083  -0.00895  73.19469
   6.704   0.80254   0.01092  -0.00910  73.51355
   6.789   0.81271   0.01101  -0.00928  73.82652
   6.874   0.82299   0.01110  -0.00949  74.13316
   6.960   0.83336   0.01120  -0.00971  74.43291
   7.045   0.84381   0.01129  -0.00996  74.72504
   7.131   0.85433   0.01139  -0.01022  75.00861
   7.216   0.86489   0.01149  -0.01049  75.28255
   7.302   0.87548   0.01159  -0.01077  75.54559
   7.387   0.88606   0.01169  -0.01105  75.79636
   7.472   0.89660   0.01179  -0.01132  76.03339
   7.558   0.90708   0.01190  -0.01159  76.25522
   7.643   0.91746   0.01200  -0.01184  76.46047
   7.729   0.92772   0.01210  -0.01206  76.64799
   7.814   0.93783   0.01221  -0.01226  76.81692
   7.899   0.94777   0.01231  -0.01243  76.96683
   7.985   0.95754   0.01242  -0.01257  77.09765
   8.070   0.96711   0.01253  -0.01268  77.20972
   8.156   0.97649   0.01263  -0.01274  77.30362
   8.241   0.98567   0.01274  -0.01277  77.38013
   8.327   0.99467   0.01284  -0.01276  77.44012
   8.412   1.00348   0.01295  -0.01271  77.48452
   8.497   1.01213   0.01306  -0.01262  77.51424
   8.583   1.02061   0.01316  -0.01250  77.53021
   8.668   1.02895   0.01327  -0.01235  77.53330
   8.754   1.03715   0.01338  -0.01217  77.52437
   8.839   1.04524   0.01349  -0.01196  77.50424
   8.925   1.05321   0.01359  -0.01173  77.47367
   9.010   1.06110   0.01370  -0.01148  77.43339
   9.095   1.06891   0.01381  -0.01121  77.38403
   9.181   1.07665   0.01392  -0.01093  77.32620
   9.266   1.08435   0.01403  -0.01064  77.26041
   9.352   1.09201   0.01415  -0.01035  77.18713
   9.437   1.09964   0.01426  -0.01004  77.10671
   9.523   1.10725   0.01438  -0.00974  77.01949
   9.608   1.11486   0.01449  -0.00943  76.92571
   9.693   1.12246   0.01461  -0.00913  76.82556
   9.779   1.13007   0.01473  -0.00883  76.71915
   9.864   1.13769   0.01485  -0.00853  76.60657
   9.950   1.14532   0.01497  -0.00824  76.48785
  10.035   1.15297   0.01510  -0.00796  76.36295
  10.121   1.16063   0.01522  -0.00768  76.23184
  10.206   1.16830   0.01535  -0.00741  76.09442
  10.291   1.17598   0.01548  -0.00715  75.95058
  10.377   1.18367   0.01562  -0.00689  75.80017
  10.462   1.19137   0.01575  -0.00664  75.64306
  10.548   1.19907   0.01589  -0.00640  75.47907
  10.633   1.20676   0.01602  -0.00616  75.30805
  10.719   1.21445   0.01616  -0.00592  75.12981
  10.804   1.22212   0.01631  -0.00568  74.94420
  10.889   1.22977   0.01645  -0.00545  74.75106
  10.975   1.23740   0.01660  -0.00522  74.55021
  11.060   1.24500   0.01675  -0.00499  74.34151
  11.146   1.25256   0.01690  -0.00476  74.12480
  11.231   1.26007   0.01705  -0.00452  73.89993
  11.317   1.26754   0.01721  -0.00428  73.66674
  11.402   1.27495   0.01736  -0.00404  73.42507
  11.487   1.28230   0.01752  -0.00379  73.17472
  11.573   1.28958   0.01769  -0.00354  72.91548
  11.658   1.29679   0.01785  -0.00327  72.64712
  11.744   1.30391   0.01802  -0.00300  72.36933
  11.829   1.31094   0.01819  -0.00271  72.08177
  11.915   1.31788   0.01836  -0.00242  71.78405
  12.000   1.32470   0.01853  -0.00211  71.47570
