--------------------------------------------------------------
  XFOIL-like Polar Output (Generated by NeuralFoil)
--------------------------------------------------------------
  alpha     CL        CD       Cm        CL/CD
--------------------------------------------------------------
  -5.000  -0.52005   0.01308  -0.06827  -39.74655
  -4.915  -0.51094   0.01299  -0.06821  -39.32473
  -4.829  -0.50181   0.01290  -0.06815  -38.89186
  -4.744  -0.49266   0.01281  -0.06809  -38.44775
  -4.658  -0.48349   0.01273  -0.06804  -37.99210
  -4.573  -0.47428   0.01264  -0.06799  -37.52455
  -4.487  -0.46506   0.01255  -0.06794  -37.04463
  -4.402  -0.45580   0.01247  -0.06789  -36.55185
  -4.317  -0.44651   0.01239  -0.06785  -36.04571
  -4.231  -0.43719   0.01231  -0.06781  -35.52582
  -4.146  -0.42783   0.01223  -0.06777  -34.99202
  -4.060  -0.41844   0.01215  -0.06773  -34.44440
  -3.975  -0.40903   0.01207  -0.06769  -33.88331
  -3.889  -0.39959   0.01200  -0.06766  -33.30931
  -3.804  -0.39013   0.01192  -0.06763  -32.72299
  -3.719  -0.38067   0.01185  -0.06759  -32.12495
  -3.633  -0.37120   0.01178  -0.06757  -31.51567
  -3.548  -0.36172   0.01171  -0.06754  -30.89550
  -3.462  -0.35224   0.01164  -0.06751  -30.26465
  -3.377  -0.34276   0.01157  -0.06748  -29.62325
  -3.291  -0.33328   0.01150  -0.06746  -28.97131
  -3.206  -0.32379   0.01144  -0.06743  -28.30882
  -3.121  -0.31429   0.01137  -0.06740  -27.63570
  -3.035  -0.30479   0.01131  -0.06738  -26.95188
  -2.950  -0.29528   0.01125  -0.06735  -26.25729
  -2.864  -0.28577   0.01118  -0.06733  -25.55187
  -2.779  -0.27625   0.01112  -0.06730  -24.83557
  -2.693  -0.26673   0.01106  -0.06728  -24.10838
  -2.608  -0.25720   0.01101  -0.06725  -23.37032
  -2.523  -0.24766   0.01095  -0.06723  -22.62144
  -2.437  -0.23812   0.01089  -0.06721  -21.86181
  -2.352  -0.22857   0.01084  -0.06719  -21.09153
  -2.266  -0.21901   0.01078  -0.06717  -20.31075
  -2.181  -0.20946   0.01073  -0.06716  -19.51960
  -2.095  -0.19990   0.01068  -0.06714  -18.71824
  -2.010  -0.19033   0.01063  -0.06713  -17.90687
  -1.925  -0.18076   0.01058  -0.06711  -17.08564
  -1.839  -0.17119   0.01053  -0.06710  -16.25476
  -1.754  -0.16161   0.01048  -0.06709  -15.41440
  -1.668  -0.15204   0.01044  -0.06708  -14.56476
  -1.583  -0.14246   0.01039  -0.06708  -13.70599
  -1.497  -0.13287   0.01035  -0.06707  -12.83828
  -1.412  -0.12329   0.01031  -0.06706  -11.96178
  -1.327  -0.11370   0.01026  -0.06706  -11.07666
  -1.241  -0.10411   0.01022  -0.06705  -10.18306
  -1.156  -0.09451   0.01018  -0.06705  -9.28112
  -1.070  -0.08491   0.01014  -0.06705  -8.37098
  -0.985  -0.07531   0.01011  -0.06705  -7.45278
  -0.899  -0.06571   0.01007  -0.06705  -6.52665
  -0.814  -0.05610   0.01003  -0.06705  -5.59273
  -0.729  -0.04649   0.00999  -0.06705  -4.65117
  -0.643  -0.03687   0.00996  -0.06705  -3.70210
  -0.558  -0.02725   0.00993  -0.06705  -2.74566
  -0.472  -0.01763   0.00989  -0.06705  -1.78202
  -0.387  -0.00800   0.00986  -0.06705  -0.81134
  -0.302   0.00163   0.00983  -0.06706   0.16623
  -0.216   0.01127   0.00980  -0.06706   1.15051
  -0.131   0.02091   0.00976  -0.06707   2.14132
  -0.045   0.03055   0.00973  -0.06707   3.13849
   0.040   0.04020   0.00971  -0.06708   4.14182
   0.126   0.04985   0.00968  -0.06708   5.15114
   0.211   0.05950   0.00965  -0.06709   6.16625
   0.296   0.06916   0.00962  -0.06710   7.18696
   0.382   0.07882   0.00960  -0.06711   8.21309
   0.467   0.08848   0.00957  -0.06711   9.24445
   0.553   0.09814   0.00955  -0.06712  10.28087
   0.638   0.10780   0.00952  -0.06713  11.32218
   0.724   0.11747   0.00950  -0.06714  12.36822
   0.809   0.12714   0.00947  -0.06715  13.41887
   0.894   0.13681   0.00945  -0.06716  14.47400
   0.980   0.14648   0.00943  -0.06717  15.53350
   1.065   0.15616   0.00941  -0.06718  16.59730
   1.151   0.16584   0.00939  -0.06719  17.66534
   1.236   0.17552   0.00937  -0.06720  18.73758
   1.322   0.18521   0.00935  -0.06721  19.81399
   1.407   0.19490   0.00933  -0.06722  20.89455
   1.492   0.20460   0.00931  -0.06723  21.97924
   1.578   0.21430   0.00929  -0.06724  23.06803
   1.663   0.22401   0.00927  -0.06725  24.16088
   1.749   0.23372   0.00925  -0.06727  25.25770
   1.834   0.24344   0.00924  -0.06728  26.35840
   1.920   0.25317   0.00922  -0.06729  27.46281
   2.005   0.26290   0.00920  -0.06731  28.57074
   2.090   0.27264   0.00919  -0.06732  29.68200
   2.176   0.28238   0.00917  -0.06733  30.79637
   2.261   0.29212   0.00915  -0.06735  31.91365
   2.347   0.30187   0.00914  -0.06736  33.03367
   2.432   0.31162   0.00912  -0.06737  34.15629
   2.518   0.32137   0.00911  -0.06738  35.28140
   2.603   0.33112   0.00909  -0.06739  36.40890
   2.688   0.34086   0.00908  -0.06740  37.53873
   2.774   0.35060   0.00907  -0.06741  38.67083
   2.859   0.36033   0.00905  -0.06742  39.80517
   2.945   0.37005   0.00904  -0.06743  40.94171
   3.030   0.37976   0.00902  -0.06744  42.08043
   3.116   0.38948   0.00901  -0.06745  43.22131
   3.201   0.39919   0.00900  -0.06747  44.36431
   3.286   0.40890   0.00899  -0.06748  45.50936
   3.372   0.41863   0.00897  -0.06750  46.65631
   3.457   0.42836   0.00896  -0.06752  47.80491
   3.543   0.43810   0.00895  -0.06754  48.95479
   3.628   0.44786   0.00894  -0.06757  50.10548
   3.714   0.45763   0.00893  -0.06760  51.25639
   3.799   0.46740   0.00892  -0.06763  52.40695
   3.884   0.47718   0.00891  -0.06766  53.55657
   3.970   0.48697   0.00890  -0.06769  54.70481
   4.055   0.49676   0.00889  -0.06773  55.85133
   4.141   0.50655   0.00889  -0.06776  56.99587
   4.226   0.51634   0.00888  -0.06780  58.13817
   4.312   0.52615   0.00888  -0.06783  59.27790
   4.397   0.53595   0.00887  -0.06787  60.41468
   4.482   0.54576   0.00887  -0.06791  61.54820
   4.568   0.55557   0.00886  -0.06794  62.67835
   4.653   0.56539   0.00886  -0.06798  63.80497
   4.739   0.57521   0.00886  -0.06802  64.92734
   4.824   0.58506   0.00886  -0.06806  66.04352
   4.910   0.59492   0.00886  -0.06811  67.14980
   4.995   0.60480   0.00886  -0.06815  68.24064
   5.080   0.61469   0.00887  -0.06819  69.30908
   5.166   0.62456   0.00888  -0.06824  70.34774
   5.251   0.63439   0.00889  -0.06828  71.35016
   5.337   0.64416   0.00891  -0.06833  72.31334
   5.422   0.65388   0.00893  -0.06839  73.24296
   5.508   0.66355   0.00895  -0.06847  74.16297
   5.593   0.67319   0.00896  -0.06858  75.13243
   5.678   0.68284   0.00895  -0.06872  76.27967
   5.764   0.69252   0.00889  -0.06888  77.86828
   5.849   0.70224   0.00874  -0.06904  80.34226
   5.935   0.71184   0.00846  -0.06911  84.11042
   6.020   0.72075   0.00810  -0.06898  88.94883
   6.106   0.72820   0.00777  -0.06854  93.67021
   6.191   0.73396   0.00756  -0.06777  97.14209
   6.276   0.73905   0.00744  -0.06683  99.39468
   6.362   0.74488   0.00738  -0.06600  100.94743
   6.447   0.75196   0.00736  -0.06541  102.14703
   6.533   0.76001   0.00737  -0.06503  103.16089
   6.618   0.76872   0.00739  -0.06480  104.07354
   6.704   0.77789   0.00741  -0.06467  104.93547
   6.789   0.78746   0.00744  -0.06462  105.78237
   6.874   0.79746   0.00748  -0.06466  106.64234
   6.960   0.80795   0.00751  -0.06480  107.53742
   7.045   0.81903   0.00755  -0.06507  108.48265
   7.131   0.83072   0.00759  -0.06547  109.48445
   7.216   0.84300   0.00763  -0.06600  110.53970
   7.302   0.85575   0.00767  -0.06663  111.63618
   7.387   0.86876   0.00770  -0.06734  112.75473
   7.472   0.88180   0.00774  -0.06806  113.87288
   7.558   0.89463   0.00778  -0.06876  114.96877
   7.643   0.90704   0.00782  -0.06938  116.02456
   7.729   0.91889   0.00785  -0.06990  117.02838
   7.814   0.93011   0.00788  -0.07030  117.97476
   7.899   0.94069   0.00791  -0.07058  118.86387
   7.985   0.95069   0.00794  -0.07074  119.70005
   8.070   0.96021   0.00797  -0.07080  120.49008
   8.156   0.96934   0.00800  -0.07078  121.24174
   8.241   0.97820   0.00802  -0.07071  121.96261
   8.327   0.98687   0.00805  -0.07059  122.65941
   8.412   0.99544   0.00807  -0.07045  123.33757
   8.497   1.00397   0.00810  -0.07030  124.00120
   8.583   1.01250   0.00812  -0.07015  124.65314
   8.668   1.02106   0.00815  -0.07000  125.29522
   8.754   1.02965   0.00818  -0.06987  125.92844
   8.839   1.03830   0.00820  -0.06974  126.55323
   8.925   1.04699   0.00823  -0.06962  127.16965
   9.010   1.05572   0.00826  -0.06951  127.77750
   9.095   1.06449   0.00829  -0.06941  128.37642
   9.181   1.07328   0.00832  -0.06932  128.96600
   9.266   1.08210   0.00835  -0.06923  129.54568
   9.352   1.09094   0.00838  -0.06915  130.11484
   9.437   1.09979   0.00842  -0.06908  130.67264
   9.523   1.10864   0.00845  -0.06901  131.21799
   9.608   1.11750   0.00848  -0.06894  131.74937
   9.693   1.12637   0.00852  -0.06887  132.26470
   9.779   1.13523   0.00855  -0.06880  132.76115
   9.864   1.14410   0.00859  -0.06874  133.23498
   9.950   1.15296   0.00862  -0.06867  133.68138
  10.035   1.16182   0.00866  -0.06861  134.09433
  10.121   1.17067   0.00871  -0.06854  134.46648
  10.206   1.17950   0.00875  -0.06847  134.78895
  10.291   1.18832   0.00880  -0.06840  135.05097
  10.377   1.19711   0.00885  -0.06832  135.23928
  10.462   1.20587   0.00891  -0.06823  135.33704
  10.548   1.21457   0.00898  -0.06813  135.32225
  10.633   1.22320   0.00905  -0.06802  135.16544
  10.719   1.23173   0.00914  -0.06789  134.82688
  10.804   1.24010   0.00924  -0.06773  134.25380
  10.889   1.24826   0.00936  -0.06754  133.37851
  10.975   1.25611   0.00951  -0.06729  132.11900
  11.060   1.26357   0.00969  -0.06700  130.38341
  11.146   1.27051   0.00992  -0.06662  128.07862
  11.231   1.27682   0.01020  -0.06617  125.12248
  11.317   1.28239   0.01056  -0.06561  121.46030
  11.402   1.28711   0.01099  -0.06495  117.09167
  11.487   1.29092   0.01151  -0.06418  112.11494
  11.573   1.29383   0.01212  -0.06332  106.77534
  11.658   1.29598   0.01277  -0.06237  101.45934
  11.744   1.29766   0.01344  -0.06137  96.58419
  11.829   1.29930   0.01406  -0.06036  92.44294
  11.915   1.30141   0.01460  -0.05941  89.13654
  12.000   1.30440   0.01506  -0.05857  86.61827
