--------------------------------------------------------------
  XFOIL-like Polar Output (Generated by NeuralFoil)
--------------------------------------------------------------
  alpha     CL        CD       Cm        CL/CD
--------------------------------------------------------------
  -5.000  -0.39088   0.01131  -0.04734  -34.55153
  -4.915  -0.38145   0.01122  -0.04730  -33.99774
  -4.829  -0.37205   0.01113  -0.04726  -33.43860
  -4.744  -0.36269   0.01103  -0.04722  -32.87728
  -4.658  -0.35339   0.01093  -0.04718  -32.31728
  -4.573  -0.34414   0.01083  -0.04713  -31.76355
  -4.487  -0.33498   0.01073  -0.04708  -31.22460
  -4.402  -0.32593   0.01061  -0.04703  -30.71395
  -4.317  -0.31702   0.01048  -0.04697  -30.24732
  -4.231  -0.30823   0.01033  -0.04690  -29.83205
  -4.146  -0.29951   0.01017  -0.04683  -29.45130
  -4.060  -0.29072   0.01000  -0.04677  -29.05763
  -3.975  -0.28173   0.00985  -0.04673  -28.59035
  -3.889  -0.27246   0.00973  -0.04671  -28.00770
  -3.804  -0.26294   0.00963  -0.04671  -27.30473
  -3.719  -0.25325   0.00956  -0.04673  -26.50453
  -3.633  -0.24348   0.00950  -0.04676  -25.63863
  -3.548  -0.23367   0.00945  -0.04679  -24.73360
  -3.462  -0.22387   0.00940  -0.04683  -23.80704
  -3.377  -0.21410   0.00936  -0.04687  -22.86857
  -3.291  -0.20436   0.00932  -0.04690  -21.92226
  -3.206  -0.19464   0.00928  -0.04694  -20.96892
  -3.121  -0.18494   0.00924  -0.04697  -20.00783
  -3.035  -0.17524   0.00920  -0.04700  -19.03785
  -2.950  -0.16553   0.00917  -0.04704  -18.05798
  -2.864  -0.15582   0.00913  -0.04707  -17.06760
  -2.779  -0.14609   0.00909  -0.04710  -16.06643
  -2.693  -0.13634   0.00906  -0.04714  -15.05447
  -2.608  -0.12658   0.00902  -0.04717  -14.03184
  -2.523  -0.11679   0.00899  -0.04720  -12.99874
  -2.437  -0.10700   0.00895  -0.04723  -11.95537
  -2.352  -0.09718   0.00891  -0.04727  -10.90190
  -2.266  -0.08736   0.00888  -0.04730  -9.83845
  -2.181  -0.07752   0.00884  -0.04734  -8.76513
  -2.095  -0.06766   0.00881  -0.04737  -7.68201
  -2.010  -0.05780   0.00877  -0.04740  -6.58915
  -1.925  -0.04793   0.00874  -0.04743  -5.48668
  -1.839  -0.03806   0.00870  -0.04746  -4.37472
  -1.754  -0.02818   0.00866  -0.04749  -3.25347
  -1.668  -0.01831   0.00863  -0.04752  -2.12316
  -1.583  -0.00845   0.00859  -0.04754  -0.98396
  -1.497   0.00140   0.00855  -0.04755   0.16405
  -1.412   0.01124   0.00851  -0.04757   1.32102
  -1.327   0.02106   0.00847  -0.04758   2.48740
  -1.241   0.03087   0.00842  -0.04758   3.66399
  -1.156   0.04066   0.00838  -0.04759   4.85198
  -1.070   0.05042   0.00833  -0.04758   6.05307
  -0.985   0.06014   0.00827  -0.04758   7.26953
  -0.899   0.06981   0.00821  -0.04756   8.50412
  -0.814   0.07941   0.00814  -0.04754   9.75990
  -0.729   0.08891   0.00805  -0.04752  11.04006
  -0.643   0.09829   0.00796  -0.04748  12.34799
  -0.558   0.10756   0.00786  -0.04743  13.68698
  -0.472   0.11674   0.00775  -0.04738  15.05913
  -0.387   0.12586   0.00764  -0.04733  16.46336
  -0.302   0.13495   0.00754  -0.04728  17.89388
  -0.216   0.14407   0.00745  -0.04723  19.34043
  -0.131   0.15324   0.00737  -0.04720  20.79023
  -0.045   0.16247   0.00731  -0.04717  22.23052
   0.040   0.17178   0.00726  -0.04715  23.65012
   0.126   0.18114   0.00723  -0.04713  25.03973
   0.211   0.19055   0.00722  -0.04713  26.39129
   0.296   0.19997   0.00722  -0.04713  27.69720
   0.382   0.20940   0.00723  -0.04712  28.95001
   0.467   0.21882   0.00726  -0.04712  30.14279
   0.553   0.22821   0.00730  -0.04711  31.27008
   0.638   0.23757   0.00735  -0.04709  32.32890
   0.724   0.24689   0.00741  -0.04707  33.31955
   0.809   0.25618   0.00748  -0.04703  34.24552
   0.894   0.26543   0.00756  -0.04699  35.11293
   0.980   0.27465   0.00764  -0.04695  35.92937
   1.065   0.28383   0.00773  -0.04691  36.70285
   1.151   0.29299   0.00783  -0.04686  37.44099
   1.236   0.30211   0.00792  -0.04682  38.15062
   1.322   0.31122   0.00801  -0.04678  38.83791
   1.407   0.32032   0.00811  -0.04674  39.50857
   1.492   0.32941   0.00820  -0.04670  40.16832
   1.578   0.33849   0.00829  -0.04667  40.82311
   1.663   0.34759   0.00838  -0.04664  41.47921
   1.749   0.35670   0.00846  -0.04663  42.14294
   1.834   0.36583   0.00854  -0.04662  42.82026
   1.920   0.37499   0.00862  -0.04662  43.51613
   2.005   0.38418   0.00869  -0.04663  44.23408
   2.090   0.39339   0.00875  -0.04664  44.97596
   2.176   0.40264   0.00880  -0.04666  45.74191
   2.261   0.41191   0.00885  -0.04669  46.53072
   2.347   0.42120   0.00890  -0.04672  47.34018
   2.432   0.43051   0.00894  -0.04675  48.16751
   2.518   0.43984   0.00897  -0.04679  49.00972
   2.603   0.44919   0.00901  -0.04682  49.86388
   2.688   0.45854   0.00904  -0.04685  50.72725
   2.774   0.46791   0.00907  -0.04689  51.59738
   2.859   0.47729   0.00910  -0.04692  52.47213
   2.945   0.48668   0.00912  -0.04695  53.34964
   3.030   0.49608   0.00915  -0.04698  54.22830
   3.116   0.50549   0.00917  -0.04701  55.10670
   3.201   0.51491   0.00920  -0.04704  55.98361
   3.286   0.52434   0.00922  -0.04706  56.85796
   3.372   0.53378   0.00925  -0.04708  57.72889
   3.457   0.54323   0.00927  -0.04710  58.59576
   3.543   0.55269   0.00930  -0.04711  59.45818
   3.628   0.56217   0.00932  -0.04713  60.31603
   3.714   0.57166   0.00935  -0.04713  61.16949
   3.799   0.58116   0.00937  -0.04714  62.01900
   3.884   0.59069   0.00940  -0.04714  62.86522
   3.970   0.60024   0.00942  -0.04714  63.70898
   4.055   0.60981   0.00945  -0.04713  64.55111
   4.141   0.61940   0.00947  -0.04712  65.39236
   4.226   0.62901   0.00950  -0.04711  66.23325
   4.312   0.63866   0.00952  -0.04710  67.07395
   4.397   0.64832   0.00955  -0.04708  67.91408
   4.482   0.65800   0.00957  -0.04707  68.75245
   4.568   0.66770   0.00960  -0.04705  69.58672
   4.653   0.67741   0.00962  -0.04703  70.41274
   4.739   0.68711   0.00965  -0.04701  71.22367
   4.824   0.69679   0.00968  -0.04698  72.00864
   4.910   0.70643   0.00971  -0.04695  72.75104
   4.995   0.71598   0.00975  -0.04691  73.42624
   5.080   0.72543   0.00980  -0.04686  73.99930
   5.166   0.73471   0.00987  -0.04679  74.42335
   5.251   0.74378   0.00996  -0.04671  74.64085
   5.337   0.75259   0.01009  -0.04659  74.59110
   5.422   0.76112   0.01025  -0.04645  74.22785
   5.508   0.76935   0.01046  -0.04628  73.54745
   5.593   0.77730   0.01070  -0.04608  72.61631
   5.678   0.78502   0.01097  -0.04586  71.57163
   5.764   0.79261   0.01123  -0.04563  70.57616
   5.849   0.80016   0.01147  -0.04539  69.75297
   5.935   0.80776   0.01168  -0.04514  69.15205
   6.020   0.81546   0.01186  -0.04490  68.76450
   6.106   0.82326   0.01201  -0.04466  68.55428
   6.191   0.83116   0.01214  -0.04442  68.48030
   6.276   0.83915   0.01225  -0.04419  68.50548
   6.362   0.84721   0.01235  -0.04397  68.59915
   6.447   0.85533   0.01244  -0.04376  68.73749
   6.533   0.86350   0.01253  -0.04355  68.90296
   6.618   0.87171   0.01262  -0.04334  69.08338
   6.704   0.87997   0.01270  -0.04315  69.27064
   6.789   0.88826   0.01279  -0.04296  69.45960
   6.874   0.89658   0.01287  -0.04278  69.64702
   6.960   0.90493   0.01296  -0.04260  69.83086
   7.045   0.91331   0.01305  -0.04243  70.00982
   7.131   0.92172   0.01313  -0.04226  70.18297
   7.216   0.93014   0.01322  -0.04211  70.34962
   7.302   0.93858   0.01331  -0.04195  70.50924
   7.387   0.94703   0.01340  -0.04180  70.66135
   7.472   0.95549   0.01349  -0.04165  70.80558
   7.558   0.96395   0.01359  -0.04150  70.94163
   7.643   0.97241   0.01368  -0.04135  71.06928
   7.729   0.98086   0.01378  -0.04120  71.18840
   7.814   0.98931   0.01388  -0.04106  71.29898
   7.899   0.99775   0.01397  -0.04091  71.40107
   7.985   1.00617   0.01407  -0.04076  71.49480
   8.070   1.01459   0.01417  -0.04060  71.58038
   8.156   1.02299   0.01428  -0.04045  71.65804
   8.241   1.03138   0.01438  -0.04029  71.72799
   8.327   1.03974   0.01448  -0.04013  71.79049
   8.412   1.04809   0.01459  -0.03997  71.84574
   8.497   1.05642   0.01469  -0.03980  71.89395
   8.583   1.06471   0.01480  -0.03963  71.93532
   8.668   1.07298   0.01491  -0.03946  71.97010
   8.754   1.08121   0.01502  -0.03929  71.99861
   8.839   1.08941   0.01513  -0.03911  72.02127
   8.925   1.09756   0.01524  -0.03893  72.03864
   9.010   1.10567   0.01535  -0.03874  72.05137
   9.095   1.11374   0.01546  -0.03855  72.06020
   9.181   1.12175   0.01557  -0.03835  72.06589
   9.266   1.12972   0.01568  -0.03814  72.06914
   9.352   1.13763   0.01578  -0.03793  72.07057
   9.437   1.14549   0.01589  -0.03771  72.07063
   9.523   1.15327   0.01600  -0.03747  72.06961
   9.608   1.16099   0.01611  -0.03722  72.06758
   9.693   1.16862   0.01622  -0.03696  72.06439
   9.779   1.17616   0.01632  -0.03668  72.05963
   9.864   1.18360   0.01643  -0.03637  72.05268
   9.950   1.19093   0.01653  -0.03605  72.04265
  10.035   1.19814   0.01663  -0.03571  72.02844
  10.121   1.20522   0.01674  -0.03534  72.00879
  10.206   1.21217   0.01684  -0.03495  71.98230
  10.291   1.21899   0.01694  -0.03453  71.94756
  10.377   1.22567   0.01705  -0.03409  71.90319
  10.462   1.23223   0.01715  -0.03364  71.84792
  10.548   1.23867   0.01726  -0.03316  71.78068
  10.633   1.24499   0.01736  -0.03267  71.70061
  10.719   1.25121   0.01747  -0.03216  71.60711
  10.804   1.25733   0.01759  -0.03164  71.49980
  10.889   1.26337   0.01770  -0.03111  71.37854
  10.975   1.26933   0.01782  -0.03058  71.24336
  11.060   1.27523   0.01794  -0.03004  71.09440
  11.146   1.28109   0.01806  -0.02950  70.93191
  11.231   1.28691   0.01819  -0.02897  70.75614
  11.317   1.29270   0.01832  -0.02845  70.56736
  11.402   1.29849   0.01845  -0.02793  70.36577
  11.487   1.30429   0.01859  -0.02743  70.15153
  11.573   1.31010   0.01874  -0.02694  69.92468
  11.658   1.31593   0.01888  -0.02648  69.68518
  11.744   1.32180   0.01904  -0.02603  69.43288
  11.829   1.32770   0.01920  -0.02560  69.16753
  11.915   1.33365   0.01936  -0.02520  68.88878
  12.000   1.33964   0.01953  -0.02482  68.59626
