--------------------------------------------------------------
  XFOIL-like Polar Output (Generated by NeuralFoil)
--------------------------------------------------------------
  alpha     CL        CD       Cm        CL/CD
--------------------------------------------------------------
  -5.000   0.03332   0.00934  -0.03873   3.56751
  -4.915   0.04304   0.00935  -0.03875   4.60229
  -4.829   0.05276   0.00937  -0.03877   5.63354
  -4.744   0.06247   0.00938  -0.03879   6.66110
  -4.658   0.07217   0.00939  -0.03881   7.68476
  -4.573   0.08186   0.00940  -0.03883   8.70432
  -4.487   0.09154   0.00942  -0.03884   9.71955
  -4.402   0.10121   0.00943  -0.03886  10.73022
  -4.317   0.11086   0.00945  -0.03887  11.73607
  -4.231   0.12049   0.00946  -0.03888  12.73685
  -4.146   0.13011   0.00948  -0.03889  13.73228
  -4.060   0.13971   0.00949  -0.03890  14.72208
  -3.975   0.14929   0.00951  -0.03892  15.70596
  -3.889   0.15885   0.00952  -0.03893  16.68366
  -3.804   0.16839   0.00954  -0.03894  17.65491
  -3.719   0.17791   0.00955  -0.03894  18.61951
  -3.633   0.18740   0.00957  -0.03895  19.57726
  -3.548   0.19687   0.00959  -0.03896  20.52805
  -3.462   0.20633   0.00961  -0.03897  21.47184
  -3.377   0.21576   0.00963  -0.03898  22.40869
  -3.291   0.22517   0.00965  -0.03899  23.33872
  -3.206   0.23457   0.00967  -0.03900  24.26218
  -3.121   0.24396   0.00969  -0.03901  25.17938
  -3.035   0.25334   0.00971  -0.03903  26.09075
  -2.950   0.26271   0.00973  -0.03904  26.99676
  -2.864   0.27207   0.00975  -0.03905  27.89795
  -2.779   0.28143   0.00977  -0.03906  28.79490
  -2.693   0.29080   0.00980  -0.03908  29.68823
  -2.608   0.30017   0.00982  -0.03909  30.57852
  -2.523   0.30955   0.00984  -0.03910  31.46634
  -2.437   0.31894   0.00986  -0.03912  32.35215
  -2.352   0.32834   0.00988  -0.03913  33.23629
  -2.266   0.33775   0.00990  -0.03914  34.11893
  -2.181   0.34717   0.00992  -0.03915  35.00002
  -2.095   0.35660   0.00994  -0.03917  35.87932
  -2.010   0.36603   0.00996  -0.03918  36.75640
  -1.925   0.37548   0.00998  -0.03919  37.63069
  -1.839   0.38493   0.01000  -0.03920  38.50152
  -1.754   0.39437   0.01002  -0.03920  39.36820
  -1.668   0.40382   0.01004  -0.03921  40.23009
  -1.583   0.41326   0.01006  -0.03921  41.08664
  -1.497   0.42269   0.01008  -0.03922  41.93746
  -1.412   0.43211   0.01010  -0.03922  42.78235
  -1.327   0.44152   0.01012  -0.03922  43.62136
  -1.241   0.45092   0.01014  -0.03922  44.45472
  -1.156   0.46031   0.01017  -0.03922  45.28285
  -1.070   0.46969   0.01019  -0.03921  46.10624
  -0.985   0.47906   0.01021  -0.03921  46.92530
  -0.899   0.48843   0.01023  -0.03920  47.74021
  -0.814   0.49778   0.01025  -0.03919  48.55082
  -0.729   0.50714   0.01027  -0.03918  49.35656
  -0.643   0.51648   0.01030  -0.03916  50.15655
  -0.558   0.52583   0.01032  -0.03914  50.94963
  -0.472   0.53517   0.01034  -0.03912  51.73452
  -0.387   0.54451   0.01037  -0.03910  52.50988
  -0.302   0.55385   0.01040  -0.03907  53.27434
  -0.216   0.56319   0.01042  -0.03904  54.02642
  -0.131   0.57252   0.01045  -0.03900  54.76443
  -0.045   0.58184   0.01049  -0.03897  55.48632
   0.040   0.59115   0.01052  -0.03892  56.18958
   0.126   0.60044   0.01056  -0.03888  56.87123
   0.211   0.60970   0.01060  -0.03883  57.52798
   0.296   0.61893   0.01064  -0.03877  58.15652
   0.382   0.62811   0.01069  -0.03870  58.75390
   0.467   0.63725   0.01074  -0.03863  59.31787
   0.553   0.64635   0.01080  -0.03854  59.84718
   0.638   0.65541   0.01086  -0.03845  60.34163
   0.724   0.66441   0.01093  -0.03835  60.80209
   0.809   0.67337   0.01100  -0.03824  61.23053
   0.894   0.68229   0.01107  -0.03813  61.62996
   0.980   0.69117   0.01115  -0.03801  62.00431
   1.065   0.70002   0.01123  -0.03789  62.35799
   1.151   0.70885   0.01131  -0.03776  62.69536
   1.236   0.71767   0.01139  -0.03763  63.02019
   1.322   0.72648   0.01147  -0.03750  63.33540
   1.407   0.73528   0.01155  -0.03737  63.64308
   1.492   0.74408   0.01164  -0.03724  63.94463
   1.578   0.75287   0.01172  -0.03711  64.24098
   1.663   0.76164   0.01180  -0.03698  64.53276
   1.749   0.77041   0.01189  -0.03685  64.82041
   1.834   0.77915   0.01197  -0.03672  65.10423
   1.920   0.78788   0.01205  -0.03659  65.38436
   2.005   0.79660   0.01213  -0.03646  65.66076
   2.090   0.80530   0.01221  -0.03633  65.93320
   2.176   0.81398   0.01230  -0.03619  66.20134
   2.261   0.82265   0.01238  -0.03606  66.46472
   2.347   0.83131   0.01246  -0.03593  66.72282
   2.432   0.83996   0.01254  -0.03579  66.97518
   2.518   0.84859   0.01262  -0.03566  67.22134
   2.603   0.85722   0.01271  -0.03552  67.46094
   2.688   0.86585   0.01279  -0.03539  67.69365
   2.774   0.87446   0.01288  -0.03525  67.91924
   2.859   0.88308   0.01296  -0.03511  68.13746
   2.945   0.89170   0.01305  -0.03497  68.34809
   3.030   0.90031   0.01313  -0.03482  68.55089
   3.116   0.90892   0.01322  -0.03468  68.74556
   3.201   0.91753   0.01331  -0.03453  68.93171
   3.286   0.92613   0.01340  -0.03438  69.10891
   3.372   0.93471   0.01349  -0.03423  69.27666
   3.457   0.94328   0.01359  -0.03408  69.43448
   3.543   0.95182   0.01368  -0.03393  69.58198
   3.628   0.96034   0.01377  -0.03377  69.71900
   3.714   0.96882   0.01387  -0.03362  69.84566
   3.799   0.97726   0.01397  -0.03346  69.96234
   3.884   0.98568   0.01407  -0.03330  70.06966
   3.970   0.99407   0.01417  -0.03314  70.16832
   4.055   1.00244   0.01427  -0.03298  70.25899
   4.141   1.01079   0.01437  -0.03281  70.34226
   4.226   1.01912   0.01447  -0.03265  70.41856
   4.312   1.02745   0.01458  -0.03248  70.48821
   4.397   1.03576   0.01468  -0.03231  70.55142
   4.482   1.04406   0.01479  -0.03213  70.60829
   4.568   1.05235   0.01489  -0.03196  70.65889
   4.653   1.06063   0.01500  -0.03178  70.70326
   4.739   1.06890   0.01511  -0.03159  70.74141
   4.824   1.07715   0.01522  -0.03141  70.77333
   4.910   1.08539   0.01533  -0.03122  70.79905
   4.995   1.09362   0.01544  -0.03103  70.81856
   5.080   1.10183   0.01556  -0.03083  70.83188
   5.166   1.11002   0.01567  -0.03063  70.83903
   5.251   1.11820   0.01578  -0.03043  70.84004
   5.337   1.12636   0.01590  -0.03022  70.83491
   5.422   1.13450   0.01602  -0.03001  70.82370
   5.508   1.14262   0.01614  -0.02979  70.80642
   5.593   1.15073   0.01626  -0.02958  70.78308
   5.678   1.15881   0.01638  -0.02935  70.75371
   5.764   1.16687   0.01650  -0.02913  70.71830
   5.849   1.17490   0.01662  -0.02890  70.67683
   5.935   1.18292   0.01675  -0.02866  70.62926
   6.020   1.19090   0.01687  -0.02843  70.57553
   6.106   1.19886   0.01700  -0.02819  70.51556
   6.191   1.20679   0.01713  -0.02794  70.44925
   6.276   1.21469   0.01726  -0.02769  70.37648
   6.362   1.22256   0.01739  -0.02744  70.29713
   6.447   1.23039   0.01752  -0.02718  70.21105
   6.533   1.23819   0.01766  -0.02691  70.11810
   6.618   1.24594   0.01779  -0.02665  70.01810
   6.704   1.25366   0.01793  -0.02637  69.91091
   6.789   1.26133   0.01807  -0.02610  69.79635
   6.874   1.26895   0.01821  -0.02581  69.67425
   6.960   1.27653   0.01836  -0.02552  69.54442
   7.045   1.28405   0.01850  -0.02523  69.40668
   7.131   1.29152   0.01865  -0.02493  69.26084
   7.216   1.29894   0.01880  -0.02462  69.10670
   7.302   1.30630   0.01895  -0.02430  68.94408
   7.387   1.31360   0.01910  -0.02398  68.77278
   7.472   1.32084   0.01926  -0.02365  68.59261
   7.558   1.32802   0.01941  -0.02332  68.40342
   7.643   1.33514   0.01958  -0.02297  68.20506
   7.729   1.34219   0.01974  -0.02262  67.99741
   7.814   1.34917   0.01991  -0.02226  67.78036
   7.899   1.35609   0.02007  -0.02190  67.55385
   7.985   1.36295   0.02025  -0.02152  67.31787
   8.070   1.36974   0.02042  -0.02114  67.07243
   8.156   1.37647   0.02060  -0.02075  66.81758
   8.241   1.38313   0.02078  -0.02035  66.55343
   8.327   1.38974   0.02097  -0.01995  66.28012
   8.412   1.39629   0.02116  -0.01954  65.99784
   8.497   1.40278   0.02135  -0.01912  65.70681
   8.583   1.40922   0.02155  -0.01871  65.40728
   8.668   1.41561   0.02175  -0.01828  65.09954
   8.754   1.42196   0.02195  -0.01786  64.78387
   8.839   1.42826   0.02216  -0.01743  64.46058
   8.925   1.43452   0.02237  -0.01701  64.12996
   9.010   1.44074   0.02258  -0.01658  63.79227
   9.095   1.44692   0.02280  -0.01615  63.44776
   9.181   1.45305   0.02303  -0.01572  63.09663
   9.266   1.45914   0.02326  -0.01529  62.73901
   9.352   1.46519   0.02349  -0.01487  62.37500
   9.437   1.47119   0.02373  -0.01444  62.00462
   9.523   1.47713   0.02397  -0.01401  61.62780
   9.608   1.48302   0.02421  -0.01359  61.24446
   9.693   1.48884   0.02447  -0.01316  60.85442
   9.779   1.49460   0.02472  -0.01273  60.45747
   9.864   1.50027   0.02498  -0.01230  60.05338
   9.950   1.50587   0.02525  -0.01187  59.64189
  10.035   1.51139   0.02552  -0.01143  59.22272
  10.121   1.51681   0.02580  -0.01099  58.79561
  10.206   1.52214   0.02608  -0.01054  58.36029
  10.291   1.52737   0.02637  -0.01010  57.91651
  10.377   1.53249   0.02667  -0.00964  57.46405
  10.462   1.53751   0.02697  -0.00918  57.00270
  10.548   1.54242   0.02728  -0.00872  56.53231
  10.633   1.54722   0.02760  -0.00825  56.05274
  10.719   1.55190   0.02793  -0.00777  55.56391
  10.804   1.55646   0.02827  -0.00729  55.06575
  10.889   1.56090   0.02861  -0.00680  54.55825
  10.975   1.56521   0.02896  -0.00631  54.04146
  11.060   1.56940   0.02933  -0.00581  53.51544
  11.146   1.57345   0.02970  -0.00530  52.98033
  11.231   1.57737   0.03008  -0.00479  52.43628
  11.317   1.58114   0.03047  -0.00426  51.88352
  11.402   1.58478   0.03088  -0.00373  51.32229
  11.487   1.58827   0.03129  -0.00319  50.75290
  11.573   1.59161   0.03172  -0.00265  50.17567
  11.658   1.59480   0.03216  -0.00209  49.59098
  11.744   1.59783   0.03261  -0.00152  48.99921
  11.829   1.60070   0.03307  -0.00095  48.40074
  11.915   1.60341   0.03355  -0.00037  47.79597
  12.000   1.60595   0.03404   0.00023  47.18530
