--------------------------------------------------------------
  XFOIL-like Polar Output (Generated by NeuralFoil)
--------------------------------------------------------------
  alpha     CL        CD       Cm        CL/CD
--------------------------------------------------------------
  -5.000  -0.49351   0.00843  -0.04084  -58.54614
  -4.915  -0.48284   0.00832  -0.04107  -58.00525
  -4.829  -0.47228   0.00823  -0.04127  -57.37887
  -4.744  -0.46181   0.00815  -0.04144  -56.68211
  -4.658  -0.45142   0.00807  -0.04159  -55.93039
  -4.573  -0.44110   0.00800  -0.04171  -55.13655
  -4.487  -0.43082   0.00793  -0.04183  -54.30908
  -4.402  -0.42055   0.00787  -0.04194  -53.45193
  -4.317  -0.41027   0.00780  -0.04206  -52.56539
  -4.231  -0.39994   0.00774  -0.04218  -51.64756
  -4.146  -0.38958   0.00768  -0.04232  -50.69597
  -4.060  -0.37919   0.00763  -0.04246  -49.70901
  -3.975  -0.36881   0.00758  -0.04259  -48.68701
  -3.889  -0.35850   0.00753  -0.04272  -47.63279
  -3.804  -0.34834   0.00748  -0.04280  -46.55147
  -3.719  -0.33840   0.00745  -0.04284  -45.44954
  -3.633  -0.32875   0.00742  -0.04280  -44.33330
  -3.548  -0.31940   0.00739  -0.04269  -43.20719
  -3.462  -0.31035   0.00738  -0.04252  -42.07270
  -3.377  -0.30151   0.00737  -0.04229  -40.92832
  -3.291  -0.29281   0.00736  -0.04203  -39.77069
  -3.206  -0.28415   0.00736  -0.04176  -38.59622
  -3.121  -0.27545   0.00736  -0.04151  -37.40263
  -3.035  -0.26666   0.00737  -0.04129  -36.18977
  -2.950  -0.25777   0.00737  -0.04110  -34.95958
  -2.864  -0.24876   0.00738  -0.04095  -33.71541
  -2.779  -0.23966   0.00738  -0.04083  -32.46110
  -2.693  -0.23049   0.00739  -0.04073  -31.20020
  -2.608  -0.22125   0.00739  -0.04066  -29.93546
  -2.523  -0.21197   0.00739  -0.04060  -28.66874
  -2.437  -0.20266   0.00740  -0.04055  -27.40115
  -2.352  -0.19332   0.00740  -0.04051  -26.13326
  -2.266  -0.18395   0.00740  -0.04048  -24.86530
  -2.181  -0.17457   0.00740  -0.04045  -23.59727
  -2.095  -0.16516   0.00740  -0.04043  -22.32904
  -2.010  -0.15573   0.00739  -0.04041  -21.06029
  -1.925  -0.14629   0.00739  -0.04040  -19.79062
  -1.839  -0.13682   0.00739  -0.04038  -18.51959
  -1.754  -0.12734   0.00738  -0.04037  -17.24670
  -1.668  -0.11783   0.00738  -0.04036  -15.97152
  -1.583  -0.10832   0.00737  -0.04034  -14.69363
  -1.497  -0.09878   0.00736  -0.04033  -13.41266
  -1.412  -0.08923   0.00736  -0.04032  -12.12828
  -1.327  -0.07967   0.00735  -0.04031  -10.84021
  -1.241  -0.07009   0.00734  -0.04030  -9.54817
  -1.156  -0.06050   0.00733  -0.04029  -8.25193
  -1.070  -0.05090   0.00732  -0.04028  -6.95127
  -0.985  -0.04129   0.00731  -0.04027  -5.64599
  -0.899  -0.03166   0.00730  -0.04026  -4.33592
  -0.814  -0.02203   0.00729  -0.04025  -3.02093
  -0.729  -0.01238   0.00728  -0.04024  -1.70092
  -0.643  -0.00273   0.00727  -0.04023  -0.37580
  -0.558   0.00693   0.00726  -0.04022   0.95447
  -0.472   0.01659   0.00724  -0.04022   2.28989
  -0.387   0.02626   0.00723  -0.04021   3.63044
  -0.302   0.03593   0.00722  -0.04020   4.97596
  -0.216   0.04560   0.00721  -0.04020   6.32621
  -0.131   0.05526   0.00720  -0.04019   7.68078
  -0.045   0.06493   0.00718  -0.04018   9.03914
   0.040   0.07458   0.00717  -0.04017  10.40073
   0.126   0.08422   0.00716  -0.04017  11.76497
   0.211   0.09385   0.00715  -0.04016  13.13142
   0.296   0.10346   0.00714  -0.04015  14.49978
   0.382   0.11304   0.00712  -0.04014  15.87001
   0.467   0.12261   0.00711  -0.04013  17.24239
   0.553   0.13217   0.00710  -0.04012  18.61756
   0.638   0.14172   0.00709  -0.04011  19.99653
   0.724   0.15126   0.00707  -0.04010  21.38049
   0.809   0.16082   0.00706  -0.04010  22.77066
   0.894   0.17038   0.00705  -0.04011  24.16799
   0.980   0.17997   0.00704  -0.04012  25.57313
   1.065   0.18958   0.00702  -0.04015  26.98655
   1.151   0.19921   0.00701  -0.04018  28.40922
   1.236   0.20886   0.00700  -0.04022  29.84397
   1.322   0.21852   0.00698  -0.04028  31.29784
   1.407   0.22817   0.00696  -0.04033  32.78620
   1.492   0.23775   0.00692  -0.04038  34.33915
   1.578   0.24721   0.00686  -0.04041  36.01006
   1.663   0.25647   0.00677  -0.04038  37.87678
   1.749   0.26548   0.00664  -0.04027  40.00764
   1.834   0.27419   0.00647  -0.04009  42.38041
   1.920   0.28258   0.00630  -0.03984  44.84810
   2.005   0.29071   0.00615  -0.03955  47.23713
   2.090   0.29875   0.00604  -0.03926  49.45411
   2.176   0.30694   0.00596  -0.03899  51.48632
   2.261   0.31543   0.00591  -0.03877  53.35572
   2.347   0.32427   0.00589  -0.03861  55.09134
   2.432   0.33340   0.00588  -0.03849  56.72107
   2.518   0.34274   0.00588  -0.03840  58.26920
   2.603   0.35217   0.00589  -0.03832  59.75495
   2.688   0.36163   0.00591  -0.03824  61.19188
   2.774   0.37105   0.00593  -0.03815  62.58877
   2.859   0.38043   0.00595  -0.03805  63.95122
   2.945   0.38975   0.00597  -0.03794  65.28339
   3.030   0.39902   0.00599  -0.03780  66.58920
   3.116   0.40824   0.00601  -0.03765  67.87291
   3.201   0.41743   0.00604  -0.03749  69.13904
   3.286   0.42658   0.00606  -0.03730  70.39129
   3.372   0.43570   0.00608  -0.03710  71.63034
   3.457   0.44479   0.00611  -0.03689  72.84973
   3.543   0.45383   0.00613  -0.03666  74.02876
   3.628   0.46278   0.00616  -0.03641  75.12160
   3.714   0.47158   0.00620  -0.03614  76.04339
   3.799   0.48015   0.00626  -0.03586  76.65919
   3.884   0.48835   0.00636  -0.03554  76.79009
   3.970   0.49604   0.00651  -0.03517  76.25276
   4.055   0.50311   0.00671  -0.03476  74.93530
   4.141   0.50955   0.00699  -0.03429  72.89155
   4.226   0.51554   0.00732  -0.03377  70.40473
   4.312   0.52143   0.00768  -0.03323  67.93646
   4.397   0.52766   0.00800  -0.03271  65.93885
   4.482   0.53447   0.00827  -0.03223  64.64919
   4.568   0.54191   0.00846  -0.03182  64.03388
   4.653   0.54989   0.00860  -0.03147  63.91069
   4.739   0.55833   0.00871  -0.03121  64.09653
   4.824   0.56718   0.00880  -0.03101  64.46701
   4.910   0.57640   0.00887  -0.03090  64.94979
   4.995   0.58599   0.00895  -0.03087  65.50428
   5.080   0.59596   0.00902  -0.03092  66.10743
   5.166   0.60632   0.00908  -0.03107  66.74551
   5.251   0.61707   0.00915  -0.03132  67.40919
   5.337   0.62821   0.00923  -0.03165  68.09063
   5.422   0.63970   0.00930  -0.03207  68.78194
   5.508   0.65147   0.00938  -0.03255  69.47470
   5.593   0.66344   0.00946  -0.03308  70.16001
   5.678   0.67551   0.00954  -0.03365  70.82896
   5.764   0.68757   0.00962  -0.03421  71.47322
   5.849   0.69951   0.00970  -0.03476  72.08567
   5.935   0.71124   0.00979  -0.03527  72.66082
   6.020   0.72270   0.00987  -0.03573  73.19503
   6.106   0.73382   0.00996  -0.03611  73.68654
   6.191   0.74457   0.01004  -0.03643  74.13526
   6.276   0.75495   0.01013  -0.03667  74.54250
   6.362   0.76495   0.01021  -0.03682  74.91058
   6.447   0.77461   0.01029  -0.03691  75.24256
   6.533   0.78394   0.01038  -0.03693  75.54186
   6.618   0.79298   0.01046  -0.03688  75.81206
   6.704   0.80177   0.01054  -0.03678  76.05672
   6.789   0.81036   0.01062  -0.03664  76.27920
   6.874   0.81877   0.01071  -0.03646  76.48262
   6.960   0.82706   0.01079  -0.03625  76.66976
   7.045   0.83524   0.01087  -0.03601  76.84305
   7.131   0.84335   0.01095  -0.03576  77.00455
   7.216   0.85142   0.01103  -0.03551  77.15597
   7.302   0.85946   0.01112  -0.03524  77.29867
   7.387   0.86750   0.01120  -0.03498  77.43374
   7.472   0.87555   0.01129  -0.03472  77.56194
   7.558   0.88362   0.01137  -0.03446  77.68384
   7.643   0.89171   0.01146  -0.03421  77.79979
   7.729   0.89984   0.01155  -0.03397  77.90997
   7.814   0.90801   0.01164  -0.03373  78.01443
   7.899   0.91621   0.01173  -0.03350  78.11310
   7.985   0.92445   0.01182  -0.03327  78.20583
   8.070   0.93273   0.01191  -0.03306  78.29234
   8.156   0.94104   0.01201  -0.03284  78.37228
   8.241   0.94937   0.01210  -0.03263  78.44520
   8.327   0.95772   0.01220  -0.03243  78.51056
   8.412   0.96609   0.01230  -0.03223  78.56777
   8.497   0.97446   0.01240  -0.03204  78.61625
   8.583   0.98283   0.01250  -0.03184  78.65548
   8.668   0.99119   0.01260  -0.03165  78.68509
   8.754   0.99954   0.01270  -0.03146  78.70489
   8.839   1.00786   0.01280  -0.03127  78.71493
   8.925   1.01618   0.01291  -0.03108  78.71541
   9.010   1.02447   0.01302  -0.03089  78.70666
   9.095   1.03275   0.01312  -0.03070  78.68904
   9.181   1.04101   0.01323  -0.03051  78.66288
   9.266   1.04926   0.01334  -0.03031  78.62847
   9.352   1.05750   0.01346  -0.03012  78.58601
   9.437   1.06571   0.01357  -0.02992  78.53561
   9.523   1.07392   0.01368  -0.02972  78.47733
   9.608   1.08210   0.01380  -0.02951  78.41117
   9.693   1.09027   0.01392  -0.02930  78.33712
   9.779   1.09841   0.01404  -0.02909  78.25513
   9.864   1.10654   0.01416  -0.02888  78.16516
   9.950   1.11464   0.01428  -0.02866  78.06717
  10.035   1.12271   0.01440  -0.02844  77.96113
  10.121   1.13075   0.01453  -0.02821  77.84701
  10.206   1.13877   0.01465  -0.02798  77.72481
  10.291   1.14675   0.01478  -0.02775  77.59453
  10.377   1.15470   0.01491  -0.02751  77.45617
  10.462   1.16262   0.01504  -0.02727  77.30976
  10.548   1.17049   0.01517  -0.02702  77.15529
  10.633   1.17833   0.01530  -0.02677  76.99280
  10.719   1.18613   0.01544  -0.02652  76.82230
  10.804   1.19389   0.01558  -0.02626  76.64379
  10.889   1.20160   0.01572  -0.02599  76.45728
  10.975   1.20926   0.01586  -0.02572  76.26277
  11.060   1.21688   0.01600  -0.02544  76.06023
  11.146   1.22444   0.01614  -0.02516  75.84963
  11.231   1.23194   0.01629  -0.02487  75.63092
  11.317   1.23939   0.01644  -0.02457  75.40405
  11.402   1.24677   0.01659  -0.02427  75.16891
  11.487   1.25408   0.01674  -0.02396  74.92542
  11.573   1.26133   0.01689  -0.02364  74.67343
  11.658   1.26850   0.01705  -0.02331  74.41277
  11.744   1.27559   0.01720  -0.02297  74.14326
  11.829   1.28259   0.01736  -0.02262  73.86467
  11.915   1.28951   0.01753  -0.02226  73.57673
  12.000   1.29632   0.01769  -0.02189  73.27914
