--------------------------------------------------------------
  XFOIL-like Polar Output (Generated by NeuralFoil)
--------------------------------------------------------------
  alpha     CL        CD       Cm        CL/CD
--------------------------------------------------------------
  -5.000   0.06711   0.00736  -0.06336   9.11969
  -4.915   0.07699   0.00734  -0.06342  10.48350
  -4.829   0.08687   0.00733  -0.06348  11.85710
  -4.744   0.09676   0.00731  -0.06354  13.24113
  -4.658   0.10663   0.00729  -0.06359  14.63416
  -4.573   0.11646   0.00726  -0.06365  16.02995
  -4.487   0.12619   0.00725  -0.06370  17.41229
  -4.402   0.13575   0.00724  -0.06375  18.74650
  -4.317   0.14500   0.00726  -0.06379  19.96774
  -4.231   0.15385   0.00734  -0.06380  20.97136
  -4.146   0.16231   0.00750  -0.06375  21.63009
  -4.060   0.17048   0.00779  -0.06359  21.88849
  -3.975   0.17856   0.00816  -0.06336  21.87941
  -3.889   0.18666   0.00854  -0.06312  21.85098
  -3.804   0.19486   0.00887  -0.06292  21.97319
  -3.719   0.20319   0.00912  -0.06278  22.28563
  -3.633   0.21169   0.00930  -0.06267  22.76715
  -3.548   0.22041   0.00942  -0.06257  23.38688
  -3.462   0.22933   0.00951  -0.06248  24.10982
  -3.377   0.23842   0.00958  -0.06238  24.89667
  -3.291   0.24762   0.00963  -0.06228  25.71010
  -3.206   0.25684   0.00969  -0.06217  26.51860
  -3.121   0.26603   0.00974  -0.06206  27.29970
  -3.035   0.27512   0.00981  -0.06195  28.04384
  -2.950   0.28415   0.00988  -0.06184  28.75283
  -2.864   0.29313   0.00996  -0.06174  29.43488
  -2.779   0.30210   0.01004  -0.06163  30.10040
  -2.693   0.31109   0.01011  -0.06153  30.75860
  -2.608   0.32010   0.01019  -0.06144  31.41521
  -2.523   0.32912   0.01026  -0.06135  32.07244
  -2.437   0.33816   0.01033  -0.06126  32.73041
  -2.352   0.34721   0.01040  -0.06118  33.38814
  -2.266   0.35624   0.01046  -0.06110  34.04391
  -2.181   0.36526   0.01053  -0.06102  34.69569
  -2.095   0.37424   0.01059  -0.06094  35.34162
  -2.010   0.38319   0.01065  -0.06085  35.98052
  -1.925   0.39210   0.01071  -0.06077  36.61185
  -1.839   0.40098   0.01077  -0.06068  37.23558
  -1.754   0.40983   0.01083  -0.06058  37.85192
  -1.668   0.41866   0.01089  -0.06049  38.46116
  -1.583   0.42748   0.01094  -0.06039  39.06358
  -1.497   0.43628   0.01100  -0.06029  39.65942
  -1.412   0.44508   0.01106  -0.06019  40.24886
  -1.327   0.45387   0.01112  -0.06009  40.83207
  -1.241   0.46266   0.01117  -0.05999  41.40914
  -1.156   0.47146   0.01123  -0.05989  41.98016
  -1.070   0.48025   0.01129  -0.05978  42.54518
  -0.985   0.48905   0.01135  -0.05967  43.10423
  -0.899   0.49785   0.01140  -0.05956  43.65731
  -0.814   0.50665   0.01146  -0.05945  44.20439
  -0.729   0.51546   0.01152  -0.05934  44.74542
  -0.643   0.52427   0.01158  -0.05923  45.28033
  -0.558   0.53308   0.01164  -0.05911  45.80899
  -0.472   0.54189   0.01170  -0.05899  46.33129
  -0.387   0.55071   0.01176  -0.05887  46.84707
  -0.302   0.55953   0.01182  -0.05875  47.35617
  -0.216   0.56835   0.01188  -0.05863  47.85842
  -0.131   0.57716   0.01194  -0.05850  48.35363
  -0.045   0.58598   0.01200  -0.05837  48.84163
   0.040   0.59480   0.01206  -0.05824  49.32223
   0.126   0.60361   0.01212  -0.05811  49.79526
   0.211   0.61242   0.01218  -0.05797  50.26056
   0.296   0.62122   0.01225  -0.05783  50.71797
   0.382   0.63003   0.01231  -0.05769  51.16734
   0.467   0.63882   0.01238  -0.05755  51.60855
   0.553   0.64761   0.01244  -0.05740  52.04148
   0.638   0.65639   0.01251  -0.05725  52.46600
   0.724   0.66517   0.01258  -0.05710  52.88203
   0.809   0.67394   0.01265  -0.05695  53.28946
   0.894   0.68270   0.01272  -0.05679  53.68821
   0.980   0.69145   0.01279  -0.05664  54.07819
   1.065   0.70019   0.01286  -0.05648  54.45934
   1.151   0.70891   0.01293  -0.05632  54.83158
   1.236   0.71763   0.01300  -0.05615  55.19486
   1.322   0.72633   0.01308  -0.05598  55.54913
   1.407   0.73501   0.01315  -0.05582  55.89436
   1.492   0.74368   0.01323  -0.05565  56.23055
   1.578   0.75234   0.01330  -0.05547  56.55771
   1.663   0.76097   0.01338  -0.05530  56.87589
   1.749   0.76959   0.01346  -0.05512  57.18515
   1.834   0.77818   0.01354  -0.05494  57.48561
   1.920   0.78676   0.01362  -0.05476  57.77741
   2.005   0.79531   0.01370  -0.05458  58.06073
   2.090   0.80385   0.01378  -0.05440  58.33579
   2.176   0.81236   0.01386  -0.05421  58.60281
   2.261   0.82085   0.01395  -0.05402  58.86207
   2.347   0.82932   0.01403  -0.05384  59.11383
   2.432   0.83777   0.01411  -0.05364  59.35837
   2.518   0.84620   0.01420  -0.05345  59.59591
   2.603   0.85461   0.01428  -0.05325  59.82669
   2.688   0.86299   0.01437  -0.05306  60.05085
   2.774   0.87136   0.01446  -0.05285  60.26850
   2.859   0.87972   0.01455  -0.05265  60.47966
   2.945   0.88805   0.01463  -0.05244  60.68428
   3.030   0.89636   0.01472  -0.05223  60.88221
   3.116   0.90464   0.01481  -0.05202  61.07324
   3.201   0.91291   0.01490  -0.05180  61.25707
   3.286   0.92114   0.01499  -0.05158  61.43338
   3.372   0.92934   0.01509  -0.05135  61.60183
   3.457   0.93750   0.01518  -0.05112  61.76218
   3.543   0.94561   0.01527  -0.05089  61.91425
   3.628   0.95369   0.01537  -0.05065  62.05807
   3.714   0.96172   0.01546  -0.05041  62.19380
   3.799   0.96971   0.01556  -0.05017  62.32173
   3.884   0.97766   0.01566  -0.04992  62.44224
   3.970   0.98557   0.01576  -0.04967  62.55575
   4.055   0.99346   0.01585  -0.04942  62.66262
   4.141   1.00131   0.01595  -0.04916  62.76316
   4.226   1.00914   0.01605  -0.04889  62.85764
   4.312   1.01696   0.01616  -0.04863  62.94621
   4.397   1.02474   0.01626  -0.04835  63.02901
   4.482   1.03251   0.01636  -0.04808  63.10611
   4.568   1.04026   0.01647  -0.04780  63.17756
   4.653   1.04798   0.01657  -0.04751  63.24339
   4.739   1.05569   0.01668  -0.04722  63.30360
   4.824   1.06337   0.01678  -0.04693  63.35820
   4.910   1.07103   0.01689  -0.04662  63.40721
   4.995   1.07867   0.01700  -0.04632  63.45061
   5.080   1.08628   0.01711  -0.04601  63.48842
   5.166   1.09387   0.01722  -0.04569  63.52064
   5.251   1.10143   0.01733  -0.04537  63.54728
   5.337   1.10896   0.01745  -0.04504  63.56835
   5.422   1.11647   0.01756  -0.04471  63.58385
   5.508   1.12395   0.01767  -0.04437  63.59380
   5.593   1.13141   0.01779  -0.04403  63.59822
   5.678   1.13883   0.01791  -0.04368  63.59713
   5.764   1.14623   0.01803  -0.04333  63.59055
   5.849   1.15359   0.01814  -0.04297  63.57851
   5.935   1.16093   0.01826  -0.04260  63.56103
   6.020   1.16824   0.01839  -0.04223  63.53817
   6.106   1.17551   0.01851  -0.04186  63.50996
   6.191   1.18276   0.01863  -0.04148  63.47646
   6.276   1.18998   0.01876  -0.04109  63.43772
   6.362   1.19716   0.01888  -0.04070  63.39384
   6.447   1.20432   0.01901  -0.04031  63.34487
   6.533   1.21145   0.01914  -0.03991  63.29092
   6.618   1.21855   0.01927  -0.03951  63.23209
   6.704   1.22563   0.01940  -0.03910  63.16849
   6.789   1.23268   0.01954  -0.03869  63.10024
   6.874   1.23971   0.01967  -0.03828  63.02746
   6.960   1.24671   0.01980  -0.03787  62.95029
   7.045   1.25370   0.01994  -0.03745  62.86885
   7.131   1.26067   0.02008  -0.03704  62.78328
   7.216   1.26763   0.02022  -0.03662  62.69369
   7.302   1.27458   0.02036  -0.03620  62.60021
   7.387   1.28152   0.02050  -0.03579  62.50292
   7.472   1.28845   0.02065  -0.03537  62.40194
   7.558   1.29538   0.02079  -0.03496  62.29731
   7.643   1.30231   0.02094  -0.03455  62.18909
   7.729   1.30924   0.02109  -0.03415  62.07731
   7.814   1.31617   0.02124  -0.03374  61.96197
   7.899   1.32311   0.02139  -0.03335  61.84304
   7.985   1.33006   0.02155  -0.03295  61.72047
   8.070   1.33703   0.02171  -0.03257  61.59418
   8.156   1.34400   0.02187  -0.03218  61.46407
   8.241   1.35099   0.02203  -0.03181  61.32999
   8.327   1.35799   0.02219  -0.03144  61.19179
   8.412   1.36501   0.02236  -0.03108  61.04928
   8.497   1.37203   0.02253  -0.03073  60.90223
   8.583   1.37907   0.02270  -0.03038  60.75041
   8.668   1.38612   0.02288  -0.03004  60.59356
   8.754   1.39317   0.02305  -0.02970  60.43139
   8.839   1.40023   0.02324  -0.02937  60.26362
   8.925   1.40729   0.02342  -0.02905  60.08993
   9.010   1.41435   0.02361  -0.02873  59.91000
   9.095   1.42139   0.02380  -0.02842  59.72350
   9.181   1.42842   0.02399  -0.02811  59.53011
   9.266   1.43544   0.02419  -0.02780  59.32951
   9.352   1.44243   0.02440  -0.02750  59.12137
   9.437   1.44938   0.02461  -0.02720  58.90540
   9.523   1.45631   0.02482  -0.02690  58.68129
   9.608   1.46319   0.02503  -0.02660  58.44878
   9.693   1.47002   0.02525  -0.02630  58.20762
   9.779   1.47680   0.02548  -0.02599  57.95760
   9.864   1.48352   0.02571  -0.02569  57.69854
   9.950   1.49017   0.02595  -0.02538  57.43030
  10.035   1.49676   0.02619  -0.02507  57.15275
  10.121   1.50326   0.02644  -0.02476  56.86581
  10.206   1.50969   0.02669  -0.02444  56.56942
  10.291   1.51602   0.02695  -0.02411  56.26357
  10.377   1.52227   0.02721  -0.02378  55.94824
  10.462   1.52842   0.02748  -0.02344  55.62345
  10.548   1.53446   0.02775  -0.02309  55.28927
  10.633   1.54041   0.02804  -0.02273  54.94577
  10.719   1.54625   0.02832  -0.02236  54.59308
  10.804   1.55198   0.02862  -0.02199  54.23136
  10.889   1.55760   0.02892  -0.02160  53.86082
  10.975   1.56311   0.02923  -0.02120  53.48173
  11.060   1.56851   0.02954  -0.02080  53.09439
  11.146   1.57381   0.02986  -0.02038  52.69917
  11.231   1.57899   0.03019  -0.01996  52.29649
  11.317   1.58406   0.03053  -0.01952  51.88680
  11.402   1.58902   0.03087  -0.01908  51.47060
  11.487   1.59388   0.03122  -0.01863  51.04844
  11.573   1.59863   0.03158  -0.01816  50.62088
  11.658   1.60327   0.03194  -0.01769  50.18852
  11.744   1.60781   0.03232  -0.01720  49.75197
  11.829   1.61225   0.03269  -0.01671  49.31183
  11.915   1.61658   0.03308  -0.01621  48.86870
  12.000   1.62081   0.03347  -0.01570  48.42318
