  
       XFOIL         Version 6.99
  
 Calculated polar for: Repaneled_Airfoil                               
  
 1 1 Reynolds number fixed          Mach number fixed         
  
 xtrf =   1.000 (top)        1.000 (bottom)  
 Mach =   0.000     Re =     1.000 e 6     Ncrit =   9.000  9.000
  
   alpha    CL        CD       CDp       CM     Top_Xtr  Bot_Xtr  Top_Itr  Bot_Itr
  ------ -------- --------- --------- -------- -------- -------- -------- --------
  -5.000  -0.3677   0.00944   0.00190  -0.0554   0.8695   0.0384  36.3419 169.9316
  -4.915  -0.3588   0.00939   0.00185  -0.0552   0.8615   0.0392  37.4640 170.1306
  -4.829  -0.3498   0.00934   0.00180  -0.0550   0.8540   0.0402  38.4944 170.3520
  -4.744  -0.3408   0.00930   0.00176  -0.0549   0.8469   0.0411  39.4429 170.5844
  -4.658  -0.3317   0.00927   0.00172  -0.0548   0.8403   0.0421  40.3123 170.8178
  -4.573  -0.3226   0.00923   0.00168  -0.0547   0.8342   0.0430  41.1056 171.0419
  -4.487  -0.3135   0.00918   0.00164  -0.0546   0.8283   0.0443  41.8616 171.3389
  -4.402  -0.3043   0.00914   0.00161  -0.0545   0.8227   0.0458  42.5685 171.6866
  -4.317  -0.2950   0.00912   0.00158  -0.0544   0.8175   0.0473  43.2112 172.0313
  -4.231  -0.2858   0.00907   0.00155  -0.0544   0.8124   0.0491  43.8329 172.4168
  -4.146  -0.2765   0.00904   0.00153  -0.0543   0.8077   0.0509  44.4125 172.8244
  -4.060  -0.2672   0.00900   0.00150  -0.0542   0.8032   0.0527  44.9510 173.1972
  -3.975  -0.2579   0.00896   0.00148  -0.0542   0.7989   0.0546  45.4740 173.5938
  -3.889  -0.2485   0.00894   0.00146  -0.0542   0.7949   0.0563  45.9451 173.9693
  -3.804  -0.2391   0.00889   0.00143  -0.0541   0.7909   0.0581  46.4206 174.3357
  -3.719  -0.2297   0.00886   0.00141  -0.0541   0.7870   0.0599  46.8693 174.6971
  -3.548  -0.2109   0.00878   0.00136  -0.0540   0.7794   0.0629  47.7518 175.2913
  -3.462  -0.2015   0.00874   0.00133  -0.0539   0.7759   0.0643  48.1610 175.5693
  -3.377  -0.1920   0.00871   0.00130  -0.0539   0.7721   0.0658  48.5908 175.8516
  -3.206  -0.1731   0.00862   0.00125  -0.0538   0.7652   0.0687  49.3695 176.4059
  -3.121  -0.1636   0.00859   0.00122  -0.0538   0.7619   0.0703  49.7485 176.7113
  -2.950  -0.1446   0.00851   0.00117  -0.0538   0.7554   0.0736  50.4768 177.3081
  -2.864  -0.1351   0.00848   0.00115  -0.0537   0.7521   0.0754  50.8367 177.6311
  -2.779  -0.1255   0.00846   0.00113  -0.0537   0.7490   0.0771  51.1865 177.9483
  -2.693  -0.1160   0.00841   0.00111  -0.0537   0.7455   0.0789  51.5644 178.2565
  -2.608  -0.1065   0.00839   0.00109  -0.0537   0.7423   0.0807  51.9156 178.5865
  -2.523  -0.0968   0.00836   0.00107  -0.0536   0.7390   0.0826  52.2783 178.9147
  -2.437  -0.0873   0.00832   0.00105  -0.0536   0.7355   0.0844  52.6543 179.2273
  -2.266  -0.0682   0.00827   0.00102  -0.0536   0.7288   0.0885  53.3827 179.9133
  -2.181  -0.0586   0.00824   0.00100  -0.0536   0.7252   0.0904  53.7638 180.2337
  -2.095  -0.0491   0.00821   0.00098  -0.0535   0.7219   0.0924  54.1219 180.5698
  -2.010  -0.0394   0.00819   0.00097  -0.0535   0.7181   0.0944  54.5199 180.9016
  -1.925  -0.0299   0.00816   0.00095  -0.0535   0.7146   0.0963  54.8976 181.1994
  -1.839  -0.0203   0.00813   0.00093  -0.0535   0.7109   0.0983  55.2846 181.5237
  -1.754  -0.0107   0.00811   0.00091  -0.0535   0.7070   0.1004  55.6981 181.8627
  -1.668  -0.0012   0.00809   0.00090  -0.0534   0.7033   0.1024  56.0916 182.1764
  -1.583   0.0085   0.00806   0.00089  -0.0534   0.6990   0.1046  56.5401 182.5121
  -1.412   0.0276   0.00803   0.00085  -0.0534   0.6904   0.1089  57.4301 183.1802
  -1.327   0.0371   0.00801   0.00084  -0.0533   0.6859   0.1111  57.8893 183.5203
  -1.241   0.0468   0.00800   0.00083  -0.0533   0.6814   0.1134  58.3605 183.8676
  -1.156   0.0563   0.00798   0.00081  -0.0533   0.6766   0.1155  58.8487 184.1849
  -1.070   0.0658   0.00796   0.00080  -0.0533   0.6718   0.1178  59.3338 184.5262
  -0.985   0.0754   0.00796   0.00079  -0.0533   0.6668   0.1202  59.8433 184.8814
  -0.899   0.0850   0.00794   0.00078  -0.0532   0.6619   0.1225  60.3380 185.2052
  -0.814   0.0945   0.00793   0.00077  -0.0532   0.6569   0.1248  60.8469 185.5481
  -0.729   0.1041   0.00793   0.00075  -0.0532   0.6519   0.1273  61.3470 185.8999
  -0.643   0.1136   0.00792   0.00074  -0.0531   0.6467   0.1295  61.8694 186.2217
  -0.558   0.1231   0.00790   0.00074  -0.0531   0.6414   0.1320  62.3957 186.5734
  -0.472   0.1327   0.00791   0.00072  -0.0531   0.6360   0.1346  62.9392 186.9276
  -0.387   0.1422   0.00790   0.00071  -0.0530   0.6303   0.1369  63.4982 187.2572
  -0.301   0.1517   0.00790   0.00071  -0.0530   0.6249   0.1395  64.0391 187.6101
  -0.216   0.1613   0.00790   0.00070  -0.0530   0.6190   0.1420  64.6193 187.9554
  -0.131   0.1707   0.00789   0.00069  -0.0529   0.6134   0.1444  65.1716 188.2828
  -0.045   0.1802   0.00789   0.00068  -0.0529   0.6073   0.1471  65.7701 188.6485
   0.126   0.1992   0.00790   0.00067  -0.0528   0.5954   0.1525  66.9303 189.3673
   0.211   0.2087   0.00790   0.00066  -0.0528   0.5892   0.1556  67.5282 189.7758
   0.296   0.2182   0.00791   0.00065  -0.0528   0.5832   0.1586  68.1138 190.1672
   0.382   0.2276   0.00791   0.00065  -0.0527   0.5768   0.1619  68.7331 190.5946
   0.553   0.2465   0.00792   0.00064  -0.0526   0.5646   0.1684  69.9136 191.4372
   0.638   0.2561   0.00793   0.00063  -0.0526   0.5584   0.1719  70.5104 191.8850
   0.724   0.2655   0.00793   0.00063  -0.0526   0.5523   0.1754  71.1015 192.3134
   0.809   0.2749   0.00794   0.00063  -0.0525   0.5458   0.1793  71.7273 192.8014
   0.894   0.2844   0.00794   0.00062  -0.0525   0.5395   0.1833  72.3234 193.3001
   0.980   0.2938   0.00796   0.00062  -0.0524   0.5332   0.1880  72.9346 193.8745
   1.065   0.3032   0.00795   0.00061  -0.0524   0.5267   0.1932  73.5532 194.5072
   1.151   0.3126   0.00796   0.00061  -0.0523   0.5204   0.1992  74.1607 195.2307
   1.236   0.3219   0.00795   0.00060  -0.0523   0.5137   0.2068  74.7990 196.1375
   1.322   0.3312   0.00792   0.00059  -0.0522   0.5074   0.2185  75.4052 197.4997
   1.407   0.3400   0.00784   0.00058  -0.0522   0.5011   0.2476  76.0063 200.7786
   1.492   0.3468   0.00733   0.00057  -0.0519   0.4951   0.4244  76.5815 218.7979
   1.578   0.3550   0.00715   0.00057  -0.0518   0.4889   0.4935  77.1705 225.4172
   1.663   0.3634   0.00701   0.00058  -0.0516   0.4824   0.5518  77.7920 230.9876
   1.749   0.3717   0.00687   0.00058  -0.0514   0.4763   0.6069  78.3778 236.3221
   1.834   0.3797   0.00673   0.00059  -0.0511   0.4701   0.6635  78.9678 241.9383
   1.920   0.3869   0.00651   0.00061  -0.0507   0.4641   0.7376  79.5481 249.6752
   2.005   0.3937   0.00636   0.00065  -0.0500   0.4582   0.8083  80.1063 257.7500
   2.091   0.4015   0.00632   0.00069  -0.0495   0.4520   0.8438  80.7038 262.2297
   2.176   0.4095   0.00632   0.00072  -0.0491   0.4462   0.8669  81.2651 265.3611
   2.261   0.4177   0.00633   0.00075  -0.0487   0.4401   0.8848  81.8486 267.9501
   2.347   0.4259   0.00635   0.00078  -0.0483   0.4343   0.8991  82.4097 270.1560
   2.518   0.4425   0.00642   0.00082  -0.0475   0.4224   0.9212  83.5619 273.8434
   2.603   0.4508   0.00646   0.00085  -0.0472   0.4167   0.9296  84.1066 275.3855
   2.688   0.4594   0.00650   0.00087  -0.0469   0.4110   0.9372  84.6683 276.8264
   2.774   0.4680   0.00655   0.00089  -0.0466   0.4056   0.9438  85.1877 278.1644
   2.859   0.4768   0.00660   0.00091  -0.0464   0.4000   0.9496  85.7383 279.4063
   2.945   0.4858   0.00665   0.00092  -0.0462   0.3949   0.9551  86.2363 280.6231
   3.030   0.4949   0.00670   0.00094  -0.0460   0.3897   0.9604  86.7443 281.8813
   3.116   0.5045   0.00675   0.00096  -0.0459   0.3850   0.9655  87.2005 283.1875
   3.201   0.5146   0.00680   0.00098  -0.0460   0.3803   0.9703  87.6712 284.4687
   3.286   0.5250   0.00686   0.00101  -0.0461   0.3760   0.9745  88.0901 285.6954
   3.372   0.5359   0.00691   0.00103  -0.0464   0.3716   0.9780  88.5273 286.8049
   3.457   0.5471   0.00697   0.00105  -0.0467   0.3674   0.9810  88.9422 287.8142
   3.543   0.5588   0.00702   0.00107  -0.0471   0.3635   0.9835  89.3319 288.7275
   3.628   0.5708   0.00708   0.00109  -0.0476   0.3595   0.9857  89.7255 289.5713
   3.714   0.5832   0.00715   0.00112  -0.0482   0.3560   0.9876  90.0789 290.3872
   3.799   0.5960   0.00720   0.00114  -0.0489   0.3524   0.9893  90.4360 291.1119
   3.884   0.6091   0.00726   0.00117  -0.0497   0.3490   0.9903  90.7792 291.6114
   3.970   0.6220   0.00732   0.00119  -0.0504   0.3460   0.9915  91.0802 292.1849
   4.055   0.6353   0.00737   0.00121  -0.0512   0.3429   0.9925  91.3891 292.7423
   4.141   0.6485   0.00742   0.00123  -0.0520   0.3399   0.9935  91.6896 293.3378
   4.226   0.6615   0.00749   0.00126  -0.0527   0.3373   0.9946  91.9572 294.0083
   4.312   0.6749   0.00753   0.00128  -0.0536   0.3349   0.9954  92.2018 294.5628
   4.397   0.6880   0.00758   0.00130  -0.0543   0.3325   0.9963  92.4437 295.2268
   4.482   0.7010   0.00763   0.00132  -0.0551   0.3302   0.9971  92.6730 295.9146
   4.568   0.7141   0.00769   0.00134  -0.0559   0.3281   0.9979  92.8856 296.6451
   4.653   0.7271   0.00774   0.00137  -0.0566   0.3262   0.9986  93.0803 297.4700
   4.739   0.7403   0.00778   0.00138  -0.0574   0.3243   0.9993  93.2781 298.4955
   4.824   0.7535   0.00782   0.00140  -0.0582   0.3223   0.9999  93.4811 300.6249
   4.910   0.7618   0.00786   0.00141  -0.0579   0.3206   1.0000  93.6491 301.0000
   4.995   0.7697   0.00791   0.00142  -0.0576   0.3191   1.0000  93.8064 301.0000
   5.080   0.7774   0.00796   0.00144  -0.0572   0.3177   1.0000  93.9557 301.0000
   5.166   0.7854   0.00799   0.00145  -0.0569   0.3163   1.0000  94.0938 301.0000
   5.251   0.7935   0.00802   0.00146  -0.0566   0.3149   1.0000  94.2355 301.0000
   5.337   0.8015   0.00805   0.00147  -0.0562   0.3135   1.0000  94.3800 301.0000
   5.422   0.8095   0.00809   0.00148  -0.0559   0.3121   1.0000  94.5320 301.0000
   5.508   0.8175   0.00814   0.00150  -0.0556   0.3105   1.0000  94.6915 301.0000
   5.593   0.8253   0.00819   0.00151  -0.0552   0.3089   1.0000  94.8590 301.0000
   5.678   0.8331   0.00824   0.00153  -0.0548   0.3072   1.0000  95.0336 301.0000
   5.764   0.8414   0.00827   0.00154  -0.0545   0.3055   1.0000  95.2120 301.0000
   5.849   0.8496   0.00830   0.00154  -0.0542   0.3036   1.0000  95.4034 301.0000
   5.935   0.8576   0.00835   0.00156  -0.0539   0.3018   1.0000  95.5905 301.0000
   6.020   0.8657   0.00840   0.00157  -0.0536   0.3002   1.0000  95.7624 301.0000
   6.106   0.8735   0.00846   0.00159  -0.0532   0.2986   1.0000  95.9310 301.0000
   6.191   0.8818   0.00850   0.00160  -0.0530   0.2970   1.0000  96.1011 301.0000
   6.276   0.8903   0.00853   0.00161  -0.0527   0.2952   1.0000  96.2901 301.0000
   6.362   0.8986   0.00857   0.00162  -0.0524   0.2931   1.0000  96.5021 301.0000
   6.447   0.9068   0.00862   0.00164  -0.0522   0.2911   1.0000  96.7162 301.0000
   6.533   0.9147   0.00869   0.00165  -0.0518   0.2891   1.0000  96.9286 301.0000
   6.618   0.9232   0.00873   0.00166  -0.0516   0.2872   1.0000  97.1316 301.0000
   6.704   0.9318   0.00876   0.00167  -0.0514   0.2851   1.0000  97.3484 301.0000
   6.789   0.9402   0.00880   0.00168  -0.0511   0.2830   1.0000  97.5681 301.0000
   6.874   0.9485   0.00886   0.00170  -0.0508   0.2810   1.0000  97.7808 301.0000
   6.960   0.9567   0.00893   0.00172  -0.0506   0.2791   1.0000  97.9890 301.0000
   7.045   0.9655   0.00896   0.00172  -0.0504   0.2772   1.0000  98.1899 301.0000
   7.131   0.9742   0.00900   0.00173  -0.0502   0.2752   1.0000  98.4082 301.0000
   7.216   0.9828   0.00904   0.00175  -0.0500   0.2732   1.0000  98.6183 301.0000
   7.301   0.9913   0.00911   0.00176  -0.0498   0.2713   1.0000  98.8191 301.0000
   7.387   0.9997   0.00918   0.00178  -0.0495   0.2694   1.0000  99.0216 301.0000
   7.472   1.0087   0.00920   0.00179  -0.0494   0.2674   1.0000  99.2405 301.0000
   7.558   1.0175   0.00925   0.00181  -0.0492   0.2651   1.0000  99.4888 301.0000
   7.643   1.0262   0.00931   0.00182  -0.0491   0.2628   1.0000  99.7376 301.0000
   7.729   1.0347   0.00938   0.00184  -0.0488   0.2607   1.0000  99.9722 301.0000
   7.814   1.0437   0.00942   0.00185  -0.0487   0.2585   1.0000 100.2032 301.0000
   7.899   1.0526   0.00946   0.00186  -0.0486   0.2562   1.0000 100.4610 301.0000
   7.985   1.0614   0.00952   0.00188  -0.0484   0.2537   1.0000 100.7356 301.0000
   8.070   1.0699   0.00959   0.00190  -0.0482   0.2512   1.0000 101.0084 301.0000
   8.156   1.0789   0.00963   0.00191  -0.0481   0.2486   1.0000 101.2913 301.0000
   8.241   1.0877   0.00969   0.00192  -0.0480   0.2458   1.0000 101.6015 301.0000
   8.327   1.0963   0.00976   0.00194  -0.0478   0.2432   1.0000 101.8978 301.0000
   8.412   1.1052   0.00982   0.00196  -0.0476   0.2406   1.0000 102.1827 301.0000
   8.498   1.1140   0.00988   0.00198  -0.0475   0.2375   1.0000 102.5297 301.0000
   8.583   1.1225   0.00996   0.00200  -0.0473   0.2342   1.0000 102.9034 301.0000
   8.668   1.1314   0.01002   0.00202  -0.0472   0.2307   1.0000 103.2987 301.0000
   8.754   1.1400   0.01010   0.00204  -0.0470   0.2260   1.0000 103.8302 301.0000
   8.839   1.1485   0.01018   0.00206  -0.0468   0.2211   1.0000 104.3983 301.0000
   8.925   1.1567   0.01030   0.00210  -0.0466   0.2153   1.0000 105.0703 301.0000
   9.010   1.1648   0.01042   0.00213  -0.0463   0.2077   1.0000 105.9556 301.0000
   9.095   1.1724   0.01058   0.00218  -0.0460   0.1965   1.0000 107.2964 301.0000
   9.181   1.1791   0.01082   0.00228  -0.0456   0.1823   1.0000 109.0262 301.0000
   9.266   1.1847   0.01116   0.00243  -0.0450   0.1628   1.0000 111.4889 301.0000
   9.352   1.1893   0.01159   0.00265  -0.0443   0.1411   1.0000 114.3767 301.0000
   9.437   1.1936   0.01203   0.00288  -0.0435   0.1202   1.0000 117.3370 301.0000
   9.523   1.1984   0.01244   0.00311  -0.0428   0.1031   1.0000 119.9365 301.0000
   9.608   1.2040   0.01278   0.00330  -0.0423   0.0901   1.0000 122.0341 301.0000
   9.694   1.2102   0.01305   0.00345  -0.0418   0.0808   1.0000 123.6197 301.0000
   9.864   1.2234   0.01354   0.00372  -0.0409   0.0677   1.0000 126.0023 301.0000
  10.035   1.2376   0.01393   0.00393  -0.0402   0.0586   1.0000 127.7926 301.0000
  10.121   1.2447   0.01412   0.00403  -0.0398   0.0552   1.0000 128.5010 301.0000
  10.206   1.2518   0.01431   0.00413  -0.0394   0.0522   1.0000 129.1388 301.0000
  10.291   1.2591   0.01448   0.00422  -0.0391   0.0492   1.0000 129.7825 301.0000
  10.377   1.2663   0.01465   0.00431  -0.0387   0.0467   1.0000 130.3338 301.0000
  10.462   1.2734   0.01483   0.00441  -0.0384   0.0444   1.0000 130.8587 301.0000
  10.548   1.2807   0.01499   0.00450  -0.0380   0.0425   1.0000 131.3055 301.0000
  10.633   1.2878   0.01516   0.00459  -0.0377   0.0407   1.0000 131.7394 301.0000
  10.719   1.2949   0.01534   0.00468  -0.0373   0.0392   1.0000 132.1187 301.0000
  10.804   1.3023   0.01548   0.00476  -0.0370   0.0376   1.0000 132.5041 301.0000
  10.889   1.3093   0.01566   0.00485  -0.0366   0.0361   1.0000 132.8743 301.0000
  10.975   1.3164   0.01581   0.00493  -0.0362   0.0349   1.0000 133.1897 301.0000
  11.060   1.3236   0.01597   0.00501  -0.0359   0.0337   1.0000 133.5052 301.0000
  11.146   1.3305   0.01614   0.00510  -0.0355   0.0326   1.0000 133.8043 301.0000
  11.231   1.3373   0.01632   0.00520  -0.0351   0.0316   1.0000 134.0681 301.0000
  11.317   1.3444   0.01646   0.00528  -0.0348   0.0308   1.0000 134.3069 301.0000
  11.402   1.3513   0.01662   0.00536  -0.0344   0.0299   1.0000 134.5452 301.0000
  11.487   1.3579   0.01680   0.00546  -0.0339   0.0291   1.0000 134.7662 301.0000
  11.573   1.3643   0.01700   0.00556  -0.0335   0.0284   1.0000 134.9732 301.0000
  11.658   1.3712   0.01714   0.00564  -0.0331   0.0278   1.0000 135.1353 301.0000
  11.744   1.3781   0.01729   0.00572  -0.0327   0.0272   1.0000 135.3153 301.0000
  11.829   1.3847   0.01745   0.00580  -0.0323   0.0266   1.0000 135.5013 301.0000
  11.915   1.3911   0.01763   0.00589  -0.0318   0.0260   1.0000 135.6819 301.0000
  12.000   1.3972   0.01782   0.00599  -0.0313   0.0254   1.0000 135.8523 301.0000
