  
       XFOIL         Version 6.99
  
 Calculated polar for: Repaneled_Airfoil                               
  
 1 1 Reynolds number fixed          Mach number fixed         
  
 xtrf =   1.000 (top)        1.000 (bottom)  
 Mach =   0.000     Re =     1.000 e 6     Ncrit =   9.000  9.000
  
   alpha    CL        CD       CDp       CM     Top_Xtr  Bot_Xtr  Top_Itr  Bot_Itr
  ------ -------- --------- --------- -------- -------- -------- -------- --------
  -5.000  -0.0739   0.00896   0.00217  -0.1055   0.9283   0.0702  26.8327 176.5263
  -4.915  -0.0635   0.00887   0.00210  -0.1056   0.9276   0.0720  26.9684 176.8664
  -4.829  -0.0547   0.00880   0.00206  -0.1055   0.9263   0.0736  27.2110 177.1704
  -4.744  -0.0456   0.00873   0.00202  -0.1053   0.9249   0.0755  27.4551 177.4987
  -4.658  -0.0359   0.00865   0.00196  -0.1053   0.9237   0.0774  27.6748 177.8523
  -4.573  -0.0258   0.00855   0.00188  -0.1054   0.9226   0.0793  27.8730 178.1883
  -4.487  -0.0161   0.00847   0.00183  -0.1054   0.9213   0.0813  28.0963 178.5386
  -4.402  -0.0073   0.00842   0.00179  -0.1052   0.9196   0.0833  28.4003 178.8847
  -4.317   0.0023   0.00833   0.00173  -0.1051   0.9180   0.0852  28.6770 179.2198
  -4.231   0.0123   0.00824   0.00166  -0.1052   0.9166   0.0875  28.9327 179.5982
  -4.146   0.0212   0.00819   0.00162  -0.1050   0.9144   0.0896  29.2941 179.9619
  -4.060   0.0303   0.00810   0.00156  -0.1049   0.9121   0.0918  29.6826 180.3225
  -3.975   0.0402   0.00802   0.00149  -0.1049   0.9100   0.0942  30.0401 180.7203
  -3.889   0.0487   0.00797   0.00146  -0.1046   0.9069   0.0963  30.5470 181.0636
  -3.804   0.0585   0.00788   0.00139  -0.1046   0.9041   0.0986  31.0051 181.4392
  -3.719   0.0671   0.00783   0.00136  -0.1044   0.9002   0.1010  31.6336 181.8191
  -3.633   0.0762   0.00776   0.00130  -0.1042   0.8959   0.1034  32.3199 182.1894
  -3.548   0.0851   0.00769   0.00125  -0.1040   0.8898   0.1059  33.2614 182.5866
  -3.462   0.0939   0.00762   0.00117  -0.1038   0.8753   0.1085  35.4014 182.9839
  -3.377   0.0811   0.00837   0.00104  -0.0986   0.6743   0.1084  58.9384 182.9734
  -3.292   0.0823   0.00866   0.00111  -0.0969   0.6222   0.1100  64.1541 183.2152
  -3.206   0.0878   0.00879   0.00113  -0.0960   0.5933   0.1123  66.9747 183.5648
  -3.121   0.0944   0.00889   0.00113  -0.0954   0.5708   0.1147  69.1569 183.9370
  -3.035   0.1017   0.00895   0.00113  -0.0949   0.5515   0.1172  71.0056 184.3070
  -2.950   0.1094   0.00900   0.00113  -0.0945   0.5344   0.1200  72.6531 184.7176
  -2.864   0.1172   0.00905   0.00112  -0.0942   0.5191   0.1227  74.1128 185.1141
  -2.779   0.1254   0.00908   0.00111  -0.0939   0.5049   0.1258  75.4667 185.5588
  -2.608   0.1421   0.00914   0.00109  -0.0934   0.4800   0.1326  77.8476 186.5293
  -2.523   0.1507   0.00917   0.00108  -0.0932   0.4690   0.1365  78.8985 187.0718
  -2.437   0.1594   0.00917   0.00107  -0.0931   0.4587   0.1409  79.8833 187.6858
  -2.352   0.1682   0.00918   0.00106  -0.0929   0.4490   0.1458  80.8061 188.3557
  -2.266   0.1770   0.00918   0.00104  -0.0928   0.4400   0.1517  81.6742 189.1439
  -2.181   0.1860   0.00918   0.00103  -0.0927   0.4315   0.1591  82.4933 190.1274
  -2.095   0.1949   0.00915   0.00101  -0.0926   0.4235   0.1701  83.2686 191.5356
  -2.010   0.2039   0.00908   0.00098  -0.0926   0.4158   0.1913  84.0123 194.1709
  -1.925   0.2135   0.00822   0.00080  -0.0934   0.4085   0.4136  84.7170 217.6609
  -1.839   0.2227   0.00803   0.00078  -0.0936   0.4015   0.4741  85.3943 223.4764
  -1.754   0.2318   0.00794   0.00078  -0.0936   0.3948   0.5125  86.0530 227.1467
  -1.668   0.2411   0.00788   0.00079  -0.0936   0.3882   0.5398  86.6987 229.7689
  -1.583   0.2503   0.00786   0.00080  -0.0935   0.3822   0.5614  87.2828 231.8404
  -1.498   0.2595   0.00785   0.00081  -0.0935   0.3763   0.5787  87.8603 233.5130
  -1.412   0.2688   0.00786   0.00083  -0.0934   0.3710   0.5932  88.3853 234.9132
  -1.327   0.2780   0.00787   0.00084  -0.0933   0.3658   0.6046  88.8986 236.0284
  -1.156   0.2966   0.00791   0.00088  -0.0932   0.3566   0.6229  89.8094 237.8273
  -1.070   0.3059   0.00794   0.00089  -0.0931   0.3527   0.6296  90.2011 238.4897
  -0.985   0.3153   0.00797   0.00091  -0.0930   0.3488   0.6356  90.5941 239.0789
  -0.899   0.3246   0.00800   0.00092  -0.0929   0.3452   0.6409  90.9508 239.6088
  -0.814   0.3341   0.00803   0.00094  -0.0929   0.3419   0.6459  91.2872 240.1140
  -0.729   0.3435   0.00806   0.00095  -0.0928   0.3385   0.6509  91.6311 240.6140
  -0.643   0.3528   0.00810   0.00097  -0.0927   0.3353   0.6557  91.9482 241.0968
  -0.558   0.3622   0.00813   0.00099  -0.0927   0.3324   0.6601  92.2450 241.5377
  -0.472   0.3717   0.00816   0.00100  -0.0926   0.3294   0.6646  92.5474 241.9935
  -0.387   0.3810   0.00820   0.00102  -0.0926   0.3266   0.6682  92.8309 242.3524
  -0.301   0.3904   0.00824   0.00104  -0.0925   0.3241   0.6719  93.0831 242.7361
  -0.216   0.3999   0.00827   0.00105  -0.0924   0.3217   0.6753  93.3342 243.0752
  -0.131   0.4093   0.00830   0.00107  -0.0924   0.3193   0.6780  93.5810 243.3573
  -0.045   0.4188   0.00834   0.00109  -0.0923   0.3170   0.6810  93.8117 243.6643
   0.040   0.4282   0.00839   0.00109  -0.0923   0.3150   0.6842  94.0207 243.9877
   0.126   0.4376   0.00841   0.00112  -0.0922   0.3130   0.6866  94.2194 244.2387
   0.211   0.4471   0.00845   0.00114  -0.0921   0.3110   0.6894  94.4250 244.5287
   0.296   0.4566   0.00849   0.00115  -0.0921   0.3091   0.6924  94.6264 244.8356
   0.382   0.4660   0.00853   0.00117  -0.0920   0.3072   0.6948  94.8166 245.0886
   0.467   0.4753   0.00858   0.00119  -0.0920   0.3055   0.6969  94.9979 245.3017
   0.553   0.4848   0.00861   0.00121  -0.0919   0.3038   0.6991  95.1701 245.5349
   0.638   0.4943   0.00864   0.00122  -0.0919   0.3021   0.7014  95.3539 245.7784
   0.724   0.5039   0.00868   0.00123  -0.0919   0.3003   0.7037  95.5386 246.0103
   0.809   0.5132   0.00872   0.00125  -0.0918   0.2986   0.7052  95.7158 246.1670
   0.894   0.5226   0.00876   0.00127  -0.0917   0.2970   0.7068  95.8846 246.3439
   0.980   0.5320   0.00881   0.00129  -0.0917   0.2954   0.7088  96.0439 246.5497
   1.065   0.5415   0.00884   0.00130  -0.0916   0.2940   0.7110  96.1985 246.7860
   1.151   0.5511   0.00888   0.00131  -0.0916   0.2924   0.7132  96.3594 247.0193
   1.236   0.5604   0.00891   0.00134  -0.0915   0.2909   0.7148  96.5152 247.1834
   1.322   0.5698   0.00896   0.00136  -0.0914   0.2895   0.7165  96.6630 247.3653
   1.407   0.5792   0.00900   0.00138  -0.0914   0.2882   0.7183  96.8049 247.5569
   1.492   0.5885   0.00906   0.00140  -0.0913   0.2868   0.7202  96.9460 247.7548
   1.578   0.5980   0.00910   0.00141  -0.0913   0.2856   0.7221  97.0783 247.9647
   1.663   0.6075   0.00913   0.00143  -0.0912   0.2843   0.7236  97.2137 248.1158
   1.749   0.6169   0.00916   0.00145  -0.0912   0.2830   0.7249  97.3563 248.2635
   1.834   0.6263   0.00920   0.00147  -0.0911   0.2816   0.7265  97.5011 248.4321
   1.920   0.6357   0.00925   0.00149  -0.0911   0.2803   0.7283  97.6413 248.6264
   2.005   0.6451   0.00930   0.00151  -0.0910   0.2790   0.7302  97.7761 248.8314
   2.091   0.6545   0.00936   0.00152  -0.0910   0.2777   0.7320  97.9103 249.0179
   2.176   0.6638   0.00940   0.00155  -0.0909   0.2765   0.7331  98.0398 249.1383
   2.261   0.6732   0.00943   0.00157  -0.0908   0.2754   0.7342  98.1635 249.2599
   2.347   0.6826   0.00946   0.00158  -0.0908   0.2742   0.7352  98.2944 249.3741
   2.432   0.6921   0.00950   0.00160  -0.0907   0.2729   0.7363  98.4269 249.4870
   2.518   0.7015   0.00954   0.00161  -0.0907   0.2717   0.7374  98.5556 249.6088
   2.603   0.7109   0.00959   0.00162  -0.0907   0.2706   0.7386  98.6787 249.7379
   2.688   0.7203   0.00964   0.00163  -0.0906   0.2694   0.7398  98.8014 249.8718
   2.774   0.7297   0.00970   0.00164  -0.0906   0.2682   0.7410  98.9289 250.0038
   2.859   0.7390   0.00974   0.00166  -0.0905   0.2671   0.7418  99.0504 250.0844
   2.945   0.7484   0.00977   0.00168  -0.0905   0.2660   0.7425  99.1701 250.1681
   3.030   0.7579   0.00980   0.00170  -0.0904   0.2648   0.7433  99.2978 250.2545
   3.116   0.7673   0.00983   0.00171  -0.0904   0.2636   0.7441  99.4273 250.3446
   3.201   0.7766   0.00987   0.00173  -0.0903   0.2624   0.7450  99.5554 250.4395
   3.286   0.7860   0.00992   0.00174  -0.0903   0.2613   0.7459  99.6779 250.5404
   3.372   0.7953   0.00997   0.00175  -0.0902   0.2602   0.7469  99.7935 250.6468
   3.457   0.8046   0.01003   0.00177  -0.0902   0.2592   0.7480  99.9103 250.7631
   3.543   0.8139   0.01009   0.00178  -0.0902   0.2581   0.7491 100.0251 250.8843
   3.628   0.8235   0.01012   0.00179  -0.0901   0.2572   0.7502 100.1293 251.0052
   3.714   0.8329   0.01015   0.00181  -0.0901   0.2561   0.7508 100.2494 251.0806
   3.799   0.8422   0.01018   0.00183  -0.0900   0.2548   0.7515 100.3935 251.1599
   3.884   0.8515   0.01021   0.00184  -0.0900   0.2532   0.7523 100.5631 251.2449
   3.970   0.8608   0.01026   0.00184  -0.0899   0.2515   0.7531 100.7514 251.3347
   4.055   0.8700   0.01032   0.00185  -0.0899   0.2496   0.7540 100.9571 251.4297
   4.141   0.8795   0.01035   0.00186  -0.0898   0.2478   0.7549 101.1603 251.5281
   4.226   0.8889   0.01037   0.00186  -0.0898   0.2458   0.7558 101.3754 251.6293
   4.312   0.8983   0.01041   0.00186  -0.0898   0.2440   0.7567 101.5765 251.7335
   4.397   0.9076   0.01046   0.00186  -0.0897   0.2425   0.7577 101.7484 251.8406
   4.482   0.9169   0.01052   0.00187  -0.0897   0.2411   0.7586 101.9019 251.9488
   4.568   0.9262   0.01057   0.00188  -0.0897   0.2398   0.7594 102.0506 252.0349
   4.653   0.9356   0.01059   0.00189  -0.0896   0.2382   0.7600 102.2201 252.1003
   4.739   0.9449   0.01062   0.00190  -0.0896   0.2364   0.7606 102.4287 252.1712
   4.824   0.9541   0.01067   0.00191  -0.0895   0.2343   0.7613 102.6607 252.2481
   4.910   0.9633   0.01073   0.00191  -0.0894   0.2322   0.7620 102.8995 252.3299
   4.995   0.9726   0.01077   0.00192  -0.0894   0.2301   0.7628 103.1347 252.4177
   5.080   0.9820   0.01080   0.00192  -0.0894   0.2279   0.7636 103.3836 252.5112
   5.166   0.9912   0.01084   0.00193  -0.0893   0.2258   0.7645 103.6216 252.6087
   5.251   1.0005   0.01090   0.00193  -0.0893   0.2240   0.7654 103.8370 252.7115
   5.337   1.0097   0.01096   0.00194  -0.0892   0.2223   0.7664 104.0311 252.8186
   5.422   1.0191   0.01099   0.00194  -0.0892   0.2206   0.7674 104.2223 252.9281
   5.508   1.0284   0.01104   0.00195  -0.0891   0.2188   0.7682 104.4272 253.0215
   5.593   1.0375   0.01108   0.00196  -0.0891   0.2169   0.7687 104.6440 253.0859
   5.678   1.0466   0.01114   0.00197  -0.0890   0.2151   0.7693 104.8607 253.1525
   5.764   1.0557   0.01120   0.00199  -0.0889   0.2133   0.7699 105.0710 253.2220
   5.849   1.0650   0.01124   0.00200  -0.0889   0.2113   0.7706 105.3044 253.2949
   5.935   1.0741   0.01129   0.00201  -0.0888   0.2090   0.7712 105.5692 253.3710
   6.020   1.0833   0.01135   0.00202  -0.0888   0.2067   0.7719 105.8388 253.4503
   6.106   1.0924   0.01141   0.00203  -0.0887   0.2045   0.7727 106.0948 253.5343
   6.191   1.1016   0.01146   0.00204  -0.0886   0.2021   0.7735 106.3867 253.6230
   6.276   1.1108   0.01151   0.00204  -0.0886   0.1995   0.7743 106.6992 253.7174
   6.447   1.1290   0.01164   0.00206  -0.0885   0.1945   0.7761 107.2899 253.9216
   6.533   1.1382   0.01171   0.00207  -0.0884   0.1918   0.7769 107.6242 254.0163
   6.618   1.1471   0.01179   0.00209  -0.0883   0.1890   0.7774 107.9564 254.0797
   6.704   1.1561   0.01185   0.00211  -0.0883   0.1863   0.7780 108.2919 254.1464
   6.789   1.1651   0.01192   0.00213  -0.0882   0.1831   0.7786 108.6830 254.2150
   6.874   1.1740   0.01200   0.00215  -0.0881   0.1800   0.7792 109.0634 254.2869
   6.960   1.1830   0.01207   0.00217  -0.0880   0.1764   0.7799 109.5158 254.3619
   7.045   1.1919   0.01217   0.00220  -0.0879   0.1723   0.7806 110.0283 254.4403
   7.131   1.2008   0.01226   0.00222  -0.0878   0.1680   0.7813 110.5725 254.5221
   7.216   1.2096   0.01237   0.00225  -0.0877   0.1636   0.7820 111.1397 254.6075
   7.301   1.2184   0.01248   0.00229  -0.0877   0.1582   0.7828 111.8414 254.6958
   7.387   1.2271   0.01261   0.00233  -0.0876   0.1518   0.7836 112.6903 254.7869
   7.472   1.2357   0.01277   0.00238  -0.0875   0.1442   0.7844 113.7107 254.8791
   7.558   1.2441   0.01296   0.00245  -0.0874   0.1357   0.7852 114.8808 254.9707
   7.643   1.2523   0.01318   0.00254  -0.0872   0.1248   0.7857 116.4279 255.0380
   7.729   1.2602   0.01343   0.00267  -0.0870   0.1137   0.7862 118.0661 255.0956
   7.814   1.2678   0.01372   0.00281  -0.0868   0.1022   0.7867 119.8385 255.1561
   7.899   1.2755   0.01398   0.00295  -0.0865   0.0922   0.7873 121.4418 255.2194
   7.985   1.2831   0.01425   0.00310  -0.0863   0.0838   0.7879 122.8596 255.2875
   8.070   1.2908   0.01448   0.00322  -0.0860   0.0769   0.7885 124.0790 255.3610
   8.156   1.2986   0.01470   0.00334  -0.0858   0.0709   0.7892 125.1801 255.4399
   8.241   1.3064   0.01491   0.00345  -0.0855   0.0661   0.7899 126.0765 255.5239
   8.412   1.3221   0.01529   0.00365  -0.0850   0.0575   0.7914 127.7770 255.7041
   8.498   1.3299   0.01548   0.00374  -0.0848   0.0542   0.7922 128.4755 255.7978
   8.583   1.3377   0.01567   0.00384  -0.0845   0.0512   0.7930 129.1069 255.8914
   8.668   1.3456   0.01584   0.00392  -0.0843   0.0483   0.7938 129.7489 255.9824
   8.754   1.3534   0.01600   0.00401  -0.0840   0.0458   0.7943 130.3080 256.0471
   8.839   1.3611   0.01617   0.00410  -0.0838   0.0435   0.7948 130.8383 256.1068
   8.925   1.3688   0.01633   0.00419  -0.0835   0.0417   0.7954 131.2811 256.1705
   9.010   1.3765   0.01649   0.00427  -0.0832   0.0399   0.7959 131.7082 256.2371
   9.095   1.3841   0.01666   0.00436  -0.0829   0.0384   0.7965 132.0842 256.3083
   9.181   1.3919   0.01679   0.00443  -0.0827   0.0369   0.7971 132.4598 256.3828
   9.266   1.3995   0.01695   0.00451  -0.0824   0.0354   0.7978 132.8357 256.4609
   9.352   1.4071   0.01711   0.00459  -0.0821   0.0342   0.7985 133.1540 256.5429
   9.437   1.4148   0.01725   0.00466  -0.0818   0.0330   0.7992 133.4653 256.6266
   9.523   1.4223   0.01742   0.00474  -0.0815   0.0319   0.7999 133.7630 256.7123
   9.608   1.4297   0.01759   0.00483  -0.0812   0.0309   0.8006 134.0297 256.7988
   9.694   1.4374   0.01773   0.00490  -0.0809   0.0302   0.8014 134.2535 256.8850
   9.779   1.4449   0.01788   0.00497  -0.0806   0.0294   0.8021 134.4794 256.9697
   9.864   1.4523   0.01803   0.00505  -0.0803   0.0286   0.8026 134.6909 257.0379
   9.950   1.4594   0.01821   0.00515  -0.0799   0.0279   0.8031 134.8933 257.0998
  10.035   1.4666   0.01836   0.00523  -0.0796   0.0273   0.8037 135.0695 257.1651
  10.121   1.4741   0.01848   0.00530  -0.0792   0.0267   0.8043 135.2396 257.2356
  10.206   1.4814   0.01863   0.00537  -0.0789   0.0261   0.8049 135.4254 257.3109
  10.291   1.4885   0.01878   0.00545  -0.0785   0.0255   0.8055 135.6120 257.3905
  10.377   1.4955   0.01895   0.00553  -0.0781   0.0249   0.8062 135.7905 257.4741
  10.462   1.5022   0.01913   0.00563  -0.0777   0.0243   0.8070 135.9616 257.5609
  10.548   1.5093   0.01928   0.00571  -0.0773   0.0239   0.8077 136.1013 257.6495
  10.633   1.5164   0.01943   0.00578  -0.0770   0.0234   0.8084 136.2456 257.7397
  10.719   1.5233   0.01959   0.00586  -0.0766   0.0230   0.8092 136.3940 257.8287
  10.804   1.5301   0.01975   0.00594  -0.0762   0.0225   0.8099 136.5409 257.9153
  10.889   1.5368   0.01993   0.00603  -0.0757   0.0221   0.8106 136.6836 257.9982
  10.975   1.5430   0.02011   0.00613  -0.0752   0.0216   0.8111 136.8223 258.0602
  11.060   1.5488   0.02030   0.00623  -0.0746   0.0212   0.8116 136.9613 258.1236
  11.146   1.5547   0.02046   0.00631  -0.0740   0.0209   0.8121 137.0679 258.1911
  11.231   1.5606   0.02060   0.00638  -0.0734   0.0206   0.8127 137.1716 258.2638
  11.317   1.5664   0.02075   0.00646  -0.0728   0.0203   0.8134 137.2834 258.3412
  11.402   1.5721   0.02092   0.00654  -0.0722   0.0199   0.8140 137.3997 258.4228
  11.487   1.5778   0.02109   0.00663  -0.0716   0.0196   0.8147 137.5182 258.5079
  11.573   1.5834   0.02128   0.00674  -0.0710   0.0192   0.8154 137.6366 258.5960
  11.658   1.5888   0.02149   0.00684  -0.0704   0.0189   0.8162 137.7541 258.6860
  11.744   1.5941   0.02171   0.00696  -0.0697   0.0186   0.8169 137.8738 258.7770
  11.829   1.5990   0.02195   0.00710  -0.0690   0.0182   0.8176 137.9991 258.8672
  11.915   1.6051   0.02211   0.00717  -0.0685   0.0180   0.8183 138.0833 258.9540
  12.000   1.6110   0.02227   0.00726  -0.0679   0.0177   0.8189 138.1826 259.0296
