  
       XFOIL         Version 6.99
  
 Calculated polar for: Repaneled_Airfoil                               
  
 1 1 Reynolds number fixed          Mach number fixed         
  
 xtrf =   1.000 (top)        1.000 (bottom)  
 Mach =   0.000     Re =     1.000 e 6     Ncrit =   9.000  9.000
  
   alpha    CL        CD       CDp       CM     Top_Xtr  Bot_Xtr  Top_Itr  Bot_Itr
  ------ -------- --------- --------- -------- -------- -------- -------- --------
  -5.000  -0.2053   0.00862   0.00190  -0.0629   0.9587   0.0734  20.4910 177.0996
  -4.915  -0.1957   0.00855   0.00186  -0.0629   0.9579   0.0756  20.7026 177.5030
  -4.829  -0.1858   0.00849   0.00182  -0.0629   0.9571   0.0780  20.8832 177.9294
  -4.744  -0.1764   0.00842   0.00179  -0.0629   0.9560   0.0803  21.1360 178.3426
  -4.658  -0.1675   0.00836   0.00176  -0.0627   0.9546   0.0829  21.4718 178.7857
  -4.573  -0.1580   0.00829   0.00172  -0.0626   0.9534   0.0854  21.7271 179.2213
  -4.487  -0.1482   0.00822   0.00168  -0.0626   0.9525   0.0882  21.9389 179.7046
  -4.402  -0.1393   0.00817   0.00165  -0.0625   0.9509   0.0909  22.2848 180.1543
  -4.317  -0.1302   0.00810   0.00161  -0.0624   0.9495   0.0940  22.5999 180.6538
  -4.231  -0.1206   0.00803   0.00157  -0.0623   0.9484   0.0970  22.8499 181.1475
  -4.146  -0.1113   0.00797   0.00153  -0.0622   0.9470   0.1004  23.1392 181.6868
  -4.060  -0.1023   0.00791   0.00150  -0.0621   0.9452   0.1037  23.5084 182.2162
  -3.975  -0.0929   0.00784   0.00146  -0.0620   0.9439   0.1076  23.7985 182.8161
  -3.889  -0.0835   0.00777   0.00142  -0.0619   0.9425   0.1114  24.0908 183.4060
  -3.719  -0.0652   0.00764   0.00135  -0.0616   0.9388   0.1199  24.8297 184.6810
  -3.633  -0.0560   0.00757   0.00131  -0.0615   0.9370   0.1247  25.1785 185.3709
  -3.548  -0.0469   0.00750   0.00127  -0.0614   0.9349   0.1300  25.5800 186.1410
  -3.377  -0.0285   0.00734   0.00118  -0.0612   0.9313   0.1442  26.2849 188.1129
  -3.292  -0.0194   0.00723   0.00114  -0.0611   0.9291   0.1550  26.6798 189.5534
  -3.121  -0.0029   0.00668   0.00095  -0.0608   0.9247   0.2474  27.4978 200.6269
  -3.035   0.0043   0.00619   0.00083  -0.0606   0.9224   0.3519  27.9061 211.5677
  -2.950   0.0128   0.00602   0.00080  -0.0604   0.9195   0.3882  28.4125 215.1583
  -2.864   0.0218   0.00589   0.00077  -0.0603   0.9168   0.4141  28.8897 217.6867
  -2.779   0.0308   0.00579   0.00074  -0.0602   0.9134   0.4341  29.4641 219.6193
  -2.693   0.0401   0.00571   0.00071  -0.0601   0.9103   0.4506  29.9984 221.2130
  -2.608   0.0492   0.00564   0.00069  -0.0599   0.9061   0.4656  30.6920 222.6476
  -2.523   0.0585   0.00558   0.00067  -0.0598   0.9018   0.4789  31.3829 223.9206
  -2.437   0.0679   0.00552   0.00065  -0.0597   0.8972   0.4906  32.1171 225.0419
  -2.352   0.0772   0.00546   0.00062  -0.0596   0.8916   0.5011  32.9853 226.0496
  -2.266   0.0865   0.00542   0.00060  -0.0595   0.8849   0.5109  33.9915 226.9863
  -2.181   0.0958   0.00537   0.00057  -0.0594   0.8763   0.5200  35.2636 227.8492
  -2.095   0.1050   0.00534   0.00053  -0.0592   0.8634   0.5281  37.0919 228.6303
  -2.010   0.1137   0.00533   0.00047  -0.0589   0.8391   0.5356  40.3472 229.3512
  -1.925   0.1210   0.00542   0.00040  -0.0582   0.8001   0.5429  45.1924 230.0432
  -1.839   0.1281   0.00554   0.00038  -0.0576   0.7688   0.5501  48.8354 230.7401
  -1.754   0.1358   0.00564   0.00039  -0.0571   0.7451   0.5573  51.4684 231.4269
  -1.668   0.1438   0.00573   0.00041  -0.0568   0.7235   0.5644  53.8015 232.1127
  -1.583   0.1518   0.00582   0.00042  -0.0564   0.7016   0.5712  56.1071 232.7686
  -1.498   0.1599   0.00590   0.00043  -0.0561   0.6779   0.5775  58.5551 233.3840
  -1.412   0.1678   0.00601   0.00045  -0.0557   0.6528   0.5838  61.0985 233.9924
  -1.327   0.1758   0.00611   0.00046  -0.0554   0.6268   0.5894  63.6751 234.5343
  -1.241   0.1839   0.00622   0.00047  -0.0550   0.6012   0.5949  66.1888 235.0675
  -1.156   0.1920   0.00632   0.00049  -0.0547   0.5760   0.6002  68.6308 235.5870
  -1.070   0.2003   0.00643   0.00051  -0.0545   0.5519   0.6057  70.9498 236.1263
  -0.985   0.2086   0.00653   0.00053  -0.0542   0.5288   0.6116  73.1598 236.7015
  -0.899   0.2171   0.00662   0.00055  -0.0540   0.5068   0.6173  75.2629 237.2632
  -0.814   0.2257   0.00672   0.00057  -0.0538   0.4863   0.6232  77.2221 237.8448
  -0.729   0.2343   0.00680   0.00059  -0.0536   0.4673   0.6286  79.0317 238.3767
  -0.643   0.2431   0.00688   0.00060  -0.0535   0.4497   0.6342  80.7166 238.9285
  -0.558   0.2520   0.00695   0.00062  -0.0533   0.4342   0.6391  82.2077 239.4188
  -0.472   0.2610   0.00703   0.00064  -0.0532   0.4198   0.6444  83.6035 239.9497
  -0.387   0.2699   0.00708   0.00066  -0.0531   0.4071   0.6495  84.8332 240.4561
  -0.216   0.2881   0.00719   0.00069  -0.0529   0.3855   0.6608  86.9383 241.5930
  -0.131   0.2973   0.00724   0.00071  -0.0528   0.3764   0.6666  87.8353 242.1797
  -0.045   0.3066   0.00728   0.00072  -0.0527   0.3680   0.6724  88.6634 242.7733
   0.040   0.3158   0.00732   0.00074  -0.0526   0.3604   0.6779  89.4182 243.3312
   0.126   0.3251   0.00736   0.00075  -0.0525   0.3534   0.6838  90.1076 243.9334
   0.211   0.3343   0.00739   0.00077  -0.0525   0.3469   0.6894  90.7587 244.5138
   0.296   0.3437   0.00742   0.00079  -0.0524   0.3412   0.6955  91.3350 245.1428
   0.382   0.3529   0.00746   0.00081  -0.0523   0.3357   0.7019  91.8920 245.8128
   0.467   0.3623   0.00748   0.00083  -0.0522   0.3307   0.7084  92.3904 246.4910
   0.553   0.3715   0.00752   0.00085  -0.0522   0.3260   0.7153  92.8730 247.2159
   0.638   0.3809   0.00754   0.00087  -0.0521   0.3218   0.7223  93.3041 247.9592
   0.724   0.3902   0.00757   0.00089  -0.0520   0.3176   0.7286  93.7328 248.6356
   0.809   0.3995   0.00761   0.00091  -0.0519   0.3139   0.7345  94.1084 249.2711
   0.894   0.4090   0.00763   0.00093  -0.0519   0.3102   0.7400  94.4845 249.8754
   0.980   0.4183   0.00767   0.00095  -0.0518   0.3068   0.7446  94.8357 250.3761
   1.065   0.4278   0.00770   0.00096  -0.0517   0.3038   0.7493  95.1516 250.8929
   1.151   0.4372   0.00773   0.00098  -0.0517   0.3007   0.7536  95.4776 251.3641
   1.236   0.4466   0.00777   0.00100  -0.0516   0.2976   0.7582  95.7934 251.8792
   1.322   0.4560   0.00781   0.00102  -0.0516   0.2949   0.7623  96.0786 252.3435
   1.407   0.4655   0.00784   0.00104  -0.0515   0.2921   0.7668  96.3680 252.8448
   1.492   0.4749   0.00787   0.00106  -0.0514   0.2894   0.7708  96.6546 253.2997
   1.578   0.4843   0.00791   0.00108  -0.0514   0.2869   0.7751  96.9182 253.7880
   1.663   0.4938   0.00795   0.00110  -0.0513   0.2846   0.7790  97.1598 254.2367
   1.749   0.5032   0.00797   0.00112  -0.0513   0.2823   0.7830  97.4073 254.7062
   1.834   0.5127   0.00801   0.00114  -0.0512   0.2800   0.7869  97.6491 255.1571
   1.920   0.5220   0.00805   0.00116  -0.0511   0.2779   0.7907  97.8757 255.5965
   2.005   0.5315   0.00809   0.00117  -0.0511   0.2759   0.7946  98.0869 256.0548
   2.091   0.5409   0.00811   0.00119  -0.0510   0.2738   0.7979  98.3054 256.4499
   2.176   0.5504   0.00815   0.00121  -0.0510   0.2717   0.8016  98.5339 256.8929
   2.261   0.5597   0.00819   0.00123  -0.0509   0.2696   0.8047  98.7619 257.2616
   2.347   0.5690   0.00824   0.00125  -0.0508   0.2675   0.8079  98.9816 257.6530
   2.432   0.5786   0.00826   0.00126  -0.0508   0.2656   0.8112  99.1952 258.0504
   2.518   0.5880   0.00829   0.00128  -0.0507   0.2635   0.8139  99.4205 258.3909
   2.603   0.5974   0.00833   0.00130  -0.0506   0.2614   0.8171  99.6421 258.7802
   2.688   0.6067   0.00837   0.00131  -0.0505   0.2595   0.8201  99.8467 259.1475
   2.774   0.6159   0.00841   0.00133  -0.0504   0.2578   0.8230 100.0342 259.5128
   2.859   0.6255   0.00844   0.00135  -0.0504   0.2561   0.8263 100.2240 259.9264
   2.945   0.6349   0.00846   0.00136  -0.0503   0.2542   0.8290 100.4268 260.2763
   3.030   0.6442   0.00849   0.00138  -0.0502   0.2524   0.8321 100.6309 260.6690
   3.116   0.6535   0.00854   0.00139  -0.0502   0.2505   0.8353 100.8346 261.0779
   3.201   0.6626   0.00858   0.00141  -0.0501   0.2487   0.8383 101.0358 261.4600
   3.286   0.6721   0.00860   0.00142  -0.0500   0.2467   0.8416 101.2536 261.8946
   3.372   0.6814   0.00862   0.00144  -0.0499   0.2446   0.8445 101.4875 262.2825
   3.457   0.6907   0.00866   0.00145  -0.0498   0.2425   0.8477 101.7179 262.7030
   3.543   0.6998   0.00871   0.00147  -0.0497   0.2406   0.8509 101.9377 263.1200
   3.628   0.7091   0.00873   0.00148  -0.0496   0.2387   0.8538 102.1419 263.5211
   3.714   0.7185   0.00875   0.00149  -0.0495   0.2367   0.8571 102.3661 263.9631
   3.799   0.7277   0.00878   0.00150  -0.0494   0.2347   0.8601 102.5987 264.3828
   3.884   0.7368   0.00882   0.00152  -0.0493   0.2327   0.8636 102.8236 264.8572
   3.970   0.7458   0.00886   0.00153  -0.0492   0.2307   0.8670 103.0404 265.3379
   4.055   0.7551   0.00888   0.00154  -0.0491   0.2287   0.8709 103.2698 265.8824
   4.141   0.7642   0.00890   0.00156  -0.0489   0.2266   0.8748 103.5142 266.4435
   4.226   0.7733   0.00893   0.00157  -0.0488   0.2244   0.8792 103.7597 267.0866
   4.312   0.7820   0.00897   0.00158  -0.0486   0.2224   0.8841 103.9926 267.8135
   4.397   0.7910   0.00898   0.00159  -0.0484   0.2204   0.8895 104.2173 268.6315
   4.482   0.7999   0.00899   0.00161  -0.0482   0.2184   0.8958 104.4571 269.6050
   4.568   0.8084   0.00901   0.00162  -0.0480   0.2163   0.9035 104.6940 270.8303
   4.653   0.8166   0.00903   0.00164  -0.0476   0.2144   0.9136 104.9164 272.4932
   4.739   0.8247   0.00903   0.00165  -0.0472   0.2126   0.9282 105.1212 275.0774
   4.824   0.8345   0.00903   0.00167  -0.0472   0.2106   0.9489 105.3612 279.2200
   4.910   0.8481   0.00907   0.00168  -0.0480   0.2081   0.9720 105.6565 284.9454
   4.995   0.8613   0.00913   0.00170  -0.0489   0.2057   1.0000 105.9371 301.0000
   5.080   0.8707   0.00918   0.00171  -0.0488   0.2037   1.0000 106.1695 301.0000
   5.166   0.8801   0.00922   0.00173  -0.0488   0.2015   1.0000 106.4349 301.0000
   5.251   0.8893   0.00928   0.00174  -0.0487   0.1991   1.0000 106.7126 301.0000
   5.337   0.8984   0.00935   0.00176  -0.0486   0.1969   1.0000 106.9763 301.0000
   5.422   0.9078   0.00940   0.00177  -0.0486   0.1948   1.0000 107.2344 301.0000
   5.508   0.9170   0.00945   0.00179  -0.0485   0.1925   1.0000 107.5144 301.0000
   5.593   0.9261   0.00952   0.00181  -0.0484   0.1902   1.0000 107.7953 301.0000
   5.678   0.9352   0.00959   0.00183  -0.0483   0.1880   1.0000 108.0612 301.0000
   5.764   0.9445   0.00964   0.00185  -0.0483   0.1856   1.0000 108.3465 301.0000
   5.849   0.9536   0.00970   0.00187  -0.0482   0.1830   1.0000 108.6683 301.0000
   6.020   0.9718   0.00983   0.00191  -0.0480   0.1776   1.0000 109.3372 301.0000
   6.106   0.9809   0.00990   0.00193  -0.0479   0.1744   1.0000 109.7421 301.0000
   6.191   0.9898   0.00998   0.00195  -0.0478   0.1713   1.0000 110.1269 301.0000
   6.276   0.9989   0.01005   0.00197  -0.0477   0.1681   1.0000 110.5430 301.0000
   6.362   1.0077   0.01014   0.00200  -0.0475   0.1649   1.0000 110.9522 301.0000
   6.447   1.0167   0.01021   0.00202  -0.0474   0.1617   1.0000 111.3602 301.0000
   6.533   1.0256   0.01030   0.00205  -0.0473   0.1581   1.0000 111.8327 301.0000
   6.618   1.0345   0.01038   0.00208  -0.0472   0.1545   1.0000 112.3066 301.0000
   6.704   1.0432   0.01048   0.00212  -0.0470   0.1501   1.0000 112.8849 301.0000
   6.789   1.0520   0.01057   0.00215  -0.0469   0.1459   1.0000 113.4547 301.0000
   6.874   1.0605   0.01069   0.00219  -0.0467   0.1416   1.0000 114.0422 301.0000
   6.960   1.0692   0.01079   0.00223  -0.0465   0.1368   1.0000 114.7034 301.0000
   7.045   1.0777   0.01091   0.00228  -0.0464   0.1317   1.0000 115.4192 301.0000
   7.131   1.0861   0.01105   0.00234  -0.0462   0.1259   1.0000 116.2473 301.0000
   7.216   1.0942   0.01120   0.00240  -0.0459   0.1203   1.0000 117.0589 301.0000
   7.301   1.1025   0.01135   0.00247  -0.0457   0.1141   1.0000 117.9667 301.0000
   7.387   1.1105   0.01152   0.00255  -0.0455   0.1077   1.0000 118.9500 301.0000
   7.472   1.1185   0.01169   0.00263  -0.0452   0.1017   1.0000 119.8755 301.0000
   7.558   1.1265   0.01186   0.00272  -0.0450   0.0958   1.0000 120.8219 301.0000
   7.643   1.1344   0.01204   0.00281  -0.0447   0.0898   1.0000 121.8103 301.0000
   7.729   1.1423   0.01223   0.00291  -0.0444   0.0845   1.0000 122.7153 301.0000
   7.814   1.1502   0.01240   0.00300  -0.0442   0.0796   1.0000 123.5732 301.0000
   7.899   1.1581   0.01258   0.00309  -0.0439   0.0748   1.0000 124.4295 301.0000
   7.985   1.1659   0.01276   0.00319  -0.0436   0.0705   1.0000 125.2203 301.0000
   8.070   1.1738   0.01294   0.00329  -0.0433   0.0667   1.0000 125.9285 301.0000
   8.156   1.1819   0.01309   0.00337  -0.0431   0.0633   1.0000 126.5950 301.0000
   8.241   1.1898   0.01326   0.00346  -0.0428   0.0601   1.0000 127.2219 301.0000
   8.327   1.1977   0.01342   0.00355  -0.0426   0.0572   1.0000 127.8261 301.0000
   8.412   1.2057   0.01358   0.00364  -0.0423   0.0547   1.0000 128.3395 301.0000
   8.498   1.2136   0.01375   0.00373  -0.0420   0.0524   1.0000 128.8325 301.0000
   8.583   1.2216   0.01389   0.00381  -0.0418   0.0503   1.0000 129.2721 301.0000
   8.668   1.2296   0.01404   0.00389  -0.0415   0.0482   1.0000 129.7419 301.0000
   8.754   1.2375   0.01420   0.00398  -0.0413   0.0464   1.0000 130.1536 301.0000
   8.839   1.2455   0.01435   0.00406  -0.0410   0.0446   1.0000 130.5610 301.0000
   8.925   1.2532   0.01452   0.00416  -0.0407   0.0429   1.0000 130.9524 301.0000
   9.010   1.2612   0.01466   0.00424  -0.0405   0.0415   1.0000 131.2968 301.0000
   9.095   1.2690   0.01482   0.00432  -0.0402   0.0401   1.0000 131.6439 301.0000
   9.181   1.2765   0.01500   0.00443  -0.0398   0.0387   1.0000 131.9714 301.0000
   9.266   1.2846   0.01512   0.00450  -0.0396   0.0376   1.0000 132.2624 301.0000
   9.352   1.2924   0.01527   0.00458  -0.0393   0.0363   1.0000 132.5889 301.0000
   9.437   1.2999   0.01544   0.00468  -0.0390   0.0351   1.0000 132.8992 301.0000
   9.523   1.3077   0.01559   0.00476  -0.0387   0.0340   1.0000 133.1694 301.0000
   9.608   1.3155   0.01573   0.00484  -0.0384   0.0330   1.0000 133.4469 301.0000
   9.694   1.3230   0.01590   0.00493  -0.0381   0.0320   1.0000 133.7189 301.0000
   9.779   1.3303   0.01608   0.00504  -0.0378   0.0310   1.0000 133.9812 301.0000
   9.864   1.3381   0.01622   0.00511  -0.0375   0.0303   1.0000 134.1937 301.0000
   9.950   1.3457   0.01637   0.00520  -0.0372   0.0295   1.0000 134.4189 301.0000
  10.035   1.3531   0.01653   0.00529  -0.0368   0.0287   1.0000 134.6392 301.0000
  10.121   1.3602   0.01672   0.00540  -0.0365   0.0279   1.0000 134.8486 301.0000
  10.206   1.3674   0.01690   0.00550  -0.0361   0.0273   1.0000 135.0393 301.0000
  10.291   1.3751   0.01702   0.00558  -0.0358   0.0267   1.0000 135.2046 301.0000
  10.377   1.3826   0.01717   0.00566  -0.0355   0.0261   1.0000 135.3852 301.0000
  10.462   1.3899   0.01733   0.00575  -0.0351   0.0255   1.0000 135.5637 301.0000
  10.548   1.3970   0.01750   0.00585  -0.0347   0.0250   1.0000 135.7312 301.0000
  10.633   1.4039   0.01769   0.00595  -0.0343   0.0245   1.0000 135.8913 301.0000
  10.719   1.4108   0.01787   0.00606  -0.0339   0.0240   1.0000 136.0362 301.0000
  10.804   1.4180   0.01802   0.00614  -0.0336   0.0236   1.0000 136.1636 301.0000
  10.889   1.4251   0.01817   0.00623  -0.0332   0.0232   1.0000 136.2993 301.0000
  10.975   1.4321   0.01834   0.00633  -0.0328   0.0227   1.0000 136.4368 301.0000
  11.060   1.4389   0.01852   0.00643  -0.0324   0.0223   1.0000 136.5712 301.0000
  11.146   1.4455   0.01870   0.00654  -0.0319   0.0219   1.0000 136.7016 301.0000
  11.231   1.4519   0.01891   0.00665  -0.0314   0.0215   1.0000 136.8296 301.0000
  11.317   1.4580   0.01912   0.00678  -0.0309   0.0211   1.0000 136.9604 301.0000
  11.402   1.4645   0.01930   0.00689  -0.0305   0.0208   1.0000 137.0599 301.0000
  11.487   1.4712   0.01947   0.00698  -0.0300   0.0206   1.0000 137.1551 301.0000
  11.573   1.4776   0.01964   0.00708  -0.0296   0.0203   1.0000 137.2565 301.0000
  11.658   1.4839   0.01982   0.00719  -0.0291   0.0200   1.0000 137.3608 301.0000
  11.744   1.4898   0.02001   0.00729  -0.0285   0.0197   1.0000 137.4646 301.0000
  11.829   1.4953   0.02020   0.00740  -0.0279   0.0194   1.0000 137.5665 301.0000
  11.915   1.5005   0.02041   0.00752  -0.0272   0.0191   1.0000 137.6675 301.0000
  12.000   1.5054   0.02063   0.00764  -0.0265   0.0188   1.0000 137.7688 301.0000
