  
       XFOIL         Version 6.99
  
 Calculated polar for: Repaneled_Airfoil                               
  
 1 1 Reynolds number fixed          Mach number fixed         
  
 xtrf =   1.000 (top)        1.000 (bottom)  
 Mach =   0.000     Re =     1.000 e 6     Ncrit =   9.000  9.000
  
   alpha    CL        CD       CDp       CM     Top_Xtr  Bot_Xtr  Top_Itr  Bot_Itr
  ------ -------- --------- --------- -------- -------- -------- -------- --------
  -5.000  -0.0355   0.00813   0.00156  -0.0930   0.8851   0.0961  33.9350 180.9621
  -4.915  -0.0259   0.00807   0.00153  -0.0930   0.8842   0.0987  34.0686 181.3898
  -4.829  -0.0161   0.00803   0.00152  -0.0930   0.8831   0.1016  34.2301 181.8522
  -4.744  -0.0064   0.00798   0.00150  -0.0931   0.8821   0.1043  34.3699 182.2720
  -4.658   0.0033   0.00793   0.00148  -0.0931   0.8812   0.1072  34.4970 182.7187
  -4.573   0.0130   0.00789   0.00145  -0.0931   0.8804   0.1098  34.6173 183.1322
  -4.487   0.0228   0.00784   0.00143  -0.0931   0.8797   0.1127  34.7311 183.5744
  -4.317   0.0423   0.00775   0.00138  -0.0931   0.8783   0.1187  34.9372 184.4635
  -4.231   0.0520   0.00772   0.00135  -0.0931   0.8774   0.1219  35.0546 184.9336
  -4.146   0.0617   0.00767   0.00134  -0.0932   0.8763   0.1250  35.2171 185.3907
  -4.060   0.0715   0.00763   0.00132  -0.0932   0.8752   0.1284  35.3777 185.8750
  -3.975   0.0812   0.00758   0.00130  -0.0932   0.8741   0.1317  35.5340 186.3394
  -3.889   0.0909   0.00754   0.00128  -0.0932   0.8731   0.1352  35.6834 186.8463
  -3.804   0.1007   0.00749   0.00125  -0.0932   0.8721   0.1387  35.8235 187.3301
  -3.719   0.1104   0.00744   0.00122  -0.0932   0.8712   0.1426  35.9527 187.8611
  -3.633   0.1201   0.00740   0.00120  -0.0932   0.8700   0.1464  36.1272 188.3767
  -3.548   0.1298   0.00736   0.00118  -0.0932   0.8685   0.1505  36.3279 188.9352
  -3.462   0.1395   0.00730   0.00116  -0.0932   0.8672   0.1547  36.5155 189.4933
  -3.377   0.1492   0.00726   0.00113  -0.0932   0.8660   0.1592  36.6887 190.0823
  -3.292   0.1589   0.00721   0.00110  -0.0932   0.8648   0.1641  36.8459 190.7160
  -3.206   0.1687   0.00716   0.00107  -0.0932   0.8638   0.1691  36.9875 191.3668
  -3.121   0.1784   0.00711   0.00105  -0.0932   0.8622   0.1747  37.2069 192.0775
  -3.035   0.1880   0.00706   0.00103  -0.0932   0.8606   0.1810  37.4285 192.8632
  -2.950   0.1977   0.00700   0.00100  -0.0932   0.8591   0.1879  37.6370 193.7139
  -2.864   0.2073   0.00693   0.00097  -0.0932   0.8577   0.1959  37.8262 194.6843
  -2.779   0.2170   0.00686   0.00093  -0.0932   0.8565   0.2057  37.9921 195.8480
  -2.693   0.2264   0.00677   0.00090  -0.0932   0.8546   0.2195  38.2498 197.4693
  -2.608   0.2357   0.00662   0.00086  -0.0932   0.8527   0.2475  38.5006 200.6277
  -2.523   0.2443   0.00635   0.00081  -0.0931   0.8510   0.3156  38.7303 207.8775
  -2.437   0.2534   0.00617   0.00078  -0.0931   0.8495   0.3637  38.9325 212.7385
  -2.352   0.2627   0.00606   0.00077  -0.0931   0.8476   0.3946  39.1812 215.7909
  -2.266   0.2722   0.00598   0.00076  -0.0931   0.8455   0.4174  39.4588 218.0077
  -2.181   0.2817   0.00591   0.00075  -0.0930   0.8436   0.4360  39.7150 219.8035
  -2.095   0.2913   0.00585   0.00073  -0.0930   0.8418   0.4520  39.9423 221.3490
  -1.839   0.3201   0.00571   0.00071  -0.0930   0.8349   0.4914  40.8459 225.1277
  -1.754   0.3297   0.00567   0.00070  -0.0929   0.8324   0.5025  41.1594 226.1818
  -1.668   0.3394   0.00564   0.00069  -0.0929   0.8293   0.5130  41.5482 227.1898
  -1.583   0.3490   0.00561   0.00068  -0.0929   0.8265   0.5230  41.9031 228.1460
  -1.498   0.3587   0.00558   0.00067  -0.0929   0.8232   0.5324  42.3165 229.0487
  -1.412   0.3683   0.00555   0.00066  -0.0928   0.8197   0.5409  42.7590 229.8655
  -1.327   0.3779   0.00552   0.00064  -0.0928   0.8159   0.5485  43.2266 230.5930
  -1.241   0.3874   0.00550   0.00063  -0.0927   0.8113   0.5559  43.7844 231.3050
  -1.070   0.4064   0.00547   0.00060  -0.0926   0.8000   0.5710  45.1494 232.7612
  -0.985   0.4158   0.00545   0.00058  -0.0925   0.7927   0.5781  46.0108 233.4516
  -0.899   0.4251   0.00545   0.00055  -0.0924   0.7834   0.5853  47.0927 234.1423
  -0.814   0.4341   0.00546   0.00053  -0.0922   0.7704   0.5923  48.5790 234.8263
  -0.729   0.4427   0.00549   0.00050  -0.0919   0.7525   0.5989  50.5786 235.4721
  -0.643   0.4506   0.00558   0.00047  -0.0915   0.7288   0.6053  53.1573 236.0975
  -0.558   0.4580   0.00570   0.00047  -0.0910   0.7038   0.6111  55.8117 236.6605
  -0.472   0.4656   0.00584   0.00049  -0.0906   0.6816   0.6165  58.1075 237.1896
  -0.387   0.4734   0.00596   0.00052  -0.0902   0.6615   0.6219  60.1426 237.7278
  -0.301   0.4812   0.00608   0.00055  -0.0899   0.6429   0.6272  62.0025 238.2495
  -0.216   0.4893   0.00619   0.00058  -0.0895   0.6247   0.6329  63.8129 238.8180
  -0.131   0.4973   0.00630   0.00061  -0.0892   0.6070   0.6385  65.5471 239.3674
  -0.045   0.5054   0.00642   0.00064  -0.0889   0.5898   0.6444  67.2217 239.9592
   0.040   0.5134   0.00652   0.00067  -0.0886   0.5727   0.6499  68.8688 240.5121
   0.126   0.5217   0.00662   0.00070  -0.0884   0.5567   0.6556  70.4109 241.0839
   0.211   0.5299   0.00672   0.00074  -0.0881   0.5410   0.6608  71.9129 241.6052
   0.296   0.5382   0.00682   0.00076  -0.0879   0.5263   0.6658  73.3185 242.1137
   0.382   0.5465   0.00692   0.00079  -0.0876   0.5120   0.6709  74.6905 242.6289
   0.553   0.5633   0.00711   0.00085  -0.0872   0.4850   0.6810  77.2651 243.6669
   0.638   0.5718   0.00720   0.00088  -0.0870   0.4719   0.6859  78.5107 244.1677
   0.724   0.5803   0.00729   0.00091  -0.0867   0.4595   0.6907  79.6994 244.6612
   0.809   0.5888   0.00738   0.00094  -0.0865   0.4477   0.6953  80.8326 245.1367
   0.894   0.5973   0.00747   0.00097  -0.0864   0.4367   0.6999  81.8862 245.6143
   0.980   0.6059   0.00755   0.00099  -0.0862   0.4263   0.7045  82.8926 246.0987
   1.065   0.6146   0.00763   0.00102  -0.0860   0.4166   0.7089  83.8260 246.5576
   1.151   0.6233   0.00770   0.00104  -0.0859   0.4078   0.7136  84.6804 247.0577
   1.236   0.6321   0.00777   0.00107  -0.0857   0.3997   0.7181  85.4612 247.5327
   1.322   0.6408   0.00784   0.00109  -0.0855   0.3922   0.7228  86.1959 248.0367
   1.407   0.6496   0.00790   0.00112  -0.0854   0.3851   0.7272  86.8922 248.5022
   1.492   0.6585   0.00796   0.00114  -0.0853   0.3786   0.7322  87.5323 249.0419
   1.578   0.6672   0.00802   0.00116  -0.0851   0.3726   0.7371  88.1217 249.5805
   1.663   0.6761   0.00807   0.00118  -0.0850   0.3665   0.7424  88.7200 250.1537
   1.749   0.6849   0.00813   0.00121  -0.0848   0.3612   0.7476  89.2520 250.7251
   1.834   0.6937   0.00818   0.00123  -0.0847   0.3559   0.7524  89.7749 251.2552
   1.920   0.7026   0.00823   0.00125  -0.0846   0.3514   0.7570  90.2268 251.7685
   2.005   0.7115   0.00827   0.00126  -0.0844   0.3470   0.7612  90.6680 252.2349
   2.091   0.7203   0.00832   0.00129  -0.0843   0.3432   0.7655  91.0485 252.7153
   2.176   0.7294   0.00835   0.00130  -0.0842   0.3394   0.7698  91.4245 253.2013
   2.261   0.7383   0.00840   0.00132  -0.0841   0.3359   0.7745  91.7798 253.7416
   2.347   0.7471   0.00844   0.00134  -0.0839   0.3329   0.7794  92.0851 254.3059
   2.432   0.7561   0.00846   0.00135  -0.0838   0.3299   0.7850  92.3883 254.9476
   2.518   0.7649   0.00849   0.00137  -0.0837   0.3269   0.7912  92.6893 255.6751
   2.603   0.7735   0.00853   0.00139  -0.0835   0.3241   0.7986  92.9758 256.5528
   2.688   0.7823   0.00853   0.00141  -0.0833   0.3212   0.8079  93.2760 257.6682
   2.774   0.7907   0.00853   0.00142  -0.0831   0.3178   0.8218  93.6193 259.3792
   2.859   0.7972   0.00843   0.00144  -0.0824   0.3147   0.8639  93.9397 264.9072
   2.945   0.8221   0.00838   0.00152  -0.0858   0.3089   0.9927  94.5349 292.8022
   3.030   0.8328   0.00846   0.00155  -0.0861   0.3054   1.0000  94.9017 301.0000
   3.116   0.8417   0.00851   0.00156  -0.0860   0.3026   1.0000  95.1863 301.0000
   3.201   0.8507   0.00856   0.00158  -0.0859   0.2999   1.0000  95.4706 301.0000
   3.286   0.8595   0.00863   0.00159  -0.0857   0.2972   1.0000  95.7523 301.0000
   3.372   0.8681   0.00870   0.00161  -0.0856   0.2945   1.0000  96.0354 301.0000
   3.457   0.8772   0.00874   0.00162  -0.0855   0.2916   1.0000  96.3416 301.0000
   3.543   0.8860   0.00880   0.00164  -0.0854   0.2884   1.0000  96.6713 301.0000
   3.628   0.8945   0.00889   0.00166  -0.0852   0.2855   1.0000  96.9839 301.0000
   3.714   0.9036   0.00893   0.00167  -0.0851   0.2827   1.0000  97.2744 301.0000
   3.799   0.9125   0.00898   0.00168  -0.0850   0.2800   1.0000  97.5598 301.0000
   3.884   0.9212   0.00904   0.00170  -0.0848   0.2776   1.0000  97.8198 301.0000
   3.970   0.9299   0.00911   0.00172  -0.0847   0.2754   1.0000  98.0526 301.0000
   4.055   0.9389   0.00915   0.00173  -0.0846   0.2732   1.0000  98.2874 301.0000
   4.141   0.9478   0.00921   0.00175  -0.0845   0.2708   1.0000  98.5400 301.0000
   4.226   0.9565   0.00927   0.00177  -0.0843   0.2685   1.0000  98.7940 301.0000
   4.312   0.9651   0.00935   0.00178  -0.0841   0.2662   1.0000  99.0408 301.0000
   4.397   0.9741   0.00939   0.00180  -0.0840   0.2638   1.0000  99.3039 301.0000
   4.482   0.9829   0.00944   0.00181  -0.0839   0.2611   1.0000  99.5881 301.0000
   4.568   0.9916   0.00952   0.00183  -0.0837   0.2586   1.0000  99.8624 301.0000
   4.653   1.0003   0.00958   0.00185  -0.0836   0.2563   1.0000 100.1158 301.0000
   4.739   1.0092   0.00962   0.00186  -0.0835   0.2537   1.0000 100.4006 301.0000
   4.824   1.0180   0.00968   0.00187  -0.0834   0.2510   1.0000 100.6952 301.0000
   4.910   1.0265   0.00976   0.00189  -0.0832   0.2484   1.0000 100.9780 301.0000
   4.995   1.0354   0.00981   0.00191  -0.0831   0.2457   1.0000 101.2754 301.0000
   5.080   1.0441   0.00987   0.00192  -0.0829   0.2426   1.0000 101.6255 301.0000
   5.251   1.0612   0.01001   0.00195  -0.0826   0.2359   1.0000 102.3698 301.0000
   5.337   1.0697   0.01009   0.00197  -0.0824   0.2320   1.0000 102.8146 301.0000
   5.422   1.0782   0.01017   0.00199  -0.0822   0.2281   1.0000 103.2559 301.0000
   5.508   1.0867   0.01024   0.00201  -0.0821   0.2233   1.0000 103.7992 301.0000
   5.593   1.0951   0.01033   0.00203  -0.0819   0.2187   1.0000 104.3276 301.0000
   5.678   1.1033   0.01043   0.00205  -0.0817   0.2136   1.0000 104.9204 301.0000
   5.764   1.1116   0.01052   0.00207  -0.0815   0.2081   1.0000 105.5705 301.0000
   5.849   1.1196   0.01063   0.00210  -0.0812   0.2017   1.0000 106.3235 301.0000
   5.935   1.1274   0.01075   0.00213  -0.0809   0.1938   1.0000 107.2711 301.0000
   6.020   1.1350   0.01089   0.00218  -0.0806   0.1860   1.0000 108.2171 301.0000
   6.106   1.1425   0.01104   0.00223  -0.0803   0.1772   1.0000 109.3061 301.0000
   6.191   1.1496   0.01123   0.00229  -0.0799   0.1669   1.0000 110.6082 301.0000
   6.276   1.1565   0.01143   0.00236  -0.0795   0.1568   1.0000 111.9194 301.0000
   6.362   1.1633   0.01164   0.00245  -0.0791   0.1453   1.0000 113.4467 301.0000
   6.447   1.1698   0.01187   0.00255  -0.0786   0.1344   1.0000 114.9453 301.0000
   6.533   1.1762   0.01211   0.00265  -0.0781   0.1230   1.0000 116.5769 301.0000
   6.618   1.1827   0.01235   0.00276  -0.0776   0.1130   1.0000 118.0635 301.0000
   6.704   1.1892   0.01258   0.00286  -0.0772   0.1034   1.0000 119.5438 301.0000
   6.789   1.1958   0.01280   0.00296  -0.0767   0.0953   1.0000 120.8322 301.0000
   6.874   1.2025   0.01302   0.00306  -0.0763   0.0879   1.0000 122.0625 301.0000
   6.960   1.2093   0.01322   0.00316  -0.0759   0.0818   1.0000 123.1104 301.0000
   7.045   1.2163   0.01341   0.00325  -0.0755   0.0760   1.0000 124.1297 301.0000
   7.131   1.2232   0.01360   0.00334  -0.0751   0.0709   1.0000 125.0654 301.0000
   7.216   1.2302   0.01378   0.00342  -0.0747   0.0666   1.0000 125.8719 301.0000
   7.301   1.2373   0.01395   0.00350  -0.0743   0.0628   1.0000 126.6114 301.0000
   7.387   1.2444   0.01412   0.00358  -0.0739   0.0594   1.0000 127.2932 301.0000
   7.558   1.2586   0.01444   0.00372  -0.0732   0.0537   1.0000 128.4752 301.0000
   7.643   1.2654   0.01462   0.00381  -0.0728   0.0514   1.0000 128.9717 301.0000
   7.729   1.2728   0.01475   0.00387  -0.0724   0.0493   1.0000 129.4338 301.0000
   7.814   1.2797   0.01491   0.00394  -0.0720   0.0472   1.0000 129.8962 301.0000
   7.899   1.2868   0.01506   0.00401  -0.0716   0.0455   1.0000 130.2944 301.0000
   7.985   1.2935   0.01521   0.00407  -0.0712   0.0437   1.0000 130.6892 301.0000
   8.070   1.2999   0.01537   0.00415  -0.0707   0.0422   1.0000 131.0445 301.0000
   8.156   1.3067   0.01550   0.00421  -0.0702   0.0409   1.0000 131.3684 301.0000
   8.241   1.3132   0.01566   0.00428  -0.0697   0.0396   1.0000 131.6867 301.0000
   8.327   1.3194   0.01584   0.00436  -0.0692   0.0384   1.0000 131.9815 301.0000
   8.412   1.3262   0.01596   0.00442  -0.0688   0.0374   1.0000 132.2314 301.0000
   8.498   1.3328   0.01610   0.00448  -0.0683   0.0363   1.0000 132.5078 301.0000
   8.583   1.3392   0.01626   0.00455  -0.0678   0.0353   1.0000 132.7682 301.0000
   8.668   1.3453   0.01644   0.00464  -0.0673   0.0343   1.0000 133.0099 301.0000
   8.754   1.3520   0.01658   0.00470  -0.0668   0.0336   1.0000 133.2155 301.0000
   8.839   1.3585   0.01672   0.00477  -0.0663   0.0328   1.0000 133.4314 301.0000
   8.925   1.3647   0.01689   0.00484  -0.0659   0.0320   1.0000 133.6401 301.0000
   9.010   1.3708   0.01707   0.00493  -0.0653   0.0313   1.0000 133.8402 301.0000
   9.095   1.3767   0.01726   0.00502  -0.0648   0.0306   1.0000 134.0299 301.0000
   9.181   1.3833   0.01740   0.00509  -0.0643   0.0300   1.0000 134.1892 301.0000
   9.266   1.3896   0.01756   0.00516  -0.0639   0.0294   1.0000 134.3614 301.0000
   9.352   1.3957   0.01773   0.00525  -0.0634   0.0288   1.0000 134.5318 301.0000
   9.437   1.4017   0.01791   0.00534  -0.0628   0.0282   1.0000 134.6946 301.0000
   9.523   1.4073   0.01812   0.00544  -0.0623   0.0277   1.0000 134.8555 301.0000
   9.608   1.4127   0.01834   0.00555  -0.0617   0.0271   1.0000 135.0169 301.0000
   9.694   1.4192   0.01849   0.00562  -0.0612   0.0267   1.0000 135.1404 301.0000
   9.779   1.4254   0.01865   0.00570  -0.0608   0.0262   1.0000 135.2797 301.0000
   9.864   1.4314   0.01882   0.00579  -0.0603   0.0258   1.0000 135.4241 301.0000
   9.950   1.4373   0.01901   0.00588  -0.0598   0.0253   1.0000 135.5652 301.0000
  10.035   1.4429   0.01921   0.00598  -0.0592   0.0249   1.0000 135.6989 301.0000
  10.121   1.4483   0.01942   0.00608  -0.0587   0.0244   1.0000 135.8275 301.0000
  10.206   1.4533   0.01967   0.00621  -0.0581   0.0240   1.0000 135.9594 301.0000
  10.291   1.4588   0.01987   0.00632  -0.0575   0.0237   1.0000 136.0629 301.0000
  10.377   1.4647   0.02006   0.00641  -0.0570   0.0234   1.0000 136.1653 301.0000
  10.462   1.4705   0.02025   0.00651  -0.0565   0.0230   1.0000 136.2715 301.0000
  10.548   1.4760   0.02045   0.00661  -0.0560   0.0227   1.0000 136.3788 301.0000
  10.633   1.4814   0.02066   0.00672  -0.0555   0.0224   1.0000 136.4847 301.0000
  10.719   1.4867   0.02088   0.00683  -0.0549   0.0221   1.0000 136.5868 301.0000
  10.804   1.4917   0.02112   0.00695  -0.0544   0.0218   1.0000 136.6860 301.0000
  10.889   1.4965   0.02137   0.00709  -0.0538   0.0214   1.0000 136.7870 301.0000
  10.975   1.5009   0.02166   0.00724  -0.0531   0.0211   1.0000 136.8952 301.0000
  11.060   1.5047   0.02198   0.00742  -0.0524   0.0208   1.0000 137.0066 301.0000
  11.146   1.5102   0.02218   0.00753  -0.0519   0.0206   1.0000 137.0774 301.0000
  11.231   1.5155   0.02240   0.00765  -0.0514   0.0203   1.0000 137.1596 301.0000
  11.317   1.5206   0.02263   0.00777  -0.0508   0.0201   1.0000 137.2492 301.0000
  11.402   1.5256   0.02287   0.00790  -0.0503   0.0198   1.0000 137.3416 301.0000
  11.487   1.5305   0.02311   0.00803  -0.0498   0.0195   1.0000 137.4347 301.0000
  11.573   1.5352   0.02337   0.00817  -0.0492   0.0193   1.0000 137.5295 301.0000
  11.658   1.5397   0.02364   0.00833  -0.0486   0.0190   1.0000 137.6238 301.0000
  11.744   1.5440   0.02394   0.00849  -0.0480   0.0187   1.0000 137.7182 301.0000
  11.829   1.5478   0.02426   0.00867  -0.0474   0.0184   1.0000 137.8153 301.0000
  11.915   1.5508   0.02464   0.00889  -0.0467   0.0181   1.0000 137.9186 301.0000
  12.000   1.5538   0.02502   0.00912  -0.0459   0.0179   1.0000 138.0149 301.0000
