  
       XFOIL         Version 6.99
  
 Calculated polar for: Repaneled_Airfoil                               
  
 1 1 Reynolds number fixed          Mach number fixed         
  
 xtrf =   1.000 (top)        1.000 (bottom)  
 Mach =   0.000     Re =     1.000 e 6     Ncrit =   9.000  9.000
  
   alpha    CL        CD       CDp       CM     Top_Xtr  Bot_Xtr  Top_Itr  Bot_Itr
  ------ -------- --------- --------- -------- -------- -------- -------- --------
  -5.000  -0.2049   0.00871   0.00137  -0.0575   0.7711   0.0811  48.5793 178.4917
  -4.915  -0.1953   0.00868   0.00134  -0.0575   0.7693   0.0832  48.7765 178.8563
  -4.829  -0.1858   0.00865   0.00132  -0.0574   0.7677   0.0852  48.9647 179.1958
  -4.744  -0.1762   0.00860   0.00130  -0.0574   0.7658   0.0873  49.1783 179.5604
  -4.658  -0.1665   0.00856   0.00128  -0.0574   0.7637   0.0895  49.4067 179.9271
  -4.573  -0.1569   0.00851   0.00126  -0.0574   0.7617   0.0916  49.6342 180.2794
  -4.487  -0.1474   0.00848   0.00124  -0.0573   0.7598   0.0939  49.8480 180.6679
  -4.402  -0.1377   0.00846   0.00122  -0.0573   0.7580   0.0962  50.0493 181.0430
  -4.317  -0.1281   0.00840   0.00120  -0.0573   0.7559   0.0986  50.2815 181.4283
  -4.231  -0.1184   0.00836   0.00118  -0.0573   0.7538   0.1011  50.5172 181.8226
  -4.146  -0.1088   0.00833   0.00116  -0.0573   0.7517   0.1033  50.7465 182.1675
  -4.060  -0.0992   0.00830   0.00114  -0.0572   0.7498   0.1055  50.9580 182.5182
  -3.975  -0.0895   0.00827   0.00113  -0.0572   0.7475   0.1078  51.2073 182.8673
  -3.889  -0.0798   0.00822   0.00111  -0.0572   0.7450   0.1099  51.4785 183.1946
  -3.804  -0.0702   0.00819   0.00109  -0.0572   0.7426   0.1123  51.7450 183.5521
  -3.633  -0.0509   0.00813   0.00106  -0.0572   0.7377   0.1169  52.2817 184.2492
  -3.548  -0.0412   0.00809   0.00104  -0.0571   0.7349   0.1193  52.5859 184.6101
  -3.462  -0.0315   0.00808   0.00102  -0.0571   0.7322   0.1217  52.8701 184.9605
  -3.377  -0.0218   0.00804   0.00101  -0.0571   0.7296   0.1240  53.1559 185.2874
  -3.292  -0.0121   0.00801   0.00100  -0.0571   0.7265   0.1264  53.4805 185.6433
  -3.206  -0.0024   0.00799   0.00098  -0.0571   0.7236   0.1288  53.7912 185.9906
  -3.121   0.0072   0.00796   0.00097  -0.0571   0.7209   0.1312  54.0802 186.3171
  -3.035   0.0170   0.00793   0.00095  -0.0571   0.7177   0.1336  54.4228 186.6633
  -2.950   0.0268   0.00791   0.00094  -0.0571   0.7144   0.1359  54.7716 186.9874
  -2.864   0.0364   0.00788   0.00092  -0.0571   0.7111   0.1380  55.1187 187.2839
  -2.779   0.0461   0.00786   0.00091  -0.0571   0.7070   0.1404  55.5454 187.6049
  -2.693   0.0558   0.00785   0.00089  -0.0570   0.7028   0.1427  55.9831 187.9239
  -2.608   0.0655   0.00782   0.00088  -0.0570   0.6977   0.1448  56.5220 188.2158
  -2.523   0.0751   0.00780   0.00086  -0.0570   0.6919   0.1471  57.1168 188.5163
  -2.437   0.0847   0.00779   0.00084  -0.0570   0.6848   0.1494  57.8533 188.8269
  -2.352   0.0942   0.00778   0.00082  -0.0569   0.6760   0.1514  58.7521 189.1062
  -2.266   0.1035   0.00778   0.00080  -0.0568   0.6641   0.1535  59.9614 189.3778
  -2.181   0.1126   0.00781   0.00078  -0.0567   0.6475   0.1557  61.6250 189.6632
  -2.095   0.1212   0.00789   0.00076  -0.0565   0.6223   0.1577  64.1145 189.9374
  -2.010   0.1292   0.00802   0.00075  -0.0562   0.5848   0.1596  67.7816 190.1858
  -1.925   0.1365   0.00824   0.00078  -0.0558   0.5363   0.1616  72.4425 190.4407
  -1.839   0.1439   0.00849   0.00083  -0.0554   0.4864   0.1637  77.2062 190.7077
  -1.754   0.1516   0.00871   0.00088  -0.0551   0.4447   0.1656  81.1953 190.9634
  -1.668   0.1599   0.00885   0.00092  -0.0549   0.4150   0.1675  84.0600 191.2041
  -1.583   0.1686   0.00895   0.00094  -0.0548   0.3942   0.1695  86.0797 191.4577
  -1.498   0.1775   0.00903   0.00096  -0.0547   0.3794   0.1716  87.5335 191.7242
  -1.412   0.1867   0.00909   0.00097  -0.0546   0.3683   0.1736  88.6251 191.9737
  -1.327   0.1959   0.00913   0.00098  -0.0546   0.3599   0.1755  89.4604 192.2179
  -1.241   0.2052   0.00916   0.00099  -0.0545   0.3532   0.1775  90.1217 192.4739
  -1.156   0.2146   0.00919   0.00100  -0.0545   0.3476   0.1797  90.6813 192.7468
  -0.985   0.2335   0.00922   0.00101  -0.0544   0.3392   0.1841  91.5330 193.2925
  -0.899   0.2429   0.00924   0.00101  -0.0544   0.3357   0.1866  91.8844 193.5941
  -0.814   0.2524   0.00926   0.00102  -0.0544   0.3328   0.1891  92.1749 193.8974
  -0.729   0.2619   0.00926   0.00102  -0.0544   0.3301   0.1914  92.4465 194.1814
  -0.643   0.2713   0.00927   0.00102  -0.0544   0.3277   0.1939  92.6958 194.4821
  -0.558   0.2808   0.00929   0.00102  -0.0543   0.3255   0.1964  92.9201 194.7899
  -0.472   0.2903   0.00929   0.00102  -0.0543   0.3236   0.1990  93.1125 195.0979
  -0.387   0.2998   0.00928   0.00102  -0.0543   0.3218   0.2020  93.2960 195.4563
  -0.301   0.3094   0.00928   0.00102  -0.0543   0.3200   0.2054  93.4734 195.8610
  -0.216   0.3188   0.00927   0.00101  -0.0543   0.3184   0.2095  93.6408 196.3449
  -0.131   0.3282   0.00927   0.00101  -0.0543   0.3169   0.2149  93.7967 196.9715
   0.040   0.3456   0.00892   0.00096  -0.0542   0.3143   0.3250  94.0616 208.8758
   0.126   0.3537   0.00864   0.00098  -0.0541   0.3132   0.4234  94.1758 218.6072
   0.211   0.3629   0.00857   0.00100  -0.0540   0.3120   0.4533  94.2969 221.4895
   0.296   0.3722   0.00854   0.00102  -0.0540   0.3109   0.4739  94.4166 223.4630
   0.467   0.3909   0.00852   0.00106  -0.0540   0.3087   0.5036  94.6430 226.3094
   0.553   0.4003   0.00852   0.00108  -0.0539   0.3076   0.5159  94.7484 227.4833
   0.638   0.4096   0.00852   0.00110  -0.0539   0.3067   0.5273  94.8501 228.5770
   0.724   0.4189   0.00853   0.00112  -0.0539   0.3057   0.5382  94.9512 229.6169
   0.809   0.4283   0.00854   0.00114  -0.0538   0.3048   0.5485  95.0392 230.6072
   0.894   0.4379   0.00853   0.00115  -0.0538   0.3041   0.5583  95.1183 231.5514
   0.980   0.4473   0.00852   0.00117  -0.0538   0.3033   0.5683  95.1995 232.5105
   1.065   0.4568   0.00852   0.00119  -0.0538   0.3025   0.5782  95.2815 233.4645
   1.151   0.4663   0.00852   0.00120  -0.0538   0.3017   0.5874  95.3632 234.3621
   1.236   0.4757   0.00852   0.00122  -0.0538   0.3009   0.5965  95.4440 235.2468
   1.322   0.4851   0.00852   0.00123  -0.0537   0.3002   0.6058  95.5228 236.1513
   1.407   0.4945   0.00853   0.00125  -0.0537   0.2994   0.6153  95.5991 237.0801
   1.578   0.5131   0.00853   0.00128  -0.0536   0.2980   0.6359  95.7450 239.1122
   1.663   0.5222   0.00852   0.00129  -0.0536   0.2974   0.6486  95.8160 240.3789
   1.749   0.5312   0.00849   0.00131  -0.0535   0.2967   0.6663  95.8887 242.1648
   1.834   0.5393   0.00837   0.00132  -0.0533   0.2959   0.7071  95.9637 246.3604
   1.920   0.5444   0.00807   0.00140  -0.0522   0.2954   0.8402  96.0210 261.7145
   2.005   0.5523   0.00803   0.00143  -0.0518   0.2949   0.8702  96.0744 265.7849
   2.091   0.5603   0.00801   0.00146  -0.0514   0.2943   0.8913  96.1324 268.9065
   2.176   0.5684   0.00800   0.00149  -0.0510   0.2938   0.9079  96.1931 271.5461
   2.261   0.5767   0.00800   0.00152  -0.0506   0.2932   0.9214  96.2557 273.8460
   2.347   0.5852   0.00802   0.00154  -0.0503   0.2926   0.9328  96.3189 275.9470
   2.432   0.5940   0.00804   0.00157  -0.0501   0.2920   0.9433  96.3822 278.0200
   2.518   0.6033   0.00806   0.00159  -0.0500   0.2914   0.9526  96.4453 280.0335
   2.603   0.6133   0.00809   0.00161  -0.0500   0.2908   0.9607  96.5077 281.9382
   2.688   0.6240   0.00813   0.00164  -0.0503   0.2902   0.9675  96.5691 283.6739
   2.774   0.6351   0.00818   0.00166  -0.0506   0.2896   0.9731  96.6303 285.2539
   2.859   0.6466   0.00822   0.00169  -0.0510   0.2890   0.9778  96.6895 286.7291
   2.945   0.6584   0.00827   0.00172  -0.0515   0.2885   0.9821  96.7469 288.1722
   3.030   0.6706   0.00833   0.00174  -0.0522   0.2879   0.9858  96.8051 289.5893
   3.116   0.6828   0.00839   0.00178  -0.0528   0.2874   0.9892  96.8645 291.0552
   3.201   0.6953   0.00847   0.00181  -0.0535   0.2866   0.9920  96.9408 292.4472
   3.286   0.7080   0.00853   0.00184  -0.0542   0.2858   0.9941  97.0250 293.6793
   3.372   0.7211   0.00856   0.00186  -0.0550   0.2850   0.9956  97.1128 294.6585
   3.457   0.7339   0.00858   0.00187  -0.0557   0.2839   0.9968  97.2253 295.5903
   3.543   0.7466   0.00861   0.00189  -0.0565   0.2828   0.9979  97.3447 296.6246
   3.628   0.7593   0.00864   0.00191  -0.0572   0.2818   0.9990  97.4565 297.9194
   3.714   0.7722   0.00868   0.00192  -0.0580   0.2807   0.9999  97.5698 300.1312
   3.799   0.7809   0.00872   0.00193  -0.0578   0.2797   1.0000  97.6757 301.0000
   3.884   0.7890   0.00876   0.00193  -0.0576   0.2786   1.0000  97.7896 301.0000
   3.970   0.7968   0.00883   0.00195  -0.0573   0.2773   1.0000  97.9267 301.0000
   4.055   0.8051   0.00887   0.00196  -0.0570   0.2761   1.0000  98.0580 301.0000
   4.141   0.8138   0.00888   0.00195  -0.0569   0.2749   1.0000  98.1821 301.0000
   4.226   0.8225   0.00889   0.00196  -0.0567   0.2738   1.0000  98.3080 301.0000
   4.312   0.8310   0.00892   0.00196  -0.0565   0.2726   1.0000  98.4334 301.0000
   4.397   0.8396   0.00894   0.00196  -0.0563   0.2715   1.0000  98.5492 301.0000
   4.482   0.8480   0.00898   0.00197  -0.0561   0.2704   1.0000  98.6639 301.0000
   4.568   0.8564   0.00902   0.00197  -0.0559   0.2693   1.0000  98.7872 301.0000
   4.653   0.8646   0.00909   0.00199  -0.0557   0.2681   1.0000  98.9193 301.0000
   4.739   0.8731   0.00913   0.00200  -0.0555   0.2669   1.0000  99.0432 301.0000
   4.824   0.8821   0.00915   0.00200  -0.0554   0.2659   1.0000  99.1563 301.0000
   4.910   0.8910   0.00916   0.00200  -0.0553   0.2647   1.0000  99.2838 301.0000
   4.995   0.8999   0.00919   0.00201  -0.0552   0.2634   1.0000  99.4210 301.0000
   5.080   0.9088   0.00921   0.00201  -0.0551   0.2621   1.0000  99.5632 301.0000
   5.166   0.9176   0.00925   0.00201  -0.0550   0.2608   1.0000  99.7038 301.0000
   5.251   0.9263   0.00930   0.00202  -0.0548   0.2596   1.0000  99.8398 301.0000
   5.337   0.9347   0.00937   0.00203  -0.0547   0.2583   1.0000  99.9781 301.0000
   5.422   0.9439   0.00939   0.00204  -0.0546   0.2572   1.0000 100.0999 301.0000
   5.508   0.9531   0.00940   0.00204  -0.0545   0.2558   1.0000 100.2457 301.0000
   5.593   0.9623   0.00942   0.00204  -0.0545   0.2543   1.0000 100.4204 301.0000
   5.678   0.9713   0.00945   0.00204  -0.0544   0.2525   1.0000 100.6154 301.0000
   5.764   0.9802   0.00949   0.00203  -0.0544   0.2506   1.0000 100.8185 301.0000
   5.849   0.9890   0.00955   0.00204  -0.0542   0.2487   1.0000 101.0239 301.0000
   5.935   0.9983   0.00956   0.00203  -0.0542   0.2467   1.0000 101.2529 301.0000
   6.020   1.0075   0.00958   0.00203  -0.0542   0.2442   1.0000 101.5266 301.0000
   6.106   1.0164   0.00963   0.00202  -0.0541   0.2415   1.0000 101.8227 301.0000
   6.191   1.0253   0.00967   0.00202  -0.0541   0.2389   1.0000 102.1197 301.0000
   6.276   1.0345   0.00970   0.00202  -0.0540   0.2357   1.0000 102.4774 301.0000
   6.362   1.0433   0.00976   0.00202  -0.0539   0.2323   1.0000 102.8582 301.0000
   6.447   1.0523   0.00980   0.00203  -0.0539   0.2289   1.0000 103.2476 301.0000
   6.533   1.0613   0.00985   0.00203  -0.0538   0.2237   1.0000 103.8335 301.0000
   6.618   1.0700   0.00992   0.00203  -0.0537   0.2175   1.0000 104.5469 301.0000
   6.704   1.0783   0.01001   0.00204  -0.0536   0.2090   1.0000 105.5415 301.0000
   6.789   1.0855   0.01021   0.00207  -0.0532   0.1901   1.0000 107.7966 301.0000
   6.874   1.0882   0.01080   0.00233  -0.0523   0.1495   1.0000 112.9696 301.0000
   6.960   1.0920   0.01131   0.00261  -0.0515   0.1233   1.0000 116.6202 301.0000
   7.045   1.0976   0.01167   0.00280  -0.0509   0.1067   1.0000 119.1120 301.0000
   7.131   1.1040   0.01195   0.00296  -0.0505   0.0951   1.0000 120.9526 301.0000
   7.216   1.1110   0.01219   0.00308  -0.0501   0.0860   1.0000 122.4650 301.0000
   7.301   1.1183   0.01240   0.00319  -0.0498   0.0789   1.0000 123.6931 301.0000
   7.387   1.1256   0.01260   0.00329  -0.0496   0.0728   1.0000 124.7972 301.0000
   7.472   1.1331   0.01278   0.00339  -0.0493   0.0679   1.0000 125.7230 301.0000
   7.558   1.1408   0.01295   0.00348  -0.0491   0.0636   1.0000 126.5456 301.0000
   7.643   1.1484   0.01312   0.00356  -0.0488   0.0598   1.0000 127.3007 301.0000
   7.814   1.1638   0.01343   0.00373  -0.0484   0.0536   1.0000 128.5799 301.0000
   7.899   1.1715   0.01360   0.00381  -0.0481   0.0512   1.0000 129.1032 301.0000
   7.985   1.1794   0.01373   0.00388  -0.0479   0.0488   1.0000 129.6124 301.0000
   8.070   1.1870   0.01389   0.00397  -0.0477   0.0468   1.0000 130.0654 301.0000
   8.156   1.1949   0.01402   0.00403  -0.0475   0.0450   1.0000 130.4866 301.0000
   8.241   1.2025   0.01418   0.00412  -0.0473   0.0432   1.0000 130.8867 301.0000
   8.327   1.2103   0.01432   0.00419  -0.0471   0.0418   1.0000 131.2333 301.0000
   8.412   1.2180   0.01446   0.00427  -0.0468   0.0404   1.0000 131.5806 301.0000
   8.498   1.2255   0.01463   0.00435  -0.0466   0.0390   1.0000 131.9071 301.0000
   8.583   1.2332   0.01476   0.00442  -0.0464   0.0379   1.0000 132.1905 301.0000
   8.668   1.2410   0.01489   0.00449  -0.0462   0.0367   1.0000 132.4858 301.0000
   8.754   1.2485   0.01505   0.00457  -0.0459   0.0356   1.0000 132.7661 301.0000
   8.839   1.2558   0.01522   0.00466  -0.0457   0.0346   1.0000 133.0232 301.0000
   8.925   1.2636   0.01534   0.00473  -0.0455   0.0338   1.0000 133.2471 301.0000
   9.010   1.2712   0.01548   0.00480  -0.0452   0.0329   1.0000 133.4810 301.0000
   9.095   1.2786   0.01564   0.00489  -0.0450   0.0321   1.0000 133.7038 301.0000
   9.181   1.2856   0.01581   0.00498  -0.0447   0.0313   1.0000 133.9182 301.0000
   9.266   1.2930   0.01596   0.00506  -0.0444   0.0306   1.0000 134.1008 301.0000
   9.352   1.3005   0.01610   0.00514  -0.0442   0.0300   1.0000 134.2804 301.0000
   9.437   1.3078   0.01625   0.00522  -0.0439   0.0293   1.0000 134.4631 301.0000
   9.523   1.3148   0.01641   0.00531  -0.0436   0.0287   1.0000 134.6383 301.0000
   9.608   1.3217   0.01660   0.00540  -0.0433   0.0281   1.0000 134.8075 301.0000
   9.694   1.3280   0.01681   0.00552  -0.0429   0.0275   1.0000 134.9871 301.0000
   9.779   1.3353   0.01694   0.00560  -0.0426   0.0271   1.0000 135.1165 301.0000
   9.864   1.3425   0.01708   0.00567  -0.0423   0.0266   1.0000 135.2602 301.0000
   9.950   1.3495   0.01724   0.00575  -0.0420   0.0261   1.0000 135.4091 301.0000
  10.035   1.3563   0.01740   0.00584  -0.0417   0.0256   1.0000 135.5558 301.0000
  10.121   1.3629   0.01758   0.00594  -0.0413   0.0251   1.0000 135.6941 301.0000
  10.206   1.3692   0.01777   0.00604  -0.0409   0.0247   1.0000 135.8270 301.0000
  10.291   1.3749   0.01800   0.00616  -0.0404   0.0242   1.0000 135.9643 301.0000
  10.377   1.3812   0.01817   0.00626  -0.0400   0.0239   1.0000 136.0695 301.0000
  10.462   1.3873   0.01832   0.00634  -0.0396   0.0236   1.0000 136.1707 301.0000
  10.548   1.3932   0.01848   0.00642  -0.0391   0.0233   1.0000 136.2761 301.0000
  10.633   1.3990   0.01865   0.00651  -0.0386   0.0229   1.0000 136.3813 301.0000
  10.719   1.4045   0.01883   0.00661  -0.0380   0.0226   1.0000 136.4848 301.0000
  10.804   1.4098   0.01902   0.00671  -0.0375   0.0223   1.0000 136.5851 301.0000
  10.889   1.4150   0.01923   0.00681  -0.0369   0.0220   1.0000 136.6821 301.0000
  10.975   1.4198   0.01945   0.00693  -0.0363   0.0217   1.0000 136.7784 301.0000
  11.060   1.4243   0.01970   0.00707  -0.0356   0.0214   1.0000 136.8784 301.0000
  11.146   1.4279   0.02000   0.00724  -0.0349   0.0211   1.0000 136.9848 301.0000
  11.231   1.4331   0.02021   0.00736  -0.0344   0.0209   1.0000 137.0524 301.0000
  11.317   1.4384   0.02040   0.00747  -0.0339   0.0207   1.0000 137.1220 301.0000
  11.402   1.4436   0.02061   0.00759  -0.0333   0.0204   1.0000 137.1977 301.0000
  11.487   1.4486   0.02084   0.00771  -0.0328   0.0202   1.0000 137.2766 301.0000
  11.573   1.4535   0.02107   0.00784  -0.0323   0.0200   1.0000 137.3564 301.0000
  11.658   1.4583   0.02131   0.00798  -0.0318   0.0198   1.0000 137.4354 301.0000
  11.744   1.4629   0.02156   0.00812  -0.0312   0.0195   1.0000 137.5128 301.0000
  11.829   1.4673   0.02182   0.00827  -0.0307   0.0193   1.0000 137.5890 301.0000
  11.915   1.4715   0.02211   0.00843  -0.0301   0.0191   1.0000 137.6642 301.0000
  12.000   1.4754   0.02241   0.00861  -0.0296   0.0189   1.0000 137.7399 301.0000
