  
       XFOIL         Version 6.99
  
 Calculated polar for: Repaneled_Airfoil                               
  
 1 1 Reynolds number fixed          Mach number fixed         
  
 xtrf =   1.000 (top)        1.000 (bottom)  
 Mach =   0.000     Re =     1.000 e 6     Ncrit =   9.000  9.000
  
   alpha    CL        CD       CDp       CM     Top_Xtr  Bot_Xtr  Top_Itr  Bot_Itr
  ------ -------- --------- --------- -------- -------- -------- -------- --------
  -5.000  -0.7681   0.01119   0.00278   0.0468   0.9885   0.0317  11.2535 168.1575
  -4.915  -0.7576   0.01108   0.00272   0.0466   0.9819   0.0324  13.8991 168.3447
  -4.829  -0.7104   0.01112   0.00242   0.0384   0.8065   0.0344  44.5140 168.8808
  -4.744  -0.7032   0.01118   0.00240   0.0389   0.7845   0.0350  47.1243 169.0381
  -4.658  -0.6951   0.01116   0.00238   0.0392   0.7736   0.0357  48.3705 169.2286
  -4.573  -0.6867   0.01113   0.00235   0.0395   0.7649   0.0365  49.3610 169.4343
  -4.487  -0.6781   0.01110   0.00232   0.0397   0.7572   0.0374  50.2181 169.6518
  -4.317  -0.6607   0.01102   0.00226   0.0401   0.7425   0.0392  51.8410 170.1143
  -4.231  -0.6520   0.01097   0.00224   0.0403   0.7345   0.0405  52.7083 170.4088
  -4.146  -0.6432   0.01093   0.00221   0.0405   0.7256   0.0418  53.6669 170.7379
  -4.060  -0.6343   0.01090   0.00218   0.0406   0.7147   0.0431  54.8270 171.0544
  -3.975  -0.6257   0.01085   0.00215   0.0408   0.7001   0.0446  56.3671 171.4002
  -3.889  -0.6172   0.01084   0.00211   0.0411   0.6734   0.0462  59.1227 171.7545
  -3.804  -0.6107   0.01105   0.00203   0.0417   0.5594   0.0474  70.3492 172.0386
  -3.719  -0.6038   0.01128   0.00199   0.0421   0.4529   0.0488  80.5518 172.3440
  -3.633  -0.5953   0.01135   0.00197   0.0422   0.4114   0.0503  84.5586 172.6779
  -3.462  -0.5777   0.01136   0.00192   0.0425   0.3704   0.0532  88.5739 173.2960
  -3.377  -0.5687   0.01134   0.00190   0.0426   0.3585   0.0546  89.7548 173.5844
  -3.292  -0.5597   0.01132   0.00187   0.0428   0.3493   0.0559  90.6717 173.8551
  -3.206  -0.5506   0.01129   0.00184   0.0429   0.3420   0.0571  91.4059 174.1132
  -3.121  -0.5417   0.01125   0.00182   0.0430   0.3359   0.0584  92.0261 174.3816
  -3.035  -0.5326   0.01121   0.00179   0.0431   0.3305   0.0598  92.5711 174.6628
  -2.950  -0.5234   0.01119   0.00177   0.0432   0.3259   0.0612  93.0371 174.9337
  -2.864  -0.5143   0.01114   0.00174   0.0433   0.3219   0.0625  93.4522 175.2080
  -2.779  -0.5052   0.01110   0.00172   0.0434   0.3182   0.0641  93.8354 175.5017
  -2.693  -0.4959   0.01107   0.00170   0.0435   0.3149   0.0657  94.1683 175.8152
  -2.608  -0.4867   0.01103   0.00167   0.0436   0.3118   0.0672  94.4943 176.1166
  -2.523  -0.4776   0.01099   0.00165   0.0437   0.3088   0.0689  94.7966 176.4335
  -2.437  -0.4684   0.01096   0.00163   0.0438   0.3062   0.0707  95.0670 176.7746
  -2.352  -0.4591   0.01092   0.00161   0.0439   0.3037   0.0725  95.3292 177.1009
  -2.266  -0.4499   0.01088   0.00160   0.0440   0.3012   0.0744  95.5852 177.4435
  -2.181  -0.4406   0.01085   0.00158   0.0440   0.2990   0.0764  95.8225 177.8097
  -2.095  -0.4313   0.01082   0.00156   0.0441   0.2969   0.0783  96.0368 178.1516
  -2.010  -0.4221   0.01077   0.00155   0.0442   0.2950   0.0804  96.2385 178.5154
  -1.925  -0.4127   0.01075   0.00153   0.0443   0.2930   0.0825  96.4458 178.8943
  -1.839  -0.4034   0.01071   0.00151   0.0443   0.2911   0.0846  96.6449 179.2501
  -1.754  -0.3941   0.01068   0.00150   0.0444   0.2893   0.0869  96.8328 179.6451
  -1.668  -0.3848   0.01066   0.00148   0.0445   0.2876   0.0893  97.0112 180.0460
  -1.583  -0.3755   0.01061   0.00147   0.0445   0.2861   0.0918  97.1759 180.4687
  -1.498  -0.3661   0.01058   0.00146   0.0446   0.2844   0.0945  97.3508 180.9132
  -1.412  -0.3568   0.01054   0.00145   0.0447   0.2828   0.0972  97.5226 181.3373
  -1.327  -0.3474   0.01051   0.00143   0.0447   0.2813   0.1001  97.6872 181.8041
  -1.241  -0.3381   0.01048   0.00142   0.0448   0.2798   0.1030  97.8442 182.2586
  -1.156  -0.3288   0.01046   0.00141   0.0449   0.2783   0.1062  98.0002 182.7711
  -1.070  -0.3194   0.01041   0.00139   0.0449   0.2770   0.1096  98.1392 183.2837
  -0.985  -0.3100   0.01037   0.00138   0.0450   0.2756   0.1134  98.2919 183.8685
  -0.899  -0.3007   0.01033   0.00136   0.0450   0.2741   0.1175  98.4495 184.4715
  -0.814  -0.2913   0.01028   0.00135   0.0451   0.2727   0.1221  98.6044 185.1550
  -0.729  -0.2821   0.01024   0.00133   0.0452   0.2713   0.1278  98.7537 185.9741
  -0.558  -0.2641   0.01008   0.00126   0.0454   0.2687   0.1501  99.0374 189.0671
  -0.472  -0.2636   0.00889   0.00090   0.0465   0.2680   0.3710  99.1136 213.6222
  -0.387  -0.2565   0.00857   0.00084   0.0468   0.2668   0.4271  99.2380 219.0910
  -0.301  -0.2484   0.00839   0.00081   0.0470   0.2656   0.4615  99.3708 222.3999
  -0.216  -0.2397   0.00826   0.00079   0.0472   0.2644   0.4863  99.5047 224.7721
  -0.131  -0.2308   0.00817   0.00078   0.0473   0.2632   0.5058  99.6341 226.6295
  -0.045  -0.2218   0.00811   0.00078   0.0474   0.2620   0.5218  99.7598 228.1567
   0.040  -0.2127   0.00805   0.00077   0.0475   0.2608   0.5358  99.8857 229.4991
   0.126  -0.2035   0.00801   0.00077   0.0475   0.2597   0.5481 100.0145 230.6760
   0.211  -0.1941   0.00796   0.00077   0.0476   0.2586   0.5586 100.1258 231.6853
   0.296  -0.1846   0.00792   0.00077   0.0476   0.2576   0.5676 100.2456 232.5515
   0.382  -0.1751   0.00789   0.00077   0.0476   0.2565   0.5759 100.3664 233.3444
   0.467  -0.1656   0.00786   0.00077   0.0477   0.2554   0.5839 100.4864 234.1258
   0.553  -0.1561   0.00783   0.00076   0.0477   0.2543   0.5921 100.6043 234.9184
   0.638  -0.1467   0.00780   0.00076   0.0477   0.2532   0.6006 100.7178 235.7429
   0.724  -0.1373   0.00777   0.00076   0.0478   0.2522   0.6093 100.8291 236.5928
   0.809  -0.1280   0.00775   0.00076   0.0478   0.2512   0.6181 100.9439 237.4517
   0.894  -0.1185   0.00772   0.00075   0.0478   0.2502   0.6266 101.0499 238.2935
   0.980  -0.1090   0.00768   0.00075   0.0479   0.2493   0.6352 101.1535 239.1413
   1.065  -0.0995   0.00764   0.00075   0.0479   0.2483   0.6437 101.2651 239.9821
   1.151  -0.0900   0.00760   0.00074   0.0479   0.2473   0.6516 101.3797 240.7798
   1.236  -0.0806   0.00756   0.00074   0.0479   0.2462   0.6596 101.4934 241.5810
   1.322  -0.0712   0.00752   0.00073   0.0480   0.2452   0.6685 101.6054 242.4814
   1.407  -0.0620   0.00746   0.00072   0.0480   0.2443   0.6799 101.7132 243.6390
   1.492  -0.0531   0.00737   0.00071   0.0482   0.2433   0.6971 101.8171 245.4073
   1.578  -0.0449   0.00723   0.00073   0.0485   0.2424   0.7301 101.9197 248.8961
   1.663  -0.0367   0.00717   0.00083   0.0488   0.2415   0.7716 102.0200 253.4744
   1.749  -0.0273   0.00719   0.00089   0.0489   0.2407   0.7894 102.1061 255.5259
   1.834  -0.0176   0.00721   0.00093   0.0490   0.2399   0.7988 102.2016 256.6323
   1.920  -0.0078   0.00723   0.00097   0.0490   0.2390   0.8053 102.3014 257.4140
   2.005   0.0020   0.00726   0.00099   0.0489   0.2381   0.8105 102.4021 258.0457
   2.091   0.0118   0.00729   0.00102   0.0489   0.2372   0.8144 102.5007 258.5183
   2.176   0.0217   0.00732   0.00104   0.0489   0.2364   0.8183 102.5980 259.0010
   2.261   0.0313   0.00736   0.00108   0.0489   0.2355   0.8214 102.6924 259.3839
   2.347   0.0411   0.00740   0.00110   0.0489   0.2347   0.8250 102.7860 259.8361
   2.432   0.0507   0.00744   0.00113   0.0489   0.2338   0.8280 102.8822 260.2133
   2.518   0.0603   0.00750   0.00117   0.0490   0.2329   0.8311 102.9899 260.6039
   2.603   0.0702   0.00753   0.00119   0.0489   0.2321   0.8343 103.0729 261.0158
   2.688   0.0799   0.00756   0.00123   0.0490   0.2313   0.8366 103.1639 261.3042
   2.774   0.0896   0.00759   0.00126   0.0490   0.2305   0.8390 103.2630 261.6260
   2.859   0.0995   0.00763   0.00128   0.0489   0.2296   0.8418 103.3653 261.9808
   2.945   0.1091   0.00766   0.00132   0.0490   0.2287   0.8437 103.4654 262.2308
   3.030   0.1188   0.00770   0.00136   0.0490   0.2279   0.8459 103.5622 262.5229
   3.116   0.1286   0.00774   0.00138   0.0490   0.2270   0.8486 103.6553 262.8759
   3.201   0.1381   0.00778   0.00142   0.0490   0.2263   0.8507 103.7437 263.1651
   3.286   0.1476   0.00783   0.00146   0.0491   0.2255   0.8527 103.8301 263.4327
   3.372   0.1572   0.00789   0.00149   0.0491   0.2247   0.8548 103.9213 263.7073
   3.457   0.1669   0.00795   0.00152   0.0491   0.2239   0.8567 104.0149 263.9650
   3.543   0.1766   0.00797   0.00155   0.0491   0.2232   0.8578 104.0888 264.1140
   3.628   0.1863   0.00800   0.00157   0.0491   0.2225   0.8587 104.1722 264.2430
   3.714   0.1961   0.00802   0.00160   0.0491   0.2217   0.8597 104.2610 264.3761
   3.799   0.2058   0.00805   0.00162   0.0491   0.2210   0.8607 104.3504 264.5149
   3.884   0.2156   0.00808   0.00164   0.0490   0.2202   0.8617 104.4373 264.6612
   3.970   0.2255   0.00811   0.00166   0.0490   0.2195   0.8628 104.5222 264.8144
   4.055   0.2354   0.00815   0.00167   0.0489   0.2188   0.8640 104.6056 264.9731
   4.141   0.2450   0.00818   0.00169   0.0489   0.2180   0.8648 104.6891 265.0835
   4.226   0.2546   0.00822   0.00171   0.0489   0.2173   0.8655 104.7736 265.1898
   4.312   0.2642   0.00826   0.00174   0.0489   0.2165   0.8663 104.8624 265.3032
   4.397   0.2737   0.00832   0.00176   0.0489   0.2157   0.8672 104.9635 265.4302
   4.482   0.2834   0.00836   0.00179   0.0489   0.2149   0.8682 105.0487 265.5708
   4.568   0.2932   0.00838   0.00181   0.0488   0.2142   0.8693 105.1315 265.7223
   4.653   0.3031   0.00841   0.00182   0.0488   0.2135   0.8704 105.2218 265.8799
   4.739   0.3130   0.00844   0.00184   0.0487   0.2127   0.8715 105.3136 266.0251
   4.824   0.3225   0.00847   0.00187   0.0487   0.2119   0.8722 105.4045 266.1249
   4.910   0.3321   0.00850   0.00189   0.0487   0.2112   0.8729 105.4928 266.2320
   4.995   0.3418   0.00853   0.00191   0.0487   0.2104   0.8737 105.5765 266.3451
   5.080   0.3514   0.00857   0.00193   0.0487   0.2098   0.8745 105.6551 266.4653
   5.166   0.3611   0.00861   0.00195   0.0487   0.2091   0.8754 105.7329 266.5912
   5.251   0.3708   0.00865   0.00197   0.0486   0.2084   0.8763 105.8133 266.7196
   5.337   0.3804   0.00871   0.00199   0.0486   0.2077   0.8772 105.9018 266.8447
   5.422   0.3900   0.00878   0.00201   0.0485   0.2068   0.8780 106.0026 266.9634
   5.508   0.3998   0.00879   0.00203   0.0485   0.2062   0.8786 106.0735 267.0474
   5.593   0.4096   0.00881   0.00205   0.0485   0.2055   0.8790 106.1583 267.1186
   5.678   0.4193   0.00883   0.00207   0.0484   0.2047   0.8795 106.2565 267.1906
   5.764   0.4290   0.00885   0.00208   0.0484   0.2038   0.8800 106.3659 267.2646
   5.849   0.4388   0.00887   0.00209   0.0483   0.2028   0.8806 106.4811 267.3418
   5.935   0.4485   0.00889   0.00210   0.0483   0.2018   0.8811 106.5986 267.4246
   6.020   0.4583   0.00892   0.00210   0.0482   0.2008   0.8817 106.7219 267.5150
   6.106   0.4679   0.00896   0.00210   0.0482   0.1997   0.8824 106.8505 267.6126
   6.191   0.4774   0.00902   0.00212   0.0481   0.1985   0.8831 106.9870 267.7158
   6.276   0.4873   0.00904   0.00213   0.0480   0.1976   0.8838 107.0947 267.8241
   6.362   0.4973   0.00905   0.00213   0.0479   0.1967   0.8846 107.2139 267.9405
   6.447   0.5071   0.00907   0.00214   0.0479   0.1956   0.8853 107.3411 268.0393
   6.533   0.5167   0.00909   0.00216   0.0478   0.1945   0.8858 107.4693 268.1216
   6.618   0.5263   0.00912   0.00217   0.0478   0.1935   0.8864 107.5952 268.2084
   6.704   0.5358   0.00915   0.00217   0.0478   0.1925   0.8870 107.7219 268.2964
   6.789   0.5454   0.00919   0.00218   0.0478   0.1913   0.8876 107.8566 268.3849
   6.874   0.5548   0.00925   0.00219   0.0477   0.1901   0.8881 108.0108 268.4709
   6.960   0.5647   0.00926   0.00220   0.0477   0.1889   0.8887 108.1499 268.5518
   7.045   0.5746   0.00927   0.00220   0.0476   0.1876   0.8892 108.3118 268.6302
   7.131   0.5844   0.00929   0.00220   0.0475   0.1863   0.8897 108.4724 268.7084
   7.216   0.5942   0.00931   0.00220   0.0474   0.1851   0.8902 108.6271 268.7889
   7.301   0.6040   0.00935   0.00220   0.0473   0.1838   0.8908 108.7781 268.8730
   7.387   0.6136   0.00940   0.00221   0.0472   0.1826   0.8914 108.9308 268.9629
   7.472   0.6233   0.00944   0.00222   0.0471   0.1814   0.8919 109.0757 269.0387
   7.558   0.6330   0.00945   0.00223   0.0471   0.1802   0.8923 109.2288 269.1052
   7.643   0.6426   0.00947   0.00225   0.0470   0.1789   0.8928 109.3926 269.1762
   7.729   0.6522   0.00950   0.00225   0.0470   0.1776   0.8932 109.5580 269.2525
   7.814   0.6617   0.00953   0.00226   0.0470   0.1762   0.8938 109.7251 269.3340
   7.899   0.6712   0.00958   0.00227   0.0469   0.1749   0.8943 109.8943 269.4207
   7.985   0.6807   0.00962   0.00228   0.0469   0.1735   0.8949 110.0644 269.5100
   8.070   0.6905   0.00964   0.00229   0.0468   0.1721   0.8955 110.2506 269.6022
   8.156   0.7002   0.00968   0.00230   0.0467   0.1704   0.8961 110.4587 269.6959
   8.241   0.7098   0.00972   0.00230   0.0466   0.1687   0.8967 110.6744 269.7901
   8.327   0.7194   0.00977   0.00231   0.0465   0.1671   0.8973 110.8877 269.8812
   8.412   0.7292   0.00981   0.00232   0.0464   0.1655   0.8978 111.0923 269.9653
   8.498   0.7388   0.00984   0.00233   0.0463   0.1637   0.8983 111.3142 270.0334
   8.583   0.7483   0.00988   0.00235   0.0463   0.1619   0.8986 111.5500 270.0937
   8.668   0.7577   0.00993   0.00236   0.0463   0.1601   0.8990 111.7902 270.1572
   8.754   0.7670   0.00999   0.00238   0.0463   0.1583   0.8995 112.0226 270.2241
   8.839   0.7766   0.01002   0.00240   0.0462   0.1563   0.8999 112.2830 270.2945
   8.925   0.7861   0.01006   0.00241   0.0461   0.1539   0.9004 112.6008 270.3719
   9.010   0.7954   0.01013   0.00243   0.0461   0.1514   0.9009 112.9285 270.4561
   9.095   0.8049   0.01018   0.00245   0.0461   0.1491   0.9015 113.2473 270.5445
   9.181   0.8143   0.01024   0.00247   0.0460   0.1463   0.9020 113.6241 270.6344
   9.266   0.8235   0.01033   0.00249   0.0459   0.1434   0.9026 114.0106 270.7247
   9.352   0.8331   0.01039   0.00252   0.0459   0.1402   0.9032 114.4596 270.8140
   9.437   0.8423   0.01049   0.00255   0.0458   0.1363   0.9037 114.9918 270.9059
   9.608   0.8606   0.01068   0.00263   0.0457   0.1264   0.9047 116.3889 271.0633
   9.694   0.8693   0.01082   0.00270   0.0458   0.1211   0.9051 117.1686 271.1357
   9.779   0.8779   0.01097   0.00278   0.0458   0.1146   0.9056 118.1258 271.2150
   9.864   0.8863   0.01115   0.00288   0.0459   0.1073   0.9062 119.2369 271.3022
   9.950   0.8946   0.01135   0.00300   0.0459   0.1007   0.9067 120.2661 271.3930
  10.035   0.9029   0.01155   0.00313   0.0460   0.0936   0.9073 121.4160 271.4920
  10.121   0.9111   0.01177   0.00327   0.0461   0.0870   0.9080 122.5165 271.5997
  10.206   0.9195   0.01198   0.00340   0.0461   0.0813   0.9087 123.4981 271.7202
  10.291   0.9278   0.01220   0.00354   0.0462   0.0755   0.9095 124.5367 271.8500
  10.377   0.9362   0.01242   0.00368   0.0462   0.0703   0.9103 125.4787 271.9842
  10.462   0.9442   0.01262   0.00382   0.0463   0.0660   0.9109 126.2966 272.0861
  10.548   0.9522   0.01283   0.00397   0.0464   0.0617   0.9115 127.1379 272.1881
  10.719   0.9685   0.01321   0.00423   0.0466   0.0546   0.9128 128.5939 272.4022
  10.804   0.9768   0.01341   0.00436   0.0467   0.0518   0.9134 129.1967 272.5087
  10.889   0.9852   0.01359   0.00449   0.0467   0.0488   0.9140 129.8416 272.6117
  10.975   0.9936   0.01376   0.00461   0.0467   0.0463   0.9146 130.4023 272.7078
  11.060   1.0020   0.01396   0.00474   0.0467   0.0440   0.9151 130.9373 272.7958
  11.146   1.0106   0.01413   0.00485   0.0467   0.0421   0.9156 131.3788 272.8743
  11.231   1.0191   0.01431   0.00497   0.0467   0.0403   0.9160 131.8016 272.9478
  11.317   1.0277   0.01448   0.00509   0.0467   0.0389   0.9164 132.1631 273.0123
  11.402   1.0362   0.01462   0.00519   0.0467   0.0374   0.9166 132.5406 273.0621
  11.487   1.0444   0.01480   0.00531   0.0467   0.0359   0.9170 132.9008 273.1147
  11.573   1.0528   0.01496   0.00542   0.0468   0.0348   0.9173 133.1979 273.1682
  11.658   1.0613   0.01511   0.00553   0.0468   0.0337   0.9176 133.4887 273.2233
  11.744   1.0695   0.01528   0.00564   0.0468   0.0327   0.9179 133.7613 273.2818
  11.829   1.0777   0.01547   0.00578   0.0469   0.0317   0.9183 134.0133 273.3440
  11.915   1.0862   0.01561   0.00588   0.0469   0.0310   0.9186 134.2244 273.4067
  12.000   1.0946   0.01577   0.00599   0.0469   0.0302   0.9190 134.4468 273.4727
