  
       XFOIL         Version 6.99
  
 Calculated polar for: Repaneled_Airfoil                               
  
 1 1 Reynolds number fixed          Mach number fixed         
  
 xtrf =   1.000 (top)        1.000 (bottom)  
 Mach =   0.000     Re =     1.000 e 6     Ncrit =   9.000  9.000
  
   alpha    CL        CD       CDp       CM     Top_Xtr  Bot_Xtr  Top_Itr  Bot_Itr
  ------ -------- --------- --------- -------- -------- -------- -------- --------
  -5.000  -0.5822   0.01143   0.00270  -0.0314   0.7531   0.0290  50.7980 167.5942
  -4.915  -0.5729   0.01137   0.00265  -0.0314   0.7521   0.0296  50.9141 167.7571
  -4.829  -0.5636   0.01130   0.00260  -0.0313   0.7510   0.0301  51.0303 167.9110
  -4.744  -0.5542   0.01122   0.00255  -0.0313   0.7499   0.0307  51.1553 168.0646
  -4.658  -0.5449   0.01113   0.00250  -0.0313   0.7487   0.0314  51.2852 168.2461
  -4.573  -0.5355   0.01105   0.00245  -0.0312   0.7475   0.0321  51.4153 168.4331
  -4.487  -0.5262   0.01098   0.00240  -0.0312   0.7464   0.0328  51.5404 168.6254
  -4.402  -0.5168   0.01091   0.00236  -0.0312   0.7453   0.0335  51.6597 168.8146
  -4.317  -0.5073   0.01086   0.00232  -0.0311   0.7442   0.0341  51.7777 168.9865
  -4.231  -0.4980   0.01078   0.00227  -0.0311   0.7431   0.0349  51.8971 169.1804
  -4.146  -0.4887   0.01072   0.00223  -0.0311   0.7421   0.0357  52.0180 169.3893
  -4.060  -0.4793   0.01064   0.00218  -0.0310   0.7408   0.0366  52.1517 169.6075
  -3.975  -0.4698   0.01058   0.00215  -0.0310   0.7395   0.0374  52.2968 169.8212
  -3.889  -0.4603   0.01053   0.00211  -0.0310   0.7381   0.0381  52.4487 170.0088
  -3.804  -0.4510   0.01044   0.00206  -0.0310   0.7367   0.0391  52.6013 170.2328
  -3.719  -0.4416   0.01038   0.00202  -0.0309   0.7353   0.0400  52.7504 170.4674
  -3.633  -0.4322   0.01032   0.00198  -0.0309   0.7340   0.0410  52.8925 170.7104
  -3.548  -0.4228   0.01027   0.00194  -0.0308   0.7328   0.0420  53.0292 170.9422
  -3.462  -0.4133   0.01020   0.00190  -0.0308   0.7314   0.0430  53.1777 171.1875
  -3.377  -0.4039   0.01012   0.00187  -0.0308   0.7299   0.0442  53.3383 171.4667
  -3.292  -0.3944   0.01007   0.00184  -0.0308   0.7283   0.0457  53.5054 171.7936
  -3.206  -0.3850   0.01001   0.00180  -0.0307   0.7268   0.0471  53.6722 172.1325
  -3.121  -0.3756   0.00995   0.00177  -0.0307   0.7253   0.0490  53.8359 172.5357
  -3.035  -0.3662   0.00992   0.00174  -0.0307   0.7238   0.0508  53.9949 172.9435
  -2.950  -0.3568   0.00984   0.00171  -0.0307   0.7222   0.0528  54.1666 173.3587
  -2.864  -0.3473   0.00978   0.00169  -0.0306   0.7205   0.0549  54.3504 173.7996
  -2.779  -0.3378   0.00972   0.00166  -0.0306   0.7187   0.0569  54.5390 174.2128
  -2.693  -0.3284   0.00967   0.00164  -0.0306   0.7170   0.0590  54.7254 174.6454
  -2.608  -0.3188   0.00964   0.00162  -0.0306   0.7153   0.0609  54.9035 175.0345
  -2.523  -0.3095   0.00958   0.00159  -0.0305   0.7136   0.0628  55.0807 175.4127
  -2.437  -0.2999   0.00952   0.00157  -0.0305   0.7117   0.0647  55.2793 175.7794
  -2.352  -0.2903   0.00948   0.00154  -0.0305   0.7098   0.0663  55.4843 176.0796
  -2.266  -0.2809   0.00941   0.00151  -0.0304   0.7079   0.0679  55.6863 176.3752
  -2.181  -0.2715   0.00937   0.00148  -0.0304   0.7060   0.0695  55.8829 176.6867
  -2.095  -0.2619   0.00934   0.00145  -0.0304   0.7041   0.0711  56.0809 176.9886
  -2.010  -0.2525   0.00927   0.00142  -0.0303   0.7020   0.0729  56.3039 177.3077
  -1.925  -0.2429   0.00922   0.00140  -0.0303   0.6998   0.0747  56.5328 177.6490
  -1.839  -0.2333   0.00919   0.00138  -0.0303   0.6977   0.0766  56.7526 177.9786
  -1.754  -0.2240   0.00915   0.00135  -0.0302   0.6957   0.0784  56.9619 178.3085
  -1.668  -0.2144   0.00910   0.00133  -0.0302   0.6936   0.0805  57.1848 178.6660
  -1.498  -0.1953   0.00902   0.00128  -0.0302   0.6890   0.0844  57.6561 179.3433
  -1.412  -0.1859   0.00899   0.00126  -0.0301   0.6869   0.0865  57.8718 179.7017
  -1.327  -0.1763   0.00897   0.00124  -0.0301   0.6849   0.0886  58.0820 180.0526
  -1.241  -0.1667   0.00890   0.00123  -0.0301   0.6825   0.0908  58.3283 180.4241
  -1.156  -0.1570   0.00886   0.00121  -0.0301   0.6800   0.0931  58.5882 180.8077
  -1.070  -0.1475   0.00882   0.00118  -0.0301   0.6776   0.0952  58.8387 181.1479
  -0.985  -0.1378   0.00877   0.00116  -0.0301   0.6750   0.0974  59.1022 181.5032
  -0.899  -0.1275   0.00866   0.00115  -0.0302   0.6607   0.0997  60.5603 181.8681
  -0.729  -0.1082   0.00851   0.00104  -0.0301   0.6505   0.1040  61.5934 182.5389
  -0.643  -0.0986   0.00846   0.00098  -0.0301   0.6442   0.1063  62.2221 182.8964
  -0.558  -0.0892   0.00842   0.00094  -0.0301   0.6376   0.1085  62.8786 183.2362
  -0.472  -0.0798   0.00840   0.00091  -0.0300   0.6311   0.1109  63.5329 183.6079
  -0.387  -0.0703   0.00840   0.00089  -0.0300   0.6249   0.1133  64.1450 183.9695
  -0.301  -0.0609   0.00838   0.00087  -0.0299   0.6189   0.1157  64.7393 184.3177
  -0.216  -0.0515   0.00837   0.00086  -0.0299   0.6135   0.1182  65.2669 184.6937
  -0.131  -0.0420   0.00837   0.00085  -0.0298   0.6082   0.1206  65.7865 185.0490
  -0.045  -0.0325   0.00835   0.00084  -0.0298   0.6036   0.1231  66.2464 185.4117
   0.040  -0.0230   0.00835   0.00083  -0.0298   0.5989   0.1258  66.7039 185.7939
   0.126  -0.0135   0.00834   0.00082  -0.0297   0.5948   0.1282  67.1072 186.1417
   0.211  -0.0039   0.00832   0.00082  -0.0297   0.5904   0.1308  67.5266 186.5100
   0.296   0.0056   0.00832   0.00081  -0.0297   0.5864   0.1335  67.9173 186.8840
   0.382   0.0152   0.00831   0.00080  -0.0297   0.5826   0.1360  68.2929 187.2310
   0.467   0.0247   0.00829   0.00079  -0.0296   0.5786   0.1387  68.6761 187.6085
   0.553   0.0343   0.00830   0.00079  -0.0296   0.5751   0.1414  69.0181 187.9791
   0.638   0.0439   0.00827   0.00078  -0.0296   0.5715   0.1441  69.3667 188.3431
   0.724   0.0535   0.00826   0.00077  -0.0296   0.5680   0.1470  69.7087 188.7326
   0.809   0.0630   0.00826   0.00077  -0.0296   0.5648   0.1497  70.0131 189.0949
   0.894   0.0727   0.00824   0.00076  -0.0295   0.5615   0.1526  70.3309 189.4798
   0.980   0.0823   0.00823   0.00075  -0.0295   0.5582   0.1556  70.6501 189.8740
   1.065   0.0918   0.00822   0.00075  -0.0295   0.5552   0.1584  70.9427 190.2436
   1.151   0.1015   0.00821   0.00074  -0.0295   0.5522   0.1616  71.2353 190.6630
   1.236   0.1112   0.00820   0.00074  -0.0295   0.5490   0.1648  71.5418 191.0773
   1.322   0.1207   0.00818   0.00073  -0.0295   0.5460   0.1683  71.8324 191.5169
   1.407   0.1303   0.00818   0.00073  -0.0295   0.5432   0.1718  72.1026 191.9684
   1.492   0.1400   0.00816   0.00072  -0.0295   0.5401   0.1754  72.3943 192.4098
   1.578   0.1496   0.00815   0.00072  -0.0295   0.5371   0.1792  72.6865 192.8829
   1.663   0.1591   0.00814   0.00071  -0.0294   0.5343   0.1828  72.9583 193.3296
   1.749   0.1688   0.00812   0.00071  -0.0294   0.5313   0.1868  73.2403 193.8269
   1.834   0.1784   0.00811   0.00070  -0.0294   0.5282   0.1909  73.5404 194.3269
   1.920   0.1880   0.00810   0.00070  -0.0294   0.5252   0.1956  73.8282 194.8902
   2.005   0.1975   0.00808   0.00069  -0.0294   0.5224   0.2005  74.0968 195.4700
   2.091   0.2072   0.00806   0.00068  -0.0294   0.5193   0.2061  74.3916 196.1332
   2.176   0.2167   0.00804   0.00068  -0.0294   0.5163   0.2129  74.6840 196.9354
   2.261   0.2262   0.00801   0.00067  -0.0293   0.5135   0.2212  74.9522 197.8947
   2.347   0.2356   0.00797   0.00066  -0.0293   0.5107   0.2321  75.2214 199.1362
   2.518   0.2539   0.00779   0.00065  -0.0292   0.5050   0.2852  75.7697 204.9202
   2.603   0.2621   0.00757   0.00063  -0.0290   0.5025   0.3575  76.0081 212.3150
   2.688   0.2697   0.00725   0.00061  -0.0288   0.4998   0.4544  76.2655 221.7505
   2.774   0.2761   0.00679   0.00060  -0.0284   0.4971   0.6033  76.5271 236.0389
   2.859   0.2852   0.00672   0.00057  -0.0283   0.4942   0.6402  76.8043 239.6669
   2.945   0.2938   0.00658   0.00054  -0.0281   0.4915   0.6576  77.0597 241.4142
   3.030   0.2976   0.00610   0.00062  -0.0269   0.4890   0.8213  77.3038 259.4128
   3.116   0.3060   0.00608   0.00067  -0.0265   0.4860   0.8493  77.5915 263.0083
   3.201   0.3148   0.00610   0.00070  -0.0262   0.4831   0.8650  77.8662 265.1448
   3.286   0.3237   0.00612   0.00073  -0.0260   0.4804   0.8768  78.1248 266.8285
   3.372   0.3326   0.00614   0.00076  -0.0257   0.4775   0.8860  78.4067 268.1878
   3.457   0.3416   0.00617   0.00079  -0.0255   0.4745   0.8933  78.6861 269.2900
   3.543   0.3506   0.00621   0.00081  -0.0253   0.4719   0.8990  78.9441 270.1864
   3.628   0.3598   0.00623   0.00083  -0.0251   0.4691   0.9038  79.2051 270.9526
   3.714   0.3690   0.00626   0.00085  -0.0249   0.4662   0.9074  79.4879 271.5425
   3.799   0.3782   0.00629   0.00087  -0.0248   0.4633   0.9110  79.7660 272.1337
   3.884   0.3872   0.00633   0.00089  -0.0246   0.4607   0.9142  80.0203 272.6725
   3.970   0.3965   0.00635   0.00090  -0.0245   0.4578   0.9172  80.2961 273.1895
   4.055   0.4056   0.00638   0.00092  -0.0243   0.4548   0.9200  80.5820 273.6794
   4.141   0.4147   0.00641   0.00093  -0.0241   0.4520   0.9226  80.8551 274.1440
   4.226   0.4238   0.00644   0.00095  -0.0239   0.4493   0.9250  81.1124 274.5656
   4.312   0.4331   0.00647   0.00096  -0.0238   0.4464   0.9276  81.3966 275.0468
   4.397   0.4420   0.00650   0.00098  -0.0236   0.4434   0.9297  81.6790 275.4329
   4.482   0.4510   0.00654   0.00099  -0.0234   0.4407   0.9320  81.9438 275.8616
   4.568   0.4602   0.00657   0.00100  -0.0232   0.4379   0.9338  82.2157 276.2069
   4.653   0.4693   0.00659   0.00102  -0.0231   0.4348   0.9356  82.5153 276.5529
   4.739   0.4784   0.00663   0.00103  -0.0229   0.4317   0.9377  82.8102 276.9536
   4.824   0.4873   0.00667   0.00104  -0.0227   0.4289   0.9393  83.0825 277.2732
   4.910   0.4963   0.00669   0.00105  -0.0225   0.4258   0.9411  83.3815 277.6464
   4.995   0.5054   0.00673   0.00106  -0.0224   0.4227   0.9431  83.6845 278.0478
   5.080   0.5141   0.00677   0.00108  -0.0221   0.4199   0.9446  83.9611 278.3658
   5.166   0.5231   0.00679   0.00109  -0.0219   0.4170   0.9464  84.2432 278.7457
   5.251   0.5321   0.00683   0.00110  -0.0217   0.4139   0.9481  84.5392 279.1052
   5.337   0.5408   0.00686   0.00111  -0.0215   0.4110   0.9495  84.8184 279.4100
   5.422   0.5498   0.00690   0.00112  -0.0213   0.4084   0.9511  85.0754 279.7454
   5.508   0.5590   0.00693   0.00113  -0.0212   0.4055   0.9525  85.3567 280.0682
   5.593   0.5679   0.00696   0.00114  -0.0210   0.4026   0.9537  85.6411 280.3292
   5.678   0.5768   0.00700   0.00115  -0.0208   0.3999   0.9550  85.9093 280.6255
   5.764   0.5859   0.00703   0.00116  -0.0207   0.3972   0.9565  86.1718 280.9845
   5.849   0.5947   0.00706   0.00117  -0.0204   0.3943   0.9578  86.4536 281.2810
   5.935   0.6034   0.00710   0.00119  -0.0202   0.3915   0.9593  86.7326 281.6457
   6.020   0.6121   0.00714   0.00120  -0.0200   0.3888   0.9610  86.9906 282.0514
   6.106   0.6208   0.00717   0.00121  -0.0197   0.3861   0.9623  87.2561 282.3760
   6.191   0.6297   0.00720   0.00122  -0.0195   0.3834   0.9638  87.5291 282.7558
   6.276   0.6385   0.00724   0.00123  -0.0193   0.3807   0.9652  87.7869 283.1158
   6.362   0.6473   0.00729   0.00124  -0.0191   0.3783   0.9663  88.0229 283.4209
   6.447   0.6564   0.00731   0.00125  -0.0190   0.3758   0.9676  88.2752 283.7668
   6.533   0.6654   0.00734   0.00126  -0.0188   0.3731   0.9690  88.5438 284.1272
   6.618   0.6742   0.00738   0.00127  -0.0186   0.3703   0.9702  88.8196 284.4881
   6.704   0.6829   0.00743   0.00129  -0.0184   0.3675   0.9719  89.1000 284.9668
   6.789   0.6921   0.00746   0.00130  -0.0182   0.3642   0.9731  89.4223 285.3196
   6.874   0.7011   0.00751   0.00131  -0.0181   0.3609   0.9745  89.7515 285.7359
   6.960   0.7101   0.00756   0.00132  -0.0180   0.3578   0.9759  90.0618 286.1624
   7.045   0.7197   0.00759   0.00133  -0.0179   0.3545   0.9772  90.3909 286.5701
   7.131   0.7290   0.00764   0.00134  -0.0178   0.3515   0.9788  90.6995 287.0892
   7.301   0.7486   0.00773   0.00137  -0.0179   0.3454   0.9816  91.3118 288.0583
   7.387   0.7592   0.00778   0.00139  -0.0181   0.3416   0.9825  91.6890 288.3911
   7.472   0.7693   0.00785   0.00141  -0.0182   0.3380   0.9836  92.0545 288.7686
   7.558   0.7795   0.00789   0.00142  -0.0184   0.3341   0.9844  92.4492 289.0776
   7.643   0.7899   0.00795   0.00143  -0.0186   0.3302   0.9848  92.8442 289.2520
   7.729   0.8003   0.00800   0.00145  -0.0188   0.3267   0.9853  93.2038 289.4385
   7.814   0.8107   0.00805   0.00146  -0.0189   0.3229   0.9858  93.5972 289.6510
   7.899   0.8205   0.00812   0.00148  -0.0190   0.3193   0.9865  93.9655 289.9356
   7.985   0.8311   0.00816   0.00149  -0.0193   0.3157   0.9870  94.3331 290.1088
   8.070   0.8417   0.00822   0.00151  -0.0195   0.3119   0.9873  94.7288 290.2640
   8.156   0.8522   0.00829   0.00153  -0.0197   0.3084   0.9877  95.0878 290.4437
   8.241   0.8627   0.00833   0.00154  -0.0200   0.3050   0.9882  95.4439 290.6440
   8.327   0.8729   0.00840   0.00156  -0.0201   0.3017   0.9888  95.7802 290.8994
   8.412   0.8833   0.00846   0.00158  -0.0204   0.2989   0.9892  96.0781 291.0967
   8.498   0.8941   0.00851   0.00160  -0.0207   0.2956   0.9895  96.4195 291.2436
   8.583   0.9047   0.00858   0.00162  -0.0209   0.2920   0.9899  96.7958 291.4192
   8.668   0.9152   0.00864   0.00164  -0.0212   0.2886   0.9903  97.1618 291.6278
   8.754   0.9258   0.00870   0.00166  -0.0214   0.2846   0.9908  97.5808 291.8698
   8.925   0.9472   0.00884   0.00171  -0.0220   0.2769   0.9915  98.4022 292.2170
   9.010   0.9580   0.00892   0.00173  -0.0223   0.2730   0.9918  98.8251 292.3788
   9.095   0.9687   0.00899   0.00176  -0.0226   0.2691   0.9921  99.2379 292.5717
   9.181   0.9793   0.00907   0.00179  -0.0229   0.2646   0.9926  99.7234 292.8000
   9.266   0.9898   0.00915   0.00182  -0.0231   0.2603   0.9930 100.1963 293.0575
   9.352   1.0006   0.00923   0.00184  -0.0234   0.2550   0.9933 100.7711 293.2247
   9.437   1.0112   0.00931   0.00187  -0.0237   0.2499   0.9936 101.3339 293.4317
   9.523   1.0216   0.00942   0.00191  -0.0240   0.2443   0.9941 101.9544 293.6906
   9.608   1.0319   0.00951   0.00195  -0.0242   0.2382   0.9946 102.6376 294.0053
   9.694   1.0424   0.00962   0.00199  -0.0245   0.2309   0.9949 103.4653 294.2239
   9.779   1.0525   0.00977   0.00204  -0.0247   0.2213   0.9953 104.5602 294.4962
   9.864   1.0622   0.00994   0.00211  -0.0249   0.2103   0.9958 105.8371 294.8582
   9.950   1.0715   0.01018   0.00221  -0.0251   0.1939   0.9963 107.7946 295.2465
  10.035   1.0800   0.01053   0.00236  -0.0252   0.1721   0.9969 110.4888 295.7316
  10.121   1.0878   0.01096   0.00259  -0.0252   0.1475   0.9975 113.6936 296.3315
  10.206   1.0955   0.01142   0.00283  -0.0252   0.1245   0.9982 116.9060 297.0500
  10.291   1.1038   0.01181   0.00305  -0.0253   0.1057   0.9989 119.7073 297.8702
  10.377   1.1124   0.01215   0.00324  -0.0254   0.0919   0.9995 121.9119 298.8838
  10.462   1.1211   0.01242   0.00339  -0.0254   0.0823   1.0000 123.5506 301.0000
  10.548   1.1247   0.01259   0.00348  -0.0244   0.0763   1.0000 124.6082 301.0000
  10.633   1.1284   0.01276   0.00356  -0.0233   0.0714   1.0000 125.4897 301.0000
  10.719   1.1325   0.01291   0.00363  -0.0223   0.0674   1.0000 126.2412 301.0000
  10.889   1.1421   0.01321   0.00377  -0.0207   0.0602   1.0000 127.6599 301.0000
  10.975   1.1479   0.01336   0.00385  -0.0200   0.0572   1.0000 128.2665 301.0000
  11.060   1.1542   0.01352   0.00393  -0.0195   0.0544   1.0000 128.8480 301.0000
  11.146   1.1612   0.01367   0.00401  -0.0191   0.0519   1.0000 129.3791 301.0000
  11.231   1.1682   0.01383   0.00409  -0.0187   0.0493   1.0000 129.9262 301.0000
  11.317   1.1755   0.01398   0.00417  -0.0184   0.0472   1.0000 130.4118 301.0000
  11.402   1.1827   0.01415   0.00426  -0.0181   0.0451   1.0000 130.8864 301.0000
  11.487   1.1901   0.01429   0.00434  -0.0178   0.0433   1.0000 131.2975 301.0000
  11.573   1.1975   0.01445   0.00442  -0.0175   0.0416   1.0000 131.7066 301.0000
  11.658   1.2048   0.01462   0.00451  -0.0172   0.0400   1.0000 132.0738 301.0000
  11.744   1.2126   0.01476   0.00458  -0.0170   0.0386   1.0000 132.4387 301.0000
  11.829   1.2199   0.01492   0.00467  -0.0167   0.0371   1.0000 132.8035 301.0000
  11.915   1.2273   0.01508   0.00476  -0.0164   0.0359   1.0000 133.1198 301.0000
  12.000   1.2349   0.01522   0.00483  -0.0161   0.0347   1.0000 133.4291 301.0000
