  
       XFOIL         Version 6.99
  
 Calculated polar for: Repaneled_Airfoil                               
  
 1 1 Reynolds number fixed          Mach number fixed         
  
 xtrf =   1.000 (top)        1.000 (bottom)  
 Mach =   0.000     Re =     1.000 e 6     Ncrit =   9.000  9.000
  
   alpha    CL        CD       CDp       CM     Top_Xtr  Bot_Xtr  Top_Itr  Bot_Itr
  ------ -------- --------- --------- -------- -------- -------- -------- --------
  -5.000  -0.5940   0.04720   0.03671  -0.0719   0.7110   0.0049  55.8022 158.4431
  -4.915  -0.5936   0.04479   0.03426  -0.0732   0.7102   0.0049  55.8794 158.4280
  -4.829  -0.5929   0.04243   0.03184  -0.0743   0.7095   0.0049  55.9597 158.4163
  -4.744  -0.5912   0.04026   0.02963  -0.0752   0.7088   0.0049  56.0330 158.4152
  -4.658  -0.5896   0.03795   0.02733  -0.0760   0.7081   0.0049  56.1022 158.4115
  -4.573  -0.5870   0.03590   0.02529  -0.0766   0.7074   0.0049  56.1848 158.4196
  -4.487  -0.5842   0.03390   0.02329  -0.0771   0.7065   0.0049  56.2764 158.4309
  -4.402  -0.5809   0.03203   0.02143  -0.0775   0.7056   0.0049  56.3767 158.4489
  -4.317  -0.5768   0.03038   0.01979  -0.0778   0.7045   0.0050  56.4869 158.4773
  -4.231  -0.5725   0.02880   0.01822  -0.0780   0.7034   0.0050  56.6018 158.5102
  -4.146  -0.5676   0.02737   0.01681  -0.0781   0.7023   0.0051  56.7213 158.5513
  -4.060  -0.5622   0.02610   0.01553  -0.0782   0.7011   0.0052  56.8443 158.6006
  -3.975  -0.5566   0.02494   0.01434  -0.0783   0.6999   0.0052  56.9745 158.6609
  -3.889  -0.5505   0.02378   0.01322  -0.0784   0.6988   0.0054  57.0876 158.7393
  -3.804  -0.5439   0.02272   0.01222  -0.0784   0.6976   0.0055  57.2190 158.8273
  -3.719  -0.5370   0.02178   0.01134  -0.0785   0.6962   0.0056  57.3689 158.9087
  -3.633  -0.5298   0.02095   0.01055  -0.0785   0.6946   0.0058  57.5294 158.9943
  -3.548  -0.5239   0.01957   0.00922  -0.0785   0.6932   0.0067  57.6823 159.5558
  -3.462  -0.5169   0.01858   0.00826  -0.0785   0.6917   0.0082  57.8427 160.3657
  -3.377  -0.5086   0.01825   0.00787  -0.0786   0.6900   0.0085  58.0174 160.5361
  -3.292  -0.4997   0.01779   0.00752  -0.0786   0.6886   0.0088  58.1601 160.6787
  -3.206  -0.4908   0.01744   0.00723  -0.0787   0.6869   0.0090  58.3317 160.7856
  -3.121  -0.4818   0.01716   0.00699  -0.0787   0.6851   0.0092  58.5184 160.8735
  -3.035  -0.4728   0.01694   0.00679  -0.0787   0.6834   0.0093  58.7051 160.9487
  -2.950  -0.4639   0.01676   0.00660  -0.0787   0.6818   0.0095  58.8826 161.0231
  -2.864  -0.4550   0.01652   0.00635  -0.0787   0.6805   0.0097  59.0302 161.1387
  -2.779  -0.4457   0.01610   0.00604  -0.0788   0.6791   0.0100  59.1742 161.2750
  -2.693  -0.4361   0.01568   0.00576  -0.0789   0.6762   0.0103  59.5048 161.4236
  -2.608  -0.4257   0.01518   0.00544  -0.0792   0.6460   0.0107  62.6163 161.5879
  -2.523  -0.4165   0.01494   0.00522  -0.0792   0.6390   0.0110  63.3227 161.7493
  -2.437  -0.4073   0.01474   0.00503  -0.0792   0.6319   0.0114  64.0376 161.9190
  -2.352  -0.3982   0.01453   0.00485  -0.0792   0.6249   0.0118  64.7345 162.1209
  -2.266  -0.3890   0.01432   0.00466  -0.0792   0.6189   0.0125  65.3405 162.3868
  -2.181  -0.3798   0.01413   0.00449  -0.0792   0.6133   0.0132  65.8978 162.6812
  -2.095  -0.3705   0.01395   0.00434  -0.0792   0.6084   0.0139  66.3852 162.9935
  -2.010  -0.3612   0.01380   0.00420  -0.0793   0.6038   0.0149  66.8421 163.3572
  -1.925  -0.3518   0.01367   0.00409  -0.0793   0.5996   0.0156  67.2512 163.6493
  -1.839  -0.3423   0.01356   0.00400  -0.0793   0.5955   0.0162  67.6590 163.8568
  -1.754  -0.3328   0.01347   0.00391  -0.0793   0.5919   0.0166  68.0181 164.0095
  -1.668  -0.3234   0.01332   0.00378  -0.0794   0.5883   0.0171  68.3696 164.2118
  -1.583  -0.3140   0.01318   0.00366  -0.0794   0.5849   0.0178  68.7090 164.4383
  -1.498  -0.3046   0.01306   0.00356  -0.0794   0.5818   0.0184  69.0087 164.6718
  -1.412  -0.2950   0.01294   0.00347  -0.0794   0.5788   0.0191  69.3062 164.8996
  -1.327  -0.2855   0.01282   0.00337  -0.0795   0.5758   0.0198  69.5990 165.1401
  -1.241  -0.2761   0.01270   0.00326  -0.0795   0.5731   0.0207  69.8669 165.4320
  -1.156  -0.2666   0.01259   0.00317  -0.0795   0.5706   0.0216  70.1111 165.7312
  -0.985  -0.2475   0.01237   0.00300  -0.0796   0.5655   0.0235  70.6032 166.3357
  -0.899  -0.2379   0.01229   0.00293  -0.0796   0.5633   0.0245  70.8251 166.6478
  -0.814  -0.2283   0.01222   0.00287  -0.0796   0.5612   0.0253  71.0245 166.8963
  -0.729  -0.2186   0.01213   0.00280  -0.0796   0.5592   0.0260  71.2255 167.1083
  -0.643  -0.2090   0.01202   0.00272  -0.0797   0.5571   0.0269  71.4259 167.3624
  -0.558  -0.1994   0.01193   0.00265  -0.0797   0.5551   0.0278  71.6194 167.6256
  -0.472  -0.1898   0.01185   0.00259  -0.0797   0.5533   0.0287  71.8018 167.8768
  -0.387  -0.1802   0.01177   0.00253  -0.0797   0.5515   0.0296  71.9706 168.1232
  -0.301  -0.1706   0.01167   0.00247  -0.0797   0.5498   0.0306  72.1372 168.4162
  -0.216  -0.1609   0.01159   0.00241  -0.0798   0.5481   0.0317  72.3102 168.7141
  -0.131  -0.1512   0.01153   0.00237  -0.0798   0.5463   0.0327  72.4832 168.9807
  -0.045  -0.1416   0.01144   0.00231  -0.0798   0.5446   0.0338  72.6499 169.2620
   0.040  -0.1320   0.01138   0.00226  -0.0798   0.5429   0.0349  72.8079 169.5547
   0.126  -0.1223   0.01132   0.00221  -0.0798   0.5414   0.0360  72.9554 169.8274
   0.211  -0.1126   0.01127   0.00217  -0.0798   0.5399   0.0369  73.1015 170.0597
   0.296  -0.1029   0.01118   0.00212  -0.0798   0.5384   0.0380  73.2555 170.3295
   0.382  -0.0933   0.01111   0.00208  -0.0798   0.5368   0.0392  73.4110 170.6080
   0.467  -0.0836   0.01105   0.00204  -0.0798   0.5352   0.0403  73.5634 170.8735
   0.553  -0.0739   0.01099   0.00200  -0.0798   0.5337   0.0413  73.7121 171.1211
   0.638  -0.0643   0.01093   0.00196  -0.0798   0.5322   0.0425  73.8558 171.3931
   0.724  -0.0547   0.01088   0.00192  -0.0798   0.5307   0.0436  73.9950 171.6617
   0.809  -0.0449   0.01083   0.00189  -0.0798   0.5292   0.0447  74.1412 171.9069
   0.894  -0.0351   0.01077   0.00186  -0.0798   0.5276   0.0457  74.2972 172.1369
   0.980  -0.0255   0.01071   0.00182  -0.0798   0.5260   0.0469  74.4549 172.3906
   1.065  -0.0158   0.01066   0.00179  -0.0798   0.5244   0.0482  74.6091 172.6856
   1.151  -0.0060   0.01063   0.00177  -0.0798   0.5229   0.0498  74.7567 173.0288
   1.236   0.0035   0.01056   0.00174  -0.0798   0.5215   0.0518  74.8954 173.4614
   1.322   0.0132   0.01053   0.00172  -0.0797   0.5201   0.0540  75.0287 173.9160
   1.407   0.0229   0.01047   0.00171  -0.0798   0.5187   0.0562  75.1665 174.3639
   1.492   0.0327   0.01045   0.00171  -0.0798   0.5172   0.0584  75.3082 174.8156
   1.578   0.0424   0.01041   0.00170  -0.0798   0.5158   0.0603  75.4469 175.1898
   1.663   0.0521   0.01037   0.00170  -0.0797   0.5145   0.0621  75.5784 175.5385
   1.749   0.0618   0.01035   0.00168  -0.0797   0.5132   0.0635  75.7031 175.8192
   1.834   0.0716   0.01032   0.00165  -0.0797   0.5119   0.0646  75.8221 176.0210
   1.920   0.0811   0.01026   0.00162  -0.0796   0.5108   0.0658  75.9363 176.2576
   2.005   0.0908   0.01021   0.00160  -0.0796   0.5096   0.0670  76.0497 176.4817
   2.091   0.1006   0.01018   0.00158  -0.0796   0.5083   0.0683  76.1712 176.7147
   2.176   0.1104   0.01015   0.00156  -0.0796   0.5070   0.0695  76.2981 176.9369
   2.261   0.1201   0.01009   0.00153  -0.0795   0.5057   0.0707  76.4264 177.1712
   2.347   0.1298   0.01005   0.00152  -0.0795   0.5044   0.0721  76.5523 177.4083
   2.432   0.1395   0.01001   0.00150  -0.0794   0.5032   0.0734  76.6739 177.6504
   2.518   0.1492   0.00999   0.00147  -0.0794   0.5019   0.0747  76.7924 177.8798
   2.603   0.1588   0.00996   0.00144  -0.0793   0.5007   0.0758  76.9093 178.0873
   2.688   0.1684   0.00991   0.00143  -0.0793   0.4995   0.0771  77.0250 178.2989
   2.774   0.1782   0.00988   0.00142  -0.0792   0.4983   0.0783  77.1478 178.5124
   2.859   0.1880   0.00986   0.00140  -0.0792   0.4969   0.0795  77.2786 178.7302
   2.945   0.1978   0.00984   0.00138  -0.0792   0.4956   0.0807  77.4131 178.9370
   3.030   0.2075   0.00980   0.00136  -0.0791   0.4942   0.0820  77.5463 179.1513
   3.116   0.2171   0.00977   0.00135  -0.0791   0.4929   0.0833  77.6755 179.3669
   3.201   0.2268   0.00975   0.00134  -0.0790   0.4916   0.0846  77.7996 179.5897
   3.286   0.2364   0.00975   0.00133  -0.0789   0.4903   0.0859  77.9192 179.8141
   3.457   0.2558   0.00969   0.00131  -0.0788   0.4879   0.0885  78.1545 180.2402
   3.543   0.2656   0.00967   0.00130  -0.0788   0.4867   0.0898  78.2769 180.4543
   3.628   0.2754   0.00966   0.00130  -0.0787   0.4854   0.0911  78.3989 180.6733
   3.714   0.2852   0.00965   0.00128  -0.0787   0.4842   0.0925  78.5185 180.8884
   3.799   0.2948   0.00963   0.00127  -0.0786   0.4830   0.0937  78.6331 181.0938
   3.884   0.3044   0.00961   0.00127  -0.0786   0.4819   0.0951  78.7431 181.3046
   3.970   0.3141   0.00960   0.00126  -0.0785   0.4808   0.0964  78.8501 181.5170
   4.055   0.3237   0.00960   0.00125  -0.0784   0.4797   0.0978  78.9557 181.7295
   4.141   0.3335   0.00960   0.00124  -0.0783   0.4786   0.0990  79.0599 181.9273
   4.226   0.3432   0.00957   0.00123  -0.0783   0.4775   0.1003  79.1688 182.1261
   4.312   0.3530   0.00955   0.00124  -0.0782   0.4763   0.1016  79.2828 182.3259
   4.397   0.3627   0.00954   0.00124  -0.0782   0.4751   0.1029  79.3993 182.5305
   4.482   0.3725   0.00953   0.00123  -0.0781   0.4739   0.1043  79.5156 182.7413
   4.568   0.3822   0.00953   0.00121  -0.0780   0.4727   0.1056  79.6293 182.9385
   4.653   0.3918   0.00952   0.00121  -0.0779   0.4716   0.1069  79.7395 183.1331
   4.739   0.4014   0.00951   0.00121  -0.0779   0.4705   0.1081  79.8469 183.3199
   4.824   0.4110   0.00951   0.00120  -0.0778   0.4694   0.1093  79.9536 183.5046
   4.910   0.4207   0.00951   0.00120  -0.0777   0.4683   0.1106  80.0593 183.6975
   4.995   0.4306   0.00951   0.00119  -0.0776   0.4672   0.1119  80.1724 183.8908
   5.080   0.4404   0.00949   0.00118  -0.0776   0.4659   0.1131  80.2919 184.0721
   5.166   0.4500   0.00947   0.00119  -0.0775   0.4647   0.1144  80.4148 184.2547
   5.251   0.4598   0.00947   0.00119  -0.0774   0.4634   0.1157  80.5374 184.4397
   5.337   0.4695   0.00947   0.00119  -0.0773   0.4622   0.1171  80.6562 184.6413
   5.422   0.4791   0.00948   0.00118  -0.0772   0.4610   0.1185  80.7711 184.8479
   5.508   0.4888   0.00949   0.00117  -0.0771   0.4598   0.1197  80.8834 185.0318
   5.593   0.4982   0.00949   0.00117  -0.0770   0.4587   0.1211  80.9956 185.2279
   5.678   0.5080   0.00948   0.00118  -0.0770   0.4576   0.1224  81.1046 185.4093
   5.764   0.5178   0.00948   0.00118  -0.0769   0.4564   0.1237  81.2229 185.5941
   5.849   0.5276   0.00948   0.00117  -0.0768   0.4551   0.1250  81.3447 185.7780
   5.935   0.5373   0.00948   0.00116  -0.0767   0.4538   0.1262  81.4679 185.9448
   6.020   0.5469   0.00947   0.00116  -0.0766   0.4526   0.1274  81.5877 186.1115
   6.106   0.5565   0.00947   0.00116  -0.0765   0.4514   0.1285  81.7035 186.2745
   6.191   0.5661   0.00948   0.00116  -0.0764   0.4503   0.1297  81.8152 186.4390
   6.276   0.5757   0.00950   0.00116  -0.0763   0.4492   0.1310  81.9241 186.6157
   6.362   0.5853   0.00951   0.00116  -0.0762   0.4481   0.1323  82.0323 186.7994
   6.447   0.5951   0.00952   0.00115  -0.0761   0.4469   0.1335  82.1425 186.9665
   6.533   0.6048   0.00950   0.00115  -0.0760   0.4457   0.1348  82.2598 187.1417
   6.618   0.6145   0.00950   0.00116  -0.0759   0.4445   0.1361  82.3806 187.3110
   6.704   0.6242   0.00950   0.00116  -0.0758   0.4432   0.1374  82.5019 187.4872
   6.789   0.6339   0.00951   0.00116  -0.0757   0.4420   0.1388  82.6201 187.6802
   6.874   0.6435   0.00953   0.00116  -0.0756   0.4409   0.1402  82.7342 187.8738
   6.960   0.6531   0.00955   0.00115  -0.0755   0.4397   0.1415  82.8436 188.0476
   7.045   0.6625   0.00955   0.00116  -0.0754   0.4387   0.1428  82.9499 188.2234
   7.131   0.6721   0.00956   0.00116  -0.0753   0.4376   0.1440  83.0532 188.3842
   7.216   0.6819   0.00956   0.00117  -0.0752   0.4365   0.1453  83.1602 188.5481
   7.301   0.6916   0.00957   0.00116  -0.0751   0.4354   0.1466  83.2724 188.7186
   7.387   0.7013   0.00958   0.00116  -0.0750   0.4342   0.1478  83.3876 188.8844
   7.472   0.7110   0.00959   0.00115  -0.0748   0.4330   0.1490  83.5029 189.0359
   7.558   0.7205   0.00959   0.00116  -0.0747   0.4319   0.1502  83.6160 189.1978
   7.643   0.7301   0.00960   0.00116  -0.0746   0.4307   0.1514  83.7268 189.3530
   7.729   0.7396   0.00962   0.00116  -0.0745   0.4296   0.1527  83.8354 189.5184
   7.814   0.7490   0.00965   0.00116  -0.0743   0.4285   0.1540  83.9438 189.6960
   7.899   0.7586   0.00967   0.00116  -0.0742   0.4274   0.1554  84.0494 189.8765
   7.985   0.7684   0.00968   0.00116  -0.0741   0.4263   0.1567  84.1571 190.0444
   8.070   0.7780   0.00967   0.00117  -0.0740   0.4252   0.1581  84.2694 190.2205
   8.156   0.7876   0.00968   0.00117  -0.0738   0.4240   0.1594  84.3834 190.3899
   8.241   0.7972   0.00970   0.00118  -0.0737   0.4229   0.1608  84.4964 190.5666
   8.327   0.8068   0.00972   0.00118  -0.0736   0.4217   0.1623  84.6071 190.7470
   8.412   0.8163   0.00974   0.00117  -0.0734   0.4206   0.1636  84.7148 190.9182
   8.498   0.8258   0.00976   0.00117  -0.0733   0.4196   0.1649  84.8196 191.0828
   8.583   0.8351   0.00979   0.00118  -0.0731   0.4185   0.1662  84.9234 191.2491
   8.668   0.8445   0.00981   0.00119  -0.0729   0.4175   0.1676  85.0262 191.4155
   8.754   0.8542   0.00982   0.00119  -0.0728   0.4164   0.1690  85.1272 191.5916
   8.839   0.8639   0.00983   0.00119  -0.0727   0.4154   0.1704  85.2352 191.7684
   8.925   0.8735   0.00985   0.00119  -0.0726   0.4142   0.1717  85.3467 191.9334
   9.010   0.8831   0.00986   0.00119  -0.0724   0.4131   0.1730  85.4598 192.0948
   9.095   0.8926   0.00987   0.00120  -0.0723   0.4119   0.1743  85.5711 192.2563
   9.181   0.9021   0.00989   0.00120  -0.0721   0.4108   0.1757  85.6794 192.4199
   9.266   0.9115   0.00992   0.00120  -0.0720   0.4098   0.1771  85.7846 192.5928
   9.352   0.9208   0.00996   0.00120  -0.0718   0.4087   0.1786  85.8885 192.7760
   9.437   0.9301   0.01000   0.00120  -0.0716   0.4076   0.1800  85.9939 192.9563
   9.523   0.9397   0.01001   0.00121  -0.0714   0.4066   0.1816  86.0931 193.1449
   9.608   0.9493   0.01002   0.00122  -0.0713   0.4056   0.1831  86.1998 193.3315
   9.694   0.9589   0.01003   0.00122  -0.0712   0.4044   0.1847  86.3113 193.5241
   9.779   0.9684   0.01006   0.00123  -0.0710   0.4033   0.1864  86.4251 193.7231
   9.864   0.9779   0.01008   0.00123  -0.0708   0.4021   0.1879  86.5379 193.9128
   9.950   0.9872   0.01011   0.00123  -0.0707   0.4010   0.1894  86.6481 194.0864
  10.035   0.9966   0.01013   0.00124  -0.0705   0.3999   0.1909  86.7554 194.2601
  10.121   1.0058   0.01017   0.00124  -0.0703   0.3989   0.1924  86.8609 194.4419
  10.206   1.0150   0.01022   0.00125  -0.0701   0.3978   0.1941  86.9679 194.6407
  10.291   1.0245   0.01024   0.00125  -0.0699   0.3968   0.1958  87.0667 194.8501
  10.377   1.0340   0.01026   0.00125  -0.0697   0.3958   0.1975  87.1682 195.0443
  10.462   1.0435   0.01027   0.00126  -0.0696   0.3947   0.1992  87.2741 195.2465
  10.548   1.0529   0.01029   0.00127  -0.0694   0.3935   0.2009  87.3903 195.4492
  10.633   1.0623   0.01032   0.00127  -0.0692   0.3922   0.2027  87.5215 195.6592
  10.719   1.0716   0.01036   0.00127  -0.0690   0.3908   0.2045  87.6599 195.8689
  10.804   1.0808   0.01040   0.00127  -0.0688   0.3894   0.2062  87.7995 196.0682
  10.889   1.0898   0.01045   0.00128  -0.0686   0.3879   0.2080  87.9438 196.2752
  10.975   1.0991   0.01047   0.00128  -0.0684   0.3865   0.2099  88.0824 196.5003
  11.060   1.1087   0.01049   0.00128  -0.0682   0.3851   0.2121  88.2252 196.7469
  11.146   1.1182   0.01051   0.00128  -0.0680   0.3836   0.2143  88.3780 196.9973
  11.231   1.1275   0.01054   0.00128  -0.0679   0.3818   0.2166  88.5519 197.2644
  11.317   1.1367   0.01057   0.00128  -0.0676   0.3800   0.2191  88.7343 197.5535
  11.402   1.1456   0.01063   0.00128  -0.0674   0.3782   0.2217  88.9129 197.8480
  11.487   1.1548   0.01066   0.00129  -0.0672   0.3766   0.2242  89.0784 198.1320
  11.573   1.1643   0.01068   0.00129  -0.0670   0.3749   0.2269  89.2416 198.4329
  11.658   1.1736   0.01070   0.00129  -0.0668   0.3732   0.2298  89.4117 198.7612
  11.744   1.1828   0.01074   0.00129  -0.0666   0.3714   0.2328  89.5977 199.1011
  11.829   1.1918   0.01078   0.00129  -0.0663   0.3695   0.2364  89.7841 199.5010
  11.915   1.2006   0.01085   0.00130  -0.0661   0.3677   0.2405  89.9665 199.9569
  12.000   1.2100   0.01086   0.00130  -0.0659   0.3655   0.2460  90.1822 200.5533
