  
       XFOIL         Version 6.99
  
 Calculated polar for: Repaneled_Airfoil                               
  
 1 1 Reynolds number fixed          Mach number fixed         
  
 xtrf =   1.000 (top)        1.000 (bottom)  
 Mach =   0.000     Re =     1.000 e 6     Ncrit =   9.000  9.000
  
   alpha    CL        CD       CDp       CM     Top_Xtr  Bot_Xtr  Top_Itr  Bot_Itr
  ------ -------- --------- --------- -------- -------- -------- -------- --------
  -5.000  -0.9803   0.01377   0.00347   0.0303   0.7141   0.0341  54.9516 169.1616
  -4.915  -0.9722   0.01367   0.00342   0.0305   0.7112   0.0350  55.2506 169.3906
  -4.829  -0.9639   0.01358   0.00337   0.0307   0.7085   0.0360  55.5417 169.6363
  -4.744  -0.9555   0.01351   0.00333   0.0310   0.7059   0.0369  55.8155 169.8802
  -4.658  -0.9472   0.01342   0.00328   0.0312   0.7035   0.0379  56.0633 170.1219
  -4.573  -0.9390   0.01332   0.00322   0.0314   0.7012   0.0390  56.3088 170.4034
  -4.487  -0.9307   0.01323   0.00318   0.0317   0.6989   0.0402  56.5500 170.7037
  -4.402  -0.9222   0.01315   0.00314   0.0319   0.6967   0.0414  56.7768 170.9926
  -4.317  -0.9140   0.01305   0.00308   0.0321   0.6947   0.0428  56.9815 171.3283
  -4.231  -0.9056   0.01296   0.00304   0.0323   0.6927   0.0444  57.1881 171.6925
  -4.060  -0.8888   0.01277   0.00295   0.0328   0.6888   0.0477  57.5987 172.4453
  -3.975  -0.8803   0.01269   0.00291   0.0330   0.6869   0.0496  57.7880 172.8640
  -3.889  -0.8720   0.01259   0.00286   0.0332   0.6852   0.0515  57.9637 173.2739
  -3.804  -0.8635   0.01249   0.00281   0.0334   0.6835   0.0537  58.1433 173.7407
  -3.719  -0.8551   0.01239   0.00277   0.0336   0.6817   0.0559  58.3293 174.2162
  -3.633  -0.8466   0.01229   0.00272   0.0338   0.6799   0.0586  58.5115 174.7657
  -3.548  -0.8382   0.01219   0.00268   0.0340   0.6782   0.0613  58.6854 175.3160
  -3.462  -0.8298   0.01210   0.00263   0.0342   0.6766   0.0645  58.8502 175.9313
  -3.377  -0.8215   0.01200   0.00258   0.0345   0.6751   0.0677  59.0065 176.5499
  -3.292  -0.8130   0.01189   0.00253   0.0347   0.6734   0.0712  59.1749 177.2147
  -3.206  -0.8046   0.01178   0.00249   0.0349   0.6717   0.0754  59.3475 177.9787
  -3.121  -0.7963   0.01167   0.00244   0.0351   0.6701   0.0801  59.5166 178.8120
  -3.035  -0.7880   0.01155   0.00238   0.0353   0.6685   0.0852  59.6789 179.6947
  -2.950  -0.7799   0.01143   0.00233   0.0356   0.6669   0.0913  59.8342 180.7239
  -2.864  -0.7718   0.01131   0.00227   0.0358   0.6655   0.0984  59.9851 181.8813
  -2.779  -0.7637   0.01115   0.00221   0.0361   0.6637   0.1065  60.1653 183.1547
  -2.693  -0.7558   0.01098   0.00214   0.0364   0.6617   0.1167  60.3694 184.7078
  -2.608  -0.7482   0.01079   0.00206   0.0367   0.6596   0.1285  60.5774 186.4179
  -2.523  -0.7407   0.01059   0.00198   0.0370   0.6577   0.1428  60.7742 188.4061
  -2.437  -0.7335   0.01038   0.00190   0.0374   0.6560   0.1599  60.9486 190.6835
  -2.352  -0.7261   0.01017   0.00184   0.0377   0.6540   0.1775  61.1452 192.9338
  -2.266  -0.7181   0.01002   0.00180   0.0380   0.6518   0.1922  61.3731 194.7380
  -2.181  -0.7095   0.00991   0.00178   0.0382   0.6495   0.2041  61.5985 196.1540
  -2.095  -0.7007   0.00984   0.00177   0.0383   0.6474   0.2123  61.8075 197.1166
  -1.925  -0.6826   0.00971   0.00175   0.0386   0.6430   0.2248  62.2525 198.5489
  -1.839  -0.6732   0.00967   0.00174   0.0386   0.6404   0.2294  62.5093 199.0729
  -1.754  -0.6641   0.00962   0.00172   0.0387   0.6381   0.2335  62.7471 199.5339
  -1.668  -0.6548   0.00959   0.00171   0.0388   0.6359   0.2371  62.9630 199.9449
  -1.583  -0.6456   0.00953   0.00170   0.0389   0.6331   0.2402  63.2413 200.2933
  -1.498  -0.6362   0.00949   0.00169   0.0390   0.6302   0.2436  63.5323 200.6614
  -1.412  -0.6268   0.00947   0.00167   0.0390   0.6274   0.2465  63.8064 200.9899
  -1.327  -0.6176   0.00942   0.00166   0.0391   0.6248   0.2492  64.0694 201.2853
  -1.241  -0.6083   0.00939   0.00165   0.0392   0.6215   0.2518  64.3946 201.5721
  -1.156  -0.5988   0.00936   0.00163   0.0393   0.6183   0.2541  64.7090 201.8280
  -0.985  -0.5802   0.00929   0.00160   0.0394   0.6120   0.2578  65.3321 202.2280
  -0.899  -0.5709   0.00925   0.00158   0.0395   0.6086   0.2597  65.6693 202.4327
  -0.814  -0.5616   0.00923   0.00156   0.0396   0.6055   0.2617  65.9753 202.6440
  -0.729  -0.5521   0.00921   0.00155   0.0396   0.6018   0.2636  66.3314 202.8495
  -0.643  -0.5426   0.00919   0.00153   0.0397   0.5983   0.2654  66.6830 203.0456
  -0.472  -0.5242   0.00911   0.00150   0.0398   0.5913   0.2694  67.3646 203.4737
  -0.387  -0.5148   0.00908   0.00148   0.0399   0.5876   0.2713  67.7223 203.6808
  -0.301  -0.5053   0.00907   0.00147   0.0399   0.5843   0.2729  68.0460 203.8575
  -0.131  -0.4866   0.00901   0.00143   0.0401   0.5770   0.2758  68.7567 204.1659
  -0.045  -0.4774   0.00898   0.00141   0.0402   0.5738   0.2776  69.0699 204.3548
   0.040  -0.4680   0.00894   0.00140   0.0402   0.5702   0.2796  69.4139 204.5636
   0.126  -0.4586   0.00893   0.00138   0.0403   0.5668   0.2816  69.7456 204.7762
   0.211  -0.4491   0.00892   0.00137   0.0403   0.5636   0.2834  70.0602 204.9719
   0.296  -0.4399   0.00888   0.00135   0.0404   0.5598   0.2855  70.4254 205.1880
   0.382  -0.4306   0.00884   0.00133   0.0405   0.5560   0.2877  70.7877 205.4225
   0.467  -0.4213   0.00882   0.00131   0.0405   0.5525   0.2901  71.1317 205.6727
   0.553  -0.4117   0.00880   0.00130   0.0405   0.5486   0.2924  71.5061 205.9207
   0.638  -0.4025   0.00877   0.00128   0.0406   0.5450   0.2948  71.8528 206.1666
   0.724  -0.3932   0.00873   0.00126   0.0407   0.5417   0.2973  72.1738 206.4315
   0.809  -0.3838   0.00870   0.00125   0.0407   0.5383   0.2999  72.5026 206.6997
   0.894  -0.3743   0.00869   0.00123   0.0408   0.5351   0.3023  72.8063 206.9454
   0.980  -0.3650   0.00866   0.00121   0.0408   0.5322   0.3046  73.0904 207.1824
   1.065  -0.3557   0.00862   0.00120   0.0409   0.5289   0.3068  73.4040 207.4102
   1.151  -0.3463   0.00859   0.00118   0.0409   0.5258   0.3088  73.7057 207.6153
   1.236  -0.3369   0.00857   0.00116   0.0410   0.5230   0.3106  73.9682 207.8024
   1.322  -0.3273   0.00855   0.00114   0.0410   0.5203   0.3123  74.2298 207.9846
   1.407  -0.3179   0.00851   0.00112   0.0410   0.5176   0.3143  74.4891 208.1870
   1.492  -0.3085   0.00848   0.00110   0.0411   0.5150   0.3165  74.7450 208.4074
   1.578  -0.2991   0.00846   0.00109   0.0411   0.5125   0.3188  74.9801 208.6426
   1.663  -0.2896   0.00843   0.00107   0.0411   0.5099   0.3212  75.2343 208.8933
   1.749  -0.2802   0.00839   0.00105   0.0412   0.5072   0.3239  75.4950 209.1719
   1.834  -0.2708   0.00835   0.00103   0.0412   0.5046   0.3273  75.7431 209.5118
   1.920  -0.2614   0.00833   0.00101   0.0412   0.5023   0.3311  75.9632 209.9018
   2.005  -0.2521   0.00827   0.00100   0.0413   0.5000   0.3358  76.1857 210.3697
   2.091  -0.2427   0.00822   0.00098   0.0413   0.4976   0.3417  76.4157 210.9697
   2.176  -0.2335   0.00816   0.00095   0.0414   0.4952   0.3497  76.6384 211.7736
   2.261  -0.2245   0.00808   0.00092   0.0414   0.4931   0.3616  76.8432 212.9548
   2.347  -0.2159   0.00795   0.00088   0.0415   0.4911   0.3826  77.0363 215.0349
   2.432  -0.2091   0.00757   0.00078   0.0419   0.4889   0.4480  77.2449 221.3667
   2.518  -0.2077   0.00641   0.00047   0.0428   0.4871   0.6424  77.4201 240.1170
   2.603  -0.2004   0.00617   0.00056   0.0433   0.4848   0.7327  77.6411 249.4149
   2.688  -0.1908   0.00617   0.00059   0.0434   0.4825   0.7455  77.8630 250.7953
   2.774  -0.1811   0.00619   0.00062   0.0434   0.4803   0.7543  78.0776 251.7587
   2.859  -0.1713   0.00619   0.00065   0.0434   0.4778   0.7607  78.3138 252.4669
   2.945  -0.1613   0.00621   0.00067   0.0433   0.4754   0.7662  78.5430 253.0761
   3.030  -0.1516   0.00623   0.00070   0.0434   0.4732   0.7706  78.7548 253.5753
   3.116  -0.1417   0.00626   0.00071   0.0433   0.4711   0.7746  78.9549 254.0310
   3.201  -0.1318   0.00628   0.00074   0.0433   0.4689   0.7776  79.1678 254.3747
   3.286  -0.1219   0.00630   0.00075   0.0433   0.4665   0.7807  79.4052 254.7205
   3.372  -0.1119   0.00632   0.00076   0.0432   0.4639   0.7834  79.6488 255.0269
   3.457  -0.1021   0.00634   0.00078   0.0432   0.4615   0.7854  79.8808 255.2589
   3.543  -0.0922   0.00637   0.00080   0.0432   0.4592   0.7875  80.1051 255.5054
   3.628  -0.0822   0.00638   0.00081   0.0432   0.4566   0.7896  80.3519 255.7479
   3.714  -0.0722   0.00641   0.00082   0.0431   0.4541   0.7915  80.5930 255.9723
   3.799  -0.0623   0.00643   0.00084   0.0431   0.4519   0.7929  80.8086 256.1373
   3.884  -0.0525   0.00645   0.00085   0.0431   0.4498   0.7944  81.0088 256.3080
   3.970  -0.0426   0.00647   0.00087   0.0430   0.4474   0.7959  81.2442 256.4872
   4.055  -0.0326   0.00649   0.00088   0.0430   0.4447   0.7974  81.5035 256.6653
   4.141  -0.0226   0.00651   0.00089   0.0429   0.4420   0.7989  81.7674 256.8387
   4.312  -0.0027   0.00655   0.00091   0.0428   0.4365   0.8013  82.2978 257.1280
   4.397   0.0072   0.00657   0.00092   0.0428   0.4336   0.8024  82.5803 257.2550
   4.482   0.0170   0.00660   0.00094   0.0428   0.4308   0.8035  82.8480 257.3832
   4.568   0.0269   0.00662   0.00095   0.0427   0.4280   0.8045  83.1176 257.5096
   4.653   0.0369   0.00663   0.00095   0.0427   0.4246   0.8056  83.4494 257.6373
   4.739   0.0469   0.00666   0.00096   0.0426   0.4210   0.8067  83.7985 257.7724
   4.824   0.0569   0.00669   0.00096   0.0425   0.4176   0.8078  84.1342 257.9083
   4.910   0.0669   0.00671   0.00096   0.0425   0.4135   0.8088  84.5337 258.0280
   4.995   0.0766   0.00673   0.00097   0.0424   0.4093   0.8096  84.9454 258.1181
   5.080   0.0865   0.00675   0.00099   0.0424   0.4047   0.8104  85.3941 258.2125
   5.166   0.0964   0.00678   0.00099   0.0424   0.3996   0.8112  85.8923 258.3089
   5.251   0.1063   0.00681   0.00100   0.0423   0.3943   0.8120  86.4069 258.4149
   5.422   0.1260   0.00688   0.00102   0.0422   0.3815   0.8139  87.6726 258.6460
   5.508   0.1358   0.00692   0.00102   0.0422   0.3735   0.8149  88.4611 258.7608
   5.593   0.1456   0.00697   0.00102   0.0421   0.3635   0.8158  89.4640 258.8686
   5.678   0.1554   0.00703   0.00102   0.0421   0.3501   0.8166  90.8023 258.9667
   5.764   0.1649   0.00712   0.00103   0.0420   0.3287   0.8172  92.9716 259.0407
   5.849   0.1729   0.00745   0.00109   0.0422   0.2602   0.8177 100.1844 259.1056
   5.935   0.1813   0.00773   0.00119   0.0423   0.2229   0.8183 104.3546 259.1761
   6.020   0.1905   0.00785   0.00125   0.0423   0.2106   0.8189 105.7811 259.2521
   6.106   0.2000   0.00794   0.00130   0.0423   0.2028   0.8195 106.7092 259.3308
   6.191   0.2096   0.00802   0.00134   0.0423   0.1967   0.8202 107.4312 259.4095
   6.276   0.2192   0.00809   0.00138   0.0422   0.1916   0.8208 108.0537 259.4862
   6.362   0.2289   0.00814   0.00140   0.0422   0.1870   0.8214 108.6154 259.5602
   6.447   0.2386   0.00821   0.00143   0.0421   0.1829   0.8220 109.1132 259.6358
   6.533   0.2484   0.00826   0.00145   0.0421   0.1790   0.8226 109.6048 259.7151
   6.618   0.2581   0.00832   0.00148   0.0420   0.1752   0.8233 110.0769 259.7970
   6.704   0.2680   0.00837   0.00149   0.0419   0.1712   0.8240 110.5815 259.8869
   6.789   0.2777   0.00843   0.00151   0.0419   0.1674   0.8248 111.0727 259.9842
   6.874   0.2874   0.00847   0.00154   0.0418   0.1635   0.8254 111.5766 260.0601
   6.960   0.2970   0.00853   0.00157   0.0418   0.1599   0.8260 112.0416 260.1335
   7.045   0.3066   0.00857   0.00160   0.0418   0.1564   0.8266 112.5034 260.2069
   7.131   0.3163   0.00863   0.00163   0.0418   0.1530   0.8272 112.9579 260.2782
   7.216   0.3260   0.00868   0.00165   0.0417   0.1497   0.8277 113.3912 260.3454
   7.301   0.3356   0.00873   0.00167   0.0417   0.1465   0.8282 113.8303 260.4092
   7.387   0.3453   0.00878   0.00170   0.0416   0.1434   0.8287 114.2423 260.4717
   7.472   0.3550   0.00883   0.00172   0.0416   0.1400   0.8292 114.7131 260.5381
   7.558   0.3647   0.00889   0.00174   0.0415   0.1367   0.8298 115.1666 260.6072
   7.643   0.3744   0.00894   0.00176   0.0415   0.1331   0.8303 115.6800 260.6779
   7.729   0.3840   0.00900   0.00178   0.0414   0.1296   0.8309 116.1680 260.7479
   7.814   0.3938   0.00906   0.00180   0.0413   0.1260   0.8314 116.6848 260.8154
   7.899   0.4034   0.00912   0.00182   0.0413   0.1228   0.8319 117.1556 260.8793
   7.985   0.4131   0.00918   0.00184   0.0412   0.1194   0.8324 117.6540 260.9385
   8.070   0.4228   0.00924   0.00186   0.0411   0.1163   0.8329 118.1136 260.9959
   8.156   0.4324   0.00929   0.00189   0.0411   0.1131   0.8332 118.5989 261.0377
   8.241   0.4419   0.00936   0.00192   0.0411   0.1101   0.8335 119.0557 261.0795
   8.327   0.4515   0.00941   0.00195   0.0410   0.1072   0.8339 119.5061 261.1255
   8.412   0.4609   0.00948   0.00198   0.0410   0.1043   0.8343 119.9512 261.1763
   8.498   0.4705   0.00954   0.00202   0.0410   0.1015   0.8347 120.3927 261.2301
   8.583   0.4799   0.00961   0.00205   0.0409   0.0985   0.8351 120.8731 261.2860
   8.668   0.4894   0.00967   0.00208   0.0409   0.0956   0.8356 121.3389 261.3422
   8.754   0.4989   0.00975   0.00212   0.0409   0.0925   0.8360 121.8442 261.3977
   8.839   0.5084   0.00982   0.00215   0.0408   0.0897   0.8364 122.3141 261.4519
   8.925   0.5178   0.00989   0.00219   0.0408   0.0868   0.8368 122.8002 261.5050
   9.010   0.5273   0.00997   0.00222   0.0408   0.0842   0.8373 123.2460 261.5625
   9.095   0.5367   0.01004   0.00226   0.0407   0.0815   0.8378 123.7210 261.6264
   9.181   0.5462   0.01012   0.00230   0.0407   0.0790   0.8383 124.1579 261.6969
   9.266   0.5556   0.01020   0.00234   0.0407   0.0764   0.8389 124.6248 261.7713
   9.352   0.5650   0.01029   0.00238   0.0406   0.0740   0.8395 125.0632 261.8473
   9.437   0.5745   0.01036   0.00242   0.0406   0.0717   0.8401 125.4876 261.9215
   9.523   0.5839   0.01046   0.00246   0.0405   0.0695   0.8406 125.8979 261.9923
   9.608   0.5933   0.01053   0.00250   0.0405   0.0675   0.8410 126.2753 262.0424
   9.694   0.6026   0.01060   0.00255   0.0405   0.0654   0.8414 126.6793 262.0925
   9.779   0.6117   0.01070   0.00261   0.0405   0.0635   0.8418 127.0472 262.1489
   9.864   0.6211   0.01077   0.00265   0.0405   0.0617   0.8423 127.4091 262.2103
   9.950   0.6302   0.01086   0.00271   0.0405   0.0599   0.8428 127.7765 262.2757
  10.035   0.6394   0.01095   0.00276   0.0405   0.0582   0.8433 128.1102 262.3436
  10.121   0.6487   0.01103   0.00281   0.0405   0.0566   0.8439 128.4440 262.4151
  10.206   0.6579   0.01113   0.00287   0.0405   0.0550   0.8444 128.7732 262.4892
  10.291   0.6670   0.01124   0.00293   0.0405   0.0536   0.8450 129.0780 262.5649
  10.377   0.6764   0.01131   0.00298   0.0405   0.0521   0.8456 129.3848 262.6388
  10.462   0.6856   0.01141   0.00303   0.0405   0.0507   0.8461 129.6999 262.7121
  10.548   0.6946   0.01153   0.00310   0.0405   0.0493   0.8467 130.0020 262.7864
  10.633   0.7041   0.01161   0.00315   0.0404   0.0481   0.8473 130.2805 262.8617
  10.719   0.7133   0.01170   0.00320   0.0404   0.0467   0.8479 130.5819 262.9397
  10.804   0.7224   0.01182   0.00326   0.0404   0.0454   0.8484 130.8737 263.0142
  10.975   0.7405   0.01200   0.00339   0.0404   0.0432   0.8493 131.4071 263.1352
  11.060   0.7494   0.01210   0.00346   0.0405   0.0420   0.8499 131.6708 263.2026
  11.146   0.7582   0.01224   0.00354   0.0405   0.0410   0.8504 131.9245 263.2746
  11.231   0.7673   0.01233   0.00360   0.0405   0.0401   0.8509 132.1453 263.3472
  11.317   0.7764   0.01242   0.00366   0.0405   0.0391   0.8515 132.3790 263.4189
  11.402   0.7854   0.01252   0.00373   0.0405   0.0382   0.8520 132.6147 263.4891
  11.487   0.7943   0.01264   0.00380   0.0405   0.0373   0.8525 132.8376 263.5595
  11.573   0.8032   0.01277   0.00388   0.0406   0.0364   0.8531 133.0501 263.6300
  11.658   0.8124   0.01286   0.00394   0.0405   0.0357   0.8536 133.2465 263.6983
  11.744   0.8214   0.01296   0.00400   0.0405   0.0349   0.8541 133.4556 263.7650
  11.829   0.8304   0.01307   0.00407   0.0405   0.0341   0.8545 133.6542 263.8288
  11.915   0.8393   0.01321   0.00415   0.0405   0.0334   0.8550 133.8461 263.8930
  12.000   0.8480   0.01336   0.00424   0.0405   0.0327   0.8555 134.0345 263.9573
