  
       XFOIL         Version 6.99
  
 Calculated polar for: Repaneled_Airfoil                               
  
 1 1 Reynolds number fixed          Mach number fixed         
  
 xtrf =   1.000 (top)        1.000 (bottom)  
 Mach =   0.000     Re =     1.000 e 6     Ncrit =   9.000  9.000
  
   alpha    CL        CD       CDp       CM     Top_Xtr  Bot_Xtr  Top_Itr  Bot_Itr
  ------ -------- --------- --------- -------- -------- -------- -------- --------
  -5.000  -0.2207   0.00660   0.00072  -0.0288   0.8210   0.3784  42.5854 214.0877
  -4.915  -0.2111   0.00656   0.00071  -0.0287   0.8193   0.3876  42.7941 214.9945
  -4.829  -0.2016   0.00653   0.00071  -0.0287   0.8178   0.3959  42.9864 215.8011
  -4.744  -0.1919   0.00650   0.00071  -0.0287   0.8159   0.4031  43.2204 216.5038
  -4.658  -0.1822   0.00647   0.00071  -0.0287   0.8140   0.4094  43.4518 217.1201
  -4.573  -0.1725   0.00644   0.00070  -0.0286   0.8122   0.4152  43.6684 217.6831
  -4.487  -0.1628   0.00643   0.00070  -0.0286   0.8106   0.4203  43.8665 218.1819
  -4.402  -0.1531   0.00641   0.00070  -0.0286   0.8090   0.4255  44.0596 218.6858
  -4.317  -0.1433   0.00639   0.00069  -0.0286   0.8071   0.4299  44.2923 219.1163
  -4.231  -0.1336   0.00637   0.00069  -0.0285   0.8051   0.4343  44.5319 219.5335
  -4.146  -0.1238   0.00636   0.00069  -0.0285   0.8031   0.4384  44.7657 219.9352
  -4.060  -0.1142   0.00635   0.00068  -0.0285   0.8014   0.4420  44.9811 220.2816
  -3.975  -0.1044   0.00633   0.00068  -0.0285   0.7992   0.4458  45.2338 220.6486
  -3.804  -0.0849   0.00630   0.00067  -0.0284   0.7950   0.4530  45.7344 221.3451
  -3.719  -0.0752   0.00629   0.00067  -0.0284   0.7931   0.4569  45.9563 221.7139
  -3.633  -0.0654   0.00628   0.00066  -0.0284   0.7910   0.4605  46.2026 222.0577
  -3.548  -0.0556   0.00626   0.00066  -0.0284   0.7888   0.4639  46.4602 222.3853
  -3.462  -0.0459   0.00625   0.00066  -0.0284   0.7866   0.4674  46.7164 222.7250
  -3.377  -0.0361   0.00625   0.00065  -0.0283   0.7845   0.4707  46.9626 223.0409
  -3.292  -0.0264   0.00622   0.00065  -0.0283   0.7819   0.4737  47.2560 223.3306
  -3.206  -0.0167   0.00621   0.00065  -0.0283   0.7792   0.4770  47.5728 223.6432
  -3.121  -0.0070   0.00621   0.00064  -0.0283   0.7765   0.4803  47.8811 223.9599
  -3.035   0.0027   0.00619   0.00063  -0.0282   0.7737   0.4834  48.2037 224.2580
  -2.950   0.0124   0.00617   0.00063  -0.0282   0.7704   0.4870  48.5704 224.6034
  -2.864   0.0221   0.00617   0.00062  -0.0282   0.7673   0.4908  48.9206 224.9643
  -2.779   0.0318   0.00615   0.00062  -0.0282   0.7639   0.4943  49.3102 225.3059
  -2.693   0.0414   0.00614   0.00061  -0.0281   0.7601   0.4983  49.7313 225.6873
  -2.608   0.0511   0.00613   0.00060  -0.0281   0.7564   0.5023  50.1403 226.0692
  -2.523   0.0607   0.00611   0.00060  -0.0281   0.7522   0.5065  50.6081 226.4682
  -2.437   0.0703   0.00610   0.00059  -0.0280   0.7482   0.5110  51.0486 226.9005
  -2.352   0.0800   0.00608   0.00059  -0.0280   0.7435   0.5153  51.5617 227.3155
  -2.266   0.0896   0.00607   0.00058  -0.0279   0.7388   0.5200  52.0684 227.7636
  -2.181   0.0993   0.00605   0.00057  -0.0279   0.7331   0.5242  52.6904 228.1672
  -2.095   0.1089   0.00603   0.00056  -0.0279   0.7265   0.5282  53.3900 228.5505
  -2.010   0.1185   0.00603   0.00055  -0.0278   0.7181   0.5319  54.2904 228.9093
  -1.925   0.1279   0.00602   0.00053  -0.0278   0.7052   0.5350  55.6418 229.2089
  -1.839   0.1360   0.00609   0.00047  -0.0274   0.6581   0.5381  60.4645 229.5062
  -1.754   0.1436   0.00626   0.00046  -0.0270   0.6232   0.5414  63.9251 229.8211
  -1.668   0.1516   0.00642   0.00049  -0.0267   0.5898   0.5446  67.1904 230.1272
  -1.583   0.1595   0.00659   0.00052  -0.0264   0.5502   0.5480  71.0046 230.4541
  -1.498   0.1668   0.00683   0.00056  -0.0260   0.4959   0.5517  76.1880 230.8098
  -1.412   0.1739   0.00711   0.00062  -0.0256   0.4356   0.5552  81.9588 231.1500
  -1.327   0.1817   0.00731   0.00067  -0.0254   0.3946   0.5591  85.9290 231.5231
  -1.241   0.1903   0.00744   0.00070  -0.0252   0.3710   0.5633  88.2387 231.9293
  -1.156   0.1992   0.00752   0.00073  -0.0251   0.3559   0.5673  89.7418 232.3175
  -1.070   0.2084   0.00758   0.00075  -0.0250   0.3452   0.5718  90.8051 232.7543
  -0.985   0.2176   0.00762   0.00077  -0.0250   0.3371   0.5762  91.6253 233.1802
  -0.899   0.2269   0.00766   0.00079  -0.0249   0.3307   0.5810  92.2733 233.6401
  -0.814   0.2363   0.00770   0.00080  -0.0249   0.3250   0.5858  92.8453 234.1053
  -0.729   0.2457   0.00772   0.00082  -0.0249   0.3202   0.5907  93.3408 234.5875
  -0.643   0.2551   0.00775   0.00084  -0.0248   0.3155   0.5959  93.8205 235.0864
  -0.558   0.2645   0.00778   0.00086  -0.0248   0.3114   0.6011  94.2374 235.5947
  -0.472   0.2739   0.00780   0.00087  -0.0248   0.3075   0.6064  94.6434 236.1173
  -0.301   0.2928   0.00785   0.00091  -0.0247   0.3010   0.6173  95.3128 237.1867
  -0.216   0.3023   0.00787   0.00093  -0.0247   0.2981   0.6229  95.6142 237.7385
  -0.131   0.3118   0.00790   0.00095  -0.0247   0.2955   0.6281  95.8854 238.2599
  -0.045   0.3213   0.00793   0.00097  -0.0247   0.2931   0.6336  96.1343 238.8015
   0.040   0.3309   0.00795   0.00099  -0.0247   0.2906   0.6384  96.4018 239.2837
   0.126   0.3404   0.00798   0.00101  -0.0246   0.2880   0.6434  96.6791 239.7769
   0.211   0.3499   0.00802   0.00103  -0.0246   0.2854   0.6481  96.9460 240.2527
   0.296   0.3595   0.00805   0.00105  -0.0246   0.2830   0.6532  97.1982 240.7561
   0.382   0.3691   0.00808   0.00106  -0.0246   0.2806   0.6575  97.4575 241.1979
   0.467   0.3787   0.00811   0.00107  -0.0246   0.2783   0.6620  97.7013 241.6466
   0.553   0.3883   0.00817   0.00109  -0.0246   0.2762   0.6658  97.9259 242.0378
   0.638   0.3977   0.00817   0.00110  -0.0246   0.2742   0.6687  98.1360 242.3318
   0.724   0.4073   0.00817   0.00110  -0.0246   0.2720   0.6719  98.3694 242.6587
   0.809   0.4168   0.00820   0.00111  -0.0246   0.2697   0.6752  98.6161 242.9949
   0.894   0.4261   0.00821   0.00112  -0.0246   0.2675   0.6785  98.8557 243.3335
   0.980   0.4355   0.00823   0.00113  -0.0245   0.2654   0.6822  99.0795 243.7127
   1.065   0.4450   0.00823   0.00114  -0.0245   0.2632   0.6860  99.3150 244.0941
   1.151   0.4544   0.00823   0.00114  -0.0245   0.2610   0.6900  99.5549 244.5097
   1.236   0.4638   0.00825   0.00115  -0.0245   0.2589   0.6944  99.7886 244.9696
   1.322   0.4729   0.00826   0.00116  -0.0244   0.2568   0.6995 100.0082 245.4982
   1.407   0.4823   0.00824   0.00117  -0.0244   0.2547   0.7056 100.2393 246.1345
   1.492   0.4916   0.00823   0.00117  -0.0243   0.2524   0.7137 100.4958 246.9924
   1.578   0.5005   0.00819   0.00118  -0.0242   0.2501   0.7266 100.7522 248.3648
   1.663   0.5085   0.00811   0.00120  -0.0239   0.2479   0.7591 100.9828 251.9136
   1.749   0.5144   0.00790   0.00125  -0.0230   0.2460   0.8466 101.1937 262.4921
   1.834   0.5219   0.00784   0.00129  -0.0225   0.2438   0.8822 101.4437 267.4840
   1.920   0.5298   0.00784   0.00132  -0.0220   0.2415   0.9056 101.6983 271.1225
   2.005   0.5380   0.00786   0.00135  -0.0216   0.2393   0.9232 101.9420 274.1288
   2.091   0.5469   0.00788   0.00138  -0.0214   0.2371   0.9368 102.1928 276.6749
   2.176   0.5565   0.00790   0.00140  -0.0214   0.2345   0.9472 102.4779 278.8050
   2.261   0.5665   0.00795   0.00142  -0.0215   0.2319   0.9553 102.7778 280.6076
   2.347   0.5768   0.00800   0.00144  -0.0216   0.2292   0.9620 103.0768 282.2158
   2.432   0.5878   0.00803   0.00146  -0.0219   0.2261   0.9674 103.4279 283.6333
   2.518   0.5987   0.00808   0.00148  -0.0222   0.2229   0.9722 103.7919 284.9593
   2.603   0.6100   0.00814   0.00150  -0.0226   0.2200   0.9761 104.1295 286.1328
   2.688   0.6215   0.00818   0.00151  -0.0231   0.2168   0.9795 104.4943 287.2450
   2.774   0.6330   0.00824   0.00153  -0.0235   0.2136   0.9825 104.8723 288.3101
   2.859   0.6446   0.00829   0.00155  -0.0240   0.2102   0.9852 105.2628 289.3048
   2.945   0.6562   0.00835   0.00157  -0.0245   0.2063   0.9874 105.7211 290.2303
   3.030   0.6678   0.00842   0.00159  -0.0250   0.2025   0.9894 106.1702 291.1001
   3.116   0.6799   0.00848   0.00161  -0.0256   0.1981   0.9909 106.6880 291.8449
   3.201   0.6922   0.00855   0.00164  -0.0263   0.1942   0.9921 107.1576 292.4998
   3.286   0.7045   0.00861   0.00166  -0.0269   0.1902   0.9934 107.6498 293.2074
   3.372   0.7168   0.00869   0.00169  -0.0276   0.1862   0.9946 108.1360 293.9297
   3.457   0.7292   0.00876   0.00172  -0.0283   0.1815   0.9956 108.7107 294.6204
   3.543   0.7416   0.00884   0.00175  -0.0290   0.1768   0.9966 109.2938 295.4099
   3.714   0.7666   0.00902   0.00181  -0.0305   0.1663   0.9985 110.6160 297.2486
   3.799   0.7791   0.00911   0.00185  -0.0312   0.1614   0.9993 111.2474 298.4443
   3.884   0.7914   0.00921   0.00188  -0.0319   0.1563   1.0000 111.9121 301.0000
   3.970   0.7993   0.00928   0.00191  -0.0316   0.1523   1.0000 112.4441 301.0000
   4.141   0.8148   0.00944   0.00197  -0.0310   0.1443   1.0000 113.5170 301.0000
   4.226   0.8224   0.00953   0.00200  -0.0306   0.1405   1.0000 114.0336 301.0000
   4.312   0.8302   0.00961   0.00203  -0.0303   0.1365   1.0000 114.5869 301.0000
   4.397   0.8379   0.00970   0.00207  -0.0300   0.1326   1.0000 115.1363 301.0000
   4.482   0.8457   0.00979   0.00210  -0.0297   0.1282   1.0000 115.7564 301.0000
   4.568   0.8533   0.00988   0.00214  -0.0294   0.1241   1.0000 116.3456 301.0000
   4.653   0.8609   0.00999   0.00219  -0.0291   0.1199   1.0000 116.9503 301.0000
   4.739   0.8687   0.01008   0.00222  -0.0288   0.1158   1.0000 117.5571 301.0000
   4.824   0.8763   0.01018   0.00227  -0.0285   0.1118   1.0000 118.1670 301.0000
   4.910   0.8840   0.01029   0.00231  -0.0282   0.1075   1.0000 118.8169 301.0000
   4.995   0.8918   0.01039   0.00236  -0.0279   0.1038   1.0000 119.3982 301.0000
   5.080   0.8993   0.01051   0.00241  -0.0275   0.1002   1.0000 119.9655 301.0000
   5.166   0.9072   0.01060   0.00245  -0.0273   0.0967   1.0000 120.5288 301.0000
   5.251   0.9148   0.01071   0.00250  -0.0269   0.0931   1.0000 121.1021 301.0000
   5.337   0.9226   0.01082   0.00255  -0.0267   0.0895   1.0000 121.6983 301.0000
   5.422   0.9304   0.01093   0.00260  -0.0264   0.0863   1.0000 122.2399 301.0000
   5.508   0.9381   0.01104   0.00266  -0.0261   0.0832   1.0000 122.7718 301.0000
   5.593   0.9460   0.01115   0.00271  -0.0258   0.0805   1.0000 123.2504 301.0000
   5.678   0.9539   0.01126   0.00277  -0.0256   0.0775   1.0000 123.7761 301.0000
   5.764   0.9618   0.01137   0.00282  -0.0253   0.0748   1.0000 124.2559 301.0000
   5.849   0.9697   0.01149   0.00288  -0.0251   0.0720   1.0000 124.7648 301.0000
   5.935   0.9776   0.01160   0.00294  -0.0249   0.0696   1.0000 125.2197 301.0000
   6.020   0.9856   0.01172   0.00300  -0.0246   0.0672   1.0000 125.6787 301.0000
   6.106   0.9935   0.01185   0.00306  -0.0244   0.0650   1.0000 126.0991 301.0000
   6.191   1.0017   0.01195   0.00312  -0.0242   0.0627   1.0000 126.5459 301.0000
   6.362   1.0177   0.01219   0.00325  -0.0238   0.0584   1.0000 127.3951 301.0000
   6.447   1.0257   0.01232   0.00331  -0.0236   0.0564   1.0000 127.8181 301.0000
   6.533   1.0337   0.01244   0.00338  -0.0234   0.0546   1.0000 128.1969 301.0000
   6.618   1.0418   0.01257   0.00345  -0.0232   0.0527   1.0000 128.5849 301.0000
   6.704   1.0496   0.01272   0.00353  -0.0230   0.0510   1.0000 128.9593 301.0000
   6.789   1.0579   0.01282   0.00358  -0.0228   0.0494   1.0000 129.3062 301.0000
   6.874   1.0660   0.01295   0.00365  -0.0227   0.0477   1.0000 129.6849 301.0000
   6.960   1.0738   0.01309   0.00373  -0.0225   0.0462   1.0000 130.0311 301.0000
   7.045   1.0821   0.01320   0.00379  -0.0223   0.0448   1.0000 130.3541 301.0000
   7.131   1.0901   0.01333   0.00387  -0.0221   0.0434   1.0000 130.6822 301.0000
   7.216   1.0979   0.01349   0.00395  -0.0219   0.0420   1.0000 130.9900 301.0000
   7.301   1.1061   0.01360   0.00402  -0.0218   0.0410   1.0000 131.2490 301.0000
   7.387   1.1142   0.01373   0.00409  -0.0216   0.0399   1.0000 131.5217 301.0000
   7.472   1.1220   0.01388   0.00418  -0.0214   0.0388   1.0000 131.7844 301.0000
   7.558   1.1298   0.01403   0.00427  -0.0212   0.0378   1.0000 132.0334 301.0000
   7.643   1.1380   0.01414   0.00433  -0.0210   0.0369   1.0000 132.2596 301.0000
   7.729   1.1461   0.01426   0.00440  -0.0209   0.0359   1.0000 132.5092 301.0000
   7.814   1.1540   0.01441   0.00448  -0.0207   0.0350   1.0000 132.7512 301.0000
   7.899   1.1616   0.01458   0.00458  -0.0205   0.0341   1.0000 132.9807 301.0000
   7.985   1.1697   0.01470   0.00465  -0.0203   0.0334   1.0000 133.1689 301.0000
   8.070   1.1777   0.01482   0.00472  -0.0202   0.0326   1.0000 133.3688 301.0000
   8.156   1.1856   0.01496   0.00480  -0.0200   0.0319   1.0000 133.5660 301.0000
   8.241   1.1933   0.01512   0.00489  -0.0198   0.0312   1.0000 133.7541 301.0000
   8.327   1.2008   0.01530   0.00500  -0.0196   0.0305   1.0000 133.9411 301.0000
   8.412   1.2086   0.01544   0.00508  -0.0194   0.0300   1.0000 134.0964 301.0000
   8.498   1.2165   0.01557   0.00516  -0.0192   0.0294   1.0000 134.2501 301.0000
   8.583   1.2243   0.01571   0.00525  -0.0190   0.0289   1.0000 134.4122 301.0000
   8.668   1.2319   0.01587   0.00534  -0.0188   0.0283   1.0000 134.5711 301.0000
   8.754   1.2394   0.01604   0.00544  -0.0186   0.0278   1.0000 134.7249 301.0000
   8.839   1.2466   0.01623   0.00556  -0.0183   0.0272   1.0000 134.8811 301.0000
   8.925   1.2538   0.01643   0.00568  -0.0181   0.0267   1.0000 135.0307 301.0000
   9.010   1.2616   0.01655   0.00575  -0.0179   0.0263   1.0000 135.1486 301.0000
   9.095   1.2693   0.01669   0.00583  -0.0177   0.0259   1.0000 135.2818 301.0000
   9.181   1.2769   0.01683   0.00592  -0.0175   0.0254   1.0000 135.4195 301.0000
   9.266   1.2843   0.01699   0.00602  -0.0173   0.0250   1.0000 135.5558 301.0000
   9.352   1.2915   0.01717   0.00612  -0.0170   0.0246   1.0000 135.6861 301.0000
   9.437   1.2986   0.01735   0.00623  -0.0168   0.0242   1.0000 135.8112 301.0000
   9.523   1.3053   0.01757   0.00636  -0.0165   0.0237   1.0000 135.9398 301.0000
   9.608   1.3122   0.01777   0.00648  -0.0162   0.0234   1.0000 136.0475 301.0000
   9.694   1.3196   0.01791   0.00657  -0.0159   0.0231   1.0000 136.1428 301.0000
   9.779   1.3268   0.01807   0.00667  -0.0157   0.0228   1.0000 136.2444 301.0000
   9.864   1.3339   0.01824   0.00677  -0.0155   0.0225   1.0000 136.3473 301.0000
   9.950   1.3409   0.01841   0.00687  -0.0152   0.0222   1.0000 136.4499 301.0000
  10.035   1.3478   0.01859   0.00698  -0.0149   0.0218   1.0000 136.5500 301.0000
  10.121   1.3545   0.01879   0.00710  -0.0146   0.0216   1.0000 136.6466 301.0000
  10.206   1.3609   0.01899   0.00722  -0.0143   0.0213   1.0000 136.7417 301.0000
  10.291   1.3671   0.01923   0.00736  -0.0139   0.0210   1.0000 136.8394 301.0000
  10.377   1.3726   0.01950   0.00753  -0.0134   0.0206   1.0000 136.9440 301.0000
  10.462   1.3785   0.01974   0.00767  -0.0130   0.0204   1.0000 137.0273 301.0000
  10.548   1.3851   0.01991   0.00778  -0.0127   0.0202   1.0000 137.0899 301.0000
  10.633   1.3916   0.02009   0.00789  -0.0124   0.0200   1.0000 137.1596 301.0000
  10.719   1.3978   0.02029   0.00801  -0.0120   0.0198   1.0000 137.2333 301.0000
  10.804   1.4038   0.02048   0.00813  -0.0116   0.0196   1.0000 137.3087 301.0000
  10.889   1.4094   0.02068   0.00825  -0.0111   0.0194   1.0000 137.3825 301.0000
  10.975   1.4147   0.02088   0.00837  -0.0106   0.0192   1.0000 137.4551 301.0000
  11.060   1.4197   0.02110   0.00850  -0.0101   0.0190   1.0000 137.5266 301.0000
  11.146   1.4246   0.02133   0.00863  -0.0095   0.0188   1.0000 137.5972 301.0000
  11.231   1.4292   0.02157   0.00877  -0.0089   0.0186   1.0000 137.6667 301.0000
  11.317   1.4336   0.02182   0.00893  -0.0083   0.0184   1.0000 137.7359 301.0000
  11.402   1.4375   0.02211   0.00910  -0.0077   0.0182   1.0000 137.8066 301.0000
  11.487   1.4409   0.02244   0.00930  -0.0069   0.0180   1.0000 137.8812 301.0000
  11.573   1.4434   0.02282   0.00954  -0.0061   0.0177   1.0000 137.9622 301.0000
  11.658   1.4472   0.02312   0.00973  -0.0055   0.0176   1.0000 138.0226 301.0000
  11.744   1.4524   0.02333   0.00986  -0.0051   0.0174   1.0000 138.0705 301.0000
  11.829   1.4575   0.02356   0.01000  -0.0046   0.0173   1.0000 138.1265 301.0000
  11.915   1.4623   0.02380   0.01014  -0.0042   0.0171   1.0000 138.1890 301.0000
  12.000   1.4669   0.02405   0.01030  -0.0037   0.0169   1.0000 138.2556 301.0000
