  
       XFOIL         Version 6.99
  
 Calculated polar for: Repaneled_Airfoil                               
  
 1 1 Reynolds number fixed          Mach number fixed         
  
 xtrf =   1.000 (top)        1.000 (bottom)  
 Mach =   0.000     Re =     1.000 e 6     Ncrit =   9.000  9.000
  
   alpha    CL        CD       CDp       CM     Top_Xtr  Bot_Xtr  Top_Itr  Bot_Itr
  ------ -------- --------- --------- -------- -------- -------- -------- --------
  -5.000  -0.3277   0.00802   0.00094  -0.0461   0.7662   0.2115  49.1440 196.5697
  -4.915  -0.3182   0.00794   0.00092  -0.0461   0.7662   0.2218  49.1534 197.7648
  -4.829  -0.3086   0.00788   0.00091  -0.0461   0.7659   0.2309  49.1771 198.8001
  -4.744  -0.2989   0.00782   0.00089  -0.0461   0.7656   0.2384  49.2173 199.6510
  -4.658  -0.2893   0.00777   0.00088  -0.0462   0.7651   0.2452  49.2749 200.4123
  -4.573  -0.2796   0.00773   0.00087  -0.0462   0.7644   0.2516  49.3534 201.1125
  -4.487  -0.2699   0.00769   0.00086  -0.0462   0.7634   0.2574  49.4578 201.7561
  -4.402  -0.2603   0.00765   0.00085  -0.0462   0.7623   0.2621  49.5878 202.2664
  -4.317  -0.2506   0.00763   0.00084  -0.0462   0.7610   0.2667  49.7362 202.7628
  -4.231  -0.2410   0.00761   0.00083  -0.0462   0.7596   0.2706  49.8942 203.1886
  -4.146  -0.2314   0.00759   0.00082  -0.0462   0.7582   0.2749  50.0471 203.6457
  -4.060  -0.2217   0.00756   0.00081  -0.0462   0.7568   0.2789  50.1985 204.0757
  -3.975  -0.2120   0.00752   0.00080  -0.0462   0.7554   0.2831  50.3549 204.5205
  -3.889  -0.2023   0.00750   0.00079  -0.0462   0.7541   0.2872  50.5052 204.9575
  -3.804  -0.1927   0.00746   0.00078  -0.0462   0.7529   0.2914  50.6380 205.3916
  -3.719  -0.1830   0.00744   0.00077  -0.0462   0.7519   0.2959  50.7488 205.8622
  -3.633  -0.1733   0.00741   0.00076  -0.0462   0.7511   0.3000  50.8379 206.2994
  -3.548  -0.1636   0.00738   0.00075  -0.0462   0.7504   0.3044  50.9092 206.7483
  -3.462  -0.1538   0.00736   0.00074  -0.0463   0.7499   0.3082  50.9665 207.1509
  -3.377  -0.1441   0.00733   0.00073  -0.0463   0.7495   0.3125  51.0119 207.5865
  -3.206  -0.1245   0.00725   0.00071  -0.0464   0.7489   0.3215  51.0781 208.5159
  -3.035  -0.1050   0.00717   0.00069  -0.0464   0.7482   0.3322  51.1505 209.6056
  -2.950  -0.0952   0.00713   0.00068  -0.0465   0.7479   0.3379  51.1882 210.1830
  -2.864  -0.0854   0.00708   0.00067  -0.0465   0.7475   0.3443  51.2241 210.8329
  -2.779  -0.0757   0.00704   0.00066  -0.0465   0.7472   0.3511  51.2595 211.5106
  -2.693  -0.0660   0.00699   0.00066  -0.0466   0.7469   0.3586  51.2952 212.2567
  -2.608  -0.0562   0.00695   0.00065  -0.0466   0.7465   0.3670  51.3408 213.0980
  -2.523  -0.0466   0.00690   0.00065  -0.0466   0.7459   0.3768  51.4039 214.0656
  -2.437  -0.0370   0.00685   0.00064  -0.0466   0.7451   0.3870  51.4905 215.0665
  -2.352  -0.0273   0.00681   0.00064  -0.0466   0.7441   0.3974  51.5972 216.0873
  -2.266  -0.0177   0.00677   0.00064  -0.0466   0.7430   0.4081  51.7171 217.1244
  -2.181  -0.0082   0.00674   0.00064  -0.0466   0.7419   0.4187  51.8420 218.1597
  -2.095   0.0014   0.00672   0.00065  -0.0466   0.7408   0.4295  51.9650 219.2009
  -2.010   0.0110   0.00668   0.00065  -0.0466   0.7398   0.4402  52.0752 220.2275
  -1.925   0.0207   0.00664   0.00066  -0.0466   0.7387   0.4504  52.1905 221.2158
  -1.839   0.0304   0.00661   0.00066  -0.0466   0.7376   0.4599  52.3118 222.1264
  -1.754   0.0401   0.00658   0.00067  -0.0466   0.7364   0.4685  52.4432 222.9471
  -1.668   0.0498   0.00656   0.00067  -0.0466   0.7351   0.4757  52.5758 223.6420
  -1.583   0.0595   0.00655   0.00068  -0.0466   0.7339   0.4824  52.7113 224.2801
  -1.498   0.0692   0.00655   0.00068  -0.0466   0.7326   0.4890  52.8514 224.9130
  -1.412   0.0790   0.00656   0.00069  -0.0466   0.7313   0.4949  52.9923 225.4763
  -1.327   0.0888   0.00655   0.00069  -0.0467   0.7301   0.5009  53.1241 226.0459
  -1.241   0.0985   0.00652   0.00070  -0.0467   0.7286   0.5066  53.2834 226.5913
  -1.156   0.1082   0.00652   0.00071  -0.0467   0.7269   0.5121  53.4612 227.1201
  -1.070   0.1179   0.00651   0.00072  -0.0467   0.7252   0.5176  53.6414 227.6397
  -0.985   0.1277   0.00653   0.00073  -0.0467   0.7236   0.5227  53.8142 228.1310
  -0.899   0.1375   0.00655   0.00074  -0.0467   0.7221   0.5278  53.9720 228.6214
  -0.814   0.1473   0.00654   0.00074  -0.0467   0.7209   0.5327  54.1004 229.0896
  -0.729   0.1570   0.00653   0.00075  -0.0467   0.7196   0.5374  54.2393 229.5367
  -0.643   0.1669   0.00653   0.00076  -0.0467   0.7182   0.5421  54.3944 229.9930
  -0.558   0.1766   0.00653   0.00077  -0.0467   0.7164   0.5464  54.5833 230.4046
  -0.472   0.1863   0.00655   0.00079  -0.0467   0.7143   0.5510  54.8020 230.8443
  -0.387   0.1961   0.00660   0.00080  -0.0467   0.7123   0.5551  55.0199 231.2360
  -0.301   0.2058   0.00659   0.00082  -0.0467   0.7104   0.5593  55.2175 231.6454
  -0.216   0.2155   0.00660   0.00083  -0.0467   0.7083   0.5634  55.4375 232.0368
  -0.131   0.2253   0.00661   0.00085  -0.0467   0.7062   0.5670  55.6569 232.3852
  -0.045   0.2351   0.00666   0.00086  -0.0467   0.7041   0.5708  55.8738 232.7519
   0.040   0.2449   0.00670   0.00088  -0.0468   0.7022   0.5743  56.0736 233.0855
   0.126   0.2545   0.00669   0.00090  -0.0468   0.7001   0.5775  56.2909 233.3999
   0.211   0.2643   0.00671   0.00092  -0.0467   0.6976   0.5810  56.5560 233.7352
   0.296   0.2740   0.00677   0.00094  -0.0467   0.6948   0.5842  56.8433 234.0502
   0.382   0.2837   0.00683   0.00097  -0.0468   0.6923   0.5870  57.1009 234.3230
   0.467   0.2934   0.00684   0.00099  -0.0467   0.6898   0.5901  57.3554 234.6204
   0.553   0.3031   0.00689   0.00102  -0.0467   0.6872   0.5932  57.6279 234.9239
   0.638   0.3129   0.00699   0.00106  -0.0468   0.6845   0.5958  57.9030 235.1749
   0.724   0.3226   0.00702   0.00108  -0.0468   0.6823   0.5985  58.1281 235.4336
   0.809   0.3323   0.00701   0.00109  -0.0467   0.6798   0.6013  58.3791 235.7094
   0.894   0.3420   0.00704   0.00110  -0.0467   0.6771   0.6042  58.6546 235.9901
   0.980   0.3517   0.00712   0.00112  -0.0467   0.6742   0.6062  58.9535 236.1906
   1.065   0.3614   0.00696   0.00105  -0.0467   0.6711   0.6084  59.2722 236.4092
   1.151   0.3721   0.00672   0.00096  -0.0469   0.6374   0.6109  62.6549 236.6452
   1.236   0.3810   0.00664   0.00082  -0.0466   0.6124   0.6132  65.1205 236.8774
   1.322   0.3898   0.00654   0.00069  -0.0464   0.5895   0.6152  67.3509 237.0728
   1.407   0.3982   0.00664   0.00069  -0.0462   0.5669   0.6169  69.5286 237.2402
   1.492   0.4069   0.00675   0.00071  -0.0460   0.5472   0.6188  71.4261 237.4278
   1.578   0.4156   0.00688   0.00073  -0.0458   0.5285   0.6209  73.2197 237.6309
   1.663   0.4243   0.00700   0.00076  -0.0457   0.5104   0.6230  74.9502 237.8392
   1.749   0.4332   0.00712   0.00078  -0.0455   0.4934   0.6249  76.5684 238.0265
   1.834   0.4420   0.00722   0.00080  -0.0454   0.4776   0.6263  78.0797 238.1656
   1.920   0.4509   0.00732   0.00081  -0.0453   0.4628   0.6278  79.4945 238.3156
   2.005   0.4598   0.00742   0.00083  -0.0452   0.4487   0.6295  80.8406 238.4774
   2.091   0.4688   0.00752   0.00084  -0.0451   0.4356   0.6312  82.0988 238.6452
   2.176   0.4778   0.00761   0.00086  -0.0450   0.4224   0.6328  83.3760 238.8090
   2.261   0.4868   0.00772   0.00088  -0.0449   0.4095   0.6344  84.6280 238.9609
   2.347   0.4957   0.00780   0.00089  -0.0447   0.3967   0.6358  85.8742 239.1090
   2.432   0.5046   0.00788   0.00089  -0.0446   0.3841   0.6376  87.1039 239.2795
   2.518   0.5135   0.00796   0.00089  -0.0445   0.3716   0.6394  88.3361 239.4597
   2.603   0.5224   0.00805   0.00090  -0.0444   0.3586   0.6411  89.6266 239.6364
   2.688   0.5312   0.00815   0.00091  -0.0443   0.3449   0.6428  90.9945 239.7976
   2.774   0.5400   0.00828   0.00093  -0.0442   0.3275   0.6441  92.7560 239.9344
   2.859   0.5483   0.00840   0.00094  -0.0440   0.3052   0.6456  95.0352 240.0779
   2.945   0.5559   0.00851   0.00096  -0.0437   0.2787   0.6474  97.8219 240.2643
   3.030   0.5636   0.00864   0.00098  -0.0434   0.2548   0.6494 100.4045 240.4568
   3.116   0.5716   0.00874   0.00101  -0.0432   0.2378   0.6514 102.2836 240.6569
   3.201   0.5800   0.00882   0.00103  -0.0430   0.2258   0.6535 103.6397 240.8662
   3.286   0.5885   0.00888   0.00106  -0.0428   0.2169   0.6559 104.6735 241.1150
   3.372   0.5969   0.00889   0.00111  -0.0426   0.2097   0.6594 105.5095 241.4651
   3.457   0.6049   0.00884   0.00117  -0.0424   0.2034   0.6631 106.2479 241.8387
   3.543   0.6131   0.00881   0.00122  -0.0421   0.1973   0.7050 106.9705 246.1418
   3.628   0.6195   0.00866   0.00128  -0.0414   0.1922   0.8187 107.5890 258.9815
   3.714   0.6271   0.00866   0.00133  -0.0410   0.1872   0.8483 108.2035 262.7763
   3.799   0.6347   0.00868   0.00137  -0.0405   0.1822   0.8723 108.8166 266.0893
   3.884   0.6423   0.00869   0.00140  -0.0400   0.1778   0.8942 109.3582 269.3468
   3.970   0.6498   0.00872   0.00144  -0.0395   0.1736   0.9146 109.8923 272.6700
   4.055   0.6580   0.00875   0.00147  -0.0392   0.1697   0.9337 110.3867 276.1150
   4.141   0.6677   0.00881   0.00151  -0.0391   0.1656   0.9499 110.9105 279.4343
   4.226   0.6790   0.00887   0.00154  -0.0395   0.1614   0.9629 111.4520 282.4890
   4.312   0.6909   0.00896   0.00158  -0.0400   0.1569   0.9730 112.0376 285.2189
   4.397   0.7031   0.00903   0.00161  -0.0406   0.1521   0.9808 112.6736 287.7217
   4.482   0.7153   0.00912   0.00164  -0.0413   0.1474   0.9873 113.2973 290.2021
   4.568   0.7274   0.00922   0.00168  -0.0419   0.1426   0.9926 113.9460 292.7791
   4.653   0.7399   0.00930   0.00171  -0.0426   0.1380   0.9968 114.5898 295.6102
   4.739   0.7523   0.00939   0.00174  -0.0432   0.1335   1.0000 115.2072 300.8023
   4.824   0.7607   0.00946   0.00177  -0.0430   0.1297   1.0000 115.7492 301.0000
   4.910   0.7690   0.00954   0.00180  -0.0428   0.1263   1.0000 116.2343 301.0000
   4.995   0.7774   0.00962   0.00183  -0.0426   0.1228   1.0000 116.7367 301.0000
   5.080   0.7858   0.00970   0.00186  -0.0423   0.1197   1.0000 117.1945 301.0000
   5.166   0.7943   0.00978   0.00189  -0.0421   0.1163   1.0000 117.7005 301.0000
   5.251   0.8027   0.00986   0.00192  -0.0419   0.1131   1.0000 118.1770 301.0000
   5.337   0.8111   0.00995   0.00195  -0.0417   0.1096   1.0000 118.7106 301.0000
   5.422   0.8195   0.01003   0.00198  -0.0415   0.1063   1.0000 119.2162 301.0000
   5.508   0.8279   0.01012   0.00202  -0.0413   0.1029   1.0000 119.7493 301.0000
   5.593   0.8363   0.01021   0.00206  -0.0411   0.0997   1.0000 120.2512 301.0000
   5.678   0.8447   0.01031   0.00209  -0.0409   0.0963   1.0000 120.7997 301.0000
   5.764   0.8532   0.01040   0.00213  -0.0407   0.0932   1.0000 121.3074 301.0000
   5.849   0.8615   0.01049   0.00217  -0.0405   0.0899   1.0000 121.8416 301.0000
   5.935   0.8700   0.01059   0.00221  -0.0403   0.0871   1.0000 122.3184 301.0000
   6.020   0.8783   0.01069   0.00225  -0.0401   0.0842   1.0000 122.8094 301.0000
   6.106   0.8868   0.01078   0.00229  -0.0399   0.0816   1.0000 123.2680 301.0000
   6.191   0.8952   0.01088   0.00234  -0.0397   0.0787   1.0000 123.7678 301.0000
   6.276   0.9036   0.01098   0.00238  -0.0395   0.0762   1.0000 124.2159 301.0000
   6.362   0.9120   0.01108   0.00243  -0.0393   0.0737   1.0000 124.6809 301.0000
   6.447   0.9203   0.01119   0.00248  -0.0391   0.0714   1.0000 125.1017 301.0000
   6.533   0.9288   0.01128   0.00252  -0.0389   0.0691   1.0000 125.5167 301.0000
   6.618   0.9370   0.01140   0.00257  -0.0387   0.0670   1.0000 125.9183 301.0000
   6.704   0.9455   0.01149   0.00262  -0.0385   0.0651   1.0000 126.2949 301.0000
   6.789   0.9539   0.01159   0.00267  -0.0383   0.0630   1.0000 126.7027 301.0000
   6.874   0.9621   0.01171   0.00273  -0.0381   0.0611   1.0000 127.0743 301.0000
   6.960   0.9706   0.01180   0.00277  -0.0379   0.0592   1.0000 127.4478 301.0000
   7.045   0.9788   0.01192   0.00283  -0.0377   0.0574   1.0000 127.8202 301.0000
   7.131   0.9871   0.01203   0.00288  -0.0375   0.0558   1.0000 128.1556 301.0000
   7.216   0.9955   0.01214   0.00294  -0.0373   0.0542   1.0000 128.4983 301.0000
   7.301   1.0036   0.01226   0.00300  -0.0371   0.0526   1.0000 128.8324 301.0000
   7.387   1.0119   0.01238   0.00306  -0.0369   0.0511   1.0000 129.1397 301.0000
   7.472   1.0203   0.01248   0.00311  -0.0367   0.0496   1.0000 129.4721 301.0000
   7.558   1.0284   0.01260   0.00317  -0.0365   0.0481   1.0000 129.8048 301.0000
   7.643   1.0366   0.01272   0.00324  -0.0363   0.0468   1.0000 130.1070 301.0000
   7.729   1.0449   0.01283   0.00329  -0.0361   0.0454   1.0000 130.4142 301.0000
   7.814   1.0530   0.01295   0.00335  -0.0359   0.0441   1.0000 130.7203 301.0000
   7.899   1.0609   0.01310   0.00343  -0.0356   0.0428   1.0000 131.0113 301.0000
   7.985   1.0693   0.01320   0.00348  -0.0354   0.0418   1.0000 131.2635 301.0000
   8.070   1.0774   0.01331   0.00354  -0.0352   0.0407   1.0000 131.5275 301.0000
   8.156   1.0854   0.01345   0.00362  -0.0350   0.0397   1.0000 131.7783 301.0000
   8.241   1.0932   0.01360   0.00370  -0.0347   0.0387   1.0000 132.0208 301.0000
   8.327   1.1015   0.01370   0.00375  -0.0345   0.0378   1.0000 132.2342 301.0000
   8.412   1.1097   0.01381   0.00381  -0.0343   0.0369   1.0000 132.4716 301.0000
   8.498   1.1177   0.01394   0.00388  -0.0341   0.0360   1.0000 132.7029 301.0000
   8.583   1.1254   0.01410   0.00396  -0.0338   0.0351   1.0000 132.9242 301.0000
   8.668   1.1334   0.01422   0.00403  -0.0336   0.0344   1.0000 133.1180 301.0000
   8.754   1.1415   0.01433   0.00409  -0.0334   0.0336   1.0000 133.3173 301.0000
   8.839   1.1495   0.01446   0.00416  -0.0331   0.0329   1.0000 133.5134 301.0000
   8.925   1.1573   0.01460   0.00424  -0.0329   0.0322   1.0000 133.6998 301.0000
   9.010   1.1649   0.01476   0.00432  -0.0326   0.0315   1.0000 133.8829 301.0000
   9.095   1.1725   0.01491   0.00441  -0.0323   0.0309   1.0000 134.0516 301.0000
   9.181   1.1805   0.01503   0.00448  -0.0321   0.0304   1.0000 134.1983 301.0000
   9.266   1.1884   0.01516   0.00455  -0.0318   0.0298   1.0000 134.3551 301.0000
   9.352   1.1961   0.01530   0.00463  -0.0316   0.0293   1.0000 134.5127 301.0000
   9.437   1.2036   0.01545   0.00472  -0.0313   0.0287   1.0000 134.6646 301.0000
   9.523   1.2110   0.01562   0.00481  -0.0310   0.0282   1.0000 134.8145 301.0000
   9.608   1.2179   0.01582   0.00493  -0.0306   0.0276   1.0000 134.9765 301.0000
   9.694   1.2257   0.01595   0.00500  -0.0303   0.0272   1.0000 135.0924 301.0000
   9.779   1.2335   0.01608   0.00508  -0.0301   0.0268   1.0000 135.2179 301.0000
   9.864   1.2411   0.01621   0.00515  -0.0298   0.0264   1.0000 135.3515 301.0000
   9.950   1.2486   0.01635   0.00523  -0.0295   0.0259   1.0000 135.4856 301.0000
  10.035   1.2560   0.01651   0.00532  -0.0292   0.0255   1.0000 135.6161 301.0000
  10.121   1.2632   0.01667   0.00541  -0.0289   0.0251   1.0000 135.7404 301.0000
  10.206   1.2702   0.01686   0.00552  -0.0285   0.0247   1.0000 135.8631 301.0000
  10.291   1.2766   0.01708   0.00565  -0.0281   0.0242   1.0000 135.9946 301.0000
  10.377   1.2840   0.01722   0.00573  -0.0278   0.0240   1.0000 136.0824 301.0000
  10.462   1.2913   0.01736   0.00581  -0.0275   0.0237   1.0000 136.1791 301.0000
  10.548   1.2985   0.01751   0.00590  -0.0271   0.0233   1.0000 136.2803 301.0000
  10.633   1.3057   0.01767   0.00599  -0.0268   0.0230   1.0000 136.3816 301.0000
  10.719   1.3126   0.01783   0.00608  -0.0265   0.0227   1.0000 136.4816 301.0000
  10.804   1.3195   0.01800   0.00618  -0.0261   0.0224   1.0000 136.5789 301.0000
  10.889   1.3261   0.01819   0.00628  -0.0257   0.0221   1.0000 136.6732 301.0000
  10.975   1.3326   0.01838   0.00640  -0.0253   0.0218   1.0000 136.7669 301.0000
  11.060   1.3386   0.01860   0.00652  -0.0248   0.0215   1.0000 136.8641 301.0000
  11.146   1.3440   0.01886   0.00668  -0.0242   0.0212   1.0000 136.9689 301.0000
  11.231   1.3498   0.01906   0.00679  -0.0237   0.0210   1.0000 137.0387 301.0000
  11.317   1.3560   0.01921   0.00688  -0.0232   0.0208   1.0000 137.1007 301.0000
  11.402   1.3620   0.01938   0.00698  -0.0226   0.0206   1.0000 137.1690 301.0000
  11.487   1.3678   0.01956   0.00708  -0.0221   0.0204   1.0000 137.2411 301.0000
  11.573   1.3735   0.01974   0.00719  -0.0215   0.0202   1.0000 137.3150 301.0000
  11.658   1.3792   0.01993   0.00730  -0.0210   0.0200   1.0000 137.3889 301.0000
  11.744   1.3847   0.02013   0.00742  -0.0204   0.0198   1.0000 137.4618 301.0000
  11.829   1.3902   0.02033   0.00754  -0.0199   0.0196   1.0000 137.5338 301.0000
  11.915   1.3955   0.02055   0.00766  -0.0193   0.0193   1.0000 137.6055 301.0000
  12.000   1.4006   0.02077   0.00779  -0.0187   0.0191   1.0000 137.6761 301.0000
