  
       XFOIL         Version 6.99
  
 Calculated polar for: Repaneled_Airfoil                               
  
 1 1 Reynolds number fixed          Mach number fixed         
  
 xtrf =   1.000 (top)        1.000 (bottom)  
 Mach =   0.000     Re =     1.000 e 6     Ncrit =   9.000  9.000
  
   alpha    CL        CD       CDp       CM     Top_Xtr  Bot_Xtr  Top_Itr  Bot_Itr
  ------ -------- --------- --------- -------- -------- -------- -------- --------
  -5.000  -0.3872   0.01047   0.00200  -0.0788   0.6113   0.0589  65.4230 174.5596
  -4.915  -0.3777   0.01041   0.00196  -0.0788   0.6091   0.0614  65.6397 175.0700
  -4.829  -0.3684   0.01032   0.00191  -0.0788   0.6070   0.0642  65.8416 175.6238
  -4.744  -0.3590   0.01026   0.00187  -0.0788   0.6051   0.0669  66.0313 176.1461
  -4.658  -0.3496   0.01017   0.00182  -0.0788   0.6028   0.0699  66.2491 176.7053
  -4.573  -0.3403   0.01009   0.00178  -0.0788   0.6006   0.0729  66.4671 177.2544
  -4.487  -0.3309   0.01002   0.00173  -0.0788   0.5985   0.0761  66.6765 177.8482
  -4.402  -0.3215   0.00995   0.00169  -0.0788   0.5965   0.0792  66.8704 178.3996
  -4.317  -0.3121   0.00989   0.00165  -0.0788   0.5946   0.0825  67.0555 178.9760
  -4.231  -0.3027   0.00981   0.00161  -0.0788   0.5925   0.0859  67.2595 179.5524
  -4.146  -0.2933   0.00974   0.00157  -0.0788   0.5904   0.0893  67.4632 180.1270
  -4.060  -0.2839   0.00967   0.00153  -0.0788   0.5884   0.0931  67.6584 180.7497
  -3.975  -0.2746   0.00961   0.00150  -0.0788   0.5865   0.0967  67.8404 181.3426
  -3.889  -0.2652   0.00956   0.00146  -0.0787   0.5848   0.1006  68.0080 181.9726
  -3.804  -0.2558   0.00948   0.00143  -0.0787   0.5829   0.1047  68.1930 182.6070
  -3.719  -0.2463   0.00941   0.00139  -0.0787   0.5810   0.1090  68.3795 183.2651
  -3.633  -0.2369   0.00935   0.00136  -0.0787   0.5791   0.1137  68.5616 183.9785
  -3.548  -0.2275   0.00929   0.00133  -0.0787   0.5773   0.1185  68.7338 184.6953
  -3.462  -0.2182   0.00923   0.00130  -0.0787   0.5757   0.1232  68.8930 185.3793
  -3.377  -0.2088   0.00918   0.00128  -0.0787   0.5741   0.1281  69.0457 186.0942
  -3.292  -0.1993   0.00911   0.00125  -0.0787   0.5724   0.1336  69.2127 186.8668
  -3.206  -0.1899   0.00905   0.00123  -0.0787   0.5706   0.1390  69.3811 187.6121
  -3.121  -0.1804   0.00900   0.00121  -0.0787   0.5689   0.1443  69.5460 188.3410
  -3.035  -0.1710   0.00895   0.00119  -0.0787   0.5673   0.1498  69.7050 189.0830
  -2.950  -0.1616   0.00890   0.00117  -0.0787   0.5657   0.1555  69.8559 189.8376
  -2.864  -0.1522   0.00886   0.00115  -0.0787   0.5642   0.1606  69.9990 190.4942
  -2.779  -0.1426   0.00882   0.00114  -0.0787   0.5626   0.1653  70.1570 191.1106
  -2.693  -0.1330   0.00877   0.00113  -0.0787   0.5609   0.1700  70.3216 191.7019
  -2.608  -0.1235   0.00874   0.00112  -0.0787   0.5592   0.1744  70.4862 192.2634
  -2.523  -0.1139   0.00871   0.00111  -0.0787   0.5575   0.1792  70.6443 192.8583
  -2.437  -0.1044   0.00868   0.00110  -0.0787   0.5560   0.1834  70.7933 193.3793
  -2.352  -0.0949   0.00867   0.00109  -0.0787   0.5545   0.1877  70.9330 193.9113
  -2.266  -0.0853   0.00864   0.00109  -0.0787   0.5531   0.1916  71.0711 194.3838
  -2.181  -0.0756   0.00862   0.00109  -0.0787   0.5516   0.1958  71.2164 194.8894
  -2.095  -0.0660   0.00860   0.00109  -0.0787   0.5501   0.1998  71.3619 195.3574
  -2.010  -0.0563   0.00859   0.00109  -0.0788   0.5486   0.2037  71.5033 195.8282
  -1.925  -0.0466   0.00857   0.00109  -0.0788   0.5472   0.2069  71.6380 196.2009
  -1.839  -0.0370   0.00856   0.00109  -0.0788   0.5459   0.2099  71.7651 196.5573
  -1.754  -0.0274   0.00857   0.00109  -0.0788   0.5446   0.2128  71.8851 196.8937
  -1.668  -0.0178   0.00857   0.00109  -0.0788   0.5434   0.2153  72.0000 197.1846
  -1.583  -0.0080   0.00855   0.00109  -0.0788   0.5422   0.2180  72.1180 197.4934
  -1.498   0.0017   0.00854   0.00110  -0.0788   0.5409   0.2207  72.2407 197.8103
  -1.412   0.0115   0.00854   0.00110  -0.0788   0.5397   0.2232  72.3637 198.0917
  -1.327   0.0212   0.00853   0.00110  -0.0788   0.5384   0.2256  72.4851 198.3649
  -1.241   0.0309   0.00853   0.00111  -0.0789   0.5372   0.2280  72.6026 198.6396
  -1.156   0.0406   0.00853   0.00110  -0.0789   0.5360   0.2302  72.7152 198.8923
  -1.070   0.0503   0.00853   0.00110  -0.0789   0.5349   0.2322  72.8228 199.1101
  -0.985   0.0599   0.00853   0.00111  -0.0789   0.5338   0.2341  72.9270 199.3279
  -0.899   0.0695   0.00854   0.00111  -0.0789   0.5327   0.2362  73.0302 199.5583
  -0.814   0.0794   0.00854   0.00112  -0.0789   0.5316   0.2382  73.1374 199.7920
  -0.643   0.0989   0.00852   0.00112  -0.0789   0.5293   0.2418  73.3594 200.1906
  -0.558   0.1086   0.00852   0.00112  -0.0789   0.5281   0.2435  73.4688 200.3815
  -0.472   0.1183   0.00852   0.00113  -0.0790   0.5270   0.2454  73.5759 200.5833
  -0.387   0.1281   0.00853   0.00113  -0.0790   0.5259   0.2472  73.6792 200.7819
  -0.301   0.1378   0.00854   0.00112  -0.0790   0.5249   0.2488  73.7784 200.9585
  -0.216   0.1474   0.00854   0.00112  -0.0790   0.5239   0.2502  73.8743 201.1219
  -0.131   0.1569   0.00854   0.00113  -0.0789   0.5229   0.2517  73.9694 201.2834
  -0.045   0.1667   0.00854   0.00113  -0.0790   0.5219   0.2533  74.0637 201.4548
   0.040   0.1765   0.00854   0.00113  -0.0790   0.5209   0.2549  74.1637 201.6358
   0.126   0.1863   0.00854   0.00113  -0.0790   0.5198   0.2566  74.2677 201.8132
   0.211   0.1961   0.00855   0.00113  -0.0790   0.5187   0.2580  74.3732 201.9666
   0.296   0.2058   0.00853   0.00113  -0.0790   0.5176   0.2593  74.4775 202.1119
   0.382   0.2155   0.00852   0.00113  -0.0790   0.5165   0.2607  74.5802 202.2582
   0.467   0.2251   0.00852   0.00113  -0.0790   0.5155   0.2621  74.6807 202.4107
   0.553   0.2348   0.00853   0.00113  -0.0790   0.5145   0.2636  74.7785 202.5733
   0.638   0.2445   0.00854   0.00113  -0.0790   0.5135   0.2651  74.8743 202.7370
   0.724   0.2541   0.00856   0.00113  -0.0790   0.5125   0.2665  74.9709 202.8864
   0.894   0.2736   0.00854   0.00112  -0.0791   0.5104   0.2689  75.1650 203.1470
   0.980   0.2833   0.00853   0.00112  -0.0791   0.5094   0.2701  75.2665 203.2816
   1.065   0.2930   0.00853   0.00112  -0.0791   0.5083   0.2715  75.3671 203.4249
   1.151   0.3028   0.00853   0.00112  -0.0791   0.5073   0.2729  75.4645 203.5768
   1.236   0.3125   0.00853   0.00112  -0.0791   0.5063   0.2743  75.5581 203.7313
   1.322   0.3222   0.00854   0.00112  -0.0791   0.5054   0.2757  75.6495 203.8748
   1.407   0.3319   0.00855   0.00112  -0.0791   0.5045   0.2768  75.7382 203.9934
   1.492   0.3415   0.00854   0.00111  -0.0791   0.5036   0.2780  75.8245 204.1244
   1.578   0.3511   0.00854   0.00111  -0.0791   0.5027   0.2792  75.9100 204.2517
   1.663   0.3606   0.00856   0.00111  -0.0791   0.5018   0.2805  75.9972 204.3826
   1.749   0.3704   0.00855   0.00111  -0.0791   0.5009   0.2818  76.0783 204.5200
   1.834   0.3802   0.00855   0.00111  -0.0791   0.5000   0.2831  76.1652 204.6620
   1.920   0.3900   0.00855   0.00111  -0.0791   0.4991   0.2845  76.2531 204.8057
   2.005   0.3997   0.00855   0.00111  -0.0792   0.4982   0.2858  76.3407 204.9419
   2.091   0.4094   0.00855   0.00111  -0.0792   0.4973   0.2871  76.4272 205.0789
   2.176   0.4191   0.00854   0.00111  -0.0792   0.4964   0.2884  76.5118 205.2197
   2.261   0.4288   0.00854   0.00111  -0.0792   0.4955   0.2897  76.5940 205.3582
   2.347   0.4385   0.00854   0.00111  -0.0792   0.4947   0.2911  76.6761 205.4994
   2.432   0.4482   0.00855   0.00111  -0.0792   0.4938   0.2924  76.7628 205.6443
   2.518   0.4578   0.00856   0.00111  -0.0792   0.4927   0.2938  76.8629 205.7912
   2.603   0.4673   0.00859   0.00111  -0.0791   0.4915   0.2952  76.9803 205.9336
   2.688   0.4771   0.00858   0.00110  -0.0792   0.4902   0.2966  77.1062 206.0792
   2.774   0.4868   0.00856   0.00110  -0.0792   0.4886   0.2981  77.2539 206.2321
   2.859   0.4966   0.00855   0.00109  -0.0792   0.4870   0.2996  77.4132 206.3870
   2.945   0.5063   0.00854   0.00108  -0.0792   0.4853   0.3011  77.5687 206.5485
   3.030   0.5159   0.00854   0.00108  -0.0792   0.4838   0.3027  77.7169 206.7159
   3.116   0.5255   0.00856   0.00107  -0.0792   0.4823   0.3043  77.8635 206.8825
   3.201   0.5350   0.00858   0.00106  -0.0791   0.4807   0.3059  78.0152 207.0455
   3.286   0.5448   0.00856   0.00106  -0.0791   0.4791   0.3077  78.1696 207.2255
   3.372   0.5545   0.00854   0.00105  -0.0792   0.4774   0.3095  78.3285 207.4173
   3.457   0.5642   0.00854   0.00105  -0.0792   0.4758   0.3115  78.4858 207.6219
   3.543   0.5739   0.00854   0.00104  -0.0792   0.4742   0.3136  78.6342 207.8350
   3.628   0.5835   0.00855   0.00103  -0.0791   0.4728   0.3157  78.7716 208.0504
   3.714   0.5930   0.00855   0.00103  -0.0791   0.4714   0.3180  78.9057 208.2893
   3.799   0.6026   0.00856   0.00103  -0.0791   0.4699   0.3206  79.0446 208.5553
   3.884   0.6124   0.00855   0.00102  -0.0791   0.4683   0.3234  79.2050 208.8428
   3.970   0.6221   0.00854   0.00102  -0.0791   0.4665   0.3263  79.3759 209.1393
   4.055   0.6318   0.00853   0.00102  -0.0791   0.4647   0.3297  79.5515 209.4832
   4.141   0.6414   0.00853   0.00101  -0.0791   0.4629   0.3335  79.7181 209.8651
   4.226   0.6509   0.00854   0.00100  -0.0791   0.4613   0.3377  79.8715 210.2845
   4.312   0.6604   0.00854   0.00100  -0.0791   0.4597   0.3429  80.0247 210.8141
   4.397   0.6701   0.00852   0.00100  -0.0791   0.4580   0.3496  80.1913 211.4888
   4.482   0.6798   0.00849   0.00100  -0.0791   0.4560   0.3593  80.3852 212.4503
   4.653   0.6987   0.00825   0.00097  -0.0792   0.4518   0.4522  80.7866 221.4973
   4.739   0.7077   0.00805   0.00110  -0.0793   0.4500   0.6736  80.9601 242.9791
   4.824   0.7173   0.00806   0.00112  -0.0793   0.4481   0.6793  81.1400 243.5585
   4.910   0.7272   0.00809   0.00113  -0.0793   0.4460   0.6838  81.3478 244.0148
   4.995   0.7366   0.00807   0.00114  -0.0792   0.4436   0.6881  81.5775 244.4575
   5.080   0.7460   0.00810   0.00113  -0.0792   0.4411   0.6917  81.8221 244.8338
   5.166   0.7554   0.00812   0.00114  -0.0791   0.4385   0.6950  82.0676 245.1681
   5.251   0.7650   0.00812   0.00115  -0.0791   0.4355   0.6985  82.3547 245.5360
   5.337   0.7746   0.00815   0.00115  -0.0790   0.4326   0.7017  82.6426 245.8681
   5.422   0.7839   0.00818   0.00115  -0.0789   0.4298   0.7046  82.9099 246.1658
   5.508   0.7934   0.00819   0.00116  -0.0789   0.4270   0.7075  83.1763 246.4776
   5.593   0.8030   0.00822   0.00117  -0.0789   0.4237   0.7101  83.5016 246.7497
   5.678   0.8124   0.00827   0.00116  -0.0788   0.4198   0.7122  83.8751 246.9637
   5.764   0.8218   0.00829   0.00117  -0.0787   0.4155   0.7141  84.2911 247.1679
   5.849   0.8311   0.00833   0.00118  -0.0786   0.4102   0.7161  84.8067 247.3736
   5.935   0.8405   0.00837   0.00118  -0.0786   0.4045   0.7180  85.3695 247.5764
   6.020   0.8496   0.00843   0.00118  -0.0785   0.3973   0.7197  86.0673 247.7620
   6.106   0.8588   0.00850   0.00119  -0.0784   0.3888   0.7212  86.8961 247.9191
   6.191   0.8678   0.00858   0.00120  -0.0783   0.3790   0.7225  87.8672 248.0540
   6.276   0.8766   0.00868   0.00122  -0.0781   0.3655   0.7238  89.2017 248.1941
   6.362   0.8848   0.00884   0.00125  -0.0779   0.3464   0.7250  91.1080 248.3281
   6.447   0.8897   0.00940   0.00143  -0.0772   0.2805   0.7261  97.9051 248.4368
   6.533   0.8918   0.01031   0.00184  -0.0761   0.1967   0.7269 107.3200 248.5222
   6.618   0.8992   0.01057   0.00197  -0.0758   0.1777   0.7279 109.6422 248.6348
   6.704   0.9073   0.01077   0.00206  -0.0755   0.1648   0.7289 111.2836 248.7420
   6.789   0.9156   0.01093   0.00213  -0.0753   0.1536   0.7299 112.7350 248.8465
   6.874   0.9239   0.01110   0.00220  -0.0751   0.1441   0.7308 114.0081 248.9479
   6.960   0.9323   0.01123   0.00226  -0.0749   0.1356   0.7318 115.1824 249.0514
   7.045   0.9407   0.01136   0.00232  -0.0747   0.1277   0.7329 116.3044 249.1656
   7.131   0.9492   0.01148   0.00238  -0.0745   0.1207   0.7339 117.3126 249.2764
   7.216   0.9576   0.01161   0.00243  -0.0743   0.1142   0.7349 118.2703 249.3834
   7.301   0.9661   0.01173   0.00249  -0.0741   0.1083   0.7359 119.1767 249.4910
   7.387   0.9745   0.01186   0.00254  -0.0739   0.1029   0.7368 120.0073 249.5943
   7.472   0.9831   0.01197   0.00259  -0.0738   0.0978   0.7377 120.8260 249.6885
   7.558   0.9916   0.01209   0.00264  -0.0736   0.0931   0.7384 121.5921 249.7695
   7.643   1.0001   0.01221   0.00270  -0.0734   0.0888   0.7391 122.2960 249.8364
   7.814   1.0171   0.01244   0.00280  -0.0730   0.0813   0.7402 123.5903 249.9559
   7.985   1.0340   0.01265   0.00290  -0.0726   0.0746   0.7414 124.7771 250.0883
   8.070   1.0424   0.01276   0.00296  -0.0724   0.0718   0.7420 125.2990 250.1588
   8.156   1.0507   0.01287   0.00301  -0.0722   0.0690   0.7426 125.8165 250.2245
   8.241   1.0591   0.01297   0.00306  -0.0720   0.0665   0.7432 126.2882 250.2856
   8.327   1.0675   0.01309   0.00312  -0.0718   0.0639   0.7437 126.7827 250.3436
   8.412   1.0758   0.01320   0.00317  -0.0716   0.0617   0.7443 127.2235 250.4022
   8.498   1.0841   0.01331   0.00323  -0.0713   0.0595   0.7448 127.6745 250.4613
   8.583   1.0923   0.01343   0.00329  -0.0711   0.0574   0.7454 128.0812 250.5242
   8.668   1.1007   0.01353   0.00334  -0.0709   0.0555   0.7460 128.4780 250.5890
   8.754   1.1087   0.01366   0.00340  -0.0706   0.0537   0.7465 128.8692 250.6485
   8.839   1.1170   0.01377   0.00346  -0.0704   0.0520   0.7470 129.2298 250.7037
   8.925   1.1252   0.01389   0.00351  -0.0702   0.0502   0.7475 129.6170 250.7569
   9.010   1.1331   0.01403   0.00358  -0.0699   0.0485   0.7479 129.9810 250.8046
   9.095   1.1414   0.01413   0.00363  -0.0697   0.0471   0.7483 130.3110 250.8450
   9.181   1.1495   0.01424   0.00368  -0.0694   0.0456   0.7486 130.6501 250.8769
   9.266   1.1572   0.01439   0.00375  -0.0691   0.0442   0.7488 130.9677 250.9022
   9.352   1.1654   0.01449   0.00381  -0.0689   0.0430   0.7490 131.2415 250.9236
   9.437   1.1735   0.01461   0.00387  -0.0686   0.0418   0.7492 131.5258 250.9447
   9.523   1.1812   0.01475   0.00393  -0.0683   0.0407   0.7494 131.7983 250.9672
   9.608   1.1888   0.01489   0.00401  -0.0680   0.0396   0.7496 132.0549 250.9893
   9.779   1.2049   0.01511   0.00412  -0.0674   0.0376   0.7500 132.5611 251.0349
   9.864   1.2125   0.01524   0.00419  -0.0671   0.0366   0.7502 132.8016 251.0518
   9.950   1.2198   0.01539   0.00426  -0.0667   0.0358   0.7503 133.0247 251.0632
  10.035   1.2278   0.01549   0.00432  -0.0665   0.0350   0.7504 133.2223 251.0729
  10.121   1.2356   0.01561   0.00438  -0.0662   0.0342   0.7505 133.4330 251.0838
  10.206   1.2431   0.01574   0.00445  -0.0658   0.0334   0.7506 133.6355 251.0981
  10.291   1.2504   0.01589   0.00452  -0.0654   0.0327   0.7508 133.8287 251.1147
  10.377   1.2574   0.01605   0.00461  -0.0650   0.0320   0.7509 134.0200 251.1345
  10.462   1.2651   0.01616   0.00467  -0.0647   0.0314   0.7512 134.1739 251.1621
  10.548   1.2726   0.01629   0.00474  -0.0644   0.0308   0.7515 134.3411 251.1926
  10.633   1.2799   0.01642   0.00481  -0.0640   0.0302   0.7517 134.5084 251.2225
  10.719   1.2870   0.01657   0.00489  -0.0636   0.0297   0.7520 134.6672 251.2507
  10.804   1.2938   0.01673   0.00498  -0.0631   0.0291   0.7523 134.8230 251.2834
  10.889   1.3000   0.01694   0.00509  -0.0626   0.0285   0.7526 134.9906 251.3167
  10.975   1.3074   0.01705   0.00515  -0.0622   0.0281   0.7529 135.1088 251.3516
  11.060   1.3146   0.01718   0.00522  -0.0618   0.0276   0.7532 135.2426 251.3804
  11.146   1.3217   0.01731   0.00529  -0.0614   0.0272   0.7534 135.3820 251.4046
  11.231   1.3286   0.01746   0.00537  -0.0610   0.0267   0.7536 135.5204 251.4248
  11.317   1.3353   0.01761   0.00545  -0.0605   0.0263   0.7537 135.6526 251.4438
  11.402   1.3417   0.01778   0.00553  -0.0600   0.0258   0.7539 135.7784 251.4613
  11.487   1.3476   0.01797   0.00563  -0.0594   0.0254   0.7540 135.9046 251.4789
  11.573   1.3533   0.01817   0.00574  -0.0588   0.0250   0.7542 136.0244 251.4974
  11.658   1.3601   0.01831   0.00582  -0.0583   0.0247   0.7544 136.1179 251.5162
  11.744   1.3664   0.01845   0.00589  -0.0578   0.0244   0.7545 136.2192 251.5323
  11.829   1.3722   0.01860   0.00597  -0.0572   0.0241   0.7546 136.3202 251.5447
  11.915   1.3774   0.01875   0.00604  -0.0564   0.0238   0.7547 136.4178 251.5521
  12.000   1.3824   0.01890   0.00612  -0.0556   0.0235   0.7548 136.5128 251.5570
