  
       XFOIL         Version 6.99
  
 Calculated polar for: Repaneled_Airfoil                               
  
 1 1 Reynolds number fixed          Mach number fixed         
  
 xtrf =   1.000 (top)        1.000 (bottom)  
 Mach =   0.000     Re =     0.300 e 6     Ncrit =   9.000  9.000
  
   alpha    CL        CD       CDp       CM     Top_Xtr  Bot_Xtr  Top_Itr  Bot_Itr
  ------ -------- --------- --------- -------- -------- -------- -------- --------
  -5.000  -0.7265   0.01690   0.00563  -0.0169   1.0001   0.0604   1.0000 175.0145
  -4.915  -0.7194   0.01664   0.00552  -0.0165   1.0001   0.0615   1.0000 175.2269
  -4.829  -0.7118   0.01646   0.00542  -0.0162   1.0001   0.0628   1.0000 175.4820
  -4.744  -0.7039   0.01630   0.00530  -0.0159   1.0001   0.0644   1.0000 175.7894
  -4.658  -0.6962   0.01610   0.00516  -0.0156   1.0001   0.0659   1.0000 176.0890
  -4.573  -0.6887   0.01590   0.00507  -0.0153   1.0001   0.0674   1.0000 176.3582
  -4.487  -0.6808   0.01574   0.00497  -0.0150   1.0001   0.0692   1.0000 176.6973
  -4.402  -0.6729   0.01558   0.00485  -0.0147   1.0001   0.0711   1.0000 177.0579
  -4.317  -0.6653   0.01538   0.00477  -0.0144   1.0001   0.0728   1.0000 177.3662
  -4.146  -0.6307   0.01494   0.00451  -0.0180   0.9950   0.0791   7.8353 178.5136
  -4.060  -0.6124   0.01469   0.00435  -0.0199   0.9912   0.0829  10.0586 179.1714
  -3.975  -0.5951   0.01445   0.00420  -0.0217   0.9862   0.0867  12.2862 179.8177
  -3.889  -0.5793   0.01419   0.00405  -0.0231   0.9798   0.0903  14.6719 180.4234
  -3.804  -0.5650   0.01396   0.00389  -0.0241   0.9709   0.0944  17.4308 181.0967
  -3.719  -0.5504   0.01372   0.00375  -0.0253   0.9589   0.0987  20.5790 181.7855
  -3.633  -0.5335   0.01346   0.00359  -0.0269   0.9366   0.1036  25.4047 182.5650
  -3.548  -0.5016   0.01314   0.00333  -0.0317   0.8916   0.1126  33.1569 183.9432
  -3.462  -0.4757   0.01300   0.00304  -0.0349   0.7973   0.1210  45.7482 185.1880
  -3.377  -0.4686   0.01309   0.00297  -0.0343   0.7526   0.1258  50.8747 185.8819
  -3.292  -0.4612   0.01309   0.00293  -0.0339   0.7323   0.1306  53.0952 186.5586
  -3.206  -0.4532   0.01308   0.00289  -0.0335   0.7195   0.1359  54.4665 187.3131
  -3.121  -0.4449   0.01306   0.00286  -0.0333   0.7101   0.1418  55.4642 188.1133
  -3.035  -0.4364   0.01303   0.00284  -0.0331   0.7026   0.1475  56.2531 188.8925
  -2.950  -0.4279   0.01300   0.00283  -0.0329   0.6962   0.1531  56.9136 189.6386
  -2.864  -0.4191   0.01296   0.00282  -0.0328   0.6905   0.1589  57.5056 190.3947
  -2.779  -0.4102   0.01295   0.00281  -0.0327   0.6857   0.1647  58.0051 191.1495
  -2.693  -0.4012   0.01292   0.00281  -0.0326   0.6811   0.1703  58.4764 191.8543
  -2.608  -0.3923   0.01290   0.00282  -0.0325   0.6772   0.1752  58.8784 192.4791
  -2.523  -0.3832   0.01289   0.00281  -0.0324   0.6735   0.1806  59.2602 193.1400
  -2.437  -0.3741   0.01288   0.00282  -0.0323   0.6699   0.1854  59.6267 193.7364
  -2.352  -0.3650   0.01288   0.00283  -0.0322   0.6668   0.1900  59.9378 194.2931
  -2.266  -0.3557   0.01290   0.00285  -0.0321   0.6639   0.1950  60.2341 194.9004
  -2.181  -0.3465   0.01291   0.00288  -0.0321   0.6611   0.1991  60.5140 195.3932
  -2.095  -0.3371   0.01295   0.00288  -0.0320   0.6586   0.2043  60.7678 196.0058
  -2.010  -0.3279   0.01299   0.00293  -0.0320   0.6564   0.2080  60.9933 196.4392
  -1.925  -0.3183   0.01302   0.00294  -0.0319   0.6535   0.2129  61.2826 197.0080
  -1.839  -0.3091   0.01303   0.00300  -0.0319   0.6508   0.2162  61.5546 197.3904
  -1.754  -0.2996   0.01308   0.00302  -0.0319   0.6484   0.2205  61.7979 197.8852
  -1.668  -0.2903   0.01311   0.00306  -0.0318   0.6462   0.2237  62.0144 198.2496
  -1.583  -0.2808   0.01311   0.00308  -0.0318   0.6434   0.2272  62.2988 198.6483
  -1.498  -0.2713   0.01312   0.00309  -0.0318   0.6407   0.2309  62.5663 199.0657
  -1.412  -0.2620   0.01313   0.00313  -0.0317   0.6383   0.2336  62.8022 199.3780
  -1.327  -0.2525   0.01317   0.00314  -0.0317   0.6363   0.2372  63.0017 199.7807
  -1.241  -0.2430   0.01315   0.00315  -0.0317   0.6338   0.2405  63.2491 200.1399
  -1.156  -0.2336   0.01314   0.00318  -0.0316   0.6315   0.2434  63.4809 200.4632
  -1.070  -0.2241   0.01316   0.00318  -0.0316   0.6294   0.2469  63.6917 200.8559
  -0.985  -0.2147   0.01316   0.00319  -0.0316   0.6275   0.2497  63.8762 201.1630
  -0.899  -0.2053   0.01316   0.00320  -0.0315   0.6258   0.2524  64.0526 201.4595
  -0.814  -0.1958   0.01315   0.00320  -0.0315   0.6235   0.2556  64.2766 201.8121
  -0.729  -0.1863   0.01313   0.00319  -0.0315   0.6214   0.2584  64.4845 202.1166
  -0.643  -0.1769   0.01310   0.00320  -0.0314   0.6195   0.2610  64.6714 202.3902
  -0.558  -0.1675   0.01310   0.00319  -0.0314   0.6178   0.2640  64.8380 202.7191
  -0.472  -0.1579   0.01312   0.00316  -0.0314   0.6163   0.2671  64.9835 203.0482
  -0.387  -0.1486   0.01306   0.00317  -0.0313   0.6143   0.2694  65.1828 203.2974
  -0.301  -0.1391   0.01303   0.00316  -0.0313   0.6123   0.2722  65.3795 203.5961
  -0.216  -0.1296   0.01303   0.00314  -0.0313   0.6105   0.2753  65.5599 203.9280
  -0.131  -0.1202   0.01298   0.00313  -0.0312   0.6088   0.2776  65.7209 204.1764
  -0.045  -0.1108   0.01295   0.00312  -0.0312   0.6074   0.2801  65.8633 204.4398
   0.040  -0.1013   0.01295   0.00309  -0.0312   0.6061   0.2830  65.9886 204.7409
   0.126  -0.0918   0.01293   0.00307  -0.0312   0.6043   0.2858  66.1690 205.0377
   0.211  -0.0824   0.01286   0.00307  -0.0311   0.6025   0.2880  66.3455 205.2716
   0.296  -0.0730   0.01283   0.00305  -0.0311   0.6008   0.2906  66.5097 205.5425
   0.382  -0.0635   0.01281   0.00303  -0.0311   0.5993   0.2934  66.6604 205.8378
   0.467  -0.0540   0.01278   0.00300  -0.0310   0.5979   0.2959  66.7967 206.0990
   0.553  -0.0447   0.01274   0.00299  -0.0310   0.5966   0.2982  66.9190 206.3407
   0.638  -0.0352   0.01272   0.00297  -0.0310   0.5953   0.3009  67.0486 206.6144
   0.724  -0.0256   0.01270   0.00295  -0.0310   0.5935   0.3037  67.2219 206.9085
   0.809  -0.0162   0.01264   0.00293  -0.0309   0.5918   0.3060  67.3860 207.1511
   0.894  -0.0069   0.01260   0.00292  -0.0309   0.5903   0.3084  67.5398 207.3982
   0.980   0.0026   0.01257   0.00290  -0.0308   0.5888   0.3111  67.6819 207.6750
   1.065   0.0122   0.01256   0.00287  -0.0308   0.5875   0.3139  67.8126 207.9650
   1.151   0.0215   0.01251   0.00285  -0.0308   0.5863   0.3162  67.9309 208.1997
   1.236   0.0309   0.01248   0.00283  -0.0307   0.5849   0.3188  68.0651 208.4590
   1.322   0.0403   0.01244   0.00282  -0.0307   0.5831   0.3216  68.2362 208.7437
   1.407   0.0499   0.01242   0.00280  -0.0307   0.5815   0.3243  68.3972 209.0219
   1.492   0.0592   0.01236   0.00279  -0.0307   0.5799   0.3266  68.5447 209.2605
   1.578   0.0686   0.01233   0.00277  -0.0306   0.5786   0.3294  68.6793 209.5429
   1.663   0.0781   0.01231   0.00275  -0.0306   0.5773   0.3325  68.8019 209.8553
   1.749   0.0875   0.01228   0.00272  -0.0306   0.5762   0.3353  68.9127 210.1361
   1.834   0.0968   0.01225   0.00270  -0.0305   0.5750   0.3381  69.0215 210.4209
   1.920   0.1063   0.01221   0.00270  -0.0305   0.5734   0.3413  69.1784 210.7431
   2.005   0.1157   0.01218   0.00270  -0.0305   0.5719   0.3445  69.3273 211.0644
   2.091   0.1250   0.01213   0.00269  -0.0304   0.5705   0.3475  69.4652 211.3672
   2.176   0.1345   0.01210   0.00268  -0.0304   0.5691   0.3510  69.5941 211.7179
   2.261   0.1439   0.01207   0.00266  -0.0304   0.5679   0.3547  69.7140 212.0802
   2.347   0.1532   0.01203   0.00264  -0.0303   0.5668   0.3583  69.8240 212.4429
   2.432   0.1627   0.01201   0.00262  -0.0303   0.5657   0.3627  69.9254 212.8795
   2.518   0.1721   0.01197   0.00260  -0.0303   0.5646   0.3672  70.0302 213.3224
   2.603   0.1814   0.01192   0.00261  -0.0303   0.5631   0.3727  70.1784 213.8646
   2.688   0.1906   0.01186   0.00260  -0.0302   0.5616   0.3788  70.3189 214.4643
   2.774   0.1998   0.01179   0.00259  -0.0302   0.5603   0.3865  70.4504 215.2217
   2.859   0.2090   0.01171   0.00257  -0.0302   0.5590   0.3968  70.5712 216.2293
   2.945   0.2178   0.01159   0.00254  -0.0301   0.5579   0.4138  70.6812 217.8804
   3.030   0.2246   0.01116   0.00245  -0.0298   0.5569   0.4948  70.7767 225.6569
   3.116   0.2281   0.01065   0.00261  -0.0285   0.5561   0.7121  70.8589 247.0491
   3.201   0.2363   0.01063   0.00268  -0.0281   0.5552   0.7458  70.9443 250.6568
   3.286   0.2448   0.01063   0.00274  -0.0277   0.5542   0.7673  71.0407 253.0494
   3.372   0.2534   0.01064   0.00282  -0.0274   0.5528   0.7836  71.1705 254.9028
   3.457   0.2619   0.01065   0.00289  -0.0270   0.5515   0.7971  71.2952 256.4915
   3.543   0.2707   0.01067   0.00295  -0.0267   0.5503   0.8084  71.4138 257.8355
   3.628   0.2795   0.01071   0.00300  -0.0264   0.5491   0.8181  71.5254 259.0176
   3.714   0.2882   0.01074   0.00306  -0.0261   0.5481   0.8269  71.6294 260.1153
   3.799   0.2969   0.01078   0.00310  -0.0258   0.5471   0.8348  71.7262 261.1258
   3.884   0.3058   0.01082   0.00315  -0.0255   0.5461   0.8419  71.8160 262.0405
   3.970   0.3147   0.01087   0.00319  -0.0252   0.5453   0.8482  71.8992 262.8760
   4.055   0.3235   0.01093   0.00323  -0.0249   0.5445   0.8541  71.9762 263.6608
   4.141   0.3323   0.01097   0.00329  -0.0246   0.5434   0.8596  72.0835 264.4042
   4.226   0.3412   0.01101   0.00335  -0.0244   0.5421   0.8647  72.2065 265.1081
   4.312   0.3500   0.01105   0.00340  -0.0241   0.5408   0.8690  72.3258 265.7168
   4.397   0.3589   0.01109   0.00345  -0.0239   0.5397   0.8731  72.4398 266.3014
   4.482   0.3678   0.01113   0.00349  -0.0237   0.5385   0.8776  72.5479 266.9494
   4.568   0.3766   0.01117   0.00354  -0.0234   0.5375   0.8814  72.6484 267.5049
   4.653   0.3855   0.01122   0.00357  -0.0232   0.5365   0.8856  72.7422 268.1223
   4.739   0.3943   0.01126   0.00360  -0.0229   0.5356   0.8891  72.8287 268.6577
   4.824   0.4033   0.01131   0.00362  -0.0227   0.5347   0.8926  72.9126 269.1959
   4.995   0.4208   0.01139   0.00370  -0.0221   0.5322   0.8995  73.1612 270.2725
   5.080   0.4294   0.01141   0.00374  -0.0218   0.5303   0.9031  73.3406 270.8443
   5.166   0.4379   0.01142   0.00375  -0.0215   0.5283   0.9062  73.5307 271.3490
   5.251   0.4467   0.01143   0.00373  -0.0212   0.5264   0.9097  73.7164 271.9233
   5.337   0.4553   0.01144   0.00370  -0.0209   0.5246   0.9126  73.8863 272.4061
   5.422   0.4640   0.01146   0.00367  -0.0206   0.5227   0.9162  74.0723 273.0222
   5.508   0.4722   0.01145   0.00370  -0.0202   0.5200   0.9192  74.3257 273.5329
   5.593   0.4807   0.01144   0.00369  -0.0199   0.5177   0.9225  74.5506 274.1268
   5.678   0.4894   0.01144   0.00366  -0.0196   0.5157   0.9254  74.7411 274.6502
   5.764   0.4983   0.01145   0.00362  -0.0193   0.5140   0.9284  74.9021 275.1848
   5.849   0.5072   0.01147   0.00361  -0.0191   0.5123   0.9311  75.0731 275.6909
   5.935   0.5158   0.01146   0.00363  -0.0188   0.5099   0.9339  75.2981 276.2257
   6.020   0.5246   0.01146   0.00363  -0.0186   0.5078   0.9367  75.5049 276.7773
   6.106   0.5337   0.01146   0.00361  -0.0184   0.5058   0.9395  75.6928 277.3176
   6.191   0.5427   0.01147   0.00357  -0.0182   0.5040   0.9425  75.8620 277.9339
   6.276   0.5522   0.01149   0.00353  -0.0181   0.5023   0.9450  76.0277 278.4462
   6.362   0.5611   0.01147   0.00355  -0.0179   0.4997   0.9481  76.2755 279.0996
   6.447   0.5706   0.01147   0.00354  -0.0178   0.4973   0.9507  76.5129 279.6783
   6.533   0.5804   0.01146   0.00350  -0.0177   0.4950   0.9535  76.7262 280.3031
   6.618   0.5901   0.01146   0.00345  -0.0177   0.4931   0.9565  76.9140 280.9848
   6.704   0.6006   0.01146   0.00344  -0.0178   0.4906   0.9588  77.1501 281.5260
   6.789   0.6107   0.01145   0.00343  -0.0179   0.4877   0.9615  77.4287 282.1778
   6.874   0.6213   0.01144   0.00340  -0.0180   0.4851   0.9639  77.6786 282.8011
   6.960   0.6325   0.01144   0.00335  -0.0183   0.4829   0.9662  77.8904 283.3844
   7.045   0.6434   0.01144   0.00332  -0.0185   0.4805   0.9687  78.1267 284.0693
   7.131   0.6549   0.01143   0.00332  -0.0189   0.4772   0.9707  78.4361 284.6311
   7.216   0.6664   0.01141   0.00327  -0.0193   0.4742   0.9729  78.7311 285.2388
   7.301   0.6781   0.01141   0.00319  -0.0197   0.4714   0.9749  79.0000 285.8391
   7.387   0.6902   0.01138   0.00319  -0.0202   0.4671   0.9768  79.4129 286.4439
   7.472   0.7022   0.01136   0.00313  -0.0207   0.4633   0.9789  79.7788 287.1230
   7.558   0.7146   0.01135   0.00308  -0.0213   0.4596   0.9806  80.1336 287.7100
   7.643   0.7271   0.01133   0.00305  -0.0219   0.4551   0.9824  80.5660 288.3310
   7.729   0.7395   0.01132   0.00299  -0.0225   0.4513   0.9843  80.9317 289.0288
   7.814   0.7525   0.01130   0.00297  -0.0232   0.4461   0.9856  81.4341 289.5687
   7.899   0.7652   0.01128   0.00289  -0.0239   0.4408   0.9872  81.9479 290.1982
   7.985   0.7781   0.01126   0.00285  -0.0246   0.4336   0.9886  82.6407 290.8136
   8.070   0.7910   0.01124   0.00279  -0.0253   0.4259   0.9899  83.3873 291.4494
   8.156   0.8037   0.01123   0.00272  -0.0259   0.4169   0.9915  84.2595 292.2081
   8.241   0.8164   0.01123   0.00265  -0.0266   0.4056   0.9930  85.3689 293.0490
   8.327   0.8290   0.01126   0.00258  -0.0273   0.3902   0.9946  86.8699 293.9978
   8.412   0.8413   0.01133   0.00251  -0.0280   0.3662   0.9961  89.2503 295.0871
   8.498   0.8514   0.01164   0.00245  -0.0284   0.3074   0.9979  95.2104 296.7487
   8.583   0.8536   0.01278   0.00286  -0.0280   0.2029   0.9999 106.7100 301.0000
   8.668   0.8545   0.01317   0.00307  -0.0267   0.1827   0.9999 109.1562 301.0000
   8.754   0.8566   0.01347   0.00323  -0.0255   0.1686   0.9999 110.9188 301.0000
   8.839   0.8595   0.01371   0.00336  -0.0244   0.1576   0.9999 112.3415 301.0000
   8.925   0.8629   0.01395   0.00348  -0.0234   0.1485   0.9999 113.5588 301.0000
   9.010   0.8668   0.01417   0.00360  -0.0224   0.1406   0.9999 114.6207 301.0000
   9.095   0.8712   0.01439   0.00372  -0.0216   0.1336   0.9999 115.5983 301.0000
   9.181   0.8761   0.01461   0.00384  -0.0209   0.1272   0.9999 116.5071 301.0000
   9.266   0.8816   0.01483   0.00396  -0.0202   0.1213   0.9999 117.3552 301.0000
   9.352   0.8874   0.01506   0.00408  -0.0196   0.1160   0.9999 118.1479 301.0000
   9.437   0.8936   0.01528   0.00420  -0.0191   0.1109   0.9999 118.9143 301.0000
   9.523   0.9001   0.01548   0.00431  -0.0187   0.1060   0.9999 119.6625 301.0000
   9.608   0.9066   0.01571   0.00443  -0.0183   0.1017   0.9999 120.3277 301.0000
   9.694   0.9131   0.01594   0.00456  -0.0178   0.0979   0.9999 120.9367 301.0000
   9.779   0.9201   0.01613   0.00467  -0.0175   0.0939   0.9999 121.5822 301.0000
   9.864   0.9265   0.01638   0.00481  -0.0170   0.0909   0.9999 122.0887 301.0000
   9.950   0.9336   0.01657   0.00492  -0.0167   0.0875   0.9999 122.6540 301.0000
  10.035   0.9399   0.01683   0.00506  -0.0163   0.0849   0.9999 123.0907 301.0000
  10.121   0.9471   0.01702   0.00519  -0.0159   0.0820   0.9999 123.6022 301.0000
  10.206   0.9532   0.01729   0.00533  -0.0155   0.0798   0.9999 123.9755 301.0000
  10.291   0.9603   0.01748   0.00546  -0.0151   0.0773   0.9999 124.4340 301.0000
  10.377   0.9670   0.01772   0.00560  -0.0147   0.0752   0.9999 124.8037 301.0000
  10.462   0.9731   0.01799   0.00575  -0.0143   0.0734   0.9999 125.1370 301.0000
  10.548   0.9800   0.01820   0.00589  -0.0139   0.0713   0.9999 125.5181 301.0000
  10.633   0.9863   0.01845   0.00604  -0.0135   0.0696   0.9999 125.8250 301.0000
  10.719   0.9920   0.01875   0.00621  -0.0130   0.0681   0.9999 126.1070 301.0000
  10.804   0.9988   0.01897   0.00636  -0.0126   0.0664   0.9999 126.4480 301.0000
  10.889   1.0052   0.01921   0.00651  -0.0122   0.0649   0.9999 126.7329 301.0000
  10.975   1.0105   0.01953   0.00668  -0.0116   0.0637   0.9999 126.9583 301.0000
  11.060   1.0168   0.01978   0.00685  -0.0112   0.0623   0.9999 127.2378 301.0000
  11.146   1.0232   0.02002   0.00701  -0.0108   0.0609   0.9999 127.5129 301.0000
  11.231   1.0291   0.02029   0.00716  -0.0103   0.0598   0.9999 127.7453 301.0000
  11.317   1.0342   0.02061   0.00734  -0.0097   0.0588   0.9999 127.9379 301.0000
  11.402   1.0399   0.02090   0.00753  -0.0092   0.0577   0.9999 128.1681 301.0000
  11.487   1.0461   0.02114   0.00769  -0.0088   0.0564   0.9999 128.4260 301.0000
  11.573   1.0520   0.02140   0.00785  -0.0083   0.0553   0.9999 128.6574 301.0000
  11.658   1.0573   0.02169   0.00801  -0.0078   0.0544   0.9999 128.8535 301.0000
  11.744   1.0615   0.02207   0.00821  -0.0072   0.0535   0.9999 129.0326 301.0000
  11.829   1.0680   0.02228   0.00838  -0.0068   0.0523   0.9999 129.2870 301.0000
  11.915   1.0738   0.02253   0.00855  -0.0063   0.0513   0.9999 129.5207 301.0000
  12.000   1.0792   0.02280   0.00870  -0.0058   0.0503   0.9999 129.7194 301.0000
