  
       XFOIL         Version 6.99
  
 Calculated polar for: Repaneled_Airfoil                               
  
 1 1 Reynolds number fixed          Mach number fixed         
  
 xtrf =   1.000 (top)        1.000 (bottom)  
 Mach =   0.000     Re =     0.300 e 6     Ncrit =   9.000  9.000
  
   alpha    CL        CD       CDp       CM     Top_Xtr  Bot_Xtr  Top_Itr  Bot_Itr
  ------ -------- --------- --------- -------- -------- -------- -------- --------
  -5.000  -0.7325   0.01484   0.00366   0.0361   1.0000   0.0894   1.0000 180.0553
  -4.915  -0.7257   0.01463   0.00357   0.0366   1.0000   0.0922   1.0000 180.5153
  -4.829  -0.7185   0.01446   0.00347   0.0371   1.0000   0.0956   1.0000 181.0887
  -4.744  -0.7115   0.01426   0.00337   0.0377   1.0000   0.0992   1.0000 181.6520
  -4.658  -0.7045   0.01407   0.00328   0.0382   1.0000   0.1032   1.0000 182.2878
  -4.573  -0.6973   0.01389   0.00318   0.0386   1.0000   0.1080   1.0000 183.0349
  -4.487  -0.6903   0.01369   0.00309   0.0392   1.0000   0.1131   1.0000 183.8228
  -4.402  -0.6834   0.01348   0.00299   0.0397   1.0000   0.1193   1.0000 184.7417
  -4.317  -0.6766   0.01326   0.00289   0.0402   1.0000   0.1269   1.0000 185.8386
  -4.231  -0.6700   0.01303   0.00278   0.0407   1.0000   0.1364   1.0000 187.1815
  -4.146  -0.6637   0.01276   0.00267   0.0413   1.0000   0.1495   1.0000 188.9819
  -4.060  -0.6581   0.01243   0.00254   0.0420   1.0000   0.1699   1.0000 191.6390
  -3.975  -0.6539   0.01198   0.00239   0.0429   1.0000   0.2077   1.0000 196.2487
  -3.889  -0.6509   0.01145   0.00227   0.0438   1.0000   0.2668   1.0000 202.8996
  -3.804  -0.6466   0.01104   0.00220   0.0447   1.0000   0.3189   1.0000 208.3648
  -3.719  -0.6408   0.01077   0.00214   0.0454   1.0000   0.3541   1.0000 211.9275
  -3.633  -0.6346   0.01053   0.00209   0.0460   1.0000   0.3806   1.0000 214.5513
  -3.548  -0.6280   0.01032   0.00204   0.0465   1.0000   0.4036   1.0000 216.7988
  -3.462  -0.6213   0.01012   0.00199   0.0471   1.0000   0.4243   1.0000 218.8068
  -3.377  -0.6145   0.00992   0.00194   0.0476   1.0000   0.4439   1.0000 220.6863
  -3.292  -0.6076   0.00972   0.00188   0.0481   1.0000   0.4629   1.0000 222.5149
  -3.206  -0.6007   0.00953   0.00183   0.0487   1.0000   0.4824   1.0000 224.3776
  -3.121  -0.5940   0.00932   0.00177   0.0492   1.0000   0.5033   1.0000 226.3706
  -3.035  -0.5875   0.00909   0.00171   0.0498   1.0000   0.5272   1.0000 228.6576
  -2.950  -0.5816   0.00885   0.00167   0.0505   1.0000   0.5565   1.0000 231.4665
  -2.864  -0.5761   0.00872   0.00175   0.0514   1.0000   0.5937   1.0000 235.0540
  -2.779  -0.5703   0.00871   0.00204   0.0526   1.0000   0.6368   1.0000 239.2835
  -2.693  -0.5612   0.00910   0.00200   0.0524   1.0000   0.6799   1.0000 243.6309
  -2.608  -0.5528   0.00894   0.00195   0.0528   1.0000   0.6885   1.0000 244.5047
  -2.523  -0.5443   0.00877   0.00190   0.0531   1.0000   0.6966   1.0000 245.3397
  -2.437  -0.5299   0.00863   0.00186   0.0521   0.9964   0.7055   6.6967 246.2742
  -2.352  -0.5125   0.00848   0.00182   0.0505   0.9846   0.7150  12.8947 247.2732
  -2.266  -0.4982   0.00834   0.00178   0.0497   0.9589   0.7233  20.4945 248.1502
  -2.181  -0.4516   0.00828   0.00178   0.0420   0.8713   0.7400  36.0607 249.9482
  -2.095  -0.4308   0.00838   0.00180   0.0401   0.8263   0.7504  42.0708 251.0858
  -2.010  -0.4214   0.00850   0.00186   0.0404   0.8032   0.7577  44.9090 251.8986
  -1.925  -0.4127   0.00861   0.00195   0.0409   0.7872   0.7642  46.7989 252.6295
  -1.839  -0.4042   0.00870   0.00203   0.0414   0.7745   0.7704  48.2663 253.3276
  -1.754  -0.3957   0.00878   0.00209   0.0418   0.7631   0.7765  49.5586 254.0188
  -1.668  -0.3869   0.00888   0.00219   0.0422   0.7528   0.7817  50.7077 254.6142
  -1.583  -0.3783   0.00895   0.00225   0.0426   0.7428   0.7867  51.8104 255.2015
  -1.498  -0.3695   0.00903   0.00233   0.0430   0.7329   0.7916  52.8826 255.7750
  -1.412  -0.3607   0.00911   0.00241   0.0434   0.7232   0.7961  53.9315 256.3083
  -1.327  -0.3521   0.00918   0.00247   0.0438   0.7129   0.8010  55.0174 256.8907
  -1.241  -0.3432   0.00928   0.00258   0.0442   0.7021   0.8054  56.1594 257.4186
  -1.156  -0.3347   0.00934   0.00263   0.0446   0.6901   0.8104  57.4032 258.0208
  -1.070  -0.3260   0.00947   0.00275   0.0452   0.6784   0.8143  58.6053 258.4981
  -0.985  -0.3176   0.00954   0.00278   0.0456   0.6677   0.8187  59.6960 259.0359
  -0.899  -0.3093   0.00970   0.00287   0.0462   0.6630   0.8216  60.1678 259.4041
  -0.814  -0.3012   0.00983   0.00288   0.0467   0.6604   0.8247  60.4323 259.7832
  -0.729  -0.2925   0.00996   0.00290   0.0470   0.6576   0.8271  60.7092 260.0850
  -0.643  -0.2830   0.01013   0.00295   0.0472   0.6546   0.8285  61.0121 260.2694
  -0.558  -0.2735   0.01025   0.00303   0.0473   0.6510   0.8299  61.3786 260.4374
  -0.472  -0.2639   0.01039   0.00310   0.0473   0.6473   0.8311  61.7449 260.6002
  -0.387  -0.2543   0.01053   0.00316   0.0473   0.6437   0.8324  62.0986 260.7619
  -0.301  -0.2450   0.01053   0.00318   0.0473   0.6398   0.8337  62.4939 260.9267
  -0.216  -0.2355   0.01061   0.00325   0.0473   0.6358   0.8347  62.8897 261.0555
  -0.131  -0.2259   0.01065   0.00331   0.0474   0.6322   0.8355  63.2512 261.1609
  -0.045  -0.2163   0.01069   0.00336   0.0475   0.6284   0.8364  63.6251 261.2750
   0.040  -0.2068   0.01076   0.00342   0.0476   0.6251   0.8374  63.9538 261.4009
   0.126  -0.1973   0.01075   0.00344   0.0477   0.6214   0.8384  64.3100 261.5373
   0.211  -0.1879   0.01076   0.00345   0.0477   0.6179   0.8395  64.6599 261.6799
   0.296  -0.1784   0.01077   0.00345   0.0478   0.6150   0.8407  64.9482 261.8363
   0.382  -0.1690   0.01073   0.00343   0.0478   0.6115   0.8421  65.2916 262.0097
   0.467  -0.1595   0.01075   0.00346   0.0479   0.6080   0.8429  65.6317 262.1207
   0.553  -0.1500   0.01077   0.00349   0.0480   0.6051   0.8438  65.9163 262.2434
   0.638  -0.1405   0.01077   0.00350   0.0481   0.6016   0.8449  66.2599 262.3773
   0.724  -0.1311   0.01076   0.00351   0.0482   0.5979   0.8460  66.6135 262.5212
   0.809  -0.1217   0.01075   0.00349   0.0483   0.5949   0.8471  66.9100 262.6704
   0.894  -0.1122   0.01072   0.00347   0.0483   0.5910   0.8482  67.2836 262.8164
   0.980  -0.1027   0.01068   0.00343   0.0483   0.5871   0.8492  67.6671 262.9511
   1.065  -0.0932   0.01066   0.00340   0.0484   0.5839   0.8500  67.9797 263.0523
   1.151  -0.0836   0.01064   0.00340   0.0485   0.5791   0.8506  68.4443 263.1386
   1.236  -0.0742   0.01063   0.00339   0.0486   0.5751   0.8513  68.8336 263.2302
   1.322  -0.0647   0.01061   0.00338   0.0486   0.5706   0.8520  69.2598 263.3232
   1.407  -0.0551   0.01059   0.00336   0.0487   0.5659   0.8527  69.7205 263.4205
   1.492  -0.0457   0.01058   0.00333   0.0488   0.5615   0.8535  70.1391 263.5270
   1.578  -0.0362   0.01055   0.00331   0.0488   0.5561   0.8543  70.6575 263.6368
   1.663  -0.0267   0.01053   0.00327   0.0488   0.5515   0.8551  71.1083 263.7494
   1.749  -0.0171   0.01050   0.00323   0.0488   0.5455   0.8560  71.6814 263.8636
   1.834  -0.0076   0.01047   0.00318   0.0488   0.5399   0.8569  72.2133 263.9816
   1.920   0.0018   0.01047   0.00317   0.0489   0.5337   0.8575  72.8082 264.0660
   2.005   0.0112   0.01047   0.00316   0.0490   0.5271   0.8581  73.4433 264.1495
   2.091   0.0205   0.01047   0.00314   0.0491   0.5206   0.8587  74.0619 264.2375
   2.176   0.0299   0.01047   0.00312   0.0491   0.5129   0.8594  74.7990 264.3298
   2.261   0.0393   0.01047   0.00310   0.0492   0.5049   0.8601  75.5637 264.4249
   2.347   0.0487   0.01048   0.00308   0.0493   0.4966   0.8608  76.3599 264.5241
   2.432   0.0580   0.01049   0.00305   0.0493   0.4877   0.8616  77.2097 264.6304
   2.518   0.0673   0.01050   0.00302   0.0494   0.4783   0.8624  78.1129 264.7463
   2.603   0.0765   0.01051   0.00298   0.0494   0.4683   0.8634  79.0661 264.8796
   2.688   0.0858   0.01053   0.00295   0.0494   0.4578   0.8644  80.0745 265.0224
   2.774   0.0948   0.01058   0.00296   0.0496   0.4469   0.8652  81.1209 265.1370
   2.859   0.1037   0.01064   0.00297   0.0498   0.4356   0.8662  82.2075 265.2691
   2.945   0.1126   0.01070   0.00298   0.0500   0.4241   0.8672  83.3231 265.4119
   3.030   0.1216   0.01076   0.00298   0.0501   0.4127   0.8682  84.4264 265.5568
   3.116   0.1307   0.01081   0.00297   0.0502   0.4016   0.8692  85.5038 265.6966
   3.201   0.1399   0.01087   0.00296   0.0502   0.3910   0.8701  86.5385 265.8220
   3.286   0.1492   0.01092   0.00294   0.0502   0.3811   0.8708  87.5094 265.9238
   3.372   0.1586   0.01097   0.00292   0.0501   0.3718   0.8713  88.4271 265.9955
   3.457   0.1679   0.01102   0.00292   0.0501   0.3633   0.8715  89.2731 266.0262
   3.543   0.1773   0.01108   0.00291   0.0500   0.3556   0.8717  90.0396 266.0428
   3.628   0.1868   0.01113   0.00291   0.0499   0.3480   0.8717  90.8004 266.0525
   3.714   0.1963   0.01119   0.00291   0.0499   0.3410   0.8718  91.5050 266.0636
   3.799   0.2057   0.01125   0.00291   0.0498   0.3347   0.8719  92.1389 266.0780
   3.884   0.2152   0.01131   0.00292   0.0497   0.3285   0.8720  92.7687 266.0932
   3.970   0.2247   0.01136   0.00293   0.0497   0.3227   0.8721  93.3537 266.1093
   4.055   0.2342   0.01143   0.00294   0.0496   0.3176   0.8722  93.8835 266.1236
   4.141   0.2438   0.01147   0.00295   0.0495   0.3122   0.8723  94.4329 266.1355
   4.226   0.2533   0.01154   0.00296   0.0494   0.3076   0.8724  94.9163 266.1471
   4.312   0.2629   0.01159   0.00297   0.0493   0.3026   0.8725  95.4324 266.1597
   4.397   0.2724   0.01165   0.00298   0.0492   0.2982   0.8726  95.8847 266.1734
   4.482   0.2820   0.01170   0.00300   0.0491   0.2936   0.8727  96.3706 266.1893
   4.568   0.2915   0.01176   0.00301   0.0490   0.2893   0.8728  96.8190 266.2057
   4.653   0.3011   0.01182   0.00303   0.0489   0.2851   0.8729  97.2616 266.2250
   4.739   0.3106   0.01187   0.00305   0.0488   0.2810   0.8731  97.7064 266.2444
   4.824   0.3201   0.01194   0.00306   0.0488   0.2773   0.8732  98.0973 266.2670
   4.910   0.3297   0.01198   0.00308   0.0487   0.2730   0.8734  98.5549 266.2900
   4.995   0.3391   0.01205   0.00310   0.0486   0.2695   0.8736  98.9320 266.3165
   5.080   0.3488   0.01210   0.00312   0.0485   0.2654   0.8737  99.3733 266.3447
   5.166   0.3583   0.01215   0.00314   0.0484   0.2616   0.8740  99.7834 266.3749
   5.251   0.3677   0.01222   0.00316   0.0483   0.2581   0.8742 100.1709 266.4073
   5.337   0.3773   0.01226   0.00318   0.0482   0.2541   0.8744 100.6022 266.4412
   5.422   0.3867   0.01234   0.00319   0.0481   0.2509   0.8747 100.9561 266.4796
   5.508   0.3963   0.01238   0.00322   0.0480   0.2470   0.8750 101.3860 266.5204
   5.593   0.4058   0.01243   0.00324   0.0480   0.2435   0.8753 101.7766 266.5629
   5.678   0.4152   0.01251   0.00326   0.0479   0.2401   0.8756 102.1539 266.6108
   5.764   0.4248   0.01255   0.00328   0.0478   0.2362   0.8759 102.5940 266.6597
   5.849   0.4341   0.01263   0.00329   0.0477   0.2330   0.8763 102.9572 266.7164
   5.935   0.4438   0.01266   0.00332   0.0476   0.2291   0.8767 103.4030 266.7741
   6.020   0.4533   0.01272   0.00334   0.0475   0.2256   0.8772 103.7981 266.8357
   6.106   0.4627   0.01279   0.00336   0.0474   0.2223   0.8776 104.1803 266.9052
   6.191   0.4723   0.01284   0.00338   0.0473   0.2185   0.8781 104.6110 266.9764
   6.276   0.4815   0.01292   0.00339   0.0472   0.2154   0.8785 104.9700 267.0349
   6.362   0.4910   0.01296   0.00343   0.0471   0.2114   0.8789 105.4405 267.0851
   6.447   0.5002   0.01303   0.00345   0.0471   0.2079   0.8793 105.8549 267.1415
   6.533   0.5095   0.01309   0.00348   0.0470   0.2041   0.8797 106.3039 267.2023
   6.618   0.5188   0.01314   0.00350   0.0470   0.2002   0.8801 106.7592 267.2686
   6.704   0.5280   0.01322   0.00353   0.0469   0.1967   0.8806 107.1792 267.3408
   6.789   0.5374   0.01327   0.00356   0.0469   0.1929   0.8811 107.6470 267.4205
   6.874   0.5464   0.01337   0.00357   0.0468   0.1898   0.8817 108.0216 267.5076
   6.960   0.5559   0.01341   0.00362   0.0467   0.1857   0.8824 108.5259 267.6026
   7.045   0.5650   0.01350   0.00363   0.0467   0.1823   0.8831 108.9414 267.7079
   7.131   0.5745   0.01355   0.00367   0.0466   0.1780   0.8838 109.4733 267.8202
   7.216   0.5836   0.01364   0.00369   0.0465   0.1743   0.8847 109.9390 267.9479
   7.301   0.5930   0.01369   0.00372   0.0465   0.1699   0.8854 110.5007 268.0482
   7.387   0.6018   0.01379   0.00374   0.0465   0.1661   0.8860 110.9738 268.1393
   7.472   0.6110   0.01384   0.00378   0.0464   0.1615   0.8866 111.5820 268.2365
   7.558   0.6198   0.01394   0.00381   0.0464   0.1575   0.8874 112.0916 268.3472
   7.643   0.6290   0.01401   0.00385   0.0464   0.1529   0.8882 112.7077 268.4740
   7.729   0.6379   0.01411   0.00389   0.0463   0.1488   0.8891 113.2552 268.6142
   7.814   0.6469   0.01421   0.00393   0.0463   0.1446   0.8902 113.8200 268.7713
   7.899   0.6560   0.01431   0.00398   0.0462   0.1403   0.8913 114.4019 268.9467
   7.985   0.6646   0.01444   0.00403   0.0463   0.1364   0.8922 114.9389 269.0851
   8.070   0.6733   0.01454   0.00410   0.0463   0.1320   0.8930 115.5680 269.2131
   8.156   0.6818   0.01467   0.00416   0.0464   0.1282   0.8940 116.1058 269.3663
   8.241   0.6905   0.01479   0.00423   0.0464   0.1239   0.8951 116.7226 269.5375
   8.327   0.6990   0.01494   0.00431   0.0464   0.1199   0.8964 117.3062 269.7357
   8.412   0.7076   0.01509   0.00438   0.0464   0.1159   0.8979 117.8979 269.9658
   8.498   0.7160   0.01522   0.00447   0.0465   0.1117   0.8989 118.5383 270.1280
   8.583   0.7240   0.01539   0.00455   0.0466   0.1081   0.9000 119.0825 270.3102
   8.668   0.7324   0.01553   0.00464   0.0466   0.1041   0.9013 119.7086 270.5166
   8.754   0.7405   0.01571   0.00474   0.0467   0.1005   0.9029 120.2715 270.7620
   8.839   0.7488   0.01588   0.00483   0.0467   0.0969   0.9045 120.8408 271.0273
   8.925   0.7568   0.01605   0.00494   0.0469   0.0935   0.9057 121.3989 271.2202
   9.010   0.7646   0.01623   0.00504   0.0470   0.0905   0.9071 121.8907 271.4576
   9.095   0.7726   0.01641   0.00516   0.0471   0.0874   0.9088 122.4088 271.7300
   9.181   0.7805   0.01661   0.00527   0.0472   0.0848   0.9106 122.8549 272.0372
   9.266   0.7880   0.01681   0.00541   0.0474   0.0822   0.9120 123.3070 272.2683
   9.352   0.7958   0.01700   0.00553   0.0476   0.0797   0.9137 123.7442 272.5500
   9.437   0.8031   0.01724   0.00567   0.0477   0.0776   0.9157 124.1143 272.8917
   9.523   0.8109   0.01741   0.00581   0.0479   0.0752   0.9173 124.5428 273.1737
   9.608   0.8181   0.01764   0.00594   0.0481   0.0734   0.9190 124.8776 273.4752
   9.694   0.8255   0.01787   0.00610   0.0483   0.0715   0.9211 125.2314 273.8379
   9.779   0.8330   0.01807   0.00624   0.0485   0.0696   0.9230 125.5930 274.1654
   9.864   0.8398   0.01831   0.00638   0.0488   0.0680   0.9248 125.8802 274.5013
   9.950   0.8469   0.01857   0.00656   0.0490   0.0664   0.9271 126.1878 274.9083
  10.035   0.8542   0.01877   0.00671   0.0492   0.0647   0.9289 126.5184 275.2475
  10.121   0.8611   0.01901   0.00686   0.0495   0.0633   0.9309 126.7901 275.6324
  10.206   0.8673   0.01933   0.00703   0.0498   0.0621   0.9333 127.0181 276.0765
  10.291   0.8746   0.01952   0.00721   0.0500   0.0607   0.9352 127.3163 276.4483
  10.377   0.8817   0.01975   0.00737   0.0502   0.0593   0.9376 127.5839 276.9125
  10.462   0.8883   0.02000   0.00753   0.0505   0.0582   0.9397 127.8068 277.3238
  10.548   0.8941   0.02035   0.00771   0.0509   0.0573   0.9421 128.0004 277.8250
  10.633   0.9014   0.02056   0.00790   0.0511   0.0560   0.9443 128.2693 278.2710
  10.719   0.9084   0.02079   0.00807   0.0513   0.0548   0.9467 128.5254 278.7672
  10.804   0.9152   0.02103   0.00823   0.0515   0.0537   0.9490 128.7493 279.2661
  10.889   0.9213   0.02135   0.00839   0.0518   0.0528   0.9515 128.9412 279.8269
  10.975   0.9281   0.02163   0.00861   0.0520   0.0517   0.9539 129.1766 280.3626
  11.060   0.9353   0.02186   0.00880   0.0521   0.0505   0.9565 129.4322 280.9540
  11.146   0.9425   0.02211   0.00897   0.0522   0.0495   0.9588 129.6583 281.5047
  11.231   0.9493   0.02239   0.00914   0.0523   0.0486   0.9615 129.8470 282.1483
  11.317   0.9555   0.02279   0.00935   0.0524   0.0479   0.9641 130.0158 282.8180
  11.402   0.9634   0.02304   0.00960   0.0524   0.0469   0.9666 130.2403 283.4627
  11.487   0.9710   0.02333   0.00982   0.0523   0.0459   0.9692 130.4541 284.1700
  11.573   0.9787   0.02363   0.01003   0.0522   0.0451   0.9718 130.6433 284.9047
  11.658   0.9864   0.02395   0.01023   0.0521   0.0444   0.9743 130.8063 285.6557
  11.744   0.9935   0.02437   0.01045   0.0519   0.0438   0.9770 130.9509 286.4952
  11.829   1.0011   0.02477   0.01076   0.0517   0.0431   0.9798 131.1162 287.4015
  11.915   1.0092   0.02513   0.01107   0.0515   0.0423   0.9826 131.2996 288.4023
  12.000   1.0172   0.02549   0.01135   0.0512   0.0416   0.9856 131.4709 289.5484
