  
       XFOIL         Version 6.99
  
 Calculated polar for: Repaneled_Airfoil                               
  
 1 1 Reynolds number fixed          Mach number fixed         
  
 xtrf =   1.000 (top)        1.000 (bottom)  
 Mach =   0.000     Re =     0.300 e 6     Ncrit =   9.000  9.000
  
   alpha    CL        CD       CDp       CM     Top_Xtr  Bot_Xtr  Top_Itr  Bot_Itr
  ------ -------- --------- --------- -------- -------- -------- -------- --------
  -5.000  -0.1498   0.01364   0.00334  -0.1003   0.8407   0.1063  40.2035 182.7113
  -4.915  -0.1402   0.01355   0.00331  -0.1003   0.8409   0.1095  40.1766 183.2007
  -4.829  -0.1306   0.01348   0.00330  -0.1004   0.8411   0.1129  40.1498 183.7187
  -4.744  -0.1210   0.01339   0.00328  -0.1005   0.8413   0.1164  40.1232 184.2335
  -4.658  -0.1114   0.01333   0.00327  -0.1006   0.8415   0.1201  40.0969 184.7860
  -4.573  -0.1018   0.01325   0.00325  -0.1007   0.8417   0.1236  40.0708 185.2923
  -4.487  -0.0921   0.01319   0.00324  -0.1008   0.8419   0.1275  40.0481 185.8608
  -4.402  -0.0826   0.01311   0.00323  -0.1009   0.8420   0.1309  40.0354 186.3491
  -4.317  -0.0729   0.01306   0.00320  -0.1009   0.8420   0.1351  40.0387 186.9406
  -4.231  -0.0635   0.01297   0.00321  -0.1010   0.8418   0.1386  40.0645 187.4187
  -4.146  -0.0539   0.01292   0.00318  -0.1010   0.8414   0.1430  40.1189 188.0238
  -4.060  -0.0446   0.01284   0.00319  -0.1011   0.8407   0.1466  40.1985 188.5156
  -3.975  -0.0352   0.01279   0.00317  -0.1011   0.8399   0.1511  40.3013 189.1129
  -3.889  -0.0259   0.01272   0.00317  -0.1010   0.8390   0.1553  40.4242 189.6766
  -3.804  -0.0165   0.01266   0.00315  -0.1010   0.8379   0.1598  40.5620 190.2597
  -3.719  -0.0071   0.01261   0.00312  -0.1010   0.8368   0.1647  40.7035 190.9031
  -3.633   0.0022   0.01253   0.00310  -0.1009   0.8358   0.1691  40.8436 191.4593
  -3.548   0.0117   0.01247   0.00306  -0.1008   0.8347   0.1742  40.9791 192.1051
  -3.462   0.0209   0.01242   0.00306  -0.1008   0.8334   0.1788  41.1484 192.6895
  -3.377   0.0301   0.01236   0.00306  -0.1007   0.8319   0.1835  41.3355 193.2721
  -3.292   0.0394   0.01231   0.00303  -0.1006   0.8304   0.1886  41.5249 193.8953
  -3.206   0.0486   0.01223   0.00301  -0.1005   0.8290   0.1930  41.7082 194.4281
  -3.121   0.0581   0.01218   0.00296  -0.1004   0.8277   0.1982  41.8742 195.0595
  -3.035   0.0675   0.01211   0.00293  -0.1004   0.8265   0.2030  42.0222 195.6280
  -2.950   0.0767   0.01206   0.00293  -0.1003   0.8252   0.2082  42.1943 196.2359
  -2.864   0.0861   0.01202   0.00293  -0.1003   0.8239   0.2137  42.3456 196.8889
  -2.779   0.0954   0.01197   0.00293  -0.1003   0.8230   0.2188  42.4665 197.4815
  -2.693   0.1049   0.01192   0.00293  -0.1002   0.8222   0.2246  42.5661 198.1484
  -2.608   0.1145   0.01188   0.00292  -0.1002   0.8215   0.2304  42.6546 198.8069
  -2.523   0.1239   0.01182   0.00292  -0.1002   0.8208   0.2359  42.7330 199.4272
  -2.437   0.1336   0.01178   0.00291  -0.1002   0.8203   0.2419  42.8022 200.1032
  -2.352   0.1431   0.01173   0.00290  -0.1002   0.8198   0.2477  42.8623 200.7454
  -2.266   0.1527   0.01168   0.00290  -0.1002   0.8194   0.2537  42.9172 201.4029
  -2.181   0.1623   0.01164   0.00289  -0.1003   0.8189   0.2603  42.9731 202.1263
  -2.095   0.1718   0.01160   0.00289  -0.1003   0.8184   0.2671  43.0374 202.8586
  -2.010   0.1812   0.01155   0.00291  -0.1003   0.8178   0.2739  43.1129 203.5898
  -1.925   0.1906   0.01151   0.00292  -0.1003   0.8171   0.2813  43.1947 204.3770
  -1.839   0.2000   0.01146   0.00293  -0.1003   0.8164   0.2892  43.2808 205.2119
  -1.754   0.2094   0.01141   0.00294  -0.1002   0.8157   0.2975  43.3697 206.0911
  -1.583   0.2281   0.01129   0.00295  -0.1002   0.8142   0.3162  43.5532 208.0194
  -1.498   0.2374   0.01122   0.00295  -0.1002   0.8135   0.3270  43.6458 209.1289
  -1.412   0.2468   0.01115   0.00295  -0.1001   0.8127   0.3396  43.7388 210.4063
  -1.327   0.2561   0.01107   0.00295  -0.1001   0.8120   0.3552  43.8303 211.9711
  -1.241   0.2654   0.01099   0.00296  -0.1000   0.8112   0.3739  43.9181 213.8265
  -1.070   0.2836   0.01086   0.00303  -0.0998   0.8097   0.4201  44.1062 218.3359
  -0.985   0.2926   0.01082   0.00308  -0.0998   0.8088   0.4451  44.2168 220.7399
  -0.899   0.3018   0.01080   0.00313  -0.0997   0.8078   0.4690  44.3300 223.0375
  -0.814   0.3111   0.01081   0.00317  -0.0996   0.8069   0.4905  44.4435 225.0887
  -0.729   0.3206   0.01085   0.00321  -0.0996   0.8060   0.5087  44.5551 226.8291
  -0.643   0.3302   0.01090   0.00325  -0.0995   0.8051   0.5235  44.6630 228.2444
  -0.558   0.3399   0.01097   0.00328  -0.0995   0.8042   0.5358  44.7689 229.4192
  -0.472   0.3496   0.01104   0.00330  -0.0994   0.8034   0.5461  44.8723 230.4048
  -0.387   0.3596   0.01111   0.00332  -0.0994   0.8025   0.5549  44.9746 231.2498
  -0.301   0.3690   0.01120   0.00337  -0.0993   0.8014   0.5630  45.1088 232.0270
  -0.216   0.3784   0.01129   0.00342  -0.0992   0.8001   0.5688  45.2638 232.5850
  -0.131   0.3879   0.01137   0.00347  -0.0991   0.7987   0.5750  45.4249 233.1884
  -0.045   0.3975   0.01145   0.00350  -0.0990   0.7974   0.5805  45.5870 233.7168
   0.040   0.4072   0.01153   0.00351  -0.0989   0.7960   0.5855  45.7456 234.2019
   0.126   0.4171   0.01159   0.00351  -0.0989   0.7948   0.5902  45.8971 234.6566
   0.211   0.4269   0.01167   0.00352  -0.0988   0.7934   0.5950  46.0550 235.1290
   0.296   0.4360   0.01173   0.00356  -0.0987   0.7917   0.5991  46.2568 235.5317
   0.382   0.4455   0.01184   0.00361  -0.0986   0.7900   0.6040  46.4543 235.9990
   0.467   0.4550   0.01183   0.00357  -0.0985   0.7884   0.6074  46.6378 236.3276
   0.553   0.4648   0.01187   0.00356  -0.0984   0.7870   0.6115  46.8059 236.7328
   0.638   0.4748   0.01196   0.00356  -0.0983   0.7857   0.6158  46.9590 237.1541
   0.724   0.4841   0.01208   0.00360  -0.0982   0.7840   0.6203  47.1540 237.5930
   0.809   0.4936   0.01225   0.00367  -0.0981   0.7822   0.6238  47.3676 237.9486
   0.894   0.5029   0.01219   0.00357  -0.0981   0.7804   0.6280  47.5676 238.3530
   0.980   0.5126   0.01218   0.00345  -0.0980   0.7788   0.6324  47.7519 238.7858
   1.065   0.5221   0.01192   0.00328  -0.0980   0.7774   0.6371  47.9164 239.2551
   1.151   0.5311   0.01158   0.00306  -0.0980   0.7757   0.6414  48.1074 239.6927
   1.322   0.5493   0.01105   0.00284  -0.0978   0.7716   0.6493  48.5740 240.4902
   1.407   0.5588   0.01084   0.00275  -0.0977   0.7698   0.6533  48.7869 240.8854
   1.492   0.5683   0.01066   0.00270  -0.0976   0.7681   0.6573  48.9802 241.2845
   1.578   0.5762   0.01051   0.00274  -0.0972   0.7656   0.6611  49.2579 241.6676
   1.663   0.5838   0.01034   0.00278  -0.0967   0.7632   0.6668  49.5301 242.2403
   1.749   0.5917   0.01020   0.00279  -0.0962   0.7610   0.6931  49.7753 244.9299
   1.834   0.5980   0.00994   0.00279  -0.0952   0.7592   0.7882  49.9819 255.3371
   1.920   0.6286   0.00967   0.00284  -0.0993   0.7560   0.9717  50.3350 284.8513
   2.005   0.6446   0.00968   0.00283  -0.1006   0.7533   0.9956  50.6296 294.6500
   2.091   0.6568   0.00969   0.00280  -0.1010   0.7511   1.0000  50.8784 301.0000
   2.176   0.6658   0.00973   0.00281  -0.1008   0.7487   1.0000  51.1461 301.0000
   2.261   0.6744   0.00976   0.00283  -0.1006   0.7457   1.0000  51.4653 301.0000
   2.347   0.6837   0.00979   0.00282  -0.1004   0.7432   1.0000  51.7493 301.0000
   2.432   0.6935   0.00983   0.00279  -0.1003   0.7409   1.0000  51.9958 301.0000
   2.518   0.7016   0.00986   0.00284  -0.0999   0.7376   1.0000  52.3598 301.0000
   2.603   0.7107   0.00990   0.00284  -0.0997   0.7345   1.0000  52.6879 301.0000
   2.688   0.7205   0.00995   0.00281  -0.0996   0.7319   1.0000  52.9680 301.0000
   2.774   0.7287   0.00999   0.00285  -0.0993   0.7283   1.0000  53.3556 301.0000
   2.859   0.7378   0.01003   0.00285  -0.0991   0.7250   1.0000  53.7114 301.0000
   2.945   0.7475   0.01010   0.00283  -0.0989   0.7222   1.0000  54.0087 301.0000
   3.030   0.7555   0.01014   0.00288  -0.0986   0.7182   1.0000  54.4318 301.0000
   3.116   0.7648   0.01020   0.00288  -0.0984   0.7149   1.0000  54.7900 301.0000
   3.201   0.7739   0.01028   0.00290  -0.0982   0.7115   1.0000  55.1439 301.0000
   3.286   0.7823   0.01034   0.00293  -0.0979   0.7074   1.0000  55.5722 301.0000
   3.372   0.7919   0.01043   0.00294  -0.0977   0.7041   1.0000  55.9229 301.0000
   3.457   0.8001   0.01051   0.00299  -0.0974   0.6998   1.0000  56.3732 301.0000
   3.543   0.8092   0.01060   0.00302  -0.0971   0.6957   1.0000  56.7935 301.0000
   3.628   0.8179   0.01072   0.00306  -0.0969   0.6916   1.0000  57.2200 301.0000
   3.714   0.8267   0.01084   0.00312  -0.0966   0.6870   1.0000  57.6928 301.0000
   3.799   0.8355   0.01100   0.00316  -0.0964   0.6826   1.0000  58.1395 301.0000
   3.884   0.8427   0.01106   0.00320  -0.0958   0.6767   1.0000  58.7380 301.0000
   3.970   0.8456   0.01041   0.00306  -0.0948   0.6362   1.0000  62.8218 301.0000
   4.055   0.8546   0.01033   0.00289  -0.0944   0.6275   1.0000  63.6897 301.0000
   4.141   0.8632   0.01027   0.00274  -0.0940   0.6179   1.0000  64.6352 301.0000
   4.226   0.8710   0.01024   0.00263  -0.0935   0.6073   1.0000  65.6726 301.0000
   4.312   0.8782   0.01024   0.00256  -0.0929   0.5963   1.0000  66.7443 301.0000
   4.397   0.8851   0.01027   0.00252  -0.0922   0.5854   1.0000  67.8054 301.0000
   4.482   0.8918   0.01030   0.00249  -0.0915   0.5747   1.0000  68.8375 301.0000
   4.568   0.8983   0.01039   0.00250  -0.0908   0.5642   1.0000  69.8521 301.0000
   4.653   0.9049   0.01049   0.00252  -0.0902   0.5539   1.0000  70.8395 301.0000
   4.739   0.9116   0.01061   0.00256  -0.0895   0.5441   1.0000  71.7854 301.0000
   4.824   0.9183   0.01073   0.00260  -0.0889   0.5348   1.0000  72.6778 301.0000
   4.910   0.9252   0.01085   0.00264  -0.0884   0.5261   1.0000  73.5066 301.0000
   4.995   0.9322   0.01097   0.00268  -0.0878   0.5180   1.0000  74.2754 301.0000
   5.166   0.9465   0.01121   0.00276  -0.0868   0.5035   1.0000  75.6648 301.0000
   5.251   0.9538   0.01132   0.00280  -0.0863   0.4972   1.0000  76.2658 301.0000
   5.337   0.9611   0.01144   0.00284  -0.0859   0.4910   1.0000  76.8602 301.0000
   5.422   0.9686   0.01154   0.00289  -0.0854   0.4848   1.0000  77.4530 301.0000
   5.593   0.9834   0.01177   0.00297  -0.0845   0.4729   1.0000  78.5863 301.0000
   5.678   0.9906   0.01189   0.00301  -0.0840   0.4674   1.0000  79.1121 301.0000
   5.764   0.9981   0.01199   0.00305  -0.0836   0.4614   1.0000  79.6887 301.0000
   5.849   1.0054   0.01211   0.00309  -0.0832   0.4558   1.0000  80.2230 301.0000
   5.935   1.0127   0.01222   0.00313  -0.0827   0.4501   1.0000  80.7752 301.0000
   6.020   1.0200   0.01233   0.00317  -0.0822   0.4446   1.0000  81.3010 301.0000
   6.106   1.0273   0.01245   0.00321  -0.0818   0.4392   1.0000  81.8238 301.0000
   6.191   1.0347   0.01256   0.00325  -0.0813   0.4337   1.0000  82.3458 301.0000
   6.276   1.0418   0.01268   0.00329  -0.0808   0.4283   1.0000  82.8709 301.0000
   6.362   1.0491   0.01279   0.00333  -0.0804   0.4225   1.0000  83.4308 301.0000
   6.447   1.0558   0.01293   0.00337  -0.0798   0.4169   1.0000  83.9736 301.0000
   6.533   1.0631   0.01303   0.00341  -0.0794   0.4106   1.0000  84.5875 301.0000
   6.618   1.0699   0.01317   0.00345  -0.0788   0.4046   1.0000  85.1664 301.0000
   6.704   1.0768   0.01329   0.00349  -0.0783   0.3981   1.0000  85.8015 301.0000
   6.789   1.0837   0.01341   0.00354  -0.0778   0.3916   1.0000  86.4307 301.0000
   6.874   1.0900   0.01356   0.00358  -0.0772   0.3855   1.0000  87.0303 301.0000
   6.960   1.0970   0.01368   0.00362  -0.0767   0.3788   1.0000  87.6917 301.0000
   7.045   1.1036   0.01382   0.00366  -0.0761   0.3724   1.0000  88.3249 301.0000
   7.131   1.1099   0.01397   0.00371  -0.0755   0.3659   1.0000  88.9680 301.0000
   7.216   1.1166   0.01409   0.00376  -0.0750   0.3587   1.0000  89.6751 301.0000
   7.301   1.1229   0.01424   0.00380  -0.0744   0.3517   1.0000  90.3803 301.0000
   7.387   1.1289   0.01440   0.00385  -0.0737   0.3442   1.0000  91.1305 301.0000
   7.558   1.1405   0.01473   0.00395  -0.0724   0.3261   1.0000  92.9618 301.0000
   7.643   1.1459   0.01491   0.00400  -0.0716   0.3154   1.0000  94.0566 301.0000
   7.729   1.1510   0.01510   0.00406  -0.0709   0.3026   1.0000  95.3780 301.0000
   7.814   1.1549   0.01534   0.00412  -0.0699   0.2890   1.0000  96.7974 301.0000
   7.899   1.1580   0.01559   0.00419  -0.0688   0.2736   1.0000  98.4412 301.0000
   7.985   1.1603   0.01589   0.00428  -0.0676   0.2569   1.0000 100.2402 301.0000
   8.070   1.1622   0.01625   0.00440  -0.0664   0.2382   1.0000 102.3106 301.0000
   8.156   1.1638   0.01664   0.00454  -0.0651   0.2181   1.0000 104.6056 301.0000
   8.327   1.1666   0.01753   0.00491  -0.0627   0.1786   1.0000 109.3328 301.0000
   8.412   1.1683   0.01800   0.00512  -0.0616   0.1612   1.0000 111.5550 301.0000
   8.498   1.1705   0.01844   0.00533  -0.0606   0.1459   1.0000 113.5716 301.0000
   8.583   1.1731   0.01887   0.00554  -0.0596   0.1333   1.0000 115.3072 301.0000
   8.668   1.1760   0.01929   0.00575  -0.0587   0.1228   1.0000 116.8069 301.0000
   8.754   1.1792   0.01969   0.00596  -0.0578   0.1142   1.0000 118.0828 301.0000
   8.839   1.1828   0.02007   0.00617  -0.0570   0.1069   1.0000 119.2026 301.0000
   8.925   1.1864   0.02046   0.00637  -0.0562   0.1010   1.0000 120.1255 301.0000
   9.010   1.1901   0.02083   0.00658  -0.0555   0.0957   1.0000 120.9629 301.0000
   9.095   1.1943   0.02118   0.00677  -0.0547   0.0910   1.0000 121.7372 301.0000
   9.181   1.1983   0.02154   0.00698  -0.0540   0.0871   1.0000 122.3957 301.0000
   9.266   1.2019   0.02193   0.00720  -0.0533   0.0839   1.0000 122.9392 301.0000
   9.352   1.2063   0.02227   0.00740  -0.0526   0.0805   1.0000 123.5265 301.0000
   9.437   1.2097   0.02267   0.00763  -0.0518   0.0780   1.0000 123.9676 301.0000
   9.523   1.2144   0.02299   0.00783  -0.0512   0.0752   1.0000 124.4755 301.0000
   9.608   1.2181   0.02339   0.00805  -0.0505   0.0731   1.0000 124.8685 301.0000
   9.694   1.2220   0.02376   0.00828  -0.0498   0.0709   1.0000 125.2613 301.0000
   9.779   1.2263   0.02412   0.00850  -0.0492   0.0689   1.0000 125.6470 301.0000
   9.864   1.2294   0.02456   0.00876  -0.0485   0.0673   1.0000 125.9376 301.0000
   9.950   1.2336   0.02493   0.00899  -0.0478   0.0655   1.0000 126.2848 301.0000
  10.035   1.2378   0.02529   0.00922  -0.0472   0.0638   1.0000 126.6154 301.0000
  10.121   1.2411   0.02572   0.00948  -0.0466   0.0625   1.0000 126.8781 301.0000
  10.206   1.2446   0.02615   0.00974  -0.0459   0.0611   1.0000 127.1498 301.0000
  10.291   1.2491   0.02650   0.00997  -0.0453   0.0596   1.0000 127.4655 301.0000
  10.377   1.2531   0.02690   0.01021  -0.0448   0.0582   1.0000 127.7322 301.0000
  10.462   1.2558   0.02738   0.01051  -0.0441   0.0572   1.0000 127.9459 301.0000
  10.548   1.2599   0.02777   0.01076  -0.0435   0.0559   1.0000 128.2134 301.0000
  10.633   1.2642   0.02815   0.01101  -0.0430   0.0546   1.0000 128.4894 301.0000
  10.719   1.2681   0.02855   0.01127  -0.0424   0.0535   1.0000 128.7235 301.0000
  10.804   1.2709   0.02905   0.01157  -0.0418   0.0526   1.0000 128.9134 301.0000
  10.889   1.2741   0.02952   0.01187  -0.0412   0.0516   1.0000 129.1242 301.0000
  10.975   1.2786   0.02989   0.01213  -0.0407   0.0505   1.0000 129.3715 301.0000
  11.060   1.2825   0.03031   0.01241  -0.0402   0.0495   1.0000 129.5895 301.0000
  11.146   1.2860   0.03076   0.01270  -0.0396   0.0486   1.0000 129.7724 301.0000
  11.231   1.2885   0.03129   0.01303  -0.0391   0.0479   1.0000 129.9255 301.0000
  11.317   1.2914   0.03180   0.01337  -0.0385   0.0472   1.0000 130.0909 301.0000
  11.402   1.2955   0.03221   0.01366  -0.0380   0.0463   1.0000 130.2885 301.0000
  11.487   1.2992   0.03266   0.01396  -0.0375   0.0455   1.0000 130.4722 301.0000
  11.573   1.3027   0.03313   0.01427  -0.0370   0.0448   1.0000 130.6342 301.0000
  11.658   1.3058   0.03362   0.01460  -0.0365   0.0442   1.0000 130.7768 301.0000
  11.744   1.3083   0.03417   0.01495  -0.0359   0.0437   1.0000 130.9005 301.0000
  11.829   1.3100   0.03480   0.01535  -0.0353   0.0432   1.0000 131.0169 301.0000
  11.915   1.3140   0.03524   0.01568  -0.0348   0.0425   1.0000 131.1710 301.0000
  12.000   1.3175   0.03573   0.01603  -0.0343   0.0419   1.0000 131.3211 301.0000
