  
       XFOIL         Version 6.99
  
 Calculated polar for: Repaneled_Airfoil                               
  
 1 1 Reynolds number fixed          Mach number fixed         
  
 xtrf =   1.000 (top)        1.000 (bottom)  
 Mach =   0.000     Re =     0.300 e 6     Ncrit =   9.000  9.000
  
   alpha    CL        CD       CDp       CM     Top_Xtr  Bot_Xtr  Top_Itr  Bot_Itr
  ------ -------- --------- --------- -------- -------- -------- -------- --------
  -5.000  -0.4859   0.01455   0.00335  -0.0632   0.6630   0.1009  60.2825 182.0612
  -4.915  -0.4788   0.01450   0.00330  -0.0628   0.6605   0.1050  60.5270 182.6913
  -4.829  -0.4710   0.01444   0.00324  -0.0626   0.6582   0.1097  60.7633 183.4243
  -4.744  -0.4626   0.01438   0.00317  -0.0624   0.6558   0.1154  61.0045 184.2751
  -4.658  -0.4541   0.01427   0.00312  -0.0623   0.6533   0.1217  61.2493 185.2156
  -4.573  -0.4455   0.01417   0.00308  -0.0622   0.6509   0.1289  61.4948 186.2433
  -4.487  -0.4368   0.01410   0.00306  -0.0622   0.6485   0.1372  61.7318 187.4098
  -4.402  -0.4279   0.01407   0.00305  -0.0622   0.6462   0.1467  61.9568 188.7045
  -4.317  -0.4192   0.01395   0.00305  -0.0621   0.6442   0.1572  62.1622 190.1099
  -4.231  -0.4105   0.01384   0.00307  -0.0621   0.6419   0.1682  62.3859 191.5239
  -4.146  -0.4015   0.01379   0.00312  -0.0620   0.6396   0.1799  62.6149 192.9951
  -4.060  -0.3922   0.01381   0.00320  -0.0621   0.6375   0.1902  62.8311 194.2502
  -3.975  -0.3826   0.01387   0.00331  -0.0621   0.6356   0.1994  63.0219 195.3586
  -3.889  -0.3731   0.01386   0.00337  -0.0621   0.6337   0.2075  63.2104 196.3183
  -3.804  -0.3634   0.01389   0.00343  -0.0621   0.6317   0.2145  63.4034 197.1305
  -3.719  -0.3537   0.01395   0.00351  -0.0621   0.6298   0.2202  63.5884 197.7975
  -3.633  -0.3440   0.01401   0.00359  -0.0622   0.6281   0.2250  63.7572 198.3413
  -3.548  -0.3342   0.01409   0.00363  -0.0622   0.6266   0.2302  63.9076 198.9281
  -3.462  -0.3245   0.01414   0.00371  -0.0622   0.6252   0.2336  64.0494 199.3164
  -3.377  -0.3149   0.01416   0.00375  -0.0622   0.6235   0.2377  64.2180 199.7782
  -3.292  -0.3053   0.01419   0.00379  -0.0622   0.6218   0.2412  64.3844 200.1694
  -3.206  -0.2957   0.01423   0.00385  -0.0622   0.6202   0.2445  64.5423 200.5347
  -3.121  -0.2859   0.01429   0.00387  -0.0623   0.6187   0.2486  64.6881 200.9885
  -3.035  -0.2764   0.01432   0.00395  -0.0623   0.6174   0.2512  64.8195 201.2695
  -2.950  -0.2668   0.01437   0.00400  -0.0623   0.6162   0.2543  64.9365 201.6131
  -2.864  -0.2571   0.01442   0.00399  -0.0623   0.6149   0.2579  65.0648 202.0072
  -2.779  -0.2477   0.01439   0.00404  -0.0623   0.6133   0.2601  65.2239 202.2374
  -2.693  -0.2382   0.01439   0.00407  -0.0623   0.6117   0.2626  65.3784 202.5064
  -2.608  -0.2286   0.01441   0.00407  -0.0623   0.6102   0.2654  65.5247 202.8189
  -2.523  -0.2191   0.01441   0.00407  -0.0622   0.6088   0.2680  65.6596 203.0898
  -2.437  -0.2097   0.01440   0.00410  -0.0622   0.6076   0.2701  65.7821 203.3159
  -2.352  -0.2002   0.01441   0.00411  -0.0622   0.6065   0.2726  65.8927 203.5884
  -2.266  -0.1905   0.01445   0.00409  -0.0622   0.6054   0.2755  65.9922 203.8983
  -2.181  -0.1811   0.01440   0.00410  -0.0622   0.6039   0.2777  66.1464 204.1277
  -2.095  -0.1717   0.01437   0.00412  -0.0622   0.6023   0.2797  66.2986 204.3409
  -2.010  -0.1622   0.01435   0.00411  -0.0622   0.6009   0.2820  66.4405 204.5861
  -1.925  -0.1526   0.01435   0.00409  -0.0622   0.5995   0.2846  66.5709 204.8566
  -1.839  -0.1431   0.01433   0.00407  -0.0622   0.5983   0.2867  66.6899 205.0812
  -1.754  -0.1337   0.01428   0.00408  -0.0621   0.5972   0.2885  66.7986 205.2724
  -1.668  -0.1242   0.01427   0.00407  -0.0621   0.5962   0.2906  66.8981 205.4930
  -1.583  -0.1146   0.01427   0.00404  -0.0621   0.5953   0.2930  66.9884 205.7397
  -1.498  -0.1050   0.01428   0.00401  -0.0621   0.5938   0.2954  67.1320 205.9932
  -1.412  -0.0957   0.01419   0.00402  -0.0621   0.5923   0.2970  67.2742 206.1665
  -1.327  -0.0862   0.01415   0.00401  -0.0621   0.5910   0.2989  67.4063 206.3562
  -1.241  -0.0767   0.01412   0.00400  -0.0621   0.5897   0.3009  67.5283 206.5701
  -1.156  -0.0671   0.01411   0.00397  -0.0621   0.5886   0.3032  67.6404 206.8006
  -1.070  -0.0575   0.01411   0.00393  -0.0621   0.5875   0.3052  67.7439 207.0182
  -0.985  -0.0481   0.01403   0.00392  -0.0621   0.5865   0.3068  67.8389 207.1799
  -0.899  -0.0387   0.01400   0.00390  -0.0621   0.5856   0.3085  67.9267 207.3556
  -0.814  -0.0291   0.01398   0.00388  -0.0621   0.5847   0.3104  68.0144 207.5486
  -0.729  -0.0195   0.01395   0.00387  -0.0621   0.5833   0.3124  68.1564 207.7517
  -0.643  -0.0099   0.01394   0.00384  -0.0621   0.5819   0.3143  68.2905 207.9467
  -0.558  -0.0005   0.01388   0.00382  -0.0620   0.5806   0.3158  68.4147 208.1007
  -0.472   0.0090   0.01383   0.00381  -0.0620   0.5794   0.3173  68.5295 208.2563
  -0.387   0.0185   0.01379   0.00379  -0.0620   0.5783   0.3189  68.6354 208.4242
  -0.301   0.0280   0.01376   0.00377  -0.0620   0.5773   0.3206  68.7322 208.5963
  -0.216   0.0376   0.01374   0.00374  -0.0620   0.5764   0.3223  68.8206 208.7682
  -0.131   0.0473   0.01374   0.00370  -0.0620   0.5756   0.3239  68.9013 208.9342
  -0.045   0.0569   0.01371   0.00368  -0.0620   0.5748   0.3253  68.9758 209.0743
   0.040   0.0663   0.01366   0.00368  -0.0620   0.5737   0.3266  69.0834 209.2114
   0.126   0.0758   0.01362   0.00367  -0.0620   0.5724   0.3281  69.2036 209.3590
   0.211   0.0853   0.01359   0.00366  -0.0620   0.5713   0.3296  69.3188 209.5148
   0.296   0.0949   0.01356   0.00365  -0.0620   0.5701   0.3312  69.4270 209.6724
   0.382   0.1045   0.01355   0.00363  -0.0620   0.5691   0.3327  69.5284 209.8259
   0.467   0.1142   0.01355   0.00361  -0.0620   0.5681   0.3342  69.6231 209.9724
   0.553   0.1237   0.01350   0.00360  -0.0620   0.5672   0.3354  69.7109 210.0972
   0.638   0.1332   0.01346   0.00359  -0.0620   0.5664   0.3366  69.7924 210.2235
   0.724   0.1427   0.01343   0.00357  -0.0620   0.5656   0.3380  69.8682 210.3581
   0.809   0.1523   0.01342   0.00355  -0.0620   0.5648   0.3394  69.9388 210.5004
   0.894   0.1620   0.01341   0.00354  -0.0620   0.5641   0.3408  70.0086 210.6462
   0.980   0.1716   0.01340   0.00354  -0.0620   0.5629   0.3423  70.1233 210.7950
   1.065   0.1812   0.01340   0.00355  -0.0620   0.5618   0.3438  70.2356 210.9454
   1.151   0.1907   0.01337   0.00355  -0.0620   0.5607   0.3452  70.3432 211.0861
   1.236   0.2002   0.01333   0.00355  -0.0620   0.5596   0.3467  70.4453 211.2338
   1.322   0.2097   0.01331   0.00355  -0.0620   0.5586   0.3483  70.5420 211.3963
   1.407   0.2193   0.01329   0.00354  -0.0620   0.5577   0.3500  70.6327 211.5677
   1.492   0.2289   0.01328   0.00354  -0.0620   0.5568   0.3518  70.7174 211.7412
   1.578   0.2386   0.01328   0.00353  -0.0620   0.5560   0.3534  70.7959 211.9074
   1.663   0.2482   0.01327   0.00352  -0.0621   0.5552   0.3549  70.8687 212.0556
   1.749   0.2577   0.01325   0.00351  -0.0621   0.5545   0.3564  70.9377 212.2022
   1.834   0.2674   0.01324   0.00350  -0.0621   0.5537   0.3580  71.0106 212.3641
   1.920   0.2768   0.01322   0.00352  -0.0621   0.5524   0.3598  71.1415 212.5412
   2.005   0.2863   0.01320   0.00353  -0.0621   0.5509   0.3618  71.2798 212.7364
   2.091   0.2959   0.01319   0.00352  -0.0621   0.5495   0.3639  71.4216 212.9446
   2.176   0.3053   0.01315   0.00351  -0.0620   0.5480   0.3658  71.5618 213.1391
   2.261   0.3147   0.01310   0.00349  -0.0620   0.5466   0.3680  71.6950 213.3534
   2.347   0.3242   0.01307   0.00346  -0.0620   0.5454   0.3704  71.8176 213.5926
   2.432   0.3338   0.01306   0.00342  -0.0620   0.5442   0.3730  71.9298 213.8516
   2.518   0.3433   0.01304   0.00341  -0.0620   0.5429   0.3756  72.0560 214.1056
   2.603   0.3526   0.01299   0.00342  -0.0620   0.5411   0.3784  72.2232 214.3777
   2.688   0.3621   0.01296   0.00342  -0.0620   0.5395   0.3817  72.3764 214.7002
   2.774   0.3716   0.01293   0.00341  -0.0620   0.5381   0.3854  72.5160 215.0663
   2.859   0.3810   0.01289   0.00339  -0.0620   0.5368   0.3898  72.6418 215.4979
   3.030   0.4001   0.01279   0.00334  -0.0620   0.5344   0.4027  72.8668 216.7593
   3.116   0.4096   0.01272   0.00331  -0.0621   0.5335   0.4146  72.9611 217.9114
   3.201   0.4187   0.01257   0.00332  -0.0621   0.5321   0.4515  73.0890 221.4690
   3.372   0.4378   0.01279   0.00377  -0.0621   0.5287   0.6837  73.4130 244.0435
   3.457   0.4466   0.01277   0.00382  -0.0619   0.5272   0.6921  73.5622 244.8986
   3.543   0.4555   0.01278   0.00388  -0.0616   0.5257   0.7003  73.7017 245.7526
   3.628   0.4645   0.01281   0.00392  -0.0613   0.5244   0.7074  73.8262 246.4875
   3.714   0.4738   0.01286   0.00395  -0.0612   0.5233   0.7138  73.9372 247.1656
   3.799   0.4829   0.01292   0.00401  -0.0610   0.5219   0.7203  74.0693 247.8459
   3.884   0.4916   0.01296   0.00410  -0.0607   0.5201   0.7259  74.2427 248.4415
   3.970   0.5009   0.01301   0.00413  -0.0605   0.5183   0.7310  74.4143 248.9854
   4.055   0.5096   0.01302   0.00418  -0.0602   0.5166   0.7356  74.5791 249.4882
   4.141   0.5189   0.01306   0.00418  -0.0601   0.5149   0.7403  74.7362 249.9899
   4.226   0.5276   0.01308   0.00421  -0.0597   0.5135   0.7446  74.8765 250.4582
   4.312   0.5370   0.01313   0.00419  -0.0596   0.5121   0.7485  75.0129 250.8846
   4.397   0.5456   0.01313   0.00425  -0.0593   0.5099   0.7518  75.2177 251.2567
   4.482   0.5545   0.01314   0.00428  -0.0591   0.5079   0.7554  75.4081 251.6486
   4.568   0.5639   0.01317   0.00427  -0.0590   0.5060   0.7586  75.5910 252.0052
   4.653   0.5724   0.01316   0.00428  -0.0586   0.5043   0.7619  75.7560 252.3713
   4.739   0.5815   0.01318   0.00425  -0.0584   0.5027   0.7650  75.9091 252.7194
   4.824   0.5909   0.01321   0.00423  -0.0583   0.5008   0.7676  76.0910 253.0097
   4.910   0.5994   0.01318   0.00426  -0.0580   0.4984   0.7699  76.3261 253.2759
   4.995   0.6082   0.01317   0.00425  -0.0577   0.4960   0.7724  76.5537 253.5542
   5.080   0.6173   0.01317   0.00421  -0.0576   0.4938   0.7748  76.7621 253.8236
   5.166   0.6265   0.01318   0.00416  -0.0574   0.4918   0.7769  76.9499 254.0702
   5.251   0.6350   0.01316   0.00416  -0.0571   0.4893   0.7790  77.1923 254.3145
   5.337   0.6438   0.01314   0.00415  -0.0569   0.4865   0.7810  77.4580 254.5436
   5.422   0.6528   0.01312   0.00410  -0.0567   0.4839   0.7828  77.7145 254.7470
   5.508   0.6620   0.01312   0.00403  -0.0566   0.4814   0.7844  77.9477 254.9295
   5.593   0.6707   0.01309   0.00402  -0.0563   0.4783   0.7859  78.2533 255.1099
   5.678   0.6792   0.01305   0.00399  -0.0560   0.4749   0.7877  78.5706 255.3189
   5.764   0.6879   0.01303   0.00393  -0.0557   0.4720   0.7895  78.8561 255.5311
   5.849   0.6968   0.01301   0.00388  -0.0555   0.4686   0.7912  79.1827 255.7243
   5.935   0.7058   0.01299   0.00384  -0.0554   0.4645   0.7926  79.5735 255.8912
   6.020   0.7147   0.01297   0.00376  -0.0552   0.4608   0.7939  79.9249 256.0353
   6.106   0.7232   0.01292   0.00373  -0.0549   0.4561   0.7951  80.3807 256.1881
   6.191   0.7316   0.01288   0.00366  -0.0545   0.4512   0.7964  80.8563 256.3376
   6.276   0.7403   0.01285   0.00361  -0.0543   0.4453   0.7977  81.4189 256.4859
   6.362   0.7488   0.01282   0.00352  -0.0540   0.4393   0.7989  81.9969 256.6355
   6.447   0.7577   0.01280   0.00347  -0.0538   0.4313   0.8002  82.7683 256.7855
   6.533   0.7664   0.01278   0.00340  -0.0536   0.4220   0.8013  83.6745 256.9190
   6.618   0.7749   0.01278   0.00332  -0.0533   0.4103   0.8023  84.8074 257.0347
   6.704   0.7830   0.01277   0.00324  -0.0530   0.3938   0.8032  86.4212 257.1507
   6.789   0.7901   0.01284   0.00313  -0.0525   0.3622   0.8041  89.5444 257.2578
   6.874   0.7905   0.01372   0.00321  -0.0512   0.2340   0.8047 103.0028 257.3263
   6.960   0.7958   0.01427   0.00349  -0.0506   0.2058   0.8055 106.2469 257.4276
   7.045   0.8028   0.01458   0.00368  -0.0502   0.1933   0.8064 107.7438 257.5379
   7.131   0.8102   0.01485   0.00383  -0.0499   0.1840   0.8073 108.8772 257.6419
   7.216   0.8180   0.01507   0.00396  -0.0497   0.1760   0.8081 109.8730 257.7343
   7.301   0.8260   0.01526   0.00406  -0.0495   0.1687   0.8087 110.7944 257.8123
   7.387   0.8341   0.01544   0.00416  -0.0493   0.1620   0.8093 111.6606 257.8796
   7.472   0.8423   0.01562   0.00424  -0.0491   0.1557   0.8098 112.4805 257.9465
   7.558   0.8505   0.01579   0.00433  -0.0489   0.1499   0.8104 113.2444 258.0113
   7.643   0.8583   0.01595   0.00441  -0.0486   0.1447   0.8110 113.9556 258.0817
   7.729   0.8664   0.01608   0.00448  -0.0483   0.1392   0.8115 114.7030 258.1503
   7.814   0.8744   0.01623   0.00456  -0.0481   0.1343   0.8120 115.3905 258.2112
   7.899   0.8821   0.01640   0.00463  -0.0478   0.1298   0.8124 116.0143 258.2629
   7.985   0.8903   0.01654   0.00471  -0.0476   0.1250   0.8128 116.7121 258.3098
   8.070   0.8982   0.01670   0.00479  -0.0473   0.1207   0.8132 117.3375 258.3553
   8.156   0.9059   0.01688   0.00487  -0.0471   0.1167   0.8136 117.9254 258.4068
   8.241   0.9139   0.01703   0.00495  -0.0468   0.1124   0.8141 118.5738 258.4683
   8.327   0.9215   0.01722   0.00504  -0.0465   0.1088   0.8146 119.1197 258.5317
   8.412   0.9294   0.01737   0.00512  -0.0463   0.1048   0.8152 119.7334 258.5986
   8.498   0.9370   0.01755   0.00521  -0.0460   0.1013   0.8157 120.2856 258.6617
   8.583   0.9447   0.01773   0.00529  -0.0457   0.0979   0.8162 120.8362 258.7268
   8.668   0.9523   0.01790   0.00538  -0.0454   0.0945   0.8167 121.3848 258.7900
   8.754   0.9599   0.01809   0.00546  -0.0451   0.0915   0.8172 121.8764 258.8464
   8.839   0.9675   0.01826   0.00556  -0.0448   0.0884   0.8176 122.3857 258.8972
   8.925   0.9749   0.01845   0.00565  -0.0445   0.0858   0.8180 122.8332 258.9399
   9.010   0.9822   0.01866   0.00575  -0.0442   0.0832   0.8182 123.2758 258.9741
   9.095   0.9897   0.01883   0.00585  -0.0439   0.0807   0.8185 123.7155 259.0064
   9.181   0.9962   0.01907   0.00596  -0.0434   0.0787   0.8188 124.0573 259.0386
   9.266   1.0038   0.01922   0.00607  -0.0431   0.0764   0.8191 124.4876 259.0766
   9.352   1.0107   0.01942   0.00617  -0.0427   0.0745   0.8194 124.8264 259.1142
   9.437   1.0172   0.01966   0.00630  -0.0422   0.0728   0.8196 125.1398 259.1491
   9.523   1.0244   0.01984   0.00642  -0.0418   0.0708   0.8199 125.5030 259.1835
   9.608   1.0311   0.02006   0.00653  -0.0414   0.0692   0.8201 125.7992 259.2109
   9.694   1.0369   0.02034   0.00667  -0.0409   0.0679   0.8203 126.0548 259.2304
   9.779   1.0442   0.02052   0.00680  -0.0405   0.0661   0.8204 126.3911 259.2493
   9.864   1.0509   0.02073   0.00692  -0.0401   0.0646   0.8205 126.6771 259.2629
   9.950   1.0569   0.02099   0.00705  -0.0396   0.0634   0.8207 126.9065 259.2782
  10.035   1.0630   0.02125   0.00720  -0.0390   0.0622   0.8208 127.1550 259.2966
  10.121   1.0698   0.02146   0.00735  -0.0386   0.0608   0.8210 127.4333 259.3220
  10.206   1.0761   0.02169   0.00747  -0.0381   0.0596   0.8212 127.6727 259.3483
  10.291   1.0820   0.02195   0.00761  -0.0376   0.0586   0.8214 127.8711 259.3752
  10.377   1.0872   0.02227   0.00777  -0.0370   0.0577   0.8217 128.0598 259.4016
  10.462   1.0938   0.02248   0.00793  -0.0365   0.0565   0.8219 128.3107 259.4348
  10.548   1.1001   0.02271   0.00807  -0.0360   0.0553   0.8222 128.5456 259.4640
  10.633   1.1061   0.02294   0.00820  -0.0355   0.0544   0.8224 128.7524 259.4881
  10.719   1.1113   0.02325   0.00834  -0.0349   0.0535   0.8225 128.9286 259.5050
  10.804   1.1170   0.02353   0.00852  -0.0343   0.0525   0.8226 129.1387 259.5207
  10.889   1.1234   0.02373   0.00867  -0.0339   0.0514   0.8228 129.3846 259.5412
  10.975   1.1295   0.02396   0.00881  -0.0334   0.0504   0.8230 129.6035 259.5629
  11.060   1.1352   0.02421   0.00893  -0.0329   0.0495   0.8231 129.7878 259.5836
  11.146   1.1400   0.02453   0.00908  -0.0322   0.0488   0.8233 129.9418 259.6017
  11.231   1.1453   0.02482   0.00927  -0.0316   0.0480   0.8234 130.1218 259.6202
  11.317   1.1511   0.02505   0.00945  -0.0311   0.0471   0.8236 130.3271 259.6391
  11.402   1.1563   0.02529   0.00960  -0.0304   0.0463   0.8237 130.5115 259.6556
  11.487   1.1612   0.02553   0.00974  -0.0298   0.0456   0.8238 130.6709 259.6718
  11.573   1.1656   0.02579   0.00987  -0.0290   0.0450   0.8240 130.8068 259.6884
  11.658   1.1694   0.02612   0.01002  -0.0282   0.0445   0.8241 130.9254 259.7037
  11.744   1.1734   0.02649   0.01023  -0.0275   0.0439   0.8242 131.0534 259.7183
  11.829   1.1784   0.02675   0.01045  -0.0268   0.0433   0.8243 131.2122 259.7348
  11.915   1.1834   0.02704   0.01066  -0.0262   0.0426   0.8244 131.3681 259.7477
  12.000   1.1882   0.02734   0.01086  -0.0255   0.0420   0.8245 131.5114 259.7583
