  
       XFOIL         Version 6.99
  
 Calculated polar for: Repaneled_Airfoil                               
  
 1 1 Reynolds number fixed          Mach number fixed         
  
 xtrf =   1.000 (top)        1.000 (bottom)  
 Mach =   0.000     Re =     0.300 e 6     Ncrit =   9.000  9.000
  
   alpha    CL        CD       CDp       CM     Top_Xtr  Bot_Xtr  Top_Itr  Bot_Itr
  ------ -------- --------- --------- -------- -------- -------- -------- --------
  -5.000   0.1465   0.01209   0.00468  -0.0962   0.8421   0.4903  39.7613 224.9429
  -4.915   0.1561   0.01209   0.00470  -0.0961   0.8416   0.4937  39.8162 225.2725
  -4.829   0.1658   0.01209   0.00471  -0.0961   0.8412   0.4976  39.8736 225.6519
  -4.744   0.1755   0.01209   0.00470  -0.0961   0.8407   0.5018  39.9318 226.0544
  -4.658   0.1852   0.01208   0.00471  -0.0960   0.8403   0.5051  39.9922 226.3732
  -4.573   0.1944   0.01213   0.00477  -0.0960   0.8396   0.5091  40.0823 226.7527
  -4.487   0.2037   0.01217   0.00482  -0.0959   0.8388   0.5128  40.1781 227.1089
  -4.402   0.2130   0.01220   0.00488  -0.0959   0.8381   0.5159  40.2682 227.4091
  -4.317   0.2224   0.01223   0.00492  -0.0958   0.8375   0.5196  40.3528 227.7631
  -4.231   0.2319   0.01226   0.00494  -0.0958   0.8368   0.5229  40.4324 228.0825
  -4.146   0.2414   0.01226   0.00498  -0.0958   0.8362   0.5255  40.5121 228.3343
  -4.060   0.2509   0.01227   0.00499  -0.0957   0.8356   0.5285  40.5901 228.6217
  -3.975   0.2606   0.01228   0.00499  -0.0957   0.8350   0.5320  40.6645 228.9524
  -3.889   0.2703   0.01227   0.00500  -0.0957   0.8344   0.5345  40.7406 229.1971
  -3.804   0.2800   0.01225   0.00499  -0.0956   0.8338   0.5373  40.8180 229.4649
  -3.719   0.2898   0.01224   0.00497  -0.0956   0.8333   0.5405  40.8934 229.7748
  -3.633   0.2997   0.01221   0.00493  -0.0955   0.8327   0.5436  40.9662 230.0726
  -3.548   0.3090   0.01223   0.00497  -0.0955   0.8320   0.5461  41.0540 230.3088
  -3.462   0.3181   0.01228   0.00504  -0.0954   0.8311   0.5489  41.1641 230.5872
  -3.377   0.3273   0.01232   0.00507  -0.0954   0.8302   0.5523  41.2808 230.9098
  -3.292   0.3366   0.01233   0.00510  -0.0953   0.8292   0.5548  41.4092 231.1513
  -3.206   0.3461   0.01232   0.00511  -0.0952   0.8281   0.5573  41.5384 231.3938
  -3.121   0.3557   0.01230   0.00509  -0.0951   0.8272   0.5603  41.6625 231.6872
  -3.035   0.3656   0.01227   0.00503  -0.0951   0.8262   0.5638  41.7841 232.0223
  -2.950   0.3755   0.01221   0.00499  -0.0949   0.8253   0.5661  41.8989 232.2505
  -2.864   0.3854   0.01216   0.00494  -0.0949   0.8244   0.5690  42.0118 232.5233
  -2.779   0.3941   0.01222   0.00500  -0.0947   0.8228   0.5721  42.2092 232.8253
  -2.693   0.4032   0.01222   0.00500  -0.0946   0.8212   0.5747  42.4086 233.0850
  -2.608   0.4127   0.01218   0.00497  -0.0945   0.8196   0.5767  42.6004 233.2784
  -2.523   0.4227   0.01210   0.00489  -0.0944   0.8182   0.5789  42.7776 233.4919
  -2.437   0.4329   0.01201   0.00477  -0.0943   0.8169   0.5813  42.9378 233.7187
  -2.352   0.4422   0.01200   0.00474  -0.0942   0.8151   0.5838  43.1524 233.9678
  -2.266   0.4511   0.01198   0.00474  -0.0940   0.8131   0.5855  43.4015 234.1310
  -2.181   0.4607   0.01192   0.00468  -0.0939   0.8112   0.5873  43.6304 234.3065
  -2.095   0.4707   0.01183   0.00458  -0.0938   0.8095   0.5894  43.8333 234.5155
  -2.010   0.4810   0.01174   0.00446  -0.0937   0.8081   0.5919  44.0090 234.7561
  -1.925   0.4896   0.01177   0.00448  -0.0935   0.8058   0.5945  44.2788 235.0128
  -1.839   0.4989   0.01173   0.00445  -0.0934   0.8037   0.5962  44.5261 235.1746
  -1.754   0.5087   0.01165   0.00437  -0.0932   0.8018   0.5982  44.7530 235.3688
  -1.668   0.5190   0.01155   0.00424  -0.0932   0.8001   0.6005  44.9616 235.5948
  -1.583   0.5278   0.01155   0.00423  -0.0930   0.7976   0.6030  45.2581 235.8465
  -1.498   0.5371   0.01150   0.00417  -0.0928   0.7950   0.6054  45.5578 236.0744
  -1.412   0.5470   0.01140   0.00406  -0.0927   0.7927   0.6073  45.8350 236.2645
  -1.327   0.5566   0.01133   0.00397  -0.0925   0.7900   0.6095  46.1398 236.4849
  -1.241   0.5655   0.01129   0.00392  -0.0923   0.7868   0.6121  46.5199 236.7423
  -1.156   0.5755   0.01120   0.00379  -0.0922   0.7838   0.6150  46.8577 237.0281
  -1.070   0.5846   0.01113   0.00371  -0.0919   0.7806   0.6171  47.2290 237.2273
  -0.985   0.5937   0.01107   0.00363  -0.0917   0.7770   0.6196  47.6425 237.4742
  -0.899   0.6039   0.01097   0.00348  -0.0916   0.7739   0.6225  47.9940 237.7689
  -0.814   0.6124   0.01095   0.00345  -0.0913   0.7700   0.6254  48.4316 238.0554
  -0.729   0.6219   0.01085   0.00334  -0.0912   0.7665   0.6279  48.8303 238.2976
  -0.643   0.6310   0.01079   0.00326  -0.0910   0.7626   0.6308  49.2599 238.5896
  -0.558   0.6402   0.01074   0.00316  -0.0907   0.7583   0.6341  49.7392 238.9194
  -0.472   0.6494   0.01065   0.00306  -0.0905   0.7539   0.6370  50.2273 239.2111
  -0.387   0.6584   0.01056   0.00295  -0.0903   0.7488   0.6404  50.7870 239.5465
  -0.301   0.6673   0.01051   0.00285  -0.0900   0.7434   0.6442  51.3821 239.9268
  -0.216   0.6765   0.01039   0.00270  -0.0898   0.7374   0.6472  52.0263 240.2265
  -0.131   0.6850   0.01029   0.00261  -0.0895   0.7301   0.6504  52.8084 240.5468
  -0.045   0.6936   0.01022   0.00250  -0.0891   0.7220   0.6540  53.6784 240.9045
   0.040   0.7021   0.01012   0.00239  -0.0888   0.7127   0.6569  54.6552 241.1961
   0.126   0.7103   0.01004   0.00228  -0.0884   0.7020   0.6597  55.7740 241.4792
   0.211   0.7183   0.00999   0.00217  -0.0879   0.6891   0.6628  57.0993 241.7899
   0.296   0.7258   0.00998   0.00210  -0.0873   0.6729   0.6661  58.7494 242.1220
   0.382   0.7266   0.01006   0.00180  -0.0854   0.5734   0.6696  68.5464 242.4805
   0.467   0.7251   0.01066   0.00191  -0.0833   0.5043   0.6734  75.1702 242.8713
   0.638   0.7288   0.01149   0.00219  -0.0806   0.4243   0.6811  82.8311 243.6602
   0.724   0.7336   0.01174   0.00228  -0.0798   0.4060   0.6858  84.6062 244.1373
   0.809   0.7393   0.01193   0.00236  -0.0791   0.3932   0.6909  85.8517 244.6695
   0.894   0.7455   0.01209   0.00243  -0.0786   0.3834   0.6965  86.8124 245.2490
   0.980   0.7522   0.01222   0.00250  -0.0781   0.3754   0.7029  87.5967 245.9117
   1.065   0.7589   0.01233   0.00256  -0.0776   0.3688   0.7101  88.2503 246.6672
   1.151   0.7657   0.01243   0.00262  -0.0771   0.3628   0.7189  88.8371 247.6054
   1.236   0.7727   0.01249   0.00267  -0.0766   0.3576   0.7307  89.3584 248.8610
   1.322   0.7792   0.01252   0.00272  -0.0760   0.3528   0.7498  89.8317 250.9481
   1.407   0.7880   0.01235   0.00281  -0.0757   0.3480   0.8449  90.3136 262.3116
   1.492   0.8135   0.01253   0.00296  -0.0794   0.3409   1.0001  91.0293 301.0000
   1.578   0.8216   0.01264   0.00300  -0.0791   0.3366   1.0001  91.4598 301.0000
   1.663   0.8291   0.01278   0.00305  -0.0788   0.3329   1.0001  91.8406 301.0000
   1.749   0.8368   0.01291   0.00310  -0.0785   0.3292   1.0001  92.2164 301.0000
   1.834   0.8447   0.01302   0.00315  -0.0782   0.3253   1.0001  92.6079 301.0000
   1.920   0.8520   0.01317   0.00320  -0.0778   0.3221   1.0001  92.9383 301.0000
   2.005   0.8601   0.01328   0.00325  -0.0776   0.3185   1.0001  93.3061 301.0000
   2.091   0.8679   0.01339   0.00329  -0.0773   0.3149   1.0001  93.6692 301.0000
   2.176   0.8752   0.01355   0.00334  -0.0769   0.3119   1.0001  93.9790 301.0000
   2.261   0.8833   0.01363   0.00338  -0.0766   0.3082   1.0001  94.3584 301.0000
   2.347   0.8910   0.01374   0.00343  -0.0763   0.3048   1.0001  94.7106 301.0000
   2.432   0.8983   0.01390   0.00347  -0.0760   0.3019   1.0001  95.0085 301.0000
   2.518   0.9065   0.01397   0.00352  -0.0757   0.2983   1.0001  95.3869 301.0000
   2.603   0.9142   0.01409   0.00356  -0.0754   0.2950   1.0001  95.7295 301.0000
   2.688   0.9215   0.01423   0.00360  -0.0750   0.2922   1.0001  96.0293 301.0000
   2.774   0.9296   0.01431   0.00364  -0.0747   0.2885   1.0001  96.4126 301.0000
   2.859   0.9371   0.01442   0.00368  -0.0744   0.2853   1.0001  96.7549 301.0000
   2.945   0.9445   0.01456   0.00372  -0.0740   0.2824   1.0001  97.0609 301.0000
   3.030   0.9525   0.01463   0.00376  -0.0738   0.2787   1.0001  97.4525 301.0000
   3.116   0.9599   0.01474   0.00379  -0.0734   0.2754   1.0001  97.8036 301.0000
   3.201   0.9673   0.01486   0.00383  -0.0730   0.2721   1.0001  98.1504 301.0000
   3.286   0.9751   0.01494   0.00386  -0.0727   0.2683   1.0001  98.5603 301.0000
   3.372   0.9822   0.01506   0.00389  -0.0723   0.2651   1.0001  98.9071 301.0000
   3.457   0.9899   0.01515   0.00393  -0.0720   0.2614   1.0001  99.3021 301.0000
   3.543   0.9974   0.01524   0.00396  -0.0717   0.2578   1.0001  99.6973 301.0000
   3.628   1.0043   0.01538   0.00399  -0.0712   0.2548   1.0001 100.0281 301.0000
   3.714   1.0122   0.01544   0.00402  -0.0709   0.2506   1.0001 100.4809 301.0000
   3.799   1.0192   0.01555   0.00404  -0.0705   0.2470   1.0001 100.8782 301.0000
   3.884   1.0265   0.01563   0.00407  -0.0701   0.2429   1.0001 101.3346 301.0000
   3.970   1.0333   0.01573   0.00408  -0.0696   0.2387   1.0001 101.7978 301.0000
   4.055   1.0402   0.01582   0.00410  -0.0692   0.2344   1.0001 102.2836 301.0000
   4.141   1.0469   0.01592   0.00412  -0.0687   0.2298   1.0001 102.8070 301.0000
   4.226   1.0538   0.01601   0.00413  -0.0682   0.2249   1.0001 103.3639 301.0000
   4.312   1.0603   0.01612   0.00415  -0.0677   0.2199   1.0001 103.9279 301.0000
   4.397   1.0672   0.01622   0.00417  -0.0673   0.2144   1.0001 104.5679 301.0000
   4.482   1.0737   0.01634   0.00419  -0.0668   0.2092   1.0001 105.1696 301.0000
   4.568   1.0803   0.01646   0.00421  -0.0663   0.2034   1.0001 105.8542 301.0000
   4.653   1.0871   0.01658   0.00425  -0.0659   0.1972   1.0001 106.5957 301.0000
   4.739   1.0935   0.01673   0.00428  -0.0654   0.1910   1.0001 107.3379 301.0000
   4.824   1.0996   0.01689   0.00432  -0.0648   0.1849   1.0001 108.0880 301.0000
   4.910   1.1058   0.01706   0.00436  -0.0643   0.1781   1.0001 108.9297 301.0000
   4.995   1.1120   0.01724   0.00442  -0.0638   0.1708   1.0001 109.8414 301.0000
   5.080   1.1179   0.01744   0.00448  -0.0633   0.1638   1.0001 110.7415 301.0000
   5.166   1.1237   0.01766   0.00456  -0.0627   0.1567   1.0001 111.6647 301.0000
   5.251   1.1294   0.01788   0.00464  -0.0622   0.1494   1.0001 112.6221 301.0000
   5.337   1.1350   0.01812   0.00473  -0.0616   0.1425   1.0001 113.5600 301.0000
   5.422   1.1406   0.01837   0.00483  -0.0610   0.1358   1.0001 114.4841 301.0000
   5.508   1.1461   0.01863   0.00494  -0.0605   0.1293   1.0001 115.4040 301.0000
   5.593   1.1516   0.01889   0.00505  -0.0599   0.1231   1.0001 116.2866 301.0000
   5.678   1.1569   0.01917   0.00516  -0.0593   0.1176   1.0001 117.1015 301.0000
   5.764   1.1625   0.01944   0.00528  -0.0588   0.1121   1.0001 117.9247 301.0000
   5.849   1.1682   0.01969   0.00540  -0.0583   0.1068   1.0001 118.7299 301.0000
   5.935   1.1738   0.01996   0.00553  -0.0577   0.1021   1.0001 119.4565 301.0000
   6.020   1.1790   0.02026   0.00566  -0.0571   0.0982   1.0001 120.0815 301.0000
   6.106   1.1847   0.02052   0.00579  -0.0566   0.0940   1.0001 120.7598 301.0000
   6.191   1.1902   0.02080   0.00593  -0.0561   0.0904   1.0001 121.3574 301.0000
   6.276   1.1955   0.02109   0.00607  -0.0555   0.0872   1.0001 121.8950 301.0000
   6.362   1.2011   0.02136   0.00621  -0.0550   0.0840   1.0001 122.4399 301.0000
   6.447   1.2061   0.02167   0.00636  -0.0544   0.0814   1.0001 122.8912 301.0000
   6.533   1.2116   0.02195   0.00651  -0.0538   0.0786   1.0001 123.3812 301.0000
   6.618   1.2167   0.02225   0.00667  -0.0533   0.0762   1.0001 123.8123 301.0000
   6.704   1.2217   0.02256   0.00683  -0.0527   0.0740   1.0001 124.2141 301.0000
   6.789   1.2273   0.02284   0.00698  -0.0522   0.0717   1.0001 124.6324 301.0000
   6.874   1.2316   0.02319   0.00716  -0.0515   0.0700   1.0001 124.9497 301.0000
   6.960   1.2371   0.02348   0.00732  -0.0510   0.0680   1.0001 125.3296 301.0000
   7.045   1.2422   0.02378   0.00748  -0.0504   0.0662   1.0001 125.6722 301.0000
   7.131   1.2463   0.02415   0.00767  -0.0498   0.0648   1.0001 125.9391 301.0000
   7.216   1.2514   0.02446   0.00786  -0.0492   0.0632   1.0001 126.2625 301.0000
   7.301   1.2565   0.02476   0.00803  -0.0487   0.0616   1.0001 126.5763 301.0000
   7.387   1.2610   0.02511   0.00821  -0.0481   0.0603   1.0001 126.8292 301.0000
   7.472   1.2647   0.02552   0.00843  -0.0474   0.0592   1.0001 127.0519 301.0000
   7.558   1.2701   0.02580   0.00861  -0.0469   0.0578   1.0001 127.3452 301.0000
   7.643   1.2750   0.02612   0.00879  -0.0463   0.0565   1.0001 127.6080 301.0000
   7.729   1.2793   0.02647   0.00898  -0.0457   0.0554   1.0001 127.8287 301.0000
   7.814   1.2825   0.02692   0.00922  -0.0450   0.0545   1.0001 128.0239 301.0000
   7.899   1.2880   0.02720   0.00940  -0.0445   0.0532   1.0001 128.2959 301.0000
   7.985   1.2928   0.02752   0.00960  -0.0440   0.0521   1.0001 128.5444 301.0000
   8.070   1.2972   0.02788   0.00979  -0.0434   0.0511   1.0001 128.7570 301.0000
   8.156   1.3005   0.02831   0.01002  -0.0428   0.0503   1.0001 128.9352 301.0000
   8.241   1.3047   0.02869   0.01025  -0.0422   0.0493   1.0001 129.1490 301.0000
   8.327   1.3096   0.02900   0.01046  -0.0417   0.0482   1.0001 129.3879 301.0000
   8.412   1.3141   0.02935   0.01067  -0.0412   0.0473   1.0001 129.5981 301.0000
   8.498   1.3181   0.02973   0.01089  -0.0406   0.0465   1.0001 129.7752 301.0000
   8.583   1.3213   0.03018   0.01113  -0.0400   0.0458   1.0001 129.9243 301.0000
   8.668   1.3247   0.03063   0.01140  -0.0393   0.0451   1.0001 130.0865 301.0000
   8.754   1.3293   0.03097   0.01164  -0.0388   0.0443   1.0001 130.2810 301.0000
   8.839   1.3334   0.03135   0.01188  -0.0383   0.0435   1.0001 130.4591 301.0000
   8.925   1.3373   0.03175   0.01213  -0.0377   0.0429   1.0001 130.6168 301.0000
   9.010   1.3408   0.03217   0.01237  -0.0371   0.0423   1.0001 130.7555 301.0000
   9.095   1.3439   0.03263   0.01264  -0.0365   0.0418   1.0001 130.8773 301.0000
   9.181   1.3461   0.03319   0.01295  -0.0358   0.0413   1.0001 130.9896 301.0000
   9.266   1.3500   0.03361   0.01325  -0.0353   0.0407   1.0001 131.1312 301.0000
   9.352   1.3538   0.03403   0.01354  -0.0347   0.0401   1.0001 131.2769 301.0000
   9.437   1.3573   0.03447   0.01384  -0.0342   0.0396   1.0001 131.4139 301.0000
   9.523   1.3607   0.03493   0.01413  -0.0336   0.0390   1.0001 131.5394 301.0000
   9.608   1.3639   0.03539   0.01442  -0.0331   0.0386   1.0001 131.6550 301.0000
   9.694   1.3669   0.03587   0.01472  -0.0325   0.0382   1.0001 131.7594 301.0000
   9.779   1.3697   0.03638   0.01502  -0.0319   0.0378   1.0001 131.8548 301.0000
   9.864   1.3721   0.03695   0.01534  -0.0313   0.0374   1.0001 131.9452 301.0000
   9.950   1.3747   0.03752   0.01570  -0.0307   0.0370   1.0001 132.0406 301.0000
  10.035   1.3777   0.03801   0.01607  -0.0302   0.0366   1.0001 132.1472 301.0000
  10.121   1.3806   0.03852   0.01645  -0.0296   0.0362   1.0001 132.2579 301.0000
  10.206   1.3834   0.03904   0.01682  -0.0291   0.0358   1.0001 132.3661 301.0000
  10.291   1.3861   0.03957   0.01718  -0.0285   0.0354   1.0001 132.4694 301.0000
  10.377   1.3888   0.04011   0.01755  -0.0280   0.0350   1.0001 132.5665 301.0000
  10.462   1.3914   0.04064   0.01791  -0.0275   0.0346   1.0001 132.6568 301.0000
  10.548   1.3941   0.04119   0.01826  -0.0270   0.0343   1.0001 132.7408 301.0000
  10.633   1.3966   0.04174   0.01861  -0.0265   0.0340   1.0001 132.8192 301.0000
  10.719   1.3991   0.04231   0.01895  -0.0260   0.0337   1.0001 132.8941 301.0000
  10.804   1.4018   0.04292   0.01928  -0.0255   0.0334   1.0001 132.9702 301.0000
  10.889   1.4039   0.04356   0.01973  -0.0250   0.0332   1.0001 133.0454 301.0000
  10.975   1.4055   0.04420   0.02024  -0.0244   0.0329   1.0001 133.1227 301.0000
  11.060   1.4071   0.04484   0.02074  -0.0239   0.0326   1.0001 133.2038 301.0000
  11.146   1.4086   0.04550   0.02124  -0.0234   0.0323   1.0001 133.2857 301.0000
  11.231   1.4101   0.04617   0.02175  -0.0229   0.0320   1.0001 133.3663 301.0000
  11.317   1.4117   0.04684   0.02225  -0.0224   0.0317   1.0001 133.4442 301.0000
  11.402   1.4132   0.04752   0.02275  -0.0219   0.0314   1.0001 133.5186 301.0000
  11.487   1.4147   0.04819   0.02324  -0.0215   0.0312   1.0001 133.5897 301.0000
  11.573   1.4163   0.04885   0.02372  -0.0211   0.0309   1.0001 133.6571 301.0000
  11.658   1.4180   0.04952   0.02419  -0.0207   0.0307   1.0001 133.7219 301.0000
  11.744   1.4198   0.05018   0.02464  -0.0203   0.0305   1.0001 133.7833 301.0000
  11.829   1.4218   0.05083   0.02508  -0.0199   0.0302   1.0001 133.8429 301.0000
  11.915   1.4242   0.05148   0.02547  -0.0195   0.0300   1.0001 133.9029 301.0000
  12.000   1.4274   0.05211   0.02580  -0.0190   0.0298   1.0001 133.9688 301.0000
