  
       XFOIL         Version 6.99
  
 Calculated polar for: Repaneled_Airfoil                               
  
 1 1 Reynolds number fixed          Mach number fixed         
  
 xtrf =   1.000 (top)        1.000 (bottom)  
 Mach =   0.000     Re =     0.300 e 6     Ncrit =   9.000  9.000
  
   alpha    CL        CD       CDp       CM     Top_Xtr  Bot_Xtr  Top_Itr  Bot_Itr
  ------ -------- --------- --------- -------- -------- -------- -------- --------
  -5.000  -0.5208   0.01114   0.00243   0.0032   0.9954   0.2743   7.4502 203.5664
  -4.915  -0.5083   0.01100   0.00243   0.0026   0.9941   0.2968   8.2911 205.9565
  -4.829  -0.4956   0.01088   0.00242   0.0019   0.9929   0.3155   9.0572 207.8894
  -4.744  -0.4830   0.01078   0.00241   0.0012   0.9914   0.3307   9.8321 209.4444
  -4.658  -0.4703   0.01069   0.00240   0.0005   0.9899   0.3439  10.5853 210.7742
  -4.573  -0.4574   0.01061   0.00238  -0.0002   0.9884   0.3554  11.2751 211.9277
  -4.487  -0.4444   0.01053   0.00236  -0.0009   0.9869   0.3661  11.9222 212.9954
  -4.402  -0.4318   0.01044   0.00233  -0.0015   0.9851   0.3764  12.6609 214.0112
  -4.231  -0.4061   0.01025   0.00228  -0.0029   0.9817   0.3968  13.9276 216.0151
  -4.146  -0.3938   0.01015   0.00225  -0.0035   0.9796   0.4069  14.6602 216.9968
  -4.060  -0.3812   0.01004   0.00221  -0.0042   0.9777   0.4169  15.2920 217.9681
  -3.975  -0.3685   0.00993   0.00218  -0.0048   0.9758   0.4269  15.8877 218.9345
  -3.889  -0.3564   0.00982   0.00214  -0.0053   0.9734   0.4366  16.6056 219.8684
  -3.804  -0.3438   0.00970   0.00210  -0.0060   0.9714   0.4466  17.1905 220.8386
  -3.719  -0.3315   0.00958   0.00205  -0.0065   0.9692   0.4573  17.8300 221.8622
  -3.633  -0.3197   0.00945   0.00201  -0.0070   0.9666   0.4690  18.5359 222.9823
  -3.548  -0.3073   0.00930   0.00196  -0.0076   0.9644   0.4822  19.0973 224.2474
  -3.462  -0.2958   0.00915   0.00191  -0.0080   0.9615   0.4974  19.8335 225.7021
  -3.377  -0.2849   0.00898   0.00186  -0.0083   0.9582   0.5153  20.6376 227.4091
  -3.292  -0.2745   0.00879   0.00182  -0.0085   0.9548   0.5386  21.4275 229.6348
  -3.206  -0.2644   0.00863   0.00183  -0.0085   0.9513   0.5697  22.2199 232.6282
  -3.121  -0.2542   0.00865   0.00201  -0.0084   0.9476   0.6061  23.0312 236.1575
  -3.035  -0.2444   0.00867   0.00223  -0.0081   0.9433   0.6411  23.9352 239.6100
  -2.864  -0.2203   0.00888   0.00215  -0.0091   0.9334   0.6921  25.8962 244.7917
  -2.779  -0.2094   0.00874   0.00209  -0.0092   0.9283   0.7007  26.8516 245.6887
  -2.693  -0.1985   0.00862   0.00204  -0.0093   0.9230   0.7093  27.8164 246.5858
  -2.608  -0.1876   0.00851   0.00200  -0.0094   0.9174   0.7180  28.8122 247.5027
  -2.523  -0.1766   0.00842   0.00197  -0.0095   0.9113   0.7266  29.8561 248.4226
  -2.437  -0.1656   0.00834   0.00195  -0.0096   0.9045   0.7349  30.9686 249.3175
  -2.352  -0.1548   0.00828   0.00192  -0.0097   0.8967   0.7427  32.2205 250.1624
  -2.266  -0.1441   0.00823   0.00190  -0.0097   0.8887   0.7499  33.4553 250.9523
  -2.181  -0.1335   0.00818   0.00189  -0.0097   0.8803   0.7560  34.6964 251.6311
  -2.095  -0.1230   0.00815   0.00187  -0.0097   0.8716   0.7617  35.9659 252.2639
  -2.010  -0.1129   0.00814   0.00184  -0.0096   0.8612   0.7670  37.4258 252.8633
  -1.925  -0.1030   0.00812   0.00183  -0.0094   0.8504   0.7715  38.8921 253.3721
  -1.839  -0.0934   0.00813   0.00180  -0.0092   0.8384   0.7760  40.4633 253.8930
  -1.754  -0.0841   0.00814   0.00178  -0.0089   0.8241   0.7798  42.2892 254.3299
  -1.668  -0.0751   0.00817   0.00176  -0.0086   0.8097   0.7838  44.0683 254.7839
  -1.583  -0.0663   0.00820   0.00174  -0.0082   0.7946   0.7873  45.8847 255.1931
  -1.498  -0.0577   0.00823   0.00173  -0.0079   0.7789   0.7908  47.7133 255.6008
  -1.412  -0.0490   0.00828   0.00170  -0.0075   0.7631   0.7944  49.5019 256.0236
  -1.327  -0.0405   0.00831   0.00170  -0.0071   0.7471   0.7974  51.2776 256.3831
  -1.241  -0.0318   0.00835   0.00168  -0.0068   0.7301   0.8007  53.1227 256.7750
  -1.156  -0.0232   0.00838   0.00166  -0.0065   0.7106   0.8036  55.1974 257.1288
  -1.070  -0.0147   0.00842   0.00165  -0.0061   0.6835   0.8063  58.0153 257.4524
  -0.985  -0.0066   0.00849   0.00160  -0.0057   0.6646   0.8091  59.9316 257.7934
  -0.899   0.0010   0.00860   0.00154  -0.0052   0.6617   0.8117  60.2255 258.1017
  -0.814   0.0092   0.00874   0.00152  -0.0048   0.6590   0.8139  60.5040 258.3797
  -0.729   0.0182   0.00890   0.00152  -0.0046   0.6561   0.8164  60.7916 258.6886
  -0.643   0.0278   0.00905   0.00154  -0.0046   0.6530   0.8191  61.1067 259.0148
  -0.558   0.0373   0.00917   0.00162  -0.0045   0.6497   0.8212  61.4442 259.2858
  -0.472   0.0470   0.00936   0.00171  -0.0045   0.6463   0.8236  61.7763 259.5822
  -0.387   0.0568   0.00953   0.00180  -0.0045   0.6432   0.8260  62.0891 259.8853
  -0.301   0.0659   0.00956   0.00187  -0.0044   0.6399   0.8280  62.4169 260.1407
  -0.216   0.0753   0.00963   0.00196  -0.0043   0.6365   0.8299  62.7583 260.3767
  -0.131   0.0848   0.00973   0.00204  -0.0043   0.6334   0.8318  63.0628 260.6207
  -0.045   0.0942   0.00974   0.00207  -0.0042   0.6303   0.8338  63.3682 260.8700
   0.040   0.1037   0.00979   0.00212  -0.0042   0.6272   0.8354  63.6698 261.0849
   0.126   0.1133   0.00987   0.00219  -0.0041   0.6245   0.8370  63.9361 261.2813
   0.211   0.1226   0.00987   0.00222  -0.0041   0.6217   0.8387  64.2141 261.5130
   0.296   0.1320   0.00988   0.00224  -0.0040   0.6187   0.8409  64.5069 261.7876
   0.382   0.1414   0.00991   0.00228  -0.0039   0.6160   0.8431  64.7760 262.0783
   0.467   0.1507   0.00996   0.00232  -0.0038   0.6136   0.8451  65.0065 262.3442
   0.553   0.1599   0.00993   0.00233  -0.0036   0.6105   0.8474  65.3145 262.6518
   0.638   0.1692   0.00993   0.00234  -0.0036   0.6075   0.8498  65.6031 262.9740
   0.724   0.1785   0.00995   0.00236  -0.0034   0.6050   0.8517  65.8526 263.2203
   0.809   0.1877   0.00995   0.00238  -0.0033   0.6024   0.8535  66.1076 263.4705
   0.894   0.1971   0.00993   0.00238  -0.0032   0.5991   0.8554  66.4302 263.7234
   0.980   0.2066   0.00993   0.00237  -0.0032   0.5961   0.8572  66.7153 263.9661
   1.065   0.2159   0.00993   0.00238  -0.0031   0.5937   0.8586  66.9559 264.1556
   1.151   0.2252   0.00991   0.00238  -0.0030   0.5902   0.8599  67.2890 264.3462
   1.236   0.2346   0.00989   0.00237  -0.0029   0.5869   0.8614  67.6119 264.5553
   1.322   0.2440   0.00989   0.00236  -0.0029   0.5841   0.8631  67.8851 264.7791
   1.407   0.2534   0.00988   0.00235  -0.0028   0.5808   0.8647  68.2063 265.0102
   1.492   0.2627   0.00986   0.00235  -0.0027   0.5770   0.8661  68.5689 265.2000
   1.578   0.2719   0.00985   0.00233  -0.0026   0.5738   0.8675  68.8780 265.4051
   1.663   0.2812   0.00983   0.00232  -0.0025   0.5700   0.8690  69.2417 265.6136
   1.749   0.2906   0.00982   0.00231  -0.0024   0.5659   0.8705  69.6374 265.8219
   1.834   0.3000   0.00981   0.00229  -0.0024   0.5626   0.8719  69.9607 266.0236
   1.920   0.3093   0.00979   0.00228  -0.0023   0.5578   0.8730  70.4131 266.1838
   2.005   0.3185   0.00978   0.00227  -0.0022   0.5537   0.8742  70.8156 266.3599
   2.091   0.3278   0.00978   0.00225  -0.0021   0.5492   0.8755  71.2445 266.5484
   2.176   0.3372   0.00977   0.00224  -0.0021   0.5442   0.8769  71.7223 266.7455
   2.261   0.3465   0.00976   0.00221  -0.0020   0.5394   0.8783  72.1826 266.9464
   2.347   0.3558   0.00976   0.00220  -0.0019   0.5337   0.8794  72.7233 267.1059
   2.432   0.3650   0.00975   0.00218  -0.0018   0.5282   0.8804  73.2486 267.2554
   2.518   0.3742   0.00975   0.00216  -0.0017   0.5223   0.8815  73.8208 267.4209
   2.603   0.3835   0.00975   0.00215  -0.0017   0.5158   0.8827  74.4366 267.5996
   2.688   0.3927   0.00976   0.00212  -0.0016   0.5094   0.8840  75.0438 267.7866
   2.774   0.4020   0.00976   0.00210  -0.0015   0.5018   0.8853  75.7748 267.9873
   2.859   0.4111   0.00977   0.00209  -0.0014   0.4938   0.8864  76.5358 268.1466
   2.945   0.4201   0.00979   0.00207  -0.0013   0.4852   0.8875  77.3563 268.3178
   3.030   0.4291   0.00981   0.00205  -0.0012   0.4757   0.8888  78.2683 268.5099
   3.116   0.4381   0.00984   0.00203  -0.0011   0.4652   0.8901  79.2719 268.7165
   3.201   0.4470   0.00987   0.00201  -0.0010   0.4534   0.8916  80.3944 268.9354
   3.286   0.4558   0.00992   0.00199  -0.0008   0.4405   0.8928  81.6371 269.1241
   3.457   0.4728   0.01006   0.00197  -0.0004   0.4104   0.8955  84.5411 269.5523
   3.543   0.4812   0.01015   0.00196  -0.0003   0.3937   0.8973  86.1635 269.8260
   3.628   0.4894   0.01027   0.00196  -0.0000   0.3766   0.8991  87.8386 270.1036
   3.714   0.4975   0.01039   0.00198   0.0002   0.3600   0.9007  89.4828 270.3691
   3.799   0.5056   0.01052   0.00200   0.0004   0.3452   0.9026  90.9574 270.6747
   3.970   0.5222   0.01079   0.00207   0.0008   0.3199   0.9063  93.5282 271.2676
   4.055   0.5305   0.01092   0.00212   0.0010   0.3090   0.9080  94.6426 271.5554
   4.141   0.5390   0.01104   0.00216   0.0011   0.2991   0.9099  95.6753 271.8670
   4.226   0.5476   0.01117   0.00221   0.0012   0.2898   0.9115  96.6466 272.1429
   4.312   0.5562   0.01129   0.00226   0.0013   0.2810   0.9130  97.5754 272.3865
   4.397   0.5649   0.01140   0.00230   0.0014   0.2728   0.9145  98.4492 272.6486
   4.568   0.5824   0.01164   0.00240   0.0015   0.2582   0.9176 100.0304 273.1837
   4.653   0.5914   0.01174   0.00244   0.0016   0.2511   0.9192 100.8117 273.4576
   4.739   0.6003   0.01185   0.00249   0.0016   0.2444   0.9210 101.5429 273.7795
   4.824   0.6091   0.01196   0.00254   0.0017   0.2383   0.9229 102.2298 274.1206
   4.910   0.6179   0.01208   0.00259   0.0017   0.2320   0.9249 102.9309 274.4744
   4.995   0.6270   0.01218   0.00264   0.0017   0.2256   0.9272 103.6636 274.8955
   5.080   0.6359   0.01229   0.00269   0.0018   0.2196   0.9294 104.3533 275.3075
   5.251   0.6541   0.01251   0.00278   0.0018   0.2079   0.9345 105.7138 276.2637
   5.337   0.6633   0.01262   0.00284   0.0017   0.2024   0.9372 106.3682 276.7975
   5.422   0.6725   0.01275   0.00289   0.0017   0.1972   0.9400 106.9810 277.3485
   5.508   0.6820   0.01284   0.00295   0.0016   0.1917   0.9430 107.6440 277.9566
   5.593   0.6916   0.01297   0.00300   0.0015   0.1867   0.9458 108.2562 278.5541
   5.678   0.7012   0.01309   0.00306   0.0013   0.1815   0.9490 108.8936 279.2319
   5.764   0.7112   0.01320   0.00312   0.0011   0.1760   0.9523 109.5855 279.9504
   5.849   0.7213   0.01333   0.00318   0.0009   0.1707   0.9554 110.2469 280.6692
   5.935   0.7314   0.01347   0.00323   0.0006   0.1655   0.9587 110.9200 281.4532
   6.020   0.7419   0.01358   0.00330   0.0002   0.1598   0.9621 111.6526 282.2715
   6.106   0.7524   0.01372   0.00336  -0.0001   0.1545   0.9655 112.3493 283.1613
   6.191   0.7629   0.01388   0.00342  -0.0005   0.1495   0.9691 113.0142 284.1044
   6.276   0.7738   0.01400   0.00349  -0.0010   0.1441   0.9725 113.7436 285.0785
   6.362   0.7847   0.01415   0.00357  -0.0014   0.1391   0.9760 114.4217 286.1353
   6.447   0.7954   0.01433   0.00365  -0.0019   0.1346   0.9796 115.0438 287.3176
   6.533   0.8065   0.01447   0.00373  -0.0024   0.1296   0.9832 115.7500 288.5845
   6.618   0.8174   0.01464   0.00382  -0.0029   0.1251   0.9870 116.4002 290.0657
   6.704   0.8282   0.01484   0.00391  -0.0034   0.1210   0.9908 116.9886 291.8214
   6.789   0.8394   0.01499   0.00400  -0.0039   0.1163   0.9944 117.6853 293.8457
   6.874   0.8504   0.01519   0.00411  -0.0045   0.1121   0.9984 118.3133 297.1155
   6.960   0.8589   0.01536   0.00418  -0.0045   0.1085   1.0000 118.8687 301.0000
   7.045   0.8660   0.01551   0.00426  -0.0042   0.1050   1.0000 119.4100 301.0000
   7.131   0.8729   0.01569   0.00434  -0.0038   0.1019   1.0000 119.8931 301.0000
   7.216   0.8803   0.01585   0.00443  -0.0036   0.0984   1.0000 120.4427 301.0000
   7.301   0.8874   0.01604   0.00452  -0.0033   0.0955   1.0000 120.9144 301.0000
   7.387   0.8949   0.01620   0.00461  -0.0031   0.0923   1.0000 121.4501 301.0000
   7.472   0.9021   0.01639   0.00470  -0.0028   0.0895   1.0000 121.8984 301.0000
   7.558   0.9096   0.01657   0.00481  -0.0026   0.0866   1.0000 122.3872 301.0000
   7.643   0.9169   0.01676   0.00491  -0.0023   0.0841   1.0000 122.8144 301.0000
   7.729   0.9240   0.01697   0.00503  -0.0021   0.0818   1.0000 123.2281 301.0000
   7.814   0.9316   0.01716   0.00514  -0.0018   0.0793   1.0000 123.6643 301.0000
   7.985   0.9459   0.01759   0.00539  -0.0013   0.0751   1.0000 124.4154 301.0000
   8.070   0.9532   0.01779   0.00551  -0.0011   0.0732   1.0000 124.7646 301.0000
   8.156   0.9597   0.01807   0.00565  -0.0007   0.0716   1.0000 125.0567 301.0000
   8.241   0.9673   0.01826   0.00579  -0.0005   0.0696   1.0000 125.4265 301.0000
   8.327   0.9744   0.01848   0.00591  -0.0002   0.0679   1.0000 125.7361 301.0000
   8.412   0.9806   0.01878   0.00606   0.0001   0.0666   1.0000 125.9843 301.0000
   8.498   0.9881   0.01899   0.00622   0.0004   0.0649   1.0000 126.3160 301.0000
   8.583   0.9952   0.01921   0.00637   0.0006   0.0634   1.0000 126.6147 301.0000
   8.668   1.0019   0.01947   0.00651   0.0009   0.0621   1.0000 126.8575 301.0000
   8.754   1.0082   0.01977   0.00668   0.0013   0.0610   1.0000 127.0903 301.0000
   8.839   1.0154   0.01999   0.00685   0.0016   0.0596   1.0000 127.3756 301.0000
   8.925   1.0223   0.02023   0.00700   0.0018   0.0583   1.0000 127.6250 301.0000
   9.010   1.0288   0.02050   0.00715   0.0021   0.0573   1.0000 127.8337 301.0000
   9.095   1.0345   0.02087   0.00734   0.0026   0.0564   1.0000 128.0172 301.0000
   9.181   1.0417   0.02109   0.00753   0.0028   0.0552   1.0000 128.2674 301.0000
   9.266   1.0485   0.02133   0.00770   0.0031   0.0541   1.0000 128.5082 301.0000
   9.352   1.0550   0.02159   0.00785   0.0034   0.0531   1.0000 128.7216 301.0000
   9.437   1.0610   0.02190   0.00800   0.0038   0.0522   1.0000 128.9054 301.0000
   9.523   1.0670   0.02222   0.00821   0.0041   0.0513   1.0000 129.1083 301.0000
   9.608   1.0739   0.02245   0.00840   0.0044   0.0501   1.0000 129.3550 301.0000
   9.694   1.0805   0.02269   0.00856   0.0047   0.0491   1.0000 129.5786 301.0000
   9.779   1.0867   0.02295   0.00871   0.0050   0.0483   1.0000 129.7692 301.0000
   9.864   1.0923   0.02329   0.00888   0.0054   0.0475   1.0000 129.9313 301.0000
   9.950   1.0981   0.02362   0.00910   0.0058   0.0467   1.0000 130.1092 301.0000
  10.035   1.1045   0.02387   0.00931   0.0061   0.0458   1.0000 130.3161 301.0000
  10.121   1.1106   0.02414   0.00950   0.0064   0.0450   1.0000 130.5048 301.0000
  10.206   1.1165   0.02442   0.00967   0.0068   0.0443   1.0000 130.6691 301.0000
  10.291   1.1222   0.02472   0.00984   0.0071   0.0437   1.0000 130.8121 301.0000
  10.377   1.1273   0.02510   0.01004   0.0075   0.0431   1.0000 130.9377 301.0000
  10.462   1.1324   0.02549   0.01029   0.0080   0.0426   1.0000 131.0744 301.0000
  10.548   1.1380   0.02579   0.01055   0.0084   0.0419   1.0000 131.2337 301.0000
  10.633   1.1433   0.02611   0.01079   0.0088   0.0413   1.0000 131.3868 301.0000
  10.719   1.1486   0.02643   0.01101   0.0092   0.0407   1.0000 131.5268 301.0000
  10.804   1.1537   0.02676   0.01122   0.0097   0.0402   1.0000 131.6520 301.0000
  10.889   1.1587   0.02710   0.01142   0.0101   0.0397   1.0000 131.7632 301.0000
  10.975   1.1635   0.02747   0.01163   0.0105   0.0393   1.0000 131.8637 301.0000
  11.060   1.1678   0.02792   0.01186   0.0110   0.0389   1.0000 131.9591 301.0000
  11.146   1.1716   0.02835   0.01215   0.0116   0.0385   1.0000 132.0585 301.0000
  11.231   1.1753   0.02870   0.01245   0.0123   0.0381   1.0000 132.1655 301.0000
  11.317   1.1789   0.02908   0.01275   0.0129   0.0376   1.0000 132.2758 301.0000
  11.402   1.1824   0.02947   0.01305   0.0135   0.0372   1.0000 132.3834 301.0000
  11.487   1.1860   0.02985   0.01333   0.0141   0.0368   1.0000 132.4859 301.0000
  11.573   1.1896   0.03024   0.01360   0.0147   0.0364   1.0000 132.5824 301.0000
  11.658   1.1933   0.03063   0.01386   0.0152   0.0361   1.0000 132.6724 301.0000
  11.744   1.1970   0.03103   0.01411   0.0157   0.0357   1.0000 132.7564 301.0000
  11.829   1.2009   0.03144   0.01436   0.0161   0.0354   1.0000 132.8356 301.0000
  11.915   1.2050   0.03190   0.01461   0.0165   0.0351   1.0000 132.9127 301.0000
  12.000   1.2096   0.03248   0.01491   0.0168   0.0348   1.0000 132.9949 301.0000
