  
       XFOIL         Version 6.99
  
 Calculated polar for: Repaneled_Airfoil                               
  
 1 1 Reynolds number fixed          Mach number fixed         
  
 xtrf =   1.000 (top)        1.000 (bottom)  
 Mach =   0.000     Re =     0.300 e 6     Ncrit =   9.000  9.000
  
   alpha    CL        CD       CDp       CM     Top_Xtr  Bot_Xtr  Top_Itr  Bot_Itr
  ------ -------- --------- --------- -------- -------- -------- -------- --------
  -5.000  -0.2702   0.00999   0.00255  -0.0342   0.9195   0.4775  28.4033 223.7294
  -4.915  -0.2605   0.00997   0.00255  -0.0342   0.9180   0.4822  28.6610 224.1795
  -4.829  -0.2507   0.00995   0.00255  -0.0342   0.9166   0.4868  28.8996 224.6170
  -4.744  -0.2412   0.00994   0.00255  -0.0341   0.9148   0.4916  29.2140 225.0830
  -4.658  -0.2319   0.00992   0.00256  -0.0340   0.9128   0.4958  29.5573 225.4817
  -4.573  -0.2222   0.00992   0.00255  -0.0339   0.9110   0.5008  29.8595 225.9631
  -4.487  -0.2130   0.00989   0.00256  -0.0338   0.9088   0.5046  30.2244 226.3223
  -4.402  -0.2037   0.00988   0.00255  -0.0336   0.9063   0.5090  30.6284 226.7468
  -4.317  -0.1942   0.00985   0.00253  -0.0335   0.9043   0.5132  30.9633 227.1458
  -4.231  -0.1852   0.00983   0.00254  -0.0333   0.9015   0.5169  31.4025 227.5045
  -4.146  -0.1758   0.00983   0.00252  -0.0331   0.8993   0.5215  31.7684 227.9381
  -4.060  -0.1665   0.00980   0.00253  -0.0330   0.8972   0.5251  32.0980 228.2865
  -3.975  -0.1574   0.00979   0.00253  -0.0328   0.8947   0.5295  32.4804 228.7053
  -3.889  -0.1480   0.00978   0.00253  -0.0327   0.8928   0.5341  32.7775 229.1456
  -3.804  -0.1386   0.00977   0.00254  -0.0325   0.8911   0.5387  33.0334 229.5934
  -3.719  -0.1295   0.00978   0.00256  -0.0324   0.8889   0.5440  33.3701 230.0968
  -3.633  -0.1202   0.00977   0.00259  -0.0322   0.8870   0.5488  33.6593 230.5654
  -3.548  -0.1108   0.00978   0.00259  -0.0321   0.8853   0.5543  33.9112 231.0946
  -3.462  -0.1017   0.00977   0.00262  -0.0319   0.8833   0.5588  34.2099 231.5231
  -3.377  -0.0924   0.00979   0.00262  -0.0318   0.8812   0.5639  34.5280 232.0142
  -3.292  -0.0831   0.00976   0.00264  -0.0316   0.8793   0.5672  34.8055 232.3387
  -3.206  -0.0736   0.00976   0.00263  -0.0315   0.8775   0.5709  35.0663 232.6969
  -3.121  -0.0642   0.00976   0.00262  -0.0314   0.8753   0.5745  35.3839 233.0364
  -3.035  -0.0548   0.00973   0.00262  -0.0313   0.8734   0.5768  35.6502 233.2628
  -2.950  -0.0452   0.00971   0.00261  -0.0313   0.8718   0.5794  35.8795 233.5199
  -2.864  -0.0357   0.00971   0.00260  -0.0312   0.8701   0.5824  36.1342 233.8110
  -2.779  -0.0262   0.00970   0.00259  -0.0311   0.8679   0.5852  36.4359 234.0812
  -2.693  -0.0168   0.00967   0.00258  -0.0310   0.8659   0.5876  36.7212 234.3099
  -2.608  -0.0072   0.00966   0.00256  -0.0309   0.8641   0.5904  36.9782 234.5862
  -2.523   0.0021   0.00966   0.00256  -0.0308   0.8616   0.5937  37.3220 234.9052
  -2.437   0.0114   0.00964   0.00254  -0.0307   0.8591   0.5963  37.6559 235.1547
  -2.352   0.0209   0.00962   0.00253  -0.0306   0.8570   0.5988  37.9491 235.4066
  -2.266   0.0302   0.00961   0.00252  -0.0304   0.8544   0.6018  38.3042 235.6990
  -2.181   0.0396   0.00961   0.00250  -0.0303   0.8518   0.6051  38.6495 236.0153
  -2.095   0.0490   0.00958   0.00248  -0.0302   0.8496   0.6073  38.9514 236.2370
  -2.010   0.0583   0.00956   0.00247  -0.0301   0.8466   0.6100  39.3378 236.5010
  -1.925   0.0676   0.00955   0.00244  -0.0299   0.8437   0.6132  39.7250 236.8094
  -1.839   0.0770   0.00953   0.00241  -0.0298   0.8409   0.6161  40.0886 237.0971
  -1.754   0.0861   0.00950   0.00240  -0.0296   0.8377   0.6188  40.5098 237.3609
  -1.668   0.0955   0.00948   0.00236  -0.0295   0.8349   0.6220  40.8728 237.6814
  -1.583   0.1048   0.00948   0.00234  -0.0293   0.8319   0.6255  41.2525 238.0254
  -1.498   0.1140   0.00944   0.00231  -0.0292   0.8289   0.6284  41.6310 238.3071
  -1.412   0.1235   0.00941   0.00227  -0.0291   0.8264   0.6318  41.9480 238.6527
  -1.327   0.1328   0.00940   0.00225  -0.0290   0.8235   0.6356  42.3084 239.0304
  -1.241   0.1421   0.00934   0.00221  -0.0289   0.8207   0.6392  42.6611 239.3864
  -1.156   0.1515   0.00931   0.00216  -0.0287   0.8181   0.6435  42.9785 239.8179
  -1.070   0.1607   0.00925   0.00213  -0.0286   0.8149   0.6473  43.3729 240.1953
  -0.985   0.1698   0.00916   0.00208  -0.0285   0.8118   0.6512  43.7501 240.5792
  -0.899   0.1791   0.00911   0.00204  -0.0283   0.8088   0.6554  44.1154 241.0073
  -0.814   0.1879   0.00902   0.00202  -0.0281   0.8053   0.6587  44.5468 241.3360
  -0.729   0.1969   0.00895   0.00198  -0.0279   0.8020   0.6623  44.9394 241.7006
  -0.643   0.2057   0.00888   0.00197  -0.0276   0.7982   0.6665  45.3927 242.1260
  -0.558   0.2147   0.00883   0.00195  -0.0274   0.7945   0.6726  45.8261 242.7384
  -0.472   0.2236   0.00878   0.00193  -0.0272   0.7907   0.6789  46.2749 243.3863
  -0.387   0.2324   0.00873   0.00192  -0.0269   0.7867   0.6862  46.7487 244.1370
  -0.301   0.2411   0.00867   0.00190  -0.0266   0.7826   0.6951  47.2174 245.0550
  -0.216   0.2496   0.00860   0.00189  -0.0263   0.7782   0.7056  47.7296 246.1522
  -0.131   0.2579   0.00853   0.00188  -0.0259   0.7738   0.7190  48.2283 247.5637
  -0.045   0.2659   0.00845   0.00189  -0.0254   0.7690   0.7373  48.7733 249.5348
   0.040   0.2734   0.00835   0.00192  -0.0248   0.7641   0.7642  49.3195 252.5068
   0.126   0.2808   0.00828   0.00195  -0.0240   0.7591   0.8000  49.8834 256.6623
   0.211   0.2885   0.00823   0.00199  -0.0233   0.7536   0.8349  50.4966 260.9779
   0.296   0.2969   0.00822   0.00201  -0.0227   0.7481   0.8625  51.1045 264.6633
   0.382   0.3058   0.00821   0.00204  -0.0223   0.7415   0.8846  51.8176 267.8444
   0.467   0.3154   0.00822   0.00205  -0.0221   0.7344   0.9023  52.5927 270.5896
   0.553   0.3254   0.00823   0.00205  -0.0219   0.7266   0.9169  53.4297 273.0304
   0.638   0.3360   0.00825   0.00204  -0.0219   0.7178   0.9287  54.3628 275.1565
   0.724   0.3470   0.00827   0.00203  -0.0220   0.7078   0.9388  55.4170 277.0988
   0.809   0.3583   0.00830   0.00201  -0.0222   0.6961   0.9473  56.6392 278.8457
   0.894   0.3701   0.00835   0.00198  -0.0224   0.6830   0.9544  57.9896 280.4277
   0.980   0.3820   0.00828   0.00195  -0.0228   0.6348   0.9615  62.8284 282.1013
   1.065   0.3908   0.00847   0.00173  -0.0224   0.5698   0.9673  69.1691 283.6061
   1.151   0.3996   0.00887   0.00176  -0.0224   0.5038   0.9727  75.4825 285.1278
   1.236   0.4106   0.00925   0.00184  -0.0228   0.4534   0.9771  80.3014 286.4780
   1.322   0.4233   0.00955   0.00192  -0.0236   0.4206   0.9809  83.4534 287.7413
   1.407   0.4369   0.00979   0.00199  -0.0246   0.3983   0.9844  85.6171 289.0052
   1.492   0.4514   0.00999   0.00206  -0.0258   0.3814   0.9873  87.2690 290.1966
   1.578   0.4661   0.01017   0.00213  -0.0270   0.3677   0.9901  88.6244 291.4693
   1.663   0.4808   0.01033   0.00218  -0.0282   0.3562   0.9928  89.7687 292.8839
   1.749   0.4959   0.01047   0.00223  -0.0295   0.3459   0.9952  90.7975 294.3914
   1.834   0.5111   0.01060   0.00228  -0.0308   0.3365   0.9976  91.7442 296.2645
   1.920   0.5265   0.01072   0.00232  -0.0322   0.3278   0.9997  92.6164 299.2667
   2.005   0.5354   0.01082   0.00235  -0.0321   0.3217   1.0000  93.2463 301.0000
   2.091   0.5429   0.01091   0.00238  -0.0318   0.3159   1.0000  93.8378 301.0000
   2.176   0.5506   0.01099   0.00241  -0.0315   0.3103   1.0000  94.4145 301.0000
   2.261   0.5581   0.01109   0.00244  -0.0311   0.3051   1.0000  94.9438 301.0000
   2.347   0.5658   0.01116   0.00246  -0.0308   0.2997   1.0000  95.5136 301.0000
   2.432   0.5732   0.01126   0.00249  -0.0304   0.2950   1.0000  96.0033 301.0000
   2.518   0.5809   0.01132   0.00252  -0.0301   0.2895   1.0000  96.5744 301.0000
   2.603   0.5883   0.01143   0.00255  -0.0298   0.2850   1.0000  97.0462 301.0000
   2.688   0.5961   0.01149   0.00258  -0.0294   0.2799   1.0000  97.5923 301.0000
   2.774   0.6034   0.01159   0.00260  -0.0291   0.2756   1.0000  98.0425 301.0000
   2.859   0.6112   0.01165   0.00263  -0.0287   0.2706   1.0000  98.5799 301.0000
   2.945   0.6185   0.01176   0.00266  -0.0284   0.2666   1.0000  99.0178 301.0000
   3.030   0.6263   0.01182   0.00269  -0.0280   0.2615   1.0000  99.5629 301.0000
   3.116   0.6335   0.01192   0.00272  -0.0276   0.2574   1.0000 100.0066 301.0000
   3.201   0.6414   0.01198   0.00275  -0.0273   0.2523   1.0000 100.5678 301.0000
   3.286   0.6486   0.01208   0.00277  -0.0269   0.2482   1.0000 101.0196 301.0000
   3.372   0.6565   0.01214   0.00280  -0.0266   0.2432   1.0000 101.5721 301.0000
   3.457   0.6637   0.01224   0.00282  -0.0262   0.2393   1.0000 102.0062 301.0000
   3.543   0.6716   0.01230   0.00286  -0.0259   0.2345   1.0000 102.5518 301.0000
   3.628   0.6788   0.01241   0.00288  -0.0255   0.2306   1.0000 102.9868 301.0000
   3.714   0.6867   0.01247   0.00292  -0.0252   0.2257   1.0000 103.5433 301.0000
   3.884   0.7018   0.01263   0.00297  -0.0245   0.2168   1.0000 104.5713 301.0000
   3.970   0.7091   0.01274   0.00299  -0.0241   0.2127   1.0000 105.0440 301.0000
   4.055   0.7168   0.01281   0.00303  -0.0238   0.2077   1.0000 105.6322 301.0000
   4.141   0.7242   0.01291   0.00305  -0.0234   0.2034   1.0000 106.1334 301.0000
   4.226   0.7319   0.01299   0.00309  -0.0231   0.1986   1.0000 106.7094 301.0000
   4.312   0.7394   0.01309   0.00312  -0.0227   0.1943   1.0000 107.2202 301.0000
   4.397   0.7469   0.01318   0.00315  -0.0224   0.1899   1.0000 107.7532 301.0000
   4.482   0.7543   0.01329   0.00319  -0.0220   0.1858   1.0000 108.2529 301.0000
   4.568   0.7618   0.01339   0.00323  -0.0217   0.1815   1.0000 108.7809 301.0000
   4.653   0.7693   0.01350   0.00328  -0.0213   0.1773   1.0000 109.3065 301.0000
   4.739   0.7768   0.01361   0.00332  -0.0210   0.1730   1.0000 109.8455 301.0000
   4.824   0.7843   0.01371   0.00336  -0.0207   0.1685   1.0000 110.4088 301.0000
   4.910   0.7916   0.01384   0.00340  -0.0203   0.1645   1.0000 110.9285 301.0000
   4.995   0.7994   0.01394   0.00345  -0.0200   0.1598   1.0000 111.5388 301.0000
   5.080   0.8066   0.01408   0.00349  -0.0196   0.1558   1.0000 112.0613 301.0000
   5.166   0.8144   0.01418   0.00355  -0.0193   0.1510   1.0000 112.6892 301.0000
   5.251   0.8219   0.01431   0.00360  -0.0190   0.1469   1.0000 113.2403 301.0000
   5.337   0.8294   0.01444   0.00365  -0.0187   0.1427   1.0000 113.8062 301.0000
   5.422   0.8370   0.01457   0.00371  -0.0184   0.1387   1.0000 114.3643 301.0000
   5.508   0.8444   0.01472   0.00377  -0.0181   0.1349   1.0000 114.8893 301.0000
   5.593   0.8521   0.01485   0.00384  -0.0178   0.1308   1.0000 115.4568 301.0000
   5.678   0.8593   0.01501   0.00391  -0.0174   0.1274   1.0000 115.9456 301.0000
   5.764   0.8671   0.01514   0.00399  -0.0171   0.1235   1.0000 116.5133 301.0000
   5.849   0.8742   0.01533   0.00406  -0.0168   0.1203   1.0000 116.9723 301.0000
   5.935   0.8820   0.01546   0.00414  -0.0165   0.1164   1.0000 117.5508 301.0000
   6.106   0.8969   0.01579   0.00431  -0.0159   0.1095   1.0000 118.5817 301.0000
   6.191   0.9040   0.01599   0.00439  -0.0156   0.1066   1.0000 119.0330 301.0000
   6.276   0.9118   0.01612   0.00448  -0.0153   0.1030   1.0000 119.5997 301.0000
   6.362   0.9188   0.01634   0.00457  -0.0150   0.1002   1.0000 120.0379 301.0000
   6.447   0.9266   0.01648   0.00466  -0.0147   0.0967   1.0000 120.6047 301.0000
   6.533   0.9335   0.01669   0.00475  -0.0144   0.0940   1.0000 121.0331 301.0000
   6.618   0.9414   0.01683   0.00485  -0.0141   0.0907   1.0000 121.5789 301.0000
   6.704   0.9483   0.01705   0.00494  -0.0138   0.0883   1.0000 121.9803 301.0000
   6.789   0.9560   0.01721   0.00505  -0.0135   0.0853   1.0000 122.4841 301.0000
   6.874   0.9631   0.01742   0.00514  -0.0132   0.0830   1.0000 122.8759 301.0000
   6.960   0.9703   0.01762   0.00527  -0.0129   0.0806   1.0000 123.2983 301.0000
   7.045   0.9776   0.01781   0.00538  -0.0126   0.0783   1.0000 123.7074 301.0000
   7.131   0.9841   0.01807   0.00550  -0.0122   0.0765   1.0000 124.0273 301.0000
   7.216   0.9918   0.01824   0.00563  -0.0119   0.0742   1.0000 124.4420 301.0000
   7.301   0.9989   0.01845   0.00574  -0.0116   0.0724   1.0000 124.7775 301.0000
   7.387   1.0053   0.01873   0.00588  -0.0112   0.0708   1.0000 125.0642 301.0000
   7.472   1.0127   0.01892   0.00602  -0.0109   0.0689   1.0000 125.4258 301.0000
   7.558   1.0196   0.01914   0.00615  -0.0106   0.0673   1.0000 125.7290 301.0000
   7.643   1.0257   0.01944   0.00629  -0.0101   0.0660   1.0000 125.9740 301.0000
   7.729   1.0329   0.01965   0.00645  -0.0098   0.0644   1.0000 126.2937 301.0000
   7.814   1.0398   0.01988   0.00660  -0.0095   0.0629   1.0000 126.5911 301.0000
   7.899   1.0464   0.02013   0.00673  -0.0091   0.0616   1.0000 126.8341 301.0000
   7.985   1.0523   0.02045   0.00690  -0.0087   0.0605   1.0000 127.0537 301.0000
   8.070   1.0595   0.02067   0.00707  -0.0083   0.0591   1.0000 127.3366 301.0000
   8.156   1.0662   0.02091   0.00723  -0.0080   0.0579   1.0000 127.5874 301.0000
   8.241   1.0726   0.02117   0.00737  -0.0076   0.0568   1.0000 127.7983 301.0000
   8.327   1.0781   0.02152   0.00754  -0.0071   0.0560   1.0000 127.9779 301.0000
   8.412   1.0849   0.02177   0.00774  -0.0068   0.0549   1.0000 128.2109 301.0000
   8.498   1.0915   0.02202   0.00791  -0.0064   0.0537   1.0000 128.4501 301.0000
   8.583   1.0979   0.02227   0.00806  -0.0060   0.0527   1.0000 128.6653 301.0000
   8.668   1.1039   0.02256   0.00821  -0.0056   0.0518   1.0000 128.8517 301.0000
   8.754   1.1092   0.02294   0.00840  -0.0052   0.0510   1.0000 129.0298 301.0000
   8.839   1.1159   0.02315   0.00860  -0.0048   0.0499   1.0000 129.2697 301.0000
   8.925   1.1222   0.02339   0.00877  -0.0044   0.0489   1.0000 129.4977 301.0000
   9.010   1.1283   0.02365   0.00892  -0.0040   0.0480   1.0000 129.6964 301.0000
   9.095   1.1340   0.02394   0.00907  -0.0036   0.0472   1.0000 129.8655 301.0000
   9.181   1.1390   0.02434   0.00927  -0.0031   0.0465   1.0000 130.0203 301.0000
   9.266   1.1452   0.02457   0.00949  -0.0027   0.0457   1.0000 130.2217 301.0000
   9.352   1.1511   0.02484   0.00968  -0.0023   0.0448   1.0000 130.4142 301.0000
   9.437   1.1567   0.02512   0.00986  -0.0018   0.0441   1.0000 130.5874 301.0000
   9.523   1.1621   0.02540   0.01003  -0.0014   0.0434   1.0000 130.7371 301.0000
   9.608   1.1672   0.02573   0.01020  -0.0009   0.0429   1.0000 130.8670 301.0000
   9.694   1.1716   0.02617   0.01041  -0.0004   0.0424   1.0000 130.9861 301.0000
   9.779   1.1763   0.02647   0.01066   0.0003   0.0418   1.0000 131.1273 301.0000
   9.864   1.1809   0.02678   0.01090   0.0009   0.0412   1.0000 131.2764 301.0000
   9.950   1.1854   0.02709   0.01113   0.0015   0.0406   1.0000 131.4175 301.0000
  10.035   1.1899   0.02742   0.01135   0.0021   0.0401   1.0000 131.5469 301.0000
  10.121   1.1942   0.02775   0.01155   0.0026   0.0396   1.0000 131.6634 301.0000
  10.206   1.1985   0.02809   0.01176   0.0032   0.0391   1.0000 131.7681 301.0000
  10.291   1.2028   0.02847   0.01196   0.0037   0.0388   1.0000 131.8645 301.0000
  10.377   1.2071   0.02894   0.01220   0.0042   0.0384   1.0000 131.9590 301.0000
  10.462   1.2110   0.02939   0.01251   0.0048   0.0380   1.0000 132.0575 301.0000
  10.548   1.2145   0.02977   0.01283   0.0055   0.0376   1.0000 132.1622 301.0000
  10.633   1.2181   0.03017   0.01314   0.0061   0.0371   1.0000 132.2712 301.0000
  10.719   1.2216   0.03057   0.01345   0.0067   0.0367   1.0000 132.3777 301.0000
  10.804   1.2252   0.03098   0.01375   0.0073   0.0363   1.0000 132.4791 301.0000
  10.889   1.2287   0.03139   0.01403   0.0078   0.0359   1.0000 132.5747 301.0000
  10.975   1.2324   0.03180   0.01431   0.0084   0.0356   1.0000 132.6642 301.0000
  11.060   1.2360   0.03221   0.01457   0.0088   0.0353   1.0000 132.7475 301.0000
  11.146   1.2398   0.03264   0.01482   0.0093   0.0350   1.0000 132.8262 301.0000
  11.231   1.2439   0.03310   0.01508   0.0097   0.0347   1.0000 132.9020 301.0000
  11.317   1.2483   0.03366   0.01538   0.0101   0.0344   1.0000 132.9812 301.0000
  11.402   1.2506   0.03421   0.01580   0.0107   0.0341   1.0000 133.0530 301.0000
  11.487   1.2523   0.03473   0.01624   0.0113   0.0338   1.0000 133.1267 301.0000
  11.573   1.2541   0.03528   0.01669   0.0119   0.0335   1.0000 133.2046 301.0000
  11.658   1.2560   0.03584   0.01714   0.0124   0.0332   1.0000 133.2833 301.0000
  11.744   1.2580   0.03641   0.01758   0.0129   0.0329   1.0000 133.3609 301.0000
  11.829   1.2598   0.03699   0.01803   0.0134   0.0327   1.0000 133.4361 301.0000
  11.915   1.2617   0.03757   0.01846   0.0139   0.0324   1.0000 133.5083 301.0000
  12.000   1.2636   0.03815   0.01890   0.0143   0.0321   1.0000 133.5769 301.0000
