  
       XFOIL         Version 6.99
  
 Calculated polar for: Repaneled_Airfoil                               
  
 1 1 Reynolds number fixed          Mach number fixed         
  
 xtrf =   1.000 (top)        1.000 (bottom)  
 Mach =   0.000     Re =     0.300 e 6     Ncrit =   9.000  9.000
  
   alpha    CL        CD       CDp       CM     Top_Xtr  Bot_Xtr  Top_Itr  Bot_Itr
  ------ -------- --------- --------- -------- -------- -------- -------- --------
  -5.000  -0.3273   0.01329   0.00464  -0.0574   0.9700   0.2511  17.5978 201.0782
  -4.915  -0.3141   0.01328   0.00466  -0.0582   0.9691   0.2556  17.8456 201.5684
  -4.829  -0.3018   0.01328   0.00466  -0.0587   0.9679   0.2603  18.1704 202.0807
  -4.744  -0.2904   0.01325   0.00468  -0.0591   0.9664   0.2641  18.5650 202.4926
  -4.658  -0.2769   0.01326   0.00467  -0.0599   0.9655   0.2689  18.8180 203.0214
  -4.573  -0.2634   0.01322   0.00469  -0.0607   0.9646   0.2728  19.0482 203.4330
  -4.487  -0.2530   0.01321   0.00468  -0.0609   0.9627   0.2769  19.5244 203.8764
  -4.402  -0.2397   0.01317   0.00468  -0.0617   0.9617   0.2806  19.7761 204.2680
  -4.317  -0.2254   0.01313   0.00467  -0.0626   0.9610   0.2846  19.9637 204.6939
  -4.231  -0.2153   0.01311   0.00464  -0.0627   0.9590   0.2880  20.4512 205.0529
  -4.146  -0.2022   0.01305   0.00463  -0.0635   0.9579   0.2911  20.7154 205.3762
  -4.060  -0.1878   0.01301   0.00460  -0.0644   0.9571   0.2950  20.9084 205.7835
  -3.975  -0.1769   0.01296   0.00458  -0.0647   0.9553   0.2981  21.3239 206.1134
  -3.889  -0.1643   0.01290   0.00456  -0.0653   0.9540   0.3012  21.6251 206.4390
  -3.804  -0.1502   0.01285   0.00452  -0.0662   0.9531   0.3050  21.8249 206.8359
  -3.719  -0.1355   0.01278   0.00449  -0.0673   0.9524   0.3084  21.9719 207.1869
  -3.633  -0.1259   0.01273   0.00447  -0.0673   0.9501   0.3112  22.4759 207.4752
  -3.548  -0.1122   0.01267   0.00442  -0.0681   0.9491   0.3148  22.7030 207.8478
  -3.462  -0.0977   0.01259   0.00438  -0.0691   0.9484   0.3181  22.8594 208.1834
  -3.377  -0.0829   0.01250   0.00434  -0.0702   0.9478   0.3216  22.9851 208.5407
  -3.292  -0.0736   0.01247   0.00430  -0.0701   0.9453   0.3248  23.5114 208.8678
  -3.206  -0.0598   0.01237   0.00426  -0.0709   0.9443   0.3280  23.7238 209.1918
  -3.121  -0.0458   0.01228   0.00420  -0.0718   0.9435   0.3313  23.8984 209.5328
  -3.035  -0.0351   0.01223   0.00415  -0.0720   0.9414   0.3346  24.3234 209.8698
  -2.950  -0.0230   0.01213   0.00410  -0.0724   0.9398   0.3376  24.6450 210.1642
  -2.864  -0.0095   0.01202   0.00403  -0.0732   0.9387   0.3406  24.8560 210.4691
  -2.779   0.0018   0.01194   0.00397  -0.0734   0.9368   0.3437  25.2391 210.7816
  -2.693   0.0131   0.01186   0.00390  -0.0737   0.9348   0.3465  25.6305 211.0671
  -2.608   0.0260   0.01172   0.00382  -0.0743   0.9336   0.3492  25.8679 211.3315
  -2.523   0.0363   0.01164   0.00376  -0.0744   0.9312   0.3518  26.3156 211.5998
  -2.437   0.0477   0.01155   0.00368  -0.0746   0.9292   0.3548  26.6913 211.8959
  -2.352   0.0603   0.01142   0.00359  -0.0752   0.9279   0.3574  26.9346 212.1576
  -2.266   0.0694   0.01133   0.00354  -0.0749   0.9248   0.3598  27.4903 212.3990
  -2.181   0.0811   0.01122   0.00345  -0.0752   0.9230   0.3629  27.8183 212.7020
  -2.010   0.1015   0.01101   0.00330  -0.0753   0.9179   0.3685  28.7133 213.2572
  -1.925   0.1133   0.01088   0.00320  -0.0756   0.9163   0.3716  28.9963 213.5604
  -1.839   0.1217   0.01081   0.00314  -0.0752   0.9126   0.3746  29.6334 213.8661
  -1.754   0.1330   0.01067   0.00304  -0.0754   0.9106   0.3777  29.9628 214.1674
  -1.668   0.1414   0.01058   0.00298  -0.0751   0.9068   0.3806  30.5969 214.4546
  -1.583   0.1524   0.01046   0.00288  -0.0752   0.9046   0.3843  30.9621 214.8204
  -1.498   0.1609   0.01037   0.00282  -0.0749   0.9005   0.3876  31.6172 215.1424
  -1.412   0.1714   0.01024   0.00272  -0.0749   0.8980   0.3914  32.0133 215.5129
  -1.327   0.1799   0.01015   0.00266  -0.0746   0.8935   0.3956  32.7110 215.9268
  -1.241   0.1892   0.01003   0.00258  -0.0744   0.8897   0.3998  33.3006 216.3309
  -1.156   0.1988   0.00992   0.00249  -0.0742   0.8858   0.4049  33.8806 216.8323
  -1.070   0.2075   0.00981   0.00242  -0.0739   0.8809   0.4101  34.6156 217.3311
  -0.985   0.2167   0.00970   0.00234  -0.0737   0.8762   0.4164  35.3018 217.9489
  -0.899   0.2262   0.00956   0.00225  -0.0736   0.8715   0.4233  35.9741 218.6163
  -0.814   0.2348   0.00944   0.00217  -0.0733   0.8653   0.4314  36.8455 219.3969
  -0.729   0.2436   0.00931   0.00209  -0.0730   0.8588   0.4415  37.7433 220.3658
  -0.643   0.2523   0.00916   0.00202  -0.0727   0.8518   0.4550  38.6933 221.6655
  -0.558   0.2609   0.00899   0.00194  -0.0724   0.8443   0.4750  39.6983 223.5832
  -0.387   0.2761   0.00850   0.00187  -0.0714   0.8271   0.5773  41.9171 233.3879
  -0.301   0.2830   0.00832   0.00192  -0.0707   0.8167   0.6494  43.2115 240.4727
  -0.216   0.2912   0.00826   0.00190  -0.0702   0.8048   0.6888  44.6535 244.4690
  -0.131   0.2999   0.00821   0.00186  -0.0697   0.7923   0.7115  46.1401 246.8348
  -0.045   0.3085   0.00818   0.00180  -0.0693   0.7782   0.7284  47.7873 248.6390
   0.040   0.3172   0.00816   0.00174  -0.0689   0.7637   0.7424  49.4287 250.1501
   0.126   0.3258   0.00815   0.00168  -0.0685   0.7492   0.7544  51.0373 251.4716
   0.211   0.3342   0.00817   0.00163  -0.0681   0.7361   0.7653  52.4717 252.6972
   0.296   0.3425   0.00820   0.00159  -0.0677   0.7240   0.7756  53.7779 253.8628
   0.382   0.3507   0.00824   0.00156  -0.0672   0.7133   0.7852  54.9127 254.9709
   0.467   0.3588   0.00828   0.00155  -0.0668   0.7036   0.7944  55.9290 256.0508
   0.553   0.3670   0.00832   0.00155  -0.0664   0.6948   0.8034  56.8412 257.1211
   0.638   0.3753   0.00836   0.00155  -0.0660   0.6870   0.8121  57.6521 258.1783
   0.724   0.3836   0.00840   0.00156  -0.0656   0.6801   0.8209  58.3554 259.2570
   0.894   0.4003   0.00847   0.00158  -0.0649   0.6682   0.8389  59.5726 261.5524
   0.980   0.4088   0.00851   0.00160  -0.0645   0.6631   0.8487  60.0805 262.8344
   1.065   0.4173   0.00853   0.00162  -0.0642   0.6581   0.8590  60.5883 264.2386
   1.151   0.4260   0.00858   0.00164  -0.0639   0.6539   0.8705  61.0117 265.8367
   1.236   0.4352   0.00860   0.00168  -0.0637   0.6490   0.8832  61.4998 267.6892
   1.322   0.4455   0.00865   0.00171  -0.0637   0.6448   0.8976  61.9178 269.8815
   1.407   0.4575   0.00868   0.00174  -0.0641   0.6400   0.9135  62.3956 272.4912
   1.492   0.4714   0.00874   0.00177  -0.0649   0.6354   0.9305  62.8564 275.5211
   1.578   0.4863   0.00879   0.00180  -0.0660   0.6307   0.9476  63.3239 278.9304
   1.663   0.5013   0.00884   0.00183  -0.0671   0.6261   0.9632  63.7770 282.5577
   1.749   0.5159   0.00890   0.00185  -0.0682   0.6218   0.9768  64.2025 286.3997
   1.834   0.5306   0.00894   0.00187  -0.0693   0.6171   0.9877  64.6620 290.3989
   1.920   0.5455   0.00901   0.00188  -0.0705   0.6130   0.9959  65.0616 294.9040
   2.005   0.5583   0.00905   0.00189  -0.0713   0.6084   1.0000  65.5135 301.0000
   2.091   0.5665   0.00910   0.00190  -0.0710   0.6049   1.0000  65.8584 301.0000
   2.176   0.5749   0.00915   0.00190  -0.0708   0.6010   1.0000  66.2314 301.0000
   2.261   0.5833   0.00919   0.00191  -0.0706   0.5970   1.0000  66.6301 301.0000
   2.347   0.5917   0.00926   0.00191  -0.0703   0.5934   1.0000  66.9736 301.0000
   2.432   0.6002   0.00929   0.00192  -0.0701   0.5891   1.0000  67.3887 301.0000
   2.518   0.6087   0.00934   0.00193  -0.0699   0.5853   1.0000  67.7622 301.0000
   2.603   0.6172   0.00940   0.00193  -0.0697   0.5817   1.0000  68.1064 301.0000
   2.688   0.6258   0.00943   0.00195  -0.0695   0.5775   1.0000  68.5115 301.0000
   2.774   0.6344   0.00949   0.00195  -0.0693   0.5738   1.0000  68.8689 301.0000
   2.859   0.6430   0.00953   0.00196  -0.0691   0.5697   1.0000  69.2713 301.0000
   2.945   0.6516   0.00957   0.00197  -0.0689   0.5653   1.0000  69.6949 301.0000
   3.030   0.6601   0.00963   0.00197  -0.0687   0.5612   1.0000  70.0875 301.0000
   3.116   0.6687   0.00967   0.00198  -0.0684   0.5564   1.0000  70.5511 301.0000
   3.201   0.6772   0.00973   0.00198  -0.0682   0.5523   1.0000  70.9417 301.0000
   3.286   0.6859   0.00976   0.00199  -0.0680   0.5474   1.0000  71.4134 301.0000
   3.372   0.6944   0.00981   0.00199  -0.0678   0.5426   1.0000  71.8676 301.0000
   3.457   0.7029   0.00985   0.00199  -0.0676   0.5373   1.0000  72.3774 301.0000
   3.543   0.7113   0.00991   0.00199  -0.0673   0.5320   1.0000  72.8898 301.0000
   3.628   0.7198   0.00995   0.00200  -0.0671   0.5259   1.0000  73.4675 301.0000
   3.714   0.7280   0.01001   0.00199  -0.0668   0.5200   1.0000  74.0324 301.0000
   3.799   0.7364   0.01004   0.00199  -0.0665   0.5130   1.0000  74.6999 301.0000
   3.884   0.7447   0.01009   0.00199  -0.0662   0.5063   1.0000  75.3444 301.0000
   4.055   0.7613   0.01020   0.00199  -0.0657   0.4916   1.0000  76.7488 301.0000
   4.141   0.7695   0.01026   0.00199  -0.0654   0.4829   1.0000  77.5783 301.0000
   4.226   0.7774   0.01032   0.00198  -0.0650   0.4725   1.0000  78.5688 301.0000
   4.312   0.7851   0.01040   0.00197  -0.0647   0.4596   1.0000  79.8019 301.0000
   4.397   0.7925   0.01050   0.00196  -0.0642   0.4439   1.0000  81.3119 301.0000
   4.482   0.7995   0.01062   0.00195  -0.0637   0.4238   1.0000  83.2395 301.0000
   4.568   0.8057   0.01080   0.00195  -0.0631   0.3956   1.0000  85.9825 301.0000
   4.653   0.8102   0.01111   0.00197  -0.0622   0.3502   1.0000  90.4685 301.0000
   4.739   0.8116   0.01172   0.00210  -0.0610   0.2752   1.0000  98.1974 301.0000
   4.824   0.8145   0.01231   0.00232  -0.0600   0.2299   1.0000 103.1786 301.0000
   4.910   0.8200   0.01267   0.00249  -0.0594   0.2116   1.0000 105.2953 301.0000
   4.995   0.8265   0.01295   0.00264  -0.0589   0.1999   1.0000 106.6761 301.0000
   5.080   0.8334   0.01319   0.00277  -0.0585   0.1910   1.0000 107.7483 301.0000
   5.166   0.8405   0.01341   0.00288  -0.0581   0.1834   1.0000 108.6816 301.0000
   5.251   0.8478   0.01362   0.00299  -0.0577   0.1765   1.0000 109.5353 301.0000
   5.337   0.8551   0.01381   0.00309  -0.0574   0.1702   1.0000 110.3218 301.0000
   5.422   0.8623   0.01401   0.00319  -0.0570   0.1645   1.0000 111.0519 301.0000
   5.508   0.8699   0.01418   0.00328  -0.0567   0.1587   1.0000 111.8106 301.0000
   5.593   0.8776   0.01435   0.00336  -0.0564   0.1532   1.0000 112.5316 301.0000
   5.678   0.8850   0.01453   0.00345  -0.0560   0.1483   1.0000 113.1866 301.0000
   5.764   0.8926   0.01469   0.00353  -0.0557   0.1434   1.0000 113.8467 301.0000
   5.849   0.9002   0.01485   0.00361  -0.0554   0.1387   1.0000 114.4986 301.0000
   5.935   0.9075   0.01504   0.00370  -0.0551   0.1346   1.0000 115.0561 301.0000
   6.020   0.9153   0.01518   0.00378  -0.0548   0.1301   1.0000 115.6929 301.0000
   6.106   0.9226   0.01536   0.00386  -0.0544   0.1263   1.0000 116.2358 301.0000
   6.191   0.9301   0.01553   0.00395  -0.0541   0.1225   1.0000 116.7850 301.0000
   6.276   0.9375   0.01571   0.00404  -0.0537   0.1190   1.0000 117.3113 301.0000
   6.362   0.9448   0.01588   0.00412  -0.0534   0.1155   1.0000 117.8271 301.0000
   6.447   0.9521   0.01606   0.00422  -0.0530   0.1121   1.0000 118.3410 301.0000
   6.533   0.9594   0.01624   0.00431  -0.0526   0.1089   1.0000 118.8277 301.0000
   6.618   0.9665   0.01642   0.00441  -0.0523   0.1057   1.0000 119.3121 301.0000
   6.704   0.9737   0.01660   0.00449  -0.0519   0.1027   1.0000 119.7901 301.0000
   6.789   0.9807   0.01680   0.00459  -0.0515   0.0997   1.0000 120.2535 301.0000
   6.874   0.9880   0.01697   0.00468  -0.0511   0.0967   1.0000 120.7443 301.0000
   6.960   0.9947   0.01718   0.00478  -0.0507   0.0940   1.0000 121.1780 301.0000
   7.045   1.0021   0.01733   0.00487  -0.0504   0.0910   1.0000 121.6677 301.0000
   7.131   1.0085   0.01756   0.00497  -0.0499   0.0888   1.0000 122.0460 301.0000
   7.216   1.0160   0.01771   0.00506  -0.0495   0.0859   1.0000 122.5319 301.0000
   7.301   1.0225   0.01793   0.00516  -0.0491   0.0837   1.0000 122.8996 301.0000
   7.387   1.0294   0.01812   0.00527  -0.0487   0.0814   1.0000 123.3127 301.0000
   7.472   1.0363   0.01831   0.00537  -0.0482   0.0791   1.0000 123.7059 301.0000
   7.643   1.0492   0.01874   0.00561  -0.0473   0.0753   1.0000 124.4014 301.0000
   7.729   1.0558   0.01894   0.00571  -0.0468   0.0734   1.0000 124.7323 301.0000
   7.814   1.0613   0.01922   0.00584  -0.0463   0.0720   1.0000 124.9872 301.0000
   7.899   1.0681   0.01941   0.00597  -0.0458   0.0702   1.0000 125.3318 301.0000
   7.985   1.0745   0.01962   0.00609  -0.0453   0.0686   1.0000 125.6354 301.0000
   8.070   1.0803   0.01988   0.00621  -0.0448   0.0673   1.0000 125.8806 301.0000
   8.156   1.0859   0.02015   0.00637  -0.0442   0.0659   1.0000 126.1350 301.0000
   8.241   1.0923   0.02036   0.00651  -0.0437   0.0644   1.0000 126.4369 301.0000
   8.327   1.0983   0.02059   0.00663  -0.0431   0.0631   1.0000 126.6921 301.0000
   8.412   1.1035   0.02086   0.00676  -0.0425   0.0620   1.0000 126.8988 301.0000
   8.498   1.1084   0.02114   0.00692  -0.0418   0.0610   1.0000 127.1130 301.0000
   8.583   1.1143   0.02136   0.00707  -0.0412   0.0597   1.0000 127.3703 301.0000
   8.668   1.1197   0.02159   0.00721  -0.0405   0.0586   1.0000 127.5970 301.0000
   8.754   1.1248   0.02185   0.00734  -0.0399   0.0576   1.0000 127.7893 301.0000
   8.839   1.1292   0.02218   0.00749  -0.0391   0.0568   1.0000 127.9526 301.0000
   8.925   1.1344   0.02246   0.00768  -0.0385   0.0558   1.0000 128.1537 301.0000
   9.010   1.1400   0.02270   0.00785  -0.0379   0.0548   1.0000 128.3752 301.0000
   9.095   1.1454   0.02296   0.00800  -0.0373   0.0538   1.0000 128.5796 301.0000
   9.181   1.1505   0.02322   0.00814  -0.0366   0.0530   1.0000 128.7613 301.0000
   9.266   1.1551   0.02355   0.00829  -0.0360   0.0522   1.0000 128.9215 301.0000
   9.352   1.1600   0.02387   0.00849  -0.0353   0.0513   1.0000 129.1083 301.0000
   9.437   1.1657   0.02411   0.00867  -0.0348   0.0503   1.0000 129.3340 301.0000
   9.523   1.1710   0.02436   0.00883  -0.0342   0.0494   1.0000 129.5422 301.0000
   9.608   1.1762   0.02462   0.00897  -0.0336   0.0485   1.0000 129.7235 301.0000
   9.694   1.1810   0.02493   0.00912  -0.0330   0.0478   1.0000 129.8783 301.0000
   9.779   1.1854   0.02532   0.00932  -0.0324   0.0472   1.0000 130.0272 301.0000
   9.864   1.1908   0.02557   0.00953  -0.0318   0.0463   1.0000 130.2201 301.0000
   9.950   1.1960   0.02584   0.00972  -0.0313   0.0455   1.0000 130.4073 301.0000
  10.035   1.2010   0.02613   0.00990  -0.0307   0.0448   1.0000 130.5760 301.0000
  10.121   1.2059   0.02642   0.01006  -0.0301   0.0441   1.0000 130.7235 301.0000
  10.206   1.2106   0.02675   0.01023  -0.0296   0.0436   1.0000 130.8525 301.0000
  10.291   1.2151   0.02717   0.01043  -0.0290   0.0431   1.0000 130.9723 301.0000
  10.377   1.2199   0.02752   0.01068  -0.0284   0.0425   1.0000 131.1144 301.0000
  10.462   1.2247   0.02784   0.01093  -0.0278   0.0418   1.0000 131.2675 301.0000
  10.548   1.2294   0.02817   0.01117  -0.0272   0.0412   1.0000 131.4139 301.0000
  10.633   1.2341   0.02850   0.01138  -0.0267   0.0407   1.0000 131.5486 301.0000
  10.719   1.2388   0.02884   0.01159  -0.0261   0.0402   1.0000 131.6694 301.0000
  10.804   1.2435   0.02919   0.01179  -0.0256   0.0397   1.0000 131.7778 301.0000
  10.889   1.2482   0.02957   0.01199  -0.0251   0.0393   1.0000 131.8770 301.0000
  10.975   1.2533   0.03005   0.01221  -0.0247   0.0389   1.0000 131.9781 301.0000
  11.060   1.2577   0.03046   0.01251  -0.0241   0.0385   1.0000 132.0829 301.0000
  11.146   1.2618   0.03085   0.01282  -0.0234   0.0380   1.0000 132.1955 301.0000
  11.231   1.2660   0.03125   0.01313  -0.0229   0.0376   1.0000 132.3111 301.0000
  11.317   1.2702   0.03165   0.01342  -0.0223   0.0371   1.0000 132.4227 301.0000
  11.402   1.2745   0.03205   0.01369  -0.0217   0.0367   1.0000 132.5281 301.0000
  11.487   1.2787   0.03245   0.01395  -0.0212   0.0363   1.0000 132.6258 301.0000
  11.573   1.2831   0.03284   0.01420  -0.0207   0.0360   1.0000 132.7174 301.0000
  11.658   1.2876   0.03324   0.01443  -0.0202   0.0356   1.0000 132.8027 301.0000
  11.744   1.2924   0.03366   0.01465  -0.0198   0.0353   1.0000 132.8845 301.0000
  11.829   1.2983   0.03414   0.01487  -0.0195   0.0350   1.0000 132.9706 301.0000
  11.915   1.3022   0.03466   0.01524  -0.0190   0.0347   1.0000 133.0530 301.0000
  12.000   1.3049   0.03516   0.01566  -0.0183   0.0343   1.0000 133.1361 301.0000
