  
       XFOIL         Version 6.99
  
 Calculated polar for: Repaneled_Airfoil                               
  
 1 1 Reynolds number fixed          Mach number fixed         
  
 xtrf =   1.000 (top)        1.000 (bottom)  
 Mach =   0.000     Re =     0.300 e 6     Ncrit =   9.000  9.000
  
   alpha    CL        CD       CDp       CM     Top_Xtr  Bot_Xtr  Top_Itr  Bot_Itr
  ------ -------- --------- --------- -------- -------- -------- -------- --------
  -5.000  -0.2228   0.01283   0.00335  -0.0770   0.8544   0.1254  38.3736 185.5391
  -4.915  -0.2135   0.01274   0.00330  -0.0769   0.8534   0.1300  38.5026 186.1986
  -4.829  -0.2042   0.01267   0.00326  -0.0769   0.8526   0.1348  38.6203 186.8882
  -4.744  -0.1950   0.01257   0.00323  -0.0769   0.8518   0.1393  38.7267 187.5023
  -4.658  -0.1856   0.01249   0.00318  -0.0769   0.8511   0.1442  38.8243 188.1798
  -4.573  -0.1763   0.01242   0.00314  -0.0768   0.8504   0.1492  38.9116 188.8487
  -4.487  -0.1670   0.01233   0.00311  -0.0768   0.8498   0.1538  38.9886 189.4659
  -4.402  -0.1575   0.01227   0.00308  -0.0768   0.8492   0.1590  39.0718 190.1505
  -4.317  -0.1480   0.01220   0.00306  -0.0769   0.8486   0.1642  39.1523 190.8240
  -4.231  -0.1386   0.01213   0.00304  -0.0769   0.8480   0.1692  39.2313 191.4576
  -4.146  -0.1291   0.01207   0.00302  -0.0769   0.8474   0.1747  39.3113 192.1580
  -4.060  -0.1196   0.01202   0.00300  -0.0769   0.8468   0.1803  39.3904 192.8626
  -3.975  -0.1102   0.01195   0.00299  -0.0769   0.8462   0.1856  39.4650 193.5134
  -3.889  -0.1007   0.01190   0.00297  -0.0770   0.8457   0.1913  39.5402 194.2138
  -3.804  -0.0911   0.01186   0.00295  -0.0770   0.8451   0.1972  39.6156 194.9295
  -3.719  -0.0817   0.01179   0.00294  -0.0770   0.8445   0.2025  39.6897 195.5592
  -3.633  -0.0722   0.01174   0.00292  -0.0770   0.8440   0.2082  39.7622 196.2272
  -3.548  -0.0627   0.01169   0.00289  -0.0770   0.8434   0.2139  39.8357 196.9028
  -3.462  -0.0533   0.01162   0.00287  -0.0770   0.8429   0.2191  39.9114 197.4954
  -3.377  -0.0437   0.01157   0.00284  -0.0770   0.8423   0.2248  39.9860 198.1576
  -3.292  -0.0343   0.01152   0.00283  -0.0770   0.8416   0.2307  40.0764 198.8271
  -3.206  -0.0249   0.01146   0.00283  -0.0770   0.8408   0.2364  40.1754 199.4713
  -3.121  -0.0154   0.01141   0.00281  -0.0770   0.8400   0.2427  40.2834 200.1747
  -3.035  -0.0060   0.01136   0.00280  -0.0770   0.8391   0.2492  40.4018 200.8968
  -2.950   0.0033   0.01129   0.00279  -0.0770   0.8381   0.2554  40.5245 201.5846
  -2.864   0.0127   0.01123   0.00277  -0.0769   0.8372   0.2621  40.6457 202.3078
  -2.779   0.0221   0.01118   0.00274  -0.0769   0.8363   0.2691  40.7654 203.0675
  -2.693   0.0315   0.01111   0.00271  -0.0769   0.8354   0.2761  40.8840 203.8173
  -2.523   0.0500   0.01099   0.00268  -0.0768   0.8333   0.2913  41.1529 205.4291
  -2.437   0.0593   0.01092   0.00267  -0.0767   0.8320   0.2999  41.3116 206.3249
  -2.352   0.0685   0.01086   0.00265  -0.0767   0.8308   0.3092  41.4665 207.2918
  -2.266   0.0777   0.01079   0.00264  -0.0766   0.8297   0.3193  41.6112 208.3369
  -2.181   0.0870   0.01071   0.00262  -0.0765   0.8287   0.3304  41.7406 209.4666
  -2.095   0.0962   0.01064   0.00260  -0.0765   0.8277   0.3429  41.8606 210.7266
  -2.010   0.1055   0.01056   0.00259  -0.0764   0.8268   0.3568  41.9733 212.1211
  -1.925   0.1146   0.01049   0.00259  -0.0763   0.8258   0.3723  42.1077 213.6613
  -1.839   0.1236   0.01041   0.00261  -0.0763   0.8246   0.3894  42.2507 215.3440
  -1.754   0.1326   0.01034   0.00262  -0.0762   0.8235   0.4083  42.3906 217.1805
  -1.668   0.1417   0.01026   0.00263  -0.0761   0.8224   0.4282  42.5303 219.1085
  -1.583   0.1507   0.01019   0.00263  -0.0759   0.8212   0.4486  42.6717 221.0769
  -1.498   0.1597   0.01012   0.00264  -0.0758   0.8201   0.4692  42.8117 223.0525
  -1.327   0.1778   0.01001   0.00267  -0.0755   0.8178   0.5090  43.1044 226.8546
  -1.241   0.1868   0.00999   0.00270  -0.0754   0.8163   0.5271  43.2851 228.5801
  -1.156   0.1960   0.00997   0.00273  -0.0753   0.8149   0.5437  43.4598 230.1751
  -1.070   0.2053   0.00996   0.00275  -0.0752   0.8135   0.5586  43.6245 231.6053
  -0.985   0.2147   0.00997   0.00275  -0.0751   0.8123   0.5720  43.7784 232.8938
  -0.899   0.2243   0.00997   0.00275  -0.0750   0.8111   0.5837  43.9186 234.0204
  -0.814   0.2338   0.00999   0.00276  -0.0749   0.8099   0.5940  44.0700 235.0233
  -0.729   0.2432   0.01000   0.00277  -0.0749   0.8084   0.6034  44.2564 235.9388
  -0.643   0.2526   0.01001   0.00277  -0.0748   0.8068   0.6122  44.4396 236.7971
  -0.558   0.2620   0.01000   0.00275  -0.0747   0.8054   0.6205  44.6189 237.6123
  -0.472   0.2716   0.00998   0.00271  -0.0746   0.8039   0.6286  44.7926 238.4162
  -0.387   0.2812   0.00996   0.00265  -0.0746   0.8026   0.6370  44.9568 239.2519
  -0.301   0.2904   0.00992   0.00259  -0.0745   0.8007   0.6455  45.1744 240.0917
  -0.216   0.2990   0.00970   0.00253  -0.0743   0.7988   0.6528  45.4081 240.8209
  -0.131   0.3070   0.00950   0.00253  -0.0739   0.7969   0.6597  45.6299 241.5156
  -0.045   0.3137   0.00927   0.00256  -0.0731   0.7952   0.6789  45.8313 243.4694
   0.040   0.3199   0.00903   0.00259  -0.0721   0.7937   0.7740  46.0111 253.6896
   0.126   0.3281   0.00889   0.00267  -0.0714   0.7915   0.8456  46.2680 262.4317
   0.211   0.3451   0.00884   0.00273  -0.0726   0.7895   0.9055  46.5062 271.1542
   0.296   0.3628   0.00884   0.00273  -0.0741   0.7876   0.9360  46.7203 276.5729
   0.382   0.3785   0.00884   0.00271  -0.0752   0.7860   0.9538  46.9164 280.3224
   0.467   0.3934   0.00886   0.00271  -0.0763   0.7839   0.9663  47.1523 283.3646
   0.553   0.4084   0.00887   0.00272  -0.0774   0.7816   0.9762  47.4255 286.1971
   0.638   0.4243   0.00888   0.00270  -0.0787   0.7793   0.9841  47.6843 288.9241
   0.724   0.4413   0.00887   0.00266  -0.0802   0.7773   0.9901  47.9219 291.5031
   0.809   0.4586   0.00887   0.00264  -0.0818   0.7747   0.9954  48.2194 294.5397
   0.894   0.4764   0.00886   0.00262  -0.0835   0.7718   0.9999  48.5397 300.1727
   0.980   0.4855   0.00887   0.00258  -0.0834   0.7694   1.0000  48.8126 301.0000
   1.065   0.4944   0.00888   0.00255  -0.0831   0.7672   1.0000  49.0704 301.0000
   1.151   0.5028   0.00890   0.00255  -0.0829   0.7642   1.0000  49.4040 301.0000
   1.236   0.5116   0.00891   0.00253  -0.0827   0.7616   1.0000  49.6958 301.0000
   1.322   0.5206   0.00892   0.00250  -0.0825   0.7594   1.0000  49.9478 301.0000
   1.407   0.5291   0.00894   0.00250  -0.0822   0.7564   1.0000  50.2798 301.0000
   1.492   0.5377   0.00895   0.00249  -0.0820   0.7534   1.0000  50.6087 301.0000
   1.578   0.5467   0.00897   0.00246  -0.0818   0.7508   1.0000  50.8926 301.0000
   1.663   0.5553   0.00899   0.00245  -0.0815   0.7478   1.0000  51.2303 301.0000
   1.749   0.5639   0.00901   0.00244  -0.0812   0.7445   1.0000  51.5938 301.0000
   1.834   0.5728   0.00903   0.00240  -0.0810   0.7416   1.0000  51.9019 301.0000
   1.920   0.5813   0.00905   0.00240  -0.0807   0.7382   1.0000  52.2749 301.0000
   2.005   0.5899   0.00907   0.00239  -0.0805   0.7347   1.0000  52.6523 301.0000
   2.091   0.5990   0.00910   0.00236  -0.0803   0.7319   1.0000  52.9601 301.0000
   2.176   0.6073   0.00912   0.00237  -0.0799   0.7280   1.0000  53.3723 301.0000
   2.261   0.6160   0.00915   0.00235  -0.0797   0.7246   1.0000  53.7386 301.0000
   2.347   0.6250   0.00918   0.00233  -0.0795   0.7216   1.0000  54.0630 301.0000
   2.432   0.6333   0.00921   0.00234  -0.0792   0.7175   1.0000  54.5000 301.0000
   2.518   0.6422   0.00925   0.00232  -0.0789   0.7141   1.0000  54.8563 301.0000
   2.603   0.6508   0.00928   0.00232  -0.0787   0.7103   1.0000  55.2589 301.0000
   2.688   0.6593   0.00932   0.00232  -0.0784   0.7062   1.0000  55.6836 301.0000
   2.774   0.6684   0.00938   0.00230  -0.0782   0.7028   1.0000  56.0405 301.0000
   2.859   0.6765   0.00941   0.00232  -0.0778   0.6981   1.0000  56.5370 301.0000
   2.945   0.6855   0.00947   0.00230  -0.0776   0.6944   1.0000  56.9224 301.0000
   3.030   0.6938   0.00952   0.00232  -0.0773   0.6898   1.0000  57.3929 301.0000
   3.116   0.7026   0.00959   0.00232  -0.0770   0.6858   1.0000  57.8098 301.0000
   3.201   0.7107   0.00965   0.00233  -0.0767   0.6808   1.0000  58.3173 301.0000
   3.286   0.7187   0.00969   0.00233  -0.0763   0.6753   1.0000  58.8813 301.0000
   3.457   0.7327   0.00931   0.00218  -0.0752   0.6370   1.0000  62.7300 301.0000
   3.543   0.7410   0.00922   0.00202  -0.0748   0.6290   1.0000  63.5277 301.0000
   3.628   0.7489   0.00914   0.00186  -0.0743   0.6199   1.0000  64.4241 301.0000
   3.714   0.7564   0.00912   0.00175  -0.0737   0.6095   1.0000  65.4415 301.0000
   3.799   0.7636   0.00916   0.00169  -0.0731   0.5986   1.0000  66.5009 301.0000
   3.884   0.7708   0.00925   0.00168  -0.0726   0.5880   1.0000  67.5384 301.0000
   3.970   0.7782   0.00936   0.00169  -0.0721   0.5779   1.0000  68.5145 301.0000
   4.055   0.7856   0.00947   0.00171  -0.0716   0.5686   1.0000  69.4108 301.0000
   4.141   0.7931   0.00958   0.00173  -0.0712   0.5600   1.0000  70.2411 301.0000
   4.226   0.8006   0.00970   0.00176  -0.0707   0.5519   1.0000  71.0166 301.0000
   4.312   0.8084   0.00980   0.00179  -0.0703   0.5439   1.0000  71.7886 301.0000
   4.397   0.8161   0.00990   0.00182  -0.0699   0.5364   1.0000  72.5038 301.0000
   4.482   0.8238   0.01000   0.00184  -0.0696   0.5294   1.0000  73.1739 301.0000
   4.568   0.8316   0.01010   0.00187  -0.0692   0.5222   1.0000  73.8635 301.0000
   4.653   0.8394   0.01019   0.00190  -0.0688   0.5149   1.0000  74.5548 301.0000
   4.739   0.8472   0.01030   0.00193  -0.0684   0.5083   1.0000  75.1894 301.0000
   4.824   0.8550   0.01040   0.00196  -0.0680   0.5015   1.0000  75.8377 301.0000
   4.910   0.8629   0.01049   0.00199  -0.0677   0.4947   1.0000  76.4901 301.0000
   4.995   0.8706   0.01059   0.00201  -0.0673   0.4882   1.0000  77.1061 301.0000
   5.080   0.8784   0.01068   0.00204  -0.0670   0.4813   1.0000  77.7653 301.0000
   5.166   0.8863   0.01078   0.00207  -0.0666   0.4746   1.0000  78.4038 301.0000
   5.251   0.8939   0.01089   0.00209  -0.0662   0.4683   1.0000  79.0116 301.0000
   5.337   0.9018   0.01098   0.00212  -0.0659   0.4612   1.0000  79.6932 301.0000
   5.422   0.9095   0.01108   0.00215  -0.0655   0.4543   1.0000  80.3511 301.0000
   5.593   0.9248   0.01128   0.00220  -0.0647   0.4404   1.0000  81.6894 301.0000
   5.678   0.9325   0.01139   0.00223  -0.0643   0.4335   1.0000  82.3462 301.0000
   5.849   0.9478   0.01160   0.00229  -0.0636   0.4199   1.0000  83.6634 301.0000
   5.935   0.9554   0.01171   0.00232  -0.0632   0.4130   1.0000  84.3272 301.0000
   6.020   0.9627   0.01183   0.00235  -0.0628   0.4060   1.0000  85.0133 301.0000
   6.106   0.9703   0.01194   0.00238  -0.0624   0.3980   1.0000  85.7919 301.0000
   6.191   0.9777   0.01206   0.00242  -0.0620   0.3899   1.0000  86.5820 301.0000
   6.276   0.9849   0.01219   0.00245  -0.0615   0.3817   1.0000  87.3903 301.0000
   6.362   0.9920   0.01233   0.00249  -0.0611   0.3731   1.0000  88.2314 301.0000
   6.447   0.9991   0.01247   0.00252  -0.0606   0.3641   1.0000  89.1215 301.0000
   6.533   1.0060   0.01261   0.00256  -0.0602   0.3549   1.0000  90.0348 301.0000
   6.704   1.0199   0.01291   0.00265  -0.0592   0.3353   1.0000  92.0038 301.0000
   6.789   1.0267   0.01307   0.00269  -0.0587   0.3248   1.0000  93.0702 301.0000
   6.874   1.0335   0.01323   0.00274  -0.0582   0.3135   1.0000  94.2354 301.0000
   6.960   1.0400   0.01340   0.00279  -0.0577   0.3008   1.0000  95.5422 301.0000
   7.045   1.0460   0.01361   0.00285  -0.0571   0.2875   1.0000  96.9334 301.0000
   7.131   1.0519   0.01383   0.00292  -0.0565   0.2721   1.0000  98.5811 301.0000
   7.216   1.0573   0.01409   0.00300  -0.0558   0.2555   1.0000 100.3775 301.0000
   7.301   1.0621   0.01438   0.00309  -0.0551   0.2368   1.0000 102.4485 301.0000
   7.387   1.0664   0.01472   0.00321  -0.0543   0.2165   1.0000 104.7629 301.0000
   7.472   1.0705   0.01508   0.00335  -0.0535   0.1960   1.0000 107.1847 301.0000
   7.558   1.0743   0.01546   0.00350  -0.0526   0.1772   1.0000 109.4869 301.0000
   7.643   1.0783   0.01584   0.00366  -0.0518   0.1611   1.0000 111.5355 301.0000
   7.729   1.0824   0.01620   0.00383  -0.0510   0.1476   1.0000 113.3316 301.0000
   7.814   1.0868   0.01655   0.00400  -0.0502   0.1364   1.0000 114.8540 301.0000
   7.899   1.0914   0.01688   0.00415  -0.0495   0.1269   1.0000 116.1984 301.0000
   7.985   1.0962   0.01719   0.00431  -0.0488   0.1190   1.0000 117.3512 301.0000
   8.070   1.1011   0.01749   0.00446  -0.0481   0.1121   1.0000 118.3860 301.0000
   8.156   1.1060   0.01778   0.00461  -0.0474   0.1062   1.0000 119.2867 301.0000
   8.241   1.1107   0.01808   0.00476  -0.0466   0.1013   1.0000 120.0567 301.0000
   8.327   1.1158   0.01835   0.00490  -0.0460   0.0965   1.0000 120.8202 301.0000
   8.412   1.1207   0.01862   0.00504  -0.0452   0.0924   1.0000 121.4927 301.0000
   8.498   1.1246   0.01892   0.00519  -0.0444   0.0892   1.0000 122.0221 301.0000
   8.583   1.1295   0.01916   0.00532  -0.0436   0.0857   1.0000 122.6118 301.0000
   8.668   1.1331   0.01947   0.00548  -0.0427   0.0832   1.0000 123.0422 301.0000
   8.754   1.1381   0.01971   0.00562  -0.0420   0.0802   1.0000 123.5703 301.0000
   8.839   1.1417   0.02003   0.00578  -0.0411   0.0780   1.0000 123.9515 301.0000
   8.925   1.1465   0.02029   0.00593  -0.0404   0.0755   1.0000 124.4029 301.0000
   9.010   1.1508   0.02058   0.00609  -0.0397   0.0734   1.0000 124.7812 301.0000
   9.095   1.1544   0.02091   0.00627  -0.0388   0.0717   1.0000 125.1011 301.0000
   9.181   1.1592   0.02118   0.00643  -0.0382   0.0696   1.0000 125.4872 301.0000
   9.266   1.1633   0.02149   0.00660  -0.0374   0.0680   1.0000 125.7949 301.0000
   9.352   1.1663   0.02187   0.00681  -0.0366   0.0666   1.0000 126.0525 301.0000
   9.437   1.1713   0.02214   0.00698  -0.0359   0.0648   1.0000 126.3972 301.0000
   9.523   1.1756   0.02245   0.00716  -0.0352   0.0634   1.0000 126.6834 301.0000
   9.608   1.1789   0.02282   0.00737  -0.0345   0.0622   1.0000 126.9098 301.0000
   9.694   1.1827   0.02318   0.00758  -0.0337   0.0610   1.0000 127.1580 301.0000
   9.779   1.1873   0.02348   0.00777  -0.0331   0.0596   1.0000 127.4403 301.0000
   9.864   1.1915   0.02381   0.00797  -0.0325   0.0584   1.0000 127.6870 301.0000
   9.950   1.1949   0.02419   0.00818  -0.0318   0.0573   1.0000 127.8914 301.0000
  10.035   1.1982   0.02460   0.00842  -0.0311   0.0563   1.0000 128.1048 301.0000
  10.121   1.2030   0.02490   0.00862  -0.0305   0.0550   1.0000 128.3740 301.0000
  10.206   1.2073   0.02524   0.00883  -0.0299   0.0539   1.0000 128.6117 301.0000
  10.291   1.2110   0.02561   0.00905  -0.0293   0.0529   1.0000 128.8128 301.0000
  10.377   1.2134   0.02610   0.00932  -0.0286   0.0522   1.0000 128.9804 301.0000
  10.462   1.2182   0.02642   0.00954  -0.0281   0.0511   1.0000 129.2174 301.0000
  10.548   1.2226   0.02675   0.00976  -0.0276   0.0500   1.0000 129.4494 301.0000
  10.633   1.2267   0.02712   0.00999  -0.0270   0.0491   1.0000 129.6499 301.0000
  10.719   1.2303   0.02753   0.01023  -0.0265   0.0483   1.0000 129.8183 301.0000
  10.804   1.2328   0.02803   0.01052  -0.0258   0.0477   1.0000 129.9610 301.0000
  10.889   1.2367   0.02843   0.01079  -0.0253   0.0469   1.0000 130.1393 301.0000
  10.975   1.2410   0.02880   0.01104  -0.0248   0.0461   1.0000 130.3330 301.0000
  11.060   1.2450   0.02920   0.01131  -0.0243   0.0453   1.0000 130.5071 301.0000
  11.146   1.2487   0.02961   0.01157  -0.0238   0.0446   1.0000 130.6619 301.0000
  11.231   1.2521   0.03006   0.01184  -0.0232   0.0440   1.0000 130.7978 301.0000
  11.317   1.2549   0.03056   0.01213  -0.0227   0.0435   1.0000 130.9172 301.0000
  11.402   1.2574   0.03110   0.01246  -0.0221   0.0430   1.0000 131.0381 301.0000
  11.487   1.2616   0.03150   0.01276  -0.0216   0.0424   1.0000 131.1906 301.0000
  11.573   1.2654   0.03194   0.01307  -0.0211   0.0417   1.0000 131.3394 301.0000
  11.658   1.2690   0.03240   0.01337  -0.0207   0.0412   1.0000 131.4774 301.0000
  11.744   1.2724   0.03286   0.01367  -0.0202   0.0407   1.0000 131.6017 301.0000
  11.829   1.2758   0.03333   0.01398  -0.0197   0.0402   1.0000 131.7146 301.0000
  11.915   1.2789   0.03383   0.01428  -0.0192   0.0398   1.0000 131.8171 301.0000
  12.000   1.2818   0.03436   0.01458  -0.0187   0.0394   1.0000 131.9120 301.0000
