--------------------------------------------------------------
  XFOIL-like Polar Output (Generated by NeuralFoil)
--------------------------------------------------------------
  alpha     CL        CD       Cm        CL/CD
--------------------------------------------------------------
  -5.000  -0.54133   0.01656   0.02372  -32.68302
  -4.915  -0.52753   0.01632   0.02277  -32.32950
  -4.829  -0.51362   0.01608   0.02180  -31.94503
  -4.744  -0.49981   0.01585   0.02086  -31.53882
  -4.658  -0.48631   0.01563   0.01999  -31.12023
  -4.573  -0.47329   0.01542   0.01922  -30.69815
  -4.487  -0.46088   0.01522   0.01859  -30.28054
  -4.402  -0.44916   0.01504   0.01811  -29.87423
  -4.317  -0.43816   0.01486   0.01778  -29.48485
  -4.231  -0.42785   0.01469   0.01761  -29.11690
  -4.146  -0.41820   0.01453   0.01758  -28.77374
  -4.060  -0.40914   0.01438   0.01768  -28.45709
  -3.975  -0.40059   0.01422   0.01789  -28.16534
  -3.889  -0.39252   0.01407   0.01821  -27.89038
  -3.804  -0.38486   0.01394   0.01862  -27.61435
  -3.719  -0.37755   0.01382   0.01913  -27.31332
  -3.633  -0.37057   0.01373   0.01972  -26.98649
  -3.548  -0.36397   0.01362   0.02040  -26.72957
  -3.462  -0.35796   0.01337   0.02116  -26.78117
  -3.377  -0.35263   0.01291   0.02200  -27.31246
  -3.291  -0.34750   0.01238   0.02286  -28.07743
  -3.206  -0.34186   0.01196   0.02368  -28.59135
  -3.121  -0.33540   0.01172   0.02440  -28.60833
  -3.035  -0.32822   0.01164   0.02504  -28.19820
  -2.950  -0.32056   0.01164   0.02561  -27.54647
  -2.864  -0.31268   0.01166   0.02614  -26.80675
  -2.779  -0.30476   0.01169   0.02665  -26.06695
  -2.693  -0.29694   0.01171   0.02716  -25.36505
  -2.608  -0.28930   0.01171   0.02769  -24.70901
  -2.523  -0.28187   0.01170   0.02824  -24.08880
  -2.437  -0.27466   0.01170   0.02881  -23.48269
  -2.352  -0.26760   0.01170   0.02941  -22.86201
  -2.266  -0.26062   0.01174   0.03003  -22.19840
  -2.181  -0.25363   0.01181   0.03065  -21.47456
  -2.095  -0.24656   0.01191   0.03127  -20.69399
  -2.010  -0.23933   0.01204   0.03186  -19.88102
  -1.925  -0.23192   0.01216   0.03240  -19.06827
  -1.839  -0.22431   0.01227   0.03289  -18.28046
  -1.754  -0.21653   0.01235   0.03330  -17.52639
  -1.668  -0.20858   0.01241   0.03366  -16.80218
  -1.583  -0.20051   0.01245   0.03395  -16.09902
  -1.497  -0.19233   0.01248   0.03420  -15.40851
  -1.412  -0.18406   0.01250   0.03440  -14.72442
  -1.327  -0.17572   0.01251   0.03456  -14.04254
  -1.241  -0.16731   0.01252   0.03470  -13.36024
  -1.156  -0.15883   0.01253   0.03481  -12.67608
  -1.070  -0.15030   0.01254   0.03492  -11.98940
  -0.985  -0.14172   0.01254   0.03501  -11.29981
  -0.899  -0.13308   0.01255   0.03511  -10.60678
  -0.814  -0.12437   0.01255   0.03519  -9.90937
  -0.729  -0.11559   0.01256   0.03528  -9.20622
  -0.643  -0.10671   0.01256   0.03536  -8.49565
  -0.558  -0.09772   0.01257   0.03543  -7.77603
  -0.472  -0.08862   0.01258   0.03551  -7.04620
  -0.387  -0.07939   0.01259   0.03558  -6.30594
  -0.302  -0.07006   0.01261   0.03565  -5.55636
  -0.216  -0.06063   0.01263   0.03574  -4.80004
  -0.131  -0.05116   0.01266   0.03585  -4.04080
  -0.045  -0.04169   0.01270   0.03599  -3.28304
   0.040  -0.03225   0.01274   0.03617  -2.53081
   0.126  -0.02286   0.01279   0.03639  -1.78676
   0.211  -0.01351   0.01285   0.03664  -1.05156
   0.296  -0.00418   0.01292   0.03691  -0.32386
   0.382   0.00519   0.01299   0.03720   0.39915
   0.467   0.01466   0.01308   0.03747   1.12076
   0.553   0.02428   0.01317   0.03771   1.84387
   0.638   0.03410   0.01327   0.03792   2.57024
   0.724   0.04414   0.01337   0.03808   3.30023
   0.809   0.05439   0.01349   0.03818   4.03289
   0.894   0.06485   0.01361   0.03823   4.76626
   0.980   0.07548   0.01373   0.03824   5.49797
   1.065   0.08627   0.01386   0.03820   6.22579
   1.151   0.09719   0.01399   0.03812   6.94814
   1.236   0.10823   0.01412   0.03801   7.66441
   1.322   0.11938   0.01425   0.03786   8.37501
   1.407   0.13067   0.01439   0.03767   9.08130
   1.492   0.14211   0.01452   0.03745   9.78529
   1.578   0.15373   0.01466   0.03717  10.48932
   1.663   0.16557   0.01479   0.03685  11.19573
   1.749   0.17766   0.01492   0.03646  11.90661
   1.834   0.19001   0.01505   0.03602  12.62356
   1.920   0.20264   0.01518   0.03551  13.34767
   2.005   0.21557   0.01531   0.03494  14.07942
   2.090   0.22879   0.01544   0.03430  14.81885
   2.176   0.24229   0.01557   0.03359  15.56565
   2.261   0.25607   0.01569   0.03283  16.31932
   2.347   0.27011   0.01581   0.03201  17.07941
   2.432   0.28439   0.01594   0.03114  17.84566
   2.518   0.29891   0.01605   0.03021  18.61806
   2.603   0.31365   0.01617   0.02923  19.39692
   2.688   0.32863   0.01628   0.02820  20.18271
   2.774   0.34384   0.01639   0.02712  20.97587
   2.859   0.35927   0.01650   0.02599  21.77645
   2.945   0.37490   0.01660   0.02481  22.58363
   3.030   0.39070   0.01670   0.02359  23.39535
   3.116   0.40660   0.01680   0.02234  24.20800
   3.201   0.42251   0.01689   0.02108  25.01630
   3.286   0.43832   0.01698   0.01983  25.81359
   3.372   0.45390   0.01707   0.01862  26.59242
   3.457   0.46912   0.01716   0.01746  27.34536
   3.543   0.48386   0.01724   0.01639  28.06591
   3.628   0.49802   0.01732   0.01541  28.74918
   3.714   0.51157   0.01740   0.01456  29.39241
   3.799   0.52447   0.01749   0.01381  29.99493
   3.884   0.53675   0.01757   0.01319  30.55798
   3.970   0.54845   0.01764   0.01267  31.08423
   4.055   0.55961   0.01772   0.01226  31.57724
   4.141   0.57031   0.01780   0.01194  32.04104
   4.226   0.58061   0.01788   0.01169  32.47968
   4.312   0.59058   0.01795   0.01151  32.89702
   4.397   0.60027   0.01803   0.01139  33.29657
   4.482   0.60972   0.01810   0.01132  33.68142
   4.568   0.61899   0.01818   0.01128  34.05422
   4.653   0.62809   0.01825   0.01129  34.41724
   4.739   0.63706   0.01832   0.01132  34.77237
   4.824   0.64592   0.01839   0.01138  35.12119
   4.910   0.65468   0.01846   0.01146  35.46504
   4.995   0.66336   0.01853   0.01156  35.80503
   5.080   0.67197   0.01859   0.01168  36.14207
   5.166   0.68050   0.01866   0.01181  36.47694
   5.251   0.68898   0.01872   0.01196  36.81028
   5.337   0.69740   0.01878   0.01213  37.14264
   5.422   0.70577   0.01883   0.01230  37.47446
   5.508   0.71408   0.01889   0.01249  37.80613
   5.593   0.72235   0.01894   0.01270  38.13797
   5.678   0.73057   0.01899   0.01291  38.47027
   5.764   0.73874   0.01904   0.01314  38.80327
   5.849   0.74686   0.01908   0.01337  39.13720
   5.935   0.75494   0.01913   0.01362  39.47223
   6.020   0.76297   0.01917   0.01387  39.80854
   6.106   0.77096   0.01920   0.01414  40.14625
   6.191   0.77890   0.01924   0.01441  40.48545
   6.276   0.78680   0.01927   0.01470  40.82614
   6.362   0.79466   0.01930   0.01499  41.16829
   6.447   0.80247   0.01933   0.01530  41.51175
   6.533   0.81024   0.01936   0.01561  41.85633
   6.618   0.81796   0.01938   0.01593  42.20176
   6.704   0.82563   0.01940   0.01626  42.54774
   6.789   0.83325   0.01943   0.01660  42.89392
   6.874   0.84082   0.01945   0.01696  43.23994
   6.960   0.84833   0.01946   0.01732  43.58546
   7.045   0.85578   0.01948   0.01770  43.93015
   7.131   0.86318   0.01950   0.01809  44.27372
   7.216   0.87051   0.01951   0.01850  44.61592
   7.302   0.87777   0.01952   0.01892  44.95658
   7.387   0.88495   0.01954   0.01936  45.29565
   7.472   0.89206   0.01955   0.01981  45.63321
   7.558   0.89909   0.01956   0.02027  45.96950
   7.643   0.90604   0.01957   0.02076  46.30491
   7.729   0.91291   0.01957   0.02125  46.64001
   7.814   0.91970   0.01958   0.02177  46.97548
   7.899   0.92642   0.01958   0.02230  47.31208
   7.985   0.93307   0.01958   0.02284  47.65054
   8.070   0.93966   0.01958   0.02339  47.99140
   8.156   0.94620   0.01958   0.02396  48.33481
   8.241   0.95269   0.01957   0.02453  48.68005
   8.327   0.95913   0.01956   0.02512  49.02501
   8.412   0.96552   0.01956   0.02571  49.36562
   8.497   0.97184   0.01956   0.02631  49.69525
   8.583   0.97807   0.01956   0.02692  50.00451
   8.668   0.98419   0.01957   0.02755  50.28151
   8.754   0.99017   0.01960   0.02818  50.51267
   8.839   0.99599   0.01965   0.02883  50.68410
   8.925   1.00161   0.01972   0.02949  50.78329
   9.010   1.00703   0.01982   0.03018  50.80077
   9.095   1.01222   0.01995   0.03088  50.73116
   9.181   1.01719   0.02011   0.03159  50.57345
   9.266   1.02196   0.02030   0.03232  50.33062
   9.352   1.02651   0.02053   0.03307  50.00923
   9.437   1.03087   0.02078   0.03383  49.61900
   9.523   1.03505   0.02105   0.03460  49.17208
   9.608   1.03906   0.02134   0.03538  48.68174
   9.693   1.04293   0.02166   0.03617  48.16078
   9.779   1.04667   0.02198   0.03696  47.62010
   9.864   1.05031   0.02231   0.03775  47.06798
   9.950   1.05386   0.02266   0.03854  46.51021
  10.035   1.05733   0.02301   0.03933  45.95057
  10.121   1.06073   0.02337   0.04012  45.39153
  10.206   1.06407   0.02373   0.04090  44.83476
  10.291   1.06734   0.02410   0.04168  44.28148
  10.377   1.07057   0.02448   0.04245  43.73261
  10.462   1.07374   0.02486   0.04321  43.18884
  10.548   1.07686   0.02525   0.04397  42.65072
  10.633   1.07993   0.02564   0.04471  42.11860
  10.719   1.08295   0.02604   0.04545  41.59268
  10.804   1.08592   0.02644   0.04618  41.07301
  10.889   1.08883   0.02685   0.04690  40.55950
  10.975   1.09169   0.02726   0.04761  40.05190
  11.060   1.09448   0.02767   0.04831  39.54981
  11.146   1.09721   0.02810   0.04900  39.05267
  11.231   1.09987   0.02852   0.04968  38.55982
  11.317   1.10245   0.02896   0.05035  38.07046
  11.402   1.10494   0.02940   0.05102  37.58374
  11.487   1.10734   0.02985   0.05168  37.09875
  11.573   1.10964   0.03031   0.05233  36.61460
  11.658   1.11183   0.03077   0.05298  36.13050
  11.744   1.11391   0.03125   0.05362  35.64577
  11.829   1.11587   0.03174   0.05425  35.15997
  11.915   1.11772   0.03224   0.05487  34.67288
  12.000   1.11947   0.03275   0.05548  34.18456
