=== Airfoil Parameters ===
m = 0.02
p = 0.4
t = 0.12

=== Control Points ===
0.00000, -0.00385, -0.00385
0.06667, 0.00315, -0.00297
0.13333, 0.00979, -0.00132
0.20000, 0.01585, 0.00085
0.26667, 0.02108, 0.00331
0.66667, 0.02182, 0.00577
0.75000, 0.02122, 0.00803
0.83333, 0.01945, 0.00988
0.91667, 0.01636, 0.01119
1.00000, 0.01187, 0.01187

=== Upper Surface ===
0.00000, -0.00385
-0.00004, -0.00357
-0.00005, -0.00329
-0.00007, -0.00301
-0.00008, -0.00273
-0.00009, -0.00245
-0.00009, -0.00217
-0.00008, -0.00189
-0.00008, -0.00161
-0.00006, -0.00133
-0.00005, -0.00105
-0.00002, -0.00077
0.00000, -0.00049
0.00004, -0.00021
0.00007, 0.00007
0.00012, 0.00035
0.00017, 0.00063
0.00022, 0.00091
0.00028, 0.00119
0.00034, 0.00147
0.00041, 0.00175
0.00048, 0.00203
0.00056, 0.00232
0.00064, 0.00260
0.00073, 0.00288
0.00082, 0.00316
0.00092, 0.00344
0.00102, 0.00373
0.00113, 0.00401
0.00124, 0.00429
0.00136, 0.00457
0.00148, 0.00486
0.00161, 0.00514
0.00174, 0.00542
0.00187, 0.00571
0.00202, 0.00599
0.00216, 0.00627
0.00232, 0.00656
0.00247, 0.00684
0.00264, 0.00712
0.00280, 0.00741
0.00297, 0.00769
0.00315, 0.00797
0.00333, 0.00826
0.00352, 0.00854
0.00371, 0.00883
0.00391, 0.00911
0.00411, 0.00939
0.00432, 0.00968
0.00453, 0.00996
0.00474, 0.01025
0.00497, 0.01053
0.00519, 0.01082
0.00542, 0.01110
0.00566, 0.01139
0.00590, 0.01167
0.00615, 0.01196
0.00640, 0.01224
0.00665, 0.01253
0.00691, 0.01281
0.00718, 0.01310
0.00745, 0.01338
0.00773, 0.01367
0.00801, 0.01395
0.00829, 0.01424
0.00858, 0.01453
0.00888, 0.01481
0.00918, 0.01510
0.00948, 0.01538
0.00979, 0.01567
0.01011, 0.01595
0.01043, 0.01624
0.01075, 0.01652
0.01108, 0.01681
0.01141, 0.01710
0.01175, 0.01738
0.01210, 0.01767
0.01244, 0.01795
0.01280, 0.01824
0.01316, 0.01852
0.01352, 0.01881
0.01389, 0.01910
0.01426, 0.01938
0.01464, 0.01967
0.01502, 0.01995
0.01541, 0.02024
0.01580, 0.02053
0.01620, 0.02081
0.01660, 0.02110
0.01701, 0.02138
0.01742, 0.02167
0.01784, 0.02195
0.01826, 0.02224
0.01868, 0.02252
0.01912, 0.02281
0.01955, 0.02310
0.01999, 0.02338
0.02044, 0.02367
0.02089, 0.02395
0.02134, 0.02424
0.02180, 0.02452
0.02227, 0.02481
0.02274, 0.02509
0.02321, 0.02538
0.02369, 0.02566
0.02417, 0.02595
0.02466, 0.02623
0.02515, 0.02651
0.02565, 0.02680
0.02615, 0.02708
0.02666, 0.02737
0.02717, 0.02765
0.02769, 0.02794
0.02821, 0.02822
0.02874, 0.02850
0.02927, 0.02879
0.02981, 0.02907
0.03035, 0.02935
0.03089, 0.02964
0.03144, 0.02992
0.03200, 0.03020
0.03256, 0.03048
0.03312, 0.03077
0.03369, 0.03105
0.03426, 0.03133
0.03484, 0.03161
0.03542, 0.03190
0.03601, 0.03218
0.03660, 0.03246
0.03720, 0.03274
0.03780, 0.03302
0.03840, 0.03330
0.03902, 0.03358
0.03963, 0.03386
0.04025, 0.03414
0.04087, 0.03442
0.04150, 0.03470
0.04214, 0.03498
0.04278, 0.03526
0.04342, 0.03554
0.04407, 0.03582
0.04472, 0.03610
0.04537, 0.03638
0.04604, 0.03666
0.04670, 0.03694
0.04737, 0.03721
0.04805, 0.03749
0.04873, 0.03777
0.04941, 0.03805
0.05010, 0.03832
0.05079, 0.03860
0.05149, 0.03887
0.05219, 0.03915
0.05290, 0.03943
0.05361, 0.03970
0.05432, 0.03998
0.05504, 0.04025
0.05577, 0.04052
0.05650, 0.04080
0.05723, 0.04107
0.05797, 0.04135
0.05871, 0.04162
0.05946, 0.04189
0.06021, 0.04216
0.06097, 0.04244
0.06173, 0.04271
0.06249, 0.04298
0.06326, 0.04325
0.06403, 0.04352
0.06481, 0.04379
0.06559, 0.04406
0.06638, 0.04433
0.06717, 0.04460
0.06797, 0.04487
0.06877, 0.04513
0.06957, 0.04540
0.07038, 0.04567
0.07119, 0.04594
0.07201, 0.04620
0.07283, 0.04647
0.07366, 0.04674
0.07449, 0.04700
0.07532, 0.04727
0.07616, 0.04753
0.07701, 0.04779
0.07785, 0.04806
0.07871, 0.04832
0.07956, 0.04858
0.08042, 0.04884
0.08129, 0.04911
0.08216, 0.04937
0.08303, 0.04963
0.08391, 0.04989
0.08479, 0.05015
0.08567, 0.05041
0.08656, 0.05066
0.08746, 0.05092
0.08836, 0.05118
0.08926, 0.05144
0.09017, 0.05169
0.09108, 0.05195
0.09199, 0.05220
0.09291, 0.05246
0.09384, 0.05271
0.09477, 0.05297
0.09570, 0.05322
0.09663, 0.05347
0.09757, 0.05373
0.09852, 0.05398
0.09947, 0.05423
0.10042, 0.05448
0.10138, 0.05473
0.10234, 0.05498
0.10330, 0.05522
0.10427, 0.05547
0.10524, 0.05572
0.10622, 0.05597
0.10720, 0.05621
0.10819, 0.05646
0.10918, 0.05670
0.11017, 0.05695
0.11117, 0.05719
0.11217, 0.05743
0.11317, 0.05767
0.11418, 0.05791
0.11520, 0.05816
0.11621, 0.05840
0.11723, 0.05863
0.11826, 0.05887
0.11929, 0.05911
0.12032, 0.05935
0.12136, 0.05958
0.12240, 0.05982
0.12344, 0.06006
0.12449, 0.06029
0.12554, 0.06052
0.12660, 0.06076
0.12766, 0.06099
0.12872, 0.06122
0.12979, 0.06145
0.13086, 0.06168
0.13194, 0.06191
0.13302, 0.06214
0.13410, 0.06236
0.13519, 0.06259
0.13628, 0.06282
0.13737, 0.06304
0.13847, 0.06327
0.13957, 0.06349
0.14067, 0.06371
0.14178, 0.06393
0.14289, 0.06415
0.14401, 0.06437
0.14513, 0.06459
0.14625, 0.06481
0.14737, 0.06503
0.14850, 0.06525
0.14964, 0.06546
0.15077, 0.06568
0.15191, 0.06589
0.15306, 0.06611
0.15420, 0.06632
0.15535, 0.06653
0.15651, 0.06674
0.15767, 0.06695
0.15883, 0.06716
0.15999, 0.06737
0.16116, 0.06758
0.16233, 0.06779
0.16350, 0.06799
0.16468, 0.06820
0.16586, 0.06840
0.16705, 0.06860
0.16824, 0.06881
0.16943, 0.06901
0.17062, 0.06921
0.17182, 0.06941
0.17302, 0.06961
0.17422, 0.06981
0.17543, 0.07000
0.17664, 0.07020
0.17786, 0.07039
0.17907, 0.07059
0.18029, 0.07078
0.18152, 0.07098
0.18274, 0.07117
0.18397, 0.07136
0.18521, 0.07155
0.18644, 0.07174
0.18768, 0.07193
0.18893, 0.07211
0.19017, 0.07230
0.19142, 0.07248
0.19267, 0.07267
0.19393, 0.07285
0.19518, 0.07304
0.19645, 0.07322
0.19771, 0.07340
0.19898, 0.07358
0.20025, 0.07376
0.20153, 0.07394
0.20281, 0.07411
0.20409, 0.07429
0.20538, 0.07447
0.20667, 0.07464
0.20796, 0.07481
0.20926, 0.07499
0.21056, 0.07516
0.21187, 0.07533
0.21318, 0.07550
0.21449, 0.07567
0.21581, 0.07583
0.21713, 0.07600
0.21845, 0.07616
0.21978, 0.07633
0.22111, 0.07649
0.22244, 0.07665
0.22378, 0.07681
0.22512, 0.07697
0.22647, 0.07713
0.22782, 0.07728
0.22917, 0.07744
0.23052, 0.07759
0.23188, 0.07774
0.23325, 0.07789
0.23461, 0.07804
0.23598, 0.07819
0.23736, 0.07834
0.23873, 0.07848
0.24011, 0.07863
0.24150, 0.07877
0.24288, 0.07891
0.24427, 0.07905
0.24567, 0.07919
0.24707, 0.07932
0.24847, 0.07946
0.24987, 0.07959
0.25128, 0.07972
0.25269, 0.07985
0.25410, 0.07997
0.25552, 0.08010
0.25694, 0.08022
0.25837, 0.08035
0.25979, 0.08047
0.26123, 0.08058
0.26266, 0.08070
0.26410, 0.08082
0.26553, 0.08093
0.26698, 0.08104
0.26842, 0.08115
0.26987, 0.08125
0.27131, 0.08136
0.27277, 0.08146
0.27422, 0.08156
0.27567, 0.08166
0.27713, 0.08176
0.27859, 0.08185
0.28005, 0.08194
0.28151, 0.08204
0.28298, 0.08212
0.28445, 0.08221
0.28591, 0.08230
0.28739, 0.08238
0.28886, 0.08246
0.29033, 0.08254
0.29181, 0.08262
0.29329, 0.08269
0.29477, 0.08276
0.29625, 0.08284
0.29774, 0.08291
0.29923, 0.08297
0.30071, 0.08304
0.30220, 0.08310
0.30370, 0.08316
0.30519, 0.08322
0.30668, 0.08328
0.30818, 0.08334
0.30968, 0.08339
0.31118, 0.08344
0.31268, 0.08349
0.31419, 0.08354
0.31569, 0.08359
0.31720, 0.08363
0.31871, 0.08367
0.32022, 0.08372
0.32173, 0.08375
0.32324, 0.08379
0.32476, 0.08383
0.32628, 0.08386
0.32780, 0.08389
0.32932, 0.08392
0.33085, 0.08395
0.33238, 0.08397
0.33392, 0.08400
0.33545, 0.08402
0.33699, 0.08404
0.33853, 0.08405
0.34007, 0.08407
0.34161, 0.08408
0.34315, 0.08409
0.34470, 0.08410
0.34625, 0.08411
0.34779, 0.08411
0.34934, 0.08411
0.35090, 0.08412
0.35245, 0.08411
0.35400, 0.08411
0.35556, 0.08410
0.35712, 0.08409
0.35868, 0.08408
0.36024, 0.08407
0.36180, 0.08406
0.36336, 0.08404
0.36492, 0.08402
0.36649, 0.08400
0.36805, 0.08398
0.36962, 0.08395
0.37119, 0.08393
0.37276, 0.08390
0.37433, 0.08386
0.37590, 0.08383
0.37747, 0.08380
0.37904, 0.08376
0.38061, 0.08372
0.38219, 0.08368
0.38376, 0.08363
0.38534, 0.08359
0.38692, 0.08354
0.38849, 0.08349
0.39007, 0.08344
0.39165, 0.08338
0.39323, 0.08333
0.39481, 0.08327
0.39639, 0.08321
0.39797, 0.08315
0.39955, 0.08308
0.40113, 0.08302
0.40272, 0.08295
0.40430, 0.08288
0.40588, 0.08281
0.40746, 0.08274
0.40905, 0.08266
0.41063, 0.08259
0.41222, 0.08251
0.41380, 0.08243
0.41539, 0.08235
0.41697, 0.08226
0.41856, 0.08218
0.42014, 0.08209
0.42173, 0.08200
0.42332, 0.08191
0.42490, 0.08182
0.42649, 0.08173
0.42807, 0.08163
0.42966, 0.08153
0.43125, 0.08143
0.43283, 0.08133
0.43442, 0.08123
0.43601, 0.08113
0.43759, 0.08102
0.43918, 0.08092
0.44077, 0.08081
0.44235, 0.08070
0.44394, 0.08059
0.44552, 0.08048
0.44711, 0.08037
0.44869, 0.08025
0.45028, 0.08014
0.45187, 0.08002
0.45345, 0.07990
0.45503, 0.07978
0.45662, 0.07966
0.45820, 0.07954
0.45979, 0.07941
0.46137, 0.07929
0.46295, 0.07916
0.46454, 0.07904
0.46612, 0.07891
0.46770, 0.07878
0.46928, 0.07865
0.47087, 0.07852
0.47245, 0.07839
0.47403, 0.07825
0.47561, 0.07812
0.47719, 0.07799
0.47877, 0.07785
0.48035, 0.07771
0.48193, 0.07757
0.48351, 0.07744
0.48508, 0.07730
0.48666, 0.07716
0.48824, 0.07701
0.48982, 0.07687
0.49139, 0.07673
0.49297, 0.07659
0.49454, 0.07644
0.49612, 0.07630
0.49769, 0.07615
0.49927, 0.07601
0.50084, 0.07586
0.50241, 0.07571
0.50398, 0.07556
0.50556, 0.07541
0.50713, 0.07526
0.50870, 0.07511
0.51027, 0.07496
0.51184, 0.07481
0.51341, 0.07466
0.51497, 0.07451
0.51654, 0.07436
0.51811, 0.07420
0.51968, 0.07405
0.52124, 0.07390
0.52281, 0.07374
0.52437, 0.07359
0.52594, 0.07343
0.52750, 0.07328
0.52906, 0.07312
0.53062, 0.07297
0.53219, 0.07281
0.53375, 0.07265
0.53531, 0.07250
0.53687, 0.07234
0.53843, 0.07218
0.53998, 0.07202
0.54154, 0.07186
0.54310, 0.07171
0.54466, 0.07155
0.54621, 0.07139
0.54777, 0.07123
0.54932, 0.07107
0.55087, 0.07091
0.55243, 0.07075
0.55398, 0.07059
0.55553, 0.07043
0.55708, 0.07027
0.55863, 0.07011
0.56018, 0.06995
0.56173, 0.06979
0.56328, 0.06963
0.56482, 0.06947
0.56637, 0.06931
0.56791, 0.06915
0.56946, 0.06899
0.57100, 0.06883
0.57255, 0.06867
0.57409, 0.06851
0.57563, 0.06835
0.57717, 0.06819
0.57871, 0.06803
0.58025, 0.06787
0.58179, 0.06771
0.58332, 0.06755
0.58486, 0.06739
0.58639, 0.06723
0.58793, 0.06707
0.58946, 0.06691
0.59099, 0.06675
0.59253, 0.06659
0.59406, 0.06643
0.59559, 0.06627
0.59712, 0.06611
0.59864, 0.06595
0.60017, 0.06579
0.60170, 0.06563
0.60322, 0.06547
0.60475, 0.06531
0.60627, 0.06516
0.60779, 0.06500
0.60931, 0.06484
0.61083, 0.06468
0.61235, 0.06452
0.61387, 0.06436
0.61538, 0.06420
0.61690, 0.06405
0.61841, 0.06389
0.61993, 0.06373
0.62144, 0.06357
0.62295, 0.06342
0.62446, 0.06326
0.62597, 0.06310
0.62747, 0.06294
0.62898, 0.06279
0.63049, 0.06263
0.63199, 0.06248
0.63349, 0.06232
0.63499, 0.06216
0.63649, 0.06201
0.63799, 0.06185
0.63949, 0.06170
0.64098, 0.06154
0.64248, 0.06139
0.64397, 0.06123
0.64546, 0.06108
0.64695, 0.06092
0.64844, 0.06077
0.64991, 0.06062
0.65131, 0.06047
0.65248, 0.06032
0.65303, 0.06018
0.65240, 0.06000
0.65042, 0.05962
0.64800, 0.05897
0.64692, 0.05853
0.64844, 0.05893
0.65252, 0.06004
0.65789, 0.06105
0.66280, 0.06149
0.66635, 0.06152
0.66873, 0.06140
0.67051, 0.06126
0.67206, 0.06111
0.67354, 0.06096
0.67500, 0.06081
0.67647, 0.06066
0.67793, 0.06051
0.67939, 0.06036
0.68085, 0.06021
0.68230, 0.06007
0.68376, 0.05992
0.68521, 0.05977
0.68667, 0.05962
0.68812, 0.05947
0.68957, 0.05932
0.69102, 0.05917
0.69247, 0.05903
0.69392, 0.05888
0.69536, 0.05873
0.69680, 0.05858
0.69825, 0.05843
0.69969, 0.05829
0.70113, 0.05814
0.70256, 0.05799
0.70400, 0.05784
0.70543, 0.05769
0.70687, 0.05754
0.70830, 0.05740
0.70973, 0.05725
0.71116, 0.05710
0.71258, 0.05695
0.71401, 0.05680
0.71543, 0.05665
0.71685, 0.05650
0.71827, 0.05635
0.71969, 0.05620
0.72110, 0.05605
0.72252, 0.05590
0.72393, 0.05575
0.72534, 0.05560
0.72675, 0.05545
0.72815, 0.05530
0.72956, 0.05514
0.73096, 0.05499
0.73236, 0.05484
0.73376, 0.05469
0.73515, 0.05453
0.73655, 0.05438
0.73794, 0.05422
0.73933, 0.05407
0.74072, 0.05392
0.74210, 0.05376
0.74348, 0.05361
0.74487, 0.05345
0.74625, 0.05329
0.74762, 0.05314
0.74900, 0.05298
0.75037, 0.05282
0.75174, 0.05266
0.75311, 0.05251
0.75447, 0.05235
0.75583, 0.05219
0.75719, 0.05203
0.75855, 0.05187
0.75990, 0.05171
0.76125, 0.05155
0.76260, 0.05138
0.76395, 0.05122
0.76529, 0.05106
0.76663, 0.05090
0.76797, 0.05074
0.76930, 0.05057
0.77063, 0.05041
0.77196, 0.05025
0.77329, 0.05008
0.77461, 0.04992
0.77593, 0.04975
0.77725, 0.04959
0.77856, 0.04942
0.77987, 0.04926
0.78118, 0.04909
0.78249, 0.04893
0.78379, 0.04876
0.78509, 0.04859
0.78639, 0.04843
0.78768, 0.04826
0.78897, 0.04809
0.79026, 0.04792
0.79154, 0.04776
0.79282, 0.04759
0.79410, 0.04742
0.79538, 0.04725
0.79665, 0.04709
0.79792, 0.04692
0.79919, 0.04675
0.80045, 0.04658
0.80171, 0.04641
0.80297, 0.04624
0.80422, 0.04607
0.80547, 0.04590
0.80672, 0.04573
0.80797, 0.04556
0.80921, 0.04539
0.81045, 0.04523
0.81168, 0.04506
0.81291, 0.04489
0.81414, 0.04472
0.81537, 0.04455
0.81659, 0.04438
0.81781, 0.04421
0.81902, 0.04404
0.82024, 0.04387
0.82145, 0.04370
0.82265, 0.04353
0.82385, 0.04336
0.82505, 0.04319
0.82625, 0.04302
0.82744, 0.04285
0.82863, 0.04268
0.82982, 0.04251
0.83100, 0.04234
0.83218, 0.04217
0.83336, 0.04200
0.83453, 0.04183
0.83570, 0.04166
0.83686, 0.04149
0.83803, 0.04132
0.83918, 0.04115
0.84034, 0.04098
0.84149, 0.04081
0.84264, 0.04064
0.84379, 0.04047
0.84493, 0.04030
0.84607, 0.04013
0.84720, 0.03996
0.84833, 0.03980
0.84946, 0.03963
0.85059, 0.03946
0.85171, 0.03929
0.85283, 0.03912
0.85394, 0.03895
0.85505, 0.03879
0.85616, 0.03862
0.85726, 0.03845
0.85836, 0.03828
0.85946, 0.03812
0.86055, 0.03795
0.86164, 0.03778
0.86272, 0.03761
0.86381, 0.03745
0.86488, 0.03728
0.86596, 0.03712
0.86703, 0.03695
0.86810, 0.03678
0.86916, 0.03662
0.87022, 0.03645
0.87128, 0.03629
0.87233, 0.03612
0.87338, 0.03596
0.87442, 0.03579
0.87546, 0.03563
0.87650, 0.03546
0.87753, 0.03530
0.87856, 0.03514
0.87959, 0.03497
0.88061, 0.03481
0.88163, 0.03465
0.88265, 0.03448
0.88366, 0.03432
0.88467, 0.03416
0.88567, 0.03400
0.88667, 0.03384
0.88766, 0.03368
0.88866, 0.03351
0.88964, 0.03335
0.89063, 0.03319
0.89161, 0.03303
0.89258, 0.03287
0.89356, 0.03271
0.89452, 0.03256
0.89549, 0.03240
0.89645, 0.03224
0.89741, 0.03208
0.89836, 0.03192
0.89931, 0.03176
0.90025, 0.03161
0.90119, 0.03145
0.90213, 0.03129
0.90306, 0.03114
0.90399, 0.03098
0.90492, 0.03083
0.90584, 0.03067
0.90675, 0.03052
0.90767, 0.03036
0.90857, 0.03021
0.90948, 0.03006
0.91038, 0.02990
0.91127, 0.02975
0.91217, 0.02960
0.91305, 0.02945
0.91394, 0.02930
0.91482, 0.02915
0.91569, 0.02900
0.91657, 0.02885
0.91743, 0.02870
0.91830, 0.02855
0.91916, 0.02840
0.92001, 0.02825
0.92086, 0.02810
0.92171, 0.02796
0.92255, 0.02781
0.92339, 0.02766
0.92422, 0.02752
0.92505, 0.02737
0.92588, 0.02723
0.92670, 0.02708
0.92752, 0.02694
0.92833, 0.02679
0.92914, 0.02665
0.92994, 0.02651
0.93074, 0.02637
0.93154, 0.02623
0.93233, 0.02609
0.93312, 0.02595
0.93390, 0.02581
0.93468, 0.02567
0.93545, 0.02553
0.93622, 0.02539
0.93699, 0.02525
0.93775, 0.02512
0.93851, 0.02498
0.93926, 0.02484
0.94001, 0.02471
0.94075, 0.02457
0.94149, 0.02444
0.94223, 0.02431
0.94296, 0.02417
0.94368, 0.02404
0.94441, 0.02391
0.94512, 0.02378
0.94584, 0.02365
0.94655, 0.02352
0.94725, 0.02339
0.94795, 0.02326
0.94865, 0.02313
0.94934, 0.02300
0.95002, 0.02288
0.95071, 0.02275
0.95138, 0.02263
0.95206, 0.02250
0.95273, 0.02238
0.95339, 0.02225
0.95405, 0.02213
0.95471, 0.02201
0.95536, 0.02189
0.95600, 0.02177
0.95664, 0.02165
0.95728, 0.02153
0.95791, 0.02141
0.95854, 0.02129
0.95917, 0.02117
0.95979, 0.02106
0.96040, 0.02094
0.96101, 0.02083
0.96162, 0.02071
0.96222, 0.02060
0.96281, 0.02048
0.96341, 0.02037
0.96399, 0.02026
0.96458, 0.02015
0.96515, 0.02004
0.96573, 0.01993
0.96630, 0.01982
0.96686, 0.01971
0.96742, 0.01961
0.96798, 0.01950
0.96853, 0.01939
0.96907, 0.01929
0.96961, 0.01918
0.97015, 0.01908
0.97068, 0.01898
0.97121, 0.01888
0.97173, 0.01878
0.97225, 0.01868
0.97276, 0.01858
0.97327, 0.01848
0.97378, 0.01838
0.97428, 0.01828
0.97477, 0.01819
0.97526, 0.01809
0.97575, 0.01800
0.97623, 0.01790
0.97670, 0.01781
0.97717, 0.01772
0.97764, 0.01763
0.97810, 0.01754
0.97856, 0.01745
0.97901, 0.01736
0.97946, 0.01727
0.97990, 0.01718
0.98034, 0.01710
0.98078, 0.01701
0.98120, 0.01693
0.98163, 0.01684
0.98205, 0.01676
0.98246, 0.01668
0.98287, 0.01660
0.98328, 0.01652
0.98368, 0.01644
0.98407, 0.01636
0.98447, 0.01628
0.98485, 0.01621
0.98523, 0.01613
0.98561, 0.01606
0.98598, 0.01598
0.98635, 0.01591
0.98671, 0.01584
0.98707, 0.01576
0.98742, 0.01569
0.98777, 0.01562
0.98811, 0.01556
0.98845, 0.01549
0.98878, 0.01542
0.98911, 0.01536
0.98944, 0.01529
0.98976, 0.01523
0.99007, 0.01516
0.99038, 0.01510
0.99068, 0.01504
0.99098, 0.01498
0.99128, 0.01492
0.99157, 0.01486
0.99185, 0.01480
0.99213, 0.01475
0.99241, 0.01469
0.99268, 0.01464
0.99295, 0.01458
0.99321, 0.01453
0.99346, 0.01448
0.99372, 0.01443
0.99396, 0.01438
0.99420, 0.01433
0.99444, 0.01428
0.99467, 0.01423
0.99490, 0.01419
0.99512, 0.01414
0.99534, 0.01410
0.99555, 0.01406
0.99576, 0.01401
0.99596, 0.01397
0.99616, 0.01393
0.99636, 0.01389
0.99654, 0.01386
0.99673, 0.01382
0.99691, 0.01378
0.99708, 0.01375
0.99725, 0.01371
0.99741, 0.01368
0.99757, 0.01365
0.99773, 0.01361
0.99787, 0.01358
0.99802, 0.01355
0.99816, 0.01353
0.99829, 0.01350
0.99842, 0.01347
0.99855, 0.01345
0.99867, 0.01342
0.99878, 0.01340
0.99889, 0.01338
0.99900, 0.01335
0.99910, 0.01333
0.99919, 0.01331
0.99929, 0.01330
0.99937, 0.01328
0.99945, 0.01326
0.99953, 0.01325
0.99960, 0.01323
0.99967, 0.01322
0.99973, 0.01321
0.99978, 0.01319
0.99983, 0.01318
0.99988, 0.01317
0.99992, 0.01316
0.99996, 0.01316
0.99999, 0.01315
1.00002, 0.01315
1.00004, 0.01314
1.00006, 0.01314
1.00008, 0.01313
1.00012, 0.01313
1.00013, 0.01313

=== Lower Surface ===
0.00000, -0.00385
0.00005, -0.00412
0.00007, -0.00440
0.00011, -0.00468
0.00016, -0.00495
0.00021, -0.00523
0.00027, -0.00550
0.00033, -0.00577
0.00039, -0.00605
0.00046, -0.00632
0.00054, -0.00659
0.00062, -0.00686
0.00071, -0.00712
0.00080, -0.00739
0.00089, -0.00766
0.00099, -0.00792
0.00110, -0.00819
0.00121, -0.00845
0.00133, -0.00871
0.00145, -0.00898
0.00157, -0.00924
0.00170, -0.00950
0.00184, -0.00976
0.00198, -0.01001
0.00212, -0.01027
0.00227, -0.01053
0.00242, -0.01078
0.00258, -0.01104
0.00275, -0.01129
0.00292, -0.01154
0.00309, -0.01180
0.00327, -0.01205
0.00345, -0.01230
0.00364, -0.01255
0.00384, -0.01279
0.00403, -0.01304
0.00424, -0.01329
0.00445, -0.01353
0.00466, -0.01378
0.00488, -0.01402
0.00510, -0.01426
0.00533, -0.01450
0.00556, -0.01474
0.00580, -0.01498
0.00604, -0.01522
0.00628, -0.01546
0.00654, -0.01570
0.00679, -0.01593
0.00705, -0.01617
0.00732, -0.01640
0.00759, -0.01663
0.00787, -0.01687
0.00815, -0.01710
0.00843, -0.01733
0.00872, -0.01756
0.00902, -0.01778
0.00932, -0.01801
0.00963, -0.01824
0.00993, -0.01846
0.01025, -0.01869
0.01057, -0.01891
0.01089, -0.01913
0.01122, -0.01935
0.01156, -0.01957
0.01189, -0.01979
0.01224, -0.02001
0.01259, -0.02023
0.01294, -0.02045
0.01330, -0.02066
0.01366, -0.02088
0.01403, -0.02109
0.01440, -0.02130
0.01477, -0.02151
0.01516, -0.02172
0.01554, -0.02193
0.01593, -0.02214
0.01633, -0.02235
0.01673, -0.02256
0.01713, -0.02276
0.01754, -0.02297
0.01796, -0.02317
0.01838, -0.02337
0.01880, -0.02357
0.01923, -0.02377
0.01966, -0.02397
0.02010, -0.02417
0.02055, -0.02437
0.02099, -0.02457
0.02145, -0.02476
0.02190, -0.02496
0.02236, -0.02515
0.02283, -0.02534
0.02330, -0.02553
0.02378, -0.02572
0.02426, -0.02591
0.02474, -0.02610
0.02523, -0.02629
0.02573, -0.02647
0.02623, -0.02666
0.02673, -0.02684
0.02724, -0.02703
0.02775, -0.02721
0.02827, -0.02739
0.02879, -0.02757
0.02932, -0.02775
0.02985, -0.02793
0.03038, -0.02810
0.03093, -0.02828
0.03147, -0.02845
0.03202, -0.02863
0.03257, -0.02880
0.03313, -0.02897
0.03370, -0.02914
0.03426, -0.02931
0.03484, -0.02948
0.03541, -0.02964
0.03600, -0.02981
0.03658, -0.02998
0.03717, -0.03014
0.03777, -0.03030
0.03837, -0.03046
0.03897, -0.03062
0.03958, -0.03078
0.04019, -0.03094
0.04081, -0.03110
0.04143, -0.03126
0.04206, -0.03141
0.04269, -0.03156
0.04332, -0.03172
0.04396, -0.03187
0.04461, -0.03202
0.04526, -0.03217
0.04591, -0.03232
0.04657, -0.03247
0.04723, -0.03261
0.04790, -0.03276
0.04857, -0.03290
0.04924, -0.03304
0.04992, -0.03319
0.05061, -0.03333
0.05130, -0.03347
0.05199, -0.03360
0.05268, -0.03374
0.05339, -0.03388
0.05409, -0.03401
0.05480, -0.03415
0.05552, -0.03428
0.05624, -0.03441
0.05696, -0.03454
0.05769, -0.03467
0.05842, -0.03480
0.05915, -0.03493
0.05989, -0.03505
0.06064, -0.03518
0.06139, -0.03530
0.06214, -0.03543
0.06290, -0.03555
0.06366, -0.03567
0.06442, -0.03579
0.06519, -0.03590
0.06597, -0.03602
0.06675, -0.03614
0.06753, -0.03625
0.06831, -0.03637
0.06911, -0.03648
0.06990, -0.03659
0.07070, -0.03670
0.07150, -0.03681
0.07231, -0.03692
0.07312, -0.03702
0.07394, -0.03713
0.07476, -0.03723
0.07558, -0.03734
0.07641, -0.03744
0.07724, -0.03754
0.07808, -0.03764
0.07892, -0.03774
0.07976, -0.03783
0.08061, -0.03793
0.08146, -0.03803
0.08232, -0.03812
0.08318, -0.03821
0.08404, -0.03830
0.08491, -0.03839
0.08578, -0.03848
0.08666, -0.03857
0.08754, -0.03866
0.08842, -0.03874
0.08931, -0.03883
0.09020, -0.03891
0.09110, -0.03899
0.09200, -0.03908
0.09290, -0.03916
0.09381, -0.03923
0.09472, -0.03931
0.09564, -0.03939
0.09656, -0.03946
0.09748, -0.03954
0.09841, -0.03961
0.09934, -0.03968
0.10027, -0.03975
0.10121, -0.03982
0.10216, -0.03989
0.10310, -0.03996
0.10405, -0.04003
0.10501, -0.04009
0.10596, -0.04015
0.10692, -0.04022
0.10789, -0.04028
0.10886, -0.04034
0.10983, -0.04040
0.11081, -0.04046
0.11179, -0.04051
0.11277, -0.04057
0.11376, -0.04062
0.11475, -0.04068
0.11574, -0.04073
0.11674, -0.04078
0.11774, -0.04083
0.11875, -0.04088
0.11976, -0.04093
0.12077, -0.04097
0.12179, -0.04102
0.12281, -0.04106
0.12383, -0.04110
0.12486, -0.04115
0.12589, -0.04119
0.12692, -0.04123
0.12796, -0.04127
0.12900, -0.04130
0.13005, -0.04134
0.13109, -0.04137
0.13215, -0.04141
0.13320, -0.04144
0.13426, -0.04147
0.13532, -0.04150
0.13639, -0.04153
0.13746, -0.04156
0.13853, -0.04159
0.13961, -0.04162
0.14069, -0.04164
0.14177, -0.04166
0.14285, -0.04169
0.14394, -0.04171
0.14504, -0.04173
0.14613, -0.04175
0.14723, -0.04177
0.14834, -0.04178
0.14945, -0.04180
0.15056, -0.04182
0.15167, -0.04183
0.15279, -0.04184
0.15391, -0.04185
0.15503, -0.04187
0.15616, -0.04187
0.15729, -0.04188
0.15842, -0.04189
0.15956, -0.04190
0.16070, -0.04190
0.16184, -0.04190
0.16299, -0.04191
0.16414, -0.04191
0.16530, -0.04191
0.16645, -0.04191
0.16761, -0.04191
0.16878, -0.04190
0.16994, -0.04190
0.17111, -0.04190
0.17229, -0.04189
0.17346, -0.04188
0.17464, -0.04187
0.17583, -0.04186
0.17701, -0.04185
0.17820, -0.04184
0.17939, -0.04183
0.18059, -0.04181
0.18179, -0.04180
0.18299, -0.04178
0.18419, -0.04177
0.18540, -0.04175
0.18661, -0.04173
0.18783, -0.04171
0.18904, -0.04169
0.19026, -0.04166
0.19149, -0.04164
0.19271, -0.04161
0.19394, -0.04159
0.19517, -0.04156
0.19641, -0.04153
0.19765, -0.04150
0.19889, -0.04147
0.20013, -0.04144
0.20138, -0.04141
0.20263, -0.04137
0.20388, -0.04134
0.20514, -0.04130
0.20640, -0.04126
0.20766, -0.04123
0.20892, -0.04119
0.21018, -0.04115
0.21145, -0.04110
0.21272, -0.04106
0.21399, -0.04102
0.21526, -0.04098
0.21654, -0.04093
0.21782, -0.04089
0.21909, -0.04084
0.22038, -0.04079
0.22166, -0.04074
0.22294, -0.04069
0.22423, -0.04064
0.22552, -0.04059
0.22681, -0.04054
0.22810, -0.04049
0.22940, -0.04044
0.23070, -0.04038
0.23199, -0.04033
0.23330, -0.04027
0.23460, -0.04022
0.23590, -0.04016
0.23721, -0.04010
0.23851, -0.04005
0.23982, -0.03999
0.24113, -0.03993
0.24245, -0.03987
0.24376, -0.03981
0.24508, -0.03975
0.24639, -0.03969
0.24771, -0.03963
0.24903, -0.03957
0.25036, -0.03951
0.25168, -0.03945
0.25301, -0.03939
0.25433, -0.03932
0.25566, -0.03926
0.25699, -0.03920
0.25832, -0.03913
0.25966, -0.03907
0.26099, -0.03901
0.26233, -0.03894
0.26366, -0.03888
0.26500, -0.03882
0.26634, -0.03875
0.26768, -0.03869
0.26903, -0.03862
0.27037, -0.03856
0.27172, -0.03849
0.27307, -0.03843
0.27442, -0.03836
0.27577, -0.03830
0.27712, -0.03824
0.27848, -0.03817
0.27984, -0.03811
0.28120, -0.03804
0.28257, -0.03798
0.28393, -0.03791
0.28530, -0.03785
0.28667, -0.03778
0.28805, -0.03772
0.28942, -0.03765
0.29080, -0.03759
0.29218, -0.03752
0.29356, -0.03746
0.29495, -0.03739
0.29633, -0.03733
0.29772, -0.03726
0.29911, -0.03720
0.30050, -0.03713
0.30190, -0.03707
0.30330, -0.03700
0.30470, -0.03693
0.30610, -0.03687
0.30750, -0.03680
0.30890, -0.03674
0.31031, -0.03667
0.31172, -0.03661
0.31313, -0.03654
0.31455, -0.03648
0.31596, -0.03641
0.31738, -0.03635
0.31880, -0.03628
0.32022, -0.03622
0.32165, -0.03615
0.32307, -0.03609
0.32450, -0.03602
0.32593, -0.03596
0.32736, -0.03589
0.32879, -0.03582
0.33022, -0.03576
0.33166, -0.03569
0.33309, -0.03563
0.33453, -0.03556
0.33596, -0.03550
0.33740, -0.03544
0.33883, -0.03537
0.34027, -0.03531
0.34171, -0.03524
0.34315, -0.03518
0.34459, -0.03512
0.34604, -0.03506
0.34748, -0.03499
0.34893, -0.03493
0.35037, -0.03487
0.35182, -0.03481
0.35328, -0.03475
0.35473, -0.03469
0.35618, -0.03463
0.35764, -0.03457
0.35909, -0.03451
0.36055, -0.03445
0.36201, -0.03439
0.36347, -0.03433
0.36494, -0.03427
0.36640, -0.03421
0.36787, -0.03415
0.36933, -0.03410
0.37080, -0.03404
0.37227, -0.03398
0.37375, -0.03393
0.37522, -0.03387
0.37669, -0.03382
0.37817, -0.03376
0.37965, -0.03371
0.38113, -0.03365
0.38261, -0.03360
0.38409, -0.03354
0.38558, -0.03349
0.38706, -0.03344
0.38855, -0.03339
0.39004, -0.03333
0.39153, -0.03328
0.39302, -0.03323
0.39451, -0.03318
0.39601, -0.03313
0.39750, -0.03308
0.39900, -0.03303
0.40050, -0.03298
0.40200, -0.03293
0.40350, -0.03288
0.40501, -0.03283
0.40651, -0.03278
0.40802, -0.03273
0.40953, -0.03269
0.41104, -0.03264
0.41255, -0.03259
0.41406, -0.03254
0.41558, -0.03250
0.41709, -0.03245
0.41861, -0.03240
0.42013, -0.03236
0.42165, -0.03231
0.42317, -0.03227
0.42469, -0.03222
0.42622, -0.03217
0.42774, -0.03213
0.42927, -0.03208
0.43080, -0.03204
0.43233, -0.03199
0.43386, -0.03195
0.43539, -0.03191
0.43692, -0.03186
0.43846, -0.03182
0.43999, -0.03177
0.44153, -0.03173
0.44307, -0.03168
0.44461, -0.03164
0.44615, -0.03160
0.44769, -0.03155
0.44924, -0.03151
0.45078, -0.03146
0.45233, -0.03142
0.45388, -0.03138
0.45542, -0.03133
0.45697, -0.03129
0.45852, -0.03124
0.46008, -0.03120
0.46163, -0.03115
0.46318, -0.03111
0.46474, -0.03106
0.46629, -0.03102
0.46785, -0.03097
0.46941, -0.03093
0.47097, -0.03088
0.47253, -0.03084
0.47409, -0.03079
0.47565, -0.03075
0.47721, -0.03070
0.47877, -0.03065
0.48034, -0.03061
0.48190, -0.03056
0.48347, -0.03051
0.48503, -0.03047
0.48660, -0.03042
0.48817, -0.03037
0.48974, -0.03032
0.49131, -0.03027
0.49288, -0.03022
0.49445, -0.03017
0.49602, -0.03012
0.49759, -0.03007
0.49916, -0.03002
0.50073, -0.02997
0.50231, -0.02992
0.50388, -0.02986
0.50545, -0.02981
0.50703, -0.02976
0.50860, -0.02971
0.51018, -0.02965
0.51175, -0.02960
0.51333, -0.02954
0.51490, -0.02949
0.51648, -0.02943
0.51806, -0.02937
0.51963, -0.02931
0.52121, -0.02926
0.52279, -0.02920
0.52437, -0.02914
0.52594, -0.02908
0.52752, -0.02902
0.52910, -0.02896
0.53068, -0.02890
0.53225, -0.02883
0.53383, -0.02877
0.53541, -0.02871
0.53699, -0.02864
0.53856, -0.02858
0.54014, -0.02851
0.54172, -0.02845
0.54329, -0.02838
0.54487, -0.02831
0.54645, -0.02824
0.54802, -0.02818
0.54960, -0.02811
0.55118, -0.02804
0.55275, -0.02797
0.55433, -0.02789
0.55590, -0.02782
0.55747, -0.02775
0.55905, -0.02767
0.56062, -0.02760
0.56220, -0.02752
0.56377, -0.02745
0.56534, -0.02737
0.56691, -0.02729
0.56848, -0.02722
0.57005, -0.02714
0.57162, -0.02706
0.57319, -0.02698
0.57476, -0.02690
0.57633, -0.02681
0.57789, -0.02673
0.57946, -0.02665
0.58103, -0.02656
0.58259, -0.02648
0.58416, -0.02639
0.58572, -0.02631
0.58728, -0.02622
0.58884, -0.02613
0.59040, -0.02604
0.59196, -0.02595
0.59352, -0.02586
0.59508, -0.02577
0.59664, -0.02568
0.59820, -0.02559
0.59975, -0.02549
0.60131, -0.02540
0.60286, -0.02531
0.60441, -0.02521
0.60596, -0.02511
0.60751, -0.02502
0.60906, -0.02492
0.61061, -0.02482
0.61216, -0.02472
0.61370, -0.02462
0.61525, -0.02452
0.61679, -0.02442
0.61833, -0.02432
0.61987, -0.02422
0.62141, -0.02411
0.62295, -0.02401
0.62449, -0.02390
0.62602, -0.02380
0.62756, -0.02369
0.62909, -0.02359
0.63062, -0.02348
0.63216, -0.02337
0.63368, -0.02326
0.63521, -0.02315
0.63674, -0.02304
0.63826, -0.02293
0.63979, -0.02282
0.64131, -0.02270
0.64283, -0.02259
0.64435, -0.02248
0.64587, -0.02236
0.64739, -0.02225
0.64892, -0.02213
0.65052, -0.02202
0.65234, -0.02189
0.65479, -0.02174
0.65841, -0.02145
0.66338, -0.02074
0.66878, -0.01945
0.67284, -0.01806
0.67431, -0.01739
0.67320, -0.01756
0.67080, -0.01793
0.66886, -0.01804
0.66828, -0.01795
0.66885, -0.01781
0.67003, -0.01768
0.67144, -0.01755
0.67291, -0.01742
0.67439, -0.01730
0.67588, -0.01717
0.67736, -0.01704
0.67883, -0.01692
0.68031, -0.01679
0.68178, -0.01666
0.68325, -0.01653
0.68472, -0.01640
0.68619, -0.01627
0.68765, -0.01614
0.68911, -0.01601
0.69057, -0.01588
0.69203, -0.01575
0.69348, -0.01562
0.69494, -0.01549
0.69639, -0.01536
0.69783, -0.01522
0.69928, -0.01509
0.70072, -0.01496
0.70216, -0.01483
0.70360, -0.01469
0.70503, -0.01456
0.70647, -0.01443
0.70790, -0.01430
0.70932, -0.01416
0.71075, -0.01403
0.71217, -0.01390
0.71359, -0.01377
0.71501, -0.01363
0.71643, -0.01350
0.71784, -0.01337
0.71925, -0.01324
0.72066, -0.01310
0.72206, -0.01297
0.72347, -0.01284
0.72487, -0.01271
0.72626, -0.01258
0.72766, -0.01244
0.72905, -0.01231
0.73044, -0.01218
0.73183, -0.01205
0.73321, -0.01192
0.73460, -0.01179
0.73598, -0.01166
0.73735, -0.01153
0.73873, -0.01140
0.74010, -0.01127
0.74147, -0.01114
0.74284, -0.01102
0.74420, -0.01089
0.74556, -0.01076
0.74692, -0.01063
0.74828, -0.01051
0.74963, -0.01038
0.75098, -0.01025
0.75233, -0.01013
0.75368, -0.01000
0.75502, -0.00988
0.75636, -0.00976
0.75770, -0.00963
0.75904, -0.00951
0.76037, -0.00939
0.76171, -0.00926
0.76304, -0.00914
0.76436, -0.00902
0.76569, -0.00890
0.76701, -0.00878
0.76833, -0.00866
0.76965, -0.00854
0.77096, -0.00842
0.77227, -0.00830
0.77358, -0.00818
0.77489, -0.00807
0.77620, -0.00795
0.77750, -0.00783
0.77880, -0.00772
0.78010, -0.00760
0.78139, -0.00748
0.78268, -0.00737
0.78397, -0.00725
0.78526, -0.00714
0.78654, -0.00702
0.78782, -0.00691
0.78910, -0.00680
0.79038, -0.00668
0.79165, -0.00657
0.79292, -0.00646
0.79419, -0.00635
0.79545, -0.00624
0.79671, -0.00613
0.79797, -0.00601
0.79923, -0.00590
0.80048, -0.00579
0.80173, -0.00568
0.80298, -0.00558
0.80422, -0.00547
0.80547, -0.00536
0.80670, -0.00525
0.80794, -0.00514
0.80917, -0.00504
0.81040, -0.00493
0.81163, -0.00482
0.81285, -0.00472
0.81408, -0.00461
0.81529, -0.00450
0.81651, -0.00440
0.81772, -0.00429
0.81893, -0.00419
0.82014, -0.00408
0.82134, -0.00398
0.82254, -0.00388
0.82374, -0.00377
0.82493, -0.00367
0.82612, -0.00357
0.82731, -0.00347
0.82849, -0.00337
0.82967, -0.00326
0.83085, -0.00316
0.83203, -0.00306
0.83320, -0.00296
0.83437, -0.00286
0.83553, -0.00276
0.83670, -0.00266
0.83785, -0.00256
0.83901, -0.00246
0.84016, -0.00237
0.84131, -0.00227
0.84246, -0.00217
0.84360, -0.00207
0.84474, -0.00197
0.84587, -0.00188
0.84700, -0.00178
0.84813, -0.00169
0.84926, -0.00159
0.85038, -0.00149
0.85150, -0.00140
0.85261, -0.00130
0.85372, -0.00121
0.85483, -0.00112
0.85594, -0.00102
0.85704, -0.00093
0.85813, -0.00084
0.85923, -0.00074
0.86032, -0.00065
0.86140, -0.00056
0.86249, -0.00047
0.86357, -0.00038
0.86464, -0.00028
0.86572, -0.00019
0.86679, -0.00010
0.86785, -0.00001
0.86891, 0.00008
0.86997, 0.00016
0.87103, 0.00025
0.87208, 0.00034
0.87313, 0.00043
0.87417, 0.00052
0.87521, 0.00060
0.87625, 0.00069
0.87728, 0.00078
0.87831, 0.00086
0.87933, 0.00095
0.88035, 0.00104
0.88137, 0.00112
0.88239, 0.00121
0.88340, 0.00129
0.88440, 0.00137
0.88541, 0.00146
0.88641, 0.00154
0.88740, 0.00162
0.88839, 0.00171
0.88938, 0.00179
0.89036, 0.00187
0.89134, 0.00195
0.89232, 0.00203
0.89329, 0.00211
0.89426, 0.00219
0.89523, 0.00227
0.89619, 0.00235
0.89714, 0.00243
0.89810, 0.00251
0.89905, 0.00259
0.89999, 0.00267
0.90093, 0.00275
0.90187, 0.00282
0.90280, 0.00290
0.90373, 0.00298
0.90466, 0.00305
0.90558, 0.00313
0.90650, 0.00321
0.90741, 0.00328
0.90832, 0.00336
0.90922, 0.00343
0.91013, 0.00350
0.91102, 0.00358
0.91192, 0.00365
0.91281, 0.00372
0.91369, 0.00380
0.91457, 0.00387
0.91545, 0.00394
0.91632, 0.00401
0.91719, 0.00408
0.91806, 0.00415
0.91892, 0.00422
0.91977, 0.00429
0.92063, 0.00436
0.92147, 0.00443
0.92232, 0.00450
0.92316, 0.00457
0.92399, 0.00464
0.92483, 0.00470
0.92565, 0.00477
0.92648, 0.00484
0.92730, 0.00490
0.92811, 0.00497
0.92892, 0.00504
0.92973, 0.00510
0.93053, 0.00517
0.93133, 0.00523
0.93212, 0.00529
0.93291, 0.00536
0.93370, 0.00542
0.93448, 0.00548
0.93525, 0.00555
0.93603, 0.00561
0.93679, 0.00567
0.93756, 0.00573
0.93832, 0.00579
0.93907, 0.00585
0.93982, 0.00591
0.94057, 0.00597
0.94131, 0.00603
0.94205, 0.00609
0.94278, 0.00615
0.94351, 0.00621
0.94423, 0.00627
0.94496, 0.00633
0.94567, 0.00638
0.94638, 0.00644
0.94709, 0.00650
0.94779, 0.00655
0.94849, 0.00661
0.94918, 0.00666
0.94987, 0.00672
0.95056, 0.00677
0.95124, 0.00683
0.95191, 0.00688
0.95258, 0.00693
0.95325, 0.00699
0.95391, 0.00704
0.95457, 0.00709
0.95523, 0.00714
0.95587, 0.00720
0.95652, 0.00725
0.95716, 0.00730
0.95779, 0.00735
0.95843, 0.00740
0.95905, 0.00745
0.95967, 0.00750
0.96029, 0.00754
0.96090, 0.00759
0.96151, 0.00764
0.96211, 0.00769
0.96271, 0.00774
0.96331, 0.00778
0.96390, 0.00783
0.96448, 0.00787
0.96506, 0.00792
0.96564, 0.00797
0.96621, 0.00801
0.96678, 0.00805
0.96734, 0.00810
0.96790, 0.00814
0.96845, 0.00819
0.96900, 0.00823
0.96954, 0.00827
0.97008, 0.00831
0.97062, 0.00836
0.97114, 0.00840
0.97167, 0.00844
0.97219, 0.00848
0.97271, 0.00852
0.97322, 0.00856
0.97372, 0.00860
0.97422, 0.00864
0.97472, 0.00868
0.97521, 0.00871
0.97570, 0.00875
0.97618, 0.00879
0.97666, 0.00883
0.97713, 0.00886
0.97760, 0.00890
0.97807, 0.00894
0.97852, 0.00897
0.97898, 0.00901
0.97943, 0.00904
0.97987, 0.00908
0.98031, 0.00911
0.98075, 0.00914
0.98118, 0.00918
0.98160, 0.00921
0.98202, 0.00924
0.98244, 0.00928
0.98285, 0.00931
0.98326, 0.00934
0.98366, 0.00937
0.98406, 0.00940
0.98445, 0.00943
0.98483, 0.00946
0.98522, 0.00949
0.98559, 0.00952
0.98597, 0.00955
0.98633, 0.00958
0.98670, 0.00960
0.98706, 0.00963
0.98741, 0.00966
0.98776, 0.00969
0.98810, 0.00971
0.98844, 0.00974
0.98877, 0.00976
0.98910, 0.00979
0.98943, 0.00981
0.98975, 0.00984
0.99006, 0.00986
0.99037, 0.00989
0.99067, 0.00991
0.99097, 0.00993
0.99127, 0.00996
0.99156, 0.00998
0.99184, 0.01000
0.99212, 0.01002
0.99240, 0.01004
0.99267, 0.01006
0.99293, 0.01008
0.99319, 0.01010
0.99345, 0.01012
0.99370, 0.01014
0.99395, 0.01016
0.99419, 0.01018
0.99442, 0.01020
0.99465, 0.01022
0.99488, 0.01023
0.99510, 0.01025
0.99532, 0.01027
0.99553, 0.01028
0.99574, 0.01030
0.99594, 0.01031
0.99613, 0.01033
0.99632, 0.01034
0.99651, 0.01036
0.99669, 0.01037
0.99687, 0.01039
0.99704, 0.01040
0.99721, 0.01041
0.99737, 0.01042
0.99753, 0.01044
0.99768, 0.01045
0.99783, 0.01046
0.99797, 0.01047
0.99810, 0.01048
0.99824, 0.01049
0.99836, 0.01050
0.99848, 0.01051
0.99860, 0.01052
0.99871, 0.01053
0.99882, 0.01053
0.99892, 0.01054
0.99902, 0.01055
0.99911, 0.01056
0.99920, 0.01056
0.99928, 0.01057
0.99936, 0.01058
0.99943, 0.01058
0.99950, 0.01059
0.99956, 0.01059
0.99962, 0.01059
0.99967, 0.01060
0.99972, 0.01060
0.99976, 0.01061
0.99980, 0.01061
0.99983, 0.01061
0.99986, 0.01061
0.99988, 0.01061
0.99990, 0.01062
0.99990, 0.01062
0.99988, 0.01062
0.99987, 0.01062
