airfoil_points_0836
1.000000 0.019584
0.999748 0.019633
0.998993 0.019780
0.997736 0.020023
0.995977 0.020362
0.993719 0.020794
0.990964 0.021317
0.987715 0.021928
0.983974 0.022623
0.979746 0.023399
0.975036 0.024251
0.969846 0.025175
0.964184 0.026167
0.958054 0.027221
0.951463 0.028332
0.944418 0.029497
0.936925 0.030710
0.928992 0.031966
0.920627 0.033261
0.911838 0.034591
0.902635 0.035951
0.893027 0.037340
0.883022 0.038754
0.872632 0.040189
0.861867 0.041646
0.850737 0.043121
0.839255 0.044615
0.827430 0.046128
0.815276 0.047659
0.802805 0.049210
0.790028 0.050783
0.776960 0.052379
0.763613 0.054000
0.750000 0.055650
0.736136 0.057330
0.722033 0.059031
0.707708 0.060745
0.693173 0.062464
0.678443 0.064177
0.663534 0.065147
0.648460 0.062387
0.633237 0.064035
0.617879 0.065715
0.602403 0.067421
0.586824 0.069147
0.571157 0.070883
0.555419 0.072619
0.539625 0.074340
0.523791 0.076031
0.507933 0.077676
0.492067 0.079257
0.476209 0.080757
0.460375 0.082158
0.444581 0.083444
0.428843 0.084600
0.413176 0.085614
0.397597 0.086476
0.382121 0.087177
0.366763 0.087713
0.351540 0.088081
0.336466 0.088281
0.321557 0.088323
0.306827 0.088240
0.292292 0.088034
0.277967 0.087703
0.263864 0.087248
0.250000 0.086667
0.236387 0.085959
0.223040 0.085124
0.209972 0.084162
0.197195 0.083072
0.184724 0.081856
0.172570 0.080515
0.160745 0.079049
0.149263 0.077460
0.138133 0.075751
0.127368 0.073925
0.116978 0.071986
0.106973 0.069940
0.097365 0.067795
0.088162 0.065557
0.079373 0.063234
0.071008 0.060833
0.063075 0.058362
0.055582 0.055827
0.048537 0.053236
0.041946 0.050595
0.035816 0.047912
0.030154 0.045192
0.024964 0.042441
0.020254 0.039667
0.016026 0.036874
0.012285 0.034068
0.009036 0.031254
0.006281 0.028439
0.004023 0.025629
0.002264 0.022833
0.001007 0.020074
0.000252 0.017442
0.000000 0.015776
0.000252 0.011048
0.001007 0.008502
0.002264 0.005918
0.004023 0.003389
0.006281 0.000934
0.009036 -0.001439
0.012285 -0.003725
0.016026 -0.005923
0.020254 -0.008031
0.024964 -0.010048
0.030154 -0.011973
0.035816 -0.013806
0.041946 -0.015545
0.048537 -0.017192
0.055582 -0.018746
0.063075 -0.020207
0.071008 -0.021577
0.079373 -0.022855
0.088162 -0.024043
0.097365 -0.025143
0.106973 -0.026157
0.116978 -0.027087
0.127368 -0.027936
0.138133 -0.028707
0.149263 -0.029401
0.160745 -0.030018
0.172570 -0.030559
0.184724 -0.031023
0.197195 -0.031410
0.209972 -0.031719
0.223040 -0.031951
0.236387 -0.032106
0.250000 -0.032187
0.263864 -0.032194
0.277967 -0.032127
0.292292 -0.031989
0.306827 -0.031783
0.321557 -0.031512
0.336466 -0.031181
0.351540 -0.030828
0.366763 -0.030472
0.382121 -0.030119
0.397597 -0.029773
0.413176 -0.029434
0.428843 -0.029099
0.444581 -0.028764
0.460375 -0.028422
0.476209 -0.028064
0.492067 -0.027681
0.507933 -0.027262
0.523791 -0.026797
0.539625 -0.026277
0.555419 -0.025692
0.571157 -0.025035
0.586824 -0.024301
0.602403 -0.023486
0.617879 -0.022589
0.633237 -0.021610
0.648460 -0.020555
0.663534 -0.018926
0.678443 -0.013247
0.693173 -0.012153
0.707708 -0.011040
0.722033 -0.009907
0.736136 -0.008749
0.750000 -0.007565
0.763613 -0.006354
0.776960 -0.005123
0.790028 -0.003880
0.802805 -0.002634
0.815276 -0.001392
0.827430 -0.000161
0.839255 0.001051
0.850737 0.002239
0.861867 0.003398
0.872632 0.004522
0.883022 0.005607
0.893027 0.006650
0.902635 0.007648
0.911838 0.008598
0.920627 0.009497
0.928992 0.010346
0.936925 0.011143
0.944418 0.011887
0.951463 0.012579
0.958054 0.013217
0.964184 0.013804
0.969846 0.014339
0.975036 0.014823
0.979746 0.015257
0.983974 0.015643
0.987715 0.015980
0.990964 0.016269
0.993719 0.016513
0.995977 0.016711
0.997736 0.016864
0.998993 0.016973
0.999748 0.017039
1.000000 0.017058
