airfoil_points_050
1.000000 0.007717
0.999748 0.007770
0.998993 0.007929
0.997736 0.008193
0.995977 0.008562
0.993719 0.009035
0.990964 0.009611
0.987715 0.010287
0.983974 0.011063
0.979746 0.011937
0.975036 0.012905
0.969846 0.013967
0.964184 0.015118
0.958054 0.016357
0.951463 0.017680
0.944418 0.019084
0.936925 0.020566
0.928992 0.022122
0.920627 0.023748
0.911838 0.025441
0.902635 0.027197
0.893027 0.029012
0.883022 0.030881
0.872632 0.032800
0.861867 0.034766
0.850737 0.036773
0.839255 0.038817
0.827430 0.040895
0.815276 0.043001
0.802805 0.045135
0.790028 0.047293
0.776960 0.049473
0.763613 0.051673
0.750000 0.053891
0.736136 0.056120
0.722033 0.058349
0.707708 0.060561
0.693173 0.062742
0.678443 0.064876
0.663534 0.066006
0.648460 0.062947
0.633237 0.064724
0.617879 0.066530
0.602403 0.068363
0.586824 0.070217
0.571157 0.072082
0.555419 0.073945
0.539625 0.075790
0.523791 0.077597
0.507933 0.079347
0.492067 0.081022
0.476209 0.082600
0.460375 0.084065
0.444581 0.085401
0.428843 0.086595
0.413176 0.087636
0.397597 0.088518
0.382121 0.089236
0.366763 0.089788
0.351540 0.090176
0.336466 0.090404
0.321557 0.090486
0.306827 0.090466
0.292292 0.090349
0.277967 0.090136
0.263864 0.089827
0.250000 0.089419
0.236387 0.088902
0.223040 0.088262
0.209972 0.087491
0.197195 0.086581
0.184724 0.085527
0.172570 0.084331
0.160745 0.082998
0.149263 0.081534
0.138133 0.079945
0.127368 0.078235
0.116978 0.076412
0.106973 0.074481
0.097365 0.072447
0.088162 0.070317
0.079373 0.068096
0.071008 0.065792
0.063075 0.063410
0.055582 0.060958
0.048537 0.058442
0.041946 0.055869
0.035816 0.053246
0.030154 0.050580
0.024964 0.047876
0.020254 0.045142
0.016026 0.042384
0.012285 0.039607
0.009036 0.036817
0.006281 0.034021
0.004023 0.031225
0.002264 0.028439
0.001007 0.025685
0.000252 0.023043
0.000000 0.021342
0.000252 0.016712
0.001007 0.014150
0.002264 0.011556
0.004023 0.009014
0.006281 0.006545
0.009036 0.004155
0.012285 0.001848
0.016026 -0.000376
0.020254 -0.002515
0.024964 -0.004569
0.030154 -0.006537
0.035816 -0.008420
0.041946 -0.010216
0.048537 -0.011927
0.055582 -0.013553
0.063075 -0.015095
0.071008 -0.016552
0.079373 -0.017926
0.088162 -0.019217
0.097365 -0.020426
0.106973 -0.021554
0.116978 -0.022602
0.127368 -0.023571
0.138133 -0.024463
0.149263 -0.025280
0.160745 -0.026024
0.172570 -0.026700
0.184724 -0.027310
0.197195 -0.027860
0.209972 -0.028351
0.223040 -0.028778
0.236387 -0.029134
0.250000 -0.029409
0.263864 -0.029594
0.277967 -0.029679
0.292292 -0.029663
0.306827 -0.029550
0.321557 -0.029345
0.336466 -0.029056
0.351540 -0.028732
0.366763 -0.028398
0.382121 -0.028062
0.397597 -0.027734
0.413176 -0.027416
0.428843 -0.027111
0.444581 -0.026816
0.460375 -0.026529
0.476209 -0.026240
0.492067 -0.025940
0.507933 -0.025618
0.523791 -0.025262
0.539625 -0.024858
0.555419 -0.024396
0.571157 -0.023865
0.586824 -0.023257
0.602403 -0.022567
0.617879 -0.021794
0.633237 -0.020939
0.648460 -0.020012
0.663534 -0.018444
0.678443 -0.012621
0.693173 -0.011957
0.707708 -0.011315
0.722033 -0.010684
0.736136 -0.010055
0.750000 -0.009421
0.763613 -0.008775
0.776960 -0.008120
0.790028 -0.007458
0.802805 -0.006795
0.815276 -0.006132
0.827430 -0.005474
0.839255 -0.004823
0.850737 -0.004182
0.861867 -0.003552
0.872632 -0.002933
0.883022 -0.002327
0.893027 -0.001735
0.902635 -0.001159
0.911838 -0.000600
0.920627 -0.000058
0.928992 0.000464
0.936925 0.000965
0.944418 0.001444
0.951463 0.001900
0.958054 0.002331
0.964184 0.002736
0.969846 0.003114
0.975036 0.003464
0.979746 0.003784
0.983974 0.004074
0.987715 0.004332
0.990964 0.004557
0.993719 0.004749
0.995977 0.004908
0.997736 0.005031
0.998993 0.005120
0.999748 0.005173
1.000000 0.005190
