=== Airfoil Parameters ===
m = 0.02
p = 0.4
t = 0.12

=== Control Points ===
0.00000, 0.01285, 0.01285
0.06667, 0.01747, 0.01135
0.13333, 0.01967, 0.00856
0.20000, 0.01980, 0.00480
0.26667, 0.01827, 0.00050
0.66667, 0.01215, -0.00390
0.75000, 0.00521, -0.00798
0.83333, -0.00182, -0.01138
0.91667, -0.00865, -0.01382
1.00000, -0.01509, -0.01509

=== Upper Surface ===
0.00000, 0.01285
-0.00004, 0.01313
-0.00005, 0.01341
-0.00005, 0.01369
-0.00006, 0.01396
-0.00006, 0.01424
-0.00006, 0.01452
-0.00005, 0.01480
-0.00004, 0.01508
-0.00002, 0.01536
-0.00000, 0.01564
0.00003, 0.01592
0.00006, 0.01620
0.00010, 0.01648
0.00014, 0.01676
0.00019, 0.01704
0.00024, 0.01732
0.00030, 0.01760
0.00036, 0.01788
0.00043, 0.01816
0.00050, 0.01844
0.00057, 0.01872
0.00066, 0.01900
0.00074, 0.01928
0.00084, 0.01956
0.00094, 0.01984
0.00104, 0.02012
0.00115, 0.02040
0.00126, 0.02068
0.00138, 0.02096
0.00150, 0.02125
0.00163, 0.02153
0.00176, 0.02181
0.00190, 0.02209
0.00204, 0.02237
0.00219, 0.02265
0.00234, 0.02293
0.00250, 0.02321
0.00266, 0.02349
0.00283, 0.02377
0.00300, 0.02405
0.00318, 0.02433
0.00336, 0.02461
0.00355, 0.02489
0.00375, 0.02517
0.00394, 0.02545
0.00415, 0.02574
0.00436, 0.02602
0.00457, 0.02630
0.00479, 0.02658
0.00501, 0.02686
0.00524, 0.02714
0.00547, 0.02742
0.00571, 0.02770
0.00596, 0.02798
0.00621, 0.02826
0.00646, 0.02854
0.00672, 0.02882
0.00698, 0.02910
0.00725, 0.02938
0.00752, 0.02966
0.00780, 0.02994
0.00809, 0.03022
0.00838, 0.03050
0.00867, 0.03077
0.00897, 0.03105
0.00927, 0.03133
0.00958, 0.03161
0.00990, 0.03189
0.01022, 0.03217
0.01054, 0.03245
0.01087, 0.03273
0.01121, 0.03300
0.01155, 0.03328
0.01189, 0.03356
0.01224, 0.03384
0.01259, 0.03412
0.01295, 0.03439
0.01332, 0.03467
0.01369, 0.03495
0.01406, 0.03522
0.01444, 0.03550
0.01483, 0.03578
0.01522, 0.03605
0.01561, 0.03633
0.01601, 0.03660
0.01641, 0.03688
0.01682, 0.03715
0.01724, 0.03743
0.01766, 0.03770
0.01808, 0.03798
0.01851, 0.03825
0.01895, 0.03853
0.01939, 0.03880
0.01983, 0.03907
0.02028, 0.03934
0.02073, 0.03962
0.02119, 0.03989
0.02166, 0.04016
0.02213, 0.04043
0.02260, 0.04070
0.02308, 0.04098
0.02356, 0.04125
0.02405, 0.04152
0.02455, 0.04179
0.02505, 0.04206
0.02555, 0.04232
0.02606, 0.04259
0.02657, 0.04286
0.02709, 0.04313
0.02761, 0.04340
0.02814, 0.04366
0.02867, 0.04393
0.02921, 0.04420
0.02976, 0.04446
0.03030, 0.04473
0.03086, 0.04499
0.03141, 0.04526
0.03198, 0.04552
0.03254, 0.04578
0.03312, 0.04605
0.03369, 0.04631
0.03428, 0.04657
0.03486, 0.04683
0.03545, 0.04709
0.03605, 0.04735
0.03665, 0.04761
0.03726, 0.04787
0.03787, 0.04813
0.03849, 0.04839
0.03911, 0.04865
0.03973, 0.04890
0.04036, 0.04916
0.04100, 0.04941
0.04164, 0.04967
0.04228, 0.04992
0.04293, 0.05018
0.04359, 0.05043
0.04424, 0.05068
0.04491, 0.05094
0.04558, 0.05119
0.04625, 0.05144
0.04693, 0.05169
0.04761, 0.05194
0.04830, 0.05219
0.04899, 0.05243
0.04969, 0.05268
0.05039, 0.05293
0.05109, 0.05317
0.05180, 0.05342
0.05252, 0.05366
0.05324, 0.05391
0.05396, 0.05415
0.05469, 0.05439
0.05543, 0.05463
0.05617, 0.05487
0.05691, 0.05511
0.05766, 0.05535
0.05841, 0.05559
0.05917, 0.05583
0.05993, 0.05606
0.06070, 0.05630
0.06147, 0.05653
0.06224, 0.05677
0.06302, 0.05700
0.06381, 0.05723
0.06460, 0.05746
0.06539, 0.05769
0.06619, 0.05792
0.06699, 0.05815
0.06780, 0.05838
0.06861, 0.05860
0.06943, 0.05883
0.07025, 0.05906
0.07107, 0.05928
0.07190, 0.05950
0.07274, 0.05972
0.07358, 0.05995
0.07442, 0.06017
0.07527, 0.06038
0.07612, 0.06060
0.07698, 0.06082
0.07784, 0.06104
0.07870, 0.06125
0.07957, 0.06146
0.08045, 0.06168
0.08132, 0.06189
0.08221, 0.06210
0.08309, 0.06231
0.08398, 0.06252
0.08488, 0.06273
0.08578, 0.06293
0.08668, 0.06314
0.08759, 0.06334
0.08851, 0.06355
0.08942, 0.06375
0.09034, 0.06395
0.09127, 0.06415
0.09220, 0.06435
0.09313, 0.06455
0.09407, 0.06474
0.09501, 0.06494
0.09596, 0.06513
0.09691, 0.06533
0.09787, 0.06552
0.09883, 0.06571
0.09979, 0.06590
0.10076, 0.06609
0.10173, 0.06628
0.10270, 0.06646
0.10368, 0.06665
0.10467, 0.06683
0.10566, 0.06701
0.10665, 0.06719
0.10764, 0.06737
0.10864, 0.06755
0.10965, 0.06773
0.11066, 0.06791
0.11167, 0.06808
0.11268, 0.06825
0.11370, 0.06843
0.11473, 0.06860
0.11576, 0.06877
0.11679, 0.06894
0.11783, 0.06910
0.11887, 0.06927
0.11991, 0.06943
0.12096, 0.06960
0.12201, 0.06976
0.12306, 0.06992
0.12412, 0.07008
0.12519, 0.07024
0.12625, 0.07039
0.12732, 0.07055
0.12840, 0.07070
0.12948, 0.07085
0.13056, 0.07100
0.13164, 0.07115
0.13273, 0.07130
0.13383, 0.07145
0.13493, 0.07159
0.13603, 0.07174
0.13713, 0.07188
0.13824, 0.07202
0.13935, 0.07216
0.14047, 0.07230
0.14159, 0.07244
0.14272, 0.07257
0.14385, 0.07271
0.14498, 0.07284
0.14611, 0.07297
0.14725, 0.07310
0.14840, 0.07323
0.14955, 0.07335
0.15070, 0.07348
0.15185, 0.07360
0.15301, 0.07372
0.15417, 0.07384
0.15534, 0.07396
0.15651, 0.07408
0.15768, 0.07420
0.15886, 0.07431
0.16004, 0.07442
0.16123, 0.07453
0.16241, 0.07464
0.16361, 0.07475
0.16480, 0.07486
0.16600, 0.07496
0.16720, 0.07506
0.16841, 0.07516
0.16962, 0.07526
0.17084, 0.07536
0.17205, 0.07546
0.17327, 0.07555
0.17450, 0.07564
0.17573, 0.07573
0.17696, 0.07582
0.17819, 0.07591
0.17943, 0.07599
0.18067, 0.07608
0.18192, 0.07616
0.18317, 0.07624
0.18442, 0.07632
0.18568, 0.07640
0.18693, 0.07647
0.18820, 0.07654
0.18946, 0.07661
0.19073, 0.07668
0.19201, 0.07675
0.19328, 0.07682
0.19456, 0.07688
0.19584, 0.07694
0.19713, 0.07700
0.19842, 0.07706
0.19971, 0.07712
0.20101, 0.07717
0.20230, 0.07722
0.20360, 0.07727
0.20491, 0.07732
0.20621, 0.07737
0.20752, 0.07741
0.20883, 0.07746
0.21013, 0.07750
0.21145, 0.07754
0.21276, 0.07758
0.21407, 0.07761
0.21539, 0.07765
0.21671, 0.07768
0.21803, 0.07771
0.21935, 0.07774
0.22067, 0.07777
0.22200, 0.07780
0.22333, 0.07782
0.22465, 0.07785
0.22598, 0.07787
0.22731, 0.07789
0.22865, 0.07791
0.22998, 0.07793
0.23131, 0.07795
0.23265, 0.07796
0.23399, 0.07798
0.23533, 0.07799
0.23667, 0.07800
0.23801, 0.07801
0.23935, 0.07802
0.24070, 0.07803
0.24204, 0.07804
0.24339, 0.07804
0.24473, 0.07805
0.24608, 0.07805
0.24743, 0.07806
0.24878, 0.07806
0.25013, 0.07806
0.25149, 0.07806
0.25284, 0.07806
0.25420, 0.07806
0.25555, 0.07806
0.25691, 0.07806
0.25827, 0.07805
0.25962, 0.07805
0.26098, 0.07805
0.26234, 0.07804
0.26370, 0.07804
0.26507, 0.07803
0.26643, 0.07803
0.26779, 0.07802
0.26916, 0.07801
0.27053, 0.07801
0.27190, 0.07800
0.27327, 0.07799
0.27465, 0.07798
0.27602, 0.07797
0.27740, 0.07796
0.27878, 0.07795
0.28017, 0.07794
0.28155, 0.07793
0.28294, 0.07792
0.28433, 0.07791
0.28573, 0.07790
0.28712, 0.07789
0.28852, 0.07787
0.28992, 0.07786
0.29133, 0.07785
0.29273, 0.07783
0.29414, 0.07782
0.29555, 0.07780
0.29696, 0.07779
0.29837, 0.07777
0.29979, 0.07776
0.30121, 0.07774
0.30263, 0.07772
0.30405, 0.07770
0.30548, 0.07769
0.30691, 0.07767
0.30834, 0.07765
0.30977, 0.07763
0.31120, 0.07761
0.31264, 0.07759
0.31408, 0.07757
0.31552, 0.07755
0.31696, 0.07753
0.31840, 0.07750
0.31985, 0.07748
0.32130, 0.07746
0.32275, 0.07744
0.32420, 0.07741
0.32566, 0.07739
0.32711, 0.07736
0.32857, 0.07734
0.33003, 0.07731
0.33149, 0.07728
0.33294, 0.07726
0.33440, 0.07723
0.33587, 0.07720
0.33733, 0.07718
0.33879, 0.07715
0.34026, 0.07712
0.34173, 0.07709
0.34320, 0.07706
0.34467, 0.07703
0.34615, 0.07700
0.34763, 0.07697
0.34911, 0.07694
0.35059, 0.07691
0.35207, 0.07688
0.35355, 0.07685
0.35504, 0.07682
0.35653, 0.07678
0.35802, 0.07675
0.35951, 0.07672
0.36100, 0.07668
0.36250, 0.07665
0.36400, 0.07662
0.36550, 0.07658
0.36700, 0.07654
0.36850, 0.07651
0.37001, 0.07647
0.37151, 0.07644
0.37302, 0.07640
0.37453, 0.07636
0.37604, 0.07632
0.37756, 0.07628
0.37907, 0.07624
0.38059, 0.07620
0.38211, 0.07616
0.38363, 0.07612
0.38515, 0.07608
0.38667, 0.07604
0.38820, 0.07599
0.38973, 0.07595
0.39126, 0.07591
0.39279, 0.07586
0.39432, 0.07582
0.39585, 0.07577
0.39739, 0.07572
0.39892, 0.07568
0.40046, 0.07563
0.40200, 0.07558
0.40354, 0.07553
0.40508, 0.07548
0.40663, 0.07543
0.40817, 0.07538
0.40972, 0.07533
0.41126, 0.07527
0.41281, 0.07522
0.41436, 0.07516
0.41592, 0.07511
0.41747, 0.07505
0.41902, 0.07500
0.42058, 0.07494
0.42213, 0.07488
0.42369, 0.07482
0.42525, 0.07476
0.42681, 0.07470
0.42837, 0.07464
0.42993, 0.07458
0.43150, 0.07451
0.43306, 0.07445
0.43463, 0.07439
0.43619, 0.07432
0.43776, 0.07425
0.43933, 0.07419
0.44090, 0.07412
0.44247, 0.07405
0.44404, 0.07398
0.44561, 0.07391
0.44718, 0.07384
0.44875, 0.07376
0.45033, 0.07369
0.45190, 0.07362
0.45348, 0.07354
0.45505, 0.07346
0.45663, 0.07339
0.45821, 0.07331
0.45979, 0.07323
0.46137, 0.07315
0.46295, 0.07307
0.46452, 0.07299
0.46611, 0.07290
0.46769, 0.07282
0.46927, 0.07273
0.47085, 0.07265
0.47243, 0.07256
0.47401, 0.07247
0.47560, 0.07238
0.47718, 0.07229
0.47876, 0.07220
0.48035, 0.07211
0.48193, 0.07202
0.48352, 0.07193
0.48510, 0.07183
0.48668, 0.07174
0.48827, 0.07164
0.48985, 0.07154
0.49144, 0.07144
0.49303, 0.07134
0.49461, 0.07124
0.49620, 0.07114
0.49778, 0.07104
0.49937, 0.07094
0.50095, 0.07083
0.50254, 0.07073
0.50412, 0.07062
0.50571, 0.07052
0.50729, 0.07041
0.50888, 0.07030
0.51046, 0.07019
0.51205, 0.07008
0.51363, 0.06997
0.51522, 0.06986
0.51680, 0.06974
0.51839, 0.06963
0.51997, 0.06951
0.52155, 0.06940
0.52314, 0.06928
0.52472, 0.06916
0.52630, 0.06904
0.52788, 0.06892
0.52947, 0.06880
0.53105, 0.06868
0.53263, 0.06856
0.53421, 0.06844
0.53579, 0.06831
0.53737, 0.06819
0.53895, 0.06806
0.54053, 0.06794
0.54210, 0.06781
0.54368, 0.06768
0.54526, 0.06755
0.54683, 0.06742
0.54841, 0.06729
0.54999, 0.06716
0.55156, 0.06703
0.55313, 0.06690
0.55471, 0.06676
0.55628, 0.06663
0.55785, 0.06649
0.55943, 0.06636
0.56100, 0.06622
0.56257, 0.06608
0.56414, 0.06595
0.56570, 0.06581
0.56727, 0.06567
0.56884, 0.06553
0.57041, 0.06539
0.57197, 0.06524
0.57354, 0.06510
0.57510, 0.06496
0.57666, 0.06482
0.57823, 0.06467
0.57979, 0.06453
0.58135, 0.06438
0.58291, 0.06423
0.58447, 0.06409
0.58603, 0.06394
0.58759, 0.06379
0.58914, 0.06364
0.59070, 0.06349
0.59225, 0.06334
0.59381, 0.06319
0.59536, 0.06303
0.59691, 0.06288
0.59846, 0.06273
0.60001, 0.06257
0.60156, 0.06242
0.60311, 0.06226
0.60466, 0.06211
0.60621, 0.06195
0.60775, 0.06179
0.60930, 0.06163
0.61084, 0.06147
0.61238, 0.06131
0.61393, 0.06115
0.61547, 0.06099
0.61701, 0.06083
0.61855, 0.06067
0.62008, 0.06050
0.62162, 0.06034
0.62316, 0.06018
0.62469, 0.06001
0.62622, 0.05984
0.62776, 0.05968
0.62929, 0.05951
0.63082, 0.05934
0.63235, 0.05917
0.63388, 0.05900
0.63540, 0.05883
0.63693, 0.05866
0.63845, 0.05849
0.63998, 0.05832
0.64150, 0.05814
0.64302, 0.05797
0.64454, 0.05779
0.64606, 0.05762
0.64758, 0.05744
0.64910, 0.05726
0.65063, 0.05708
0.65223, 0.05690
0.65407, 0.05670
0.65655, 0.05645
0.66024, 0.05598
0.66531, 0.05502
0.67081, 0.05342
0.67498, 0.05175
0.67665, 0.05089
0.67584, 0.05102
0.67371, 0.05150
0.67192, 0.05172
0.67139, 0.05167
0.67197, 0.05148
0.67317, 0.05126
0.67459, 0.05101
0.67607, 0.05077
0.67756, 0.05052
0.67905, 0.05027
0.68053, 0.05002
0.68202, 0.04977
0.68350, 0.04952
0.68498, 0.04927
0.68646, 0.04902
0.68793, 0.04876
0.68941, 0.04851
0.69087, 0.04825
0.69234, 0.04800
0.69380, 0.04774
0.69526, 0.04748
0.69672, 0.04722
0.69818, 0.04696
0.69963, 0.04670
0.70108, 0.04644
0.70253, 0.04618
0.70397, 0.04592
0.70541, 0.04566
0.70685, 0.04540
0.70829, 0.04513
0.70972, 0.04487
0.71115, 0.04461
0.71258, 0.04434
0.71400, 0.04408
0.71543, 0.04382
0.71685, 0.04355
0.71826, 0.04329
0.71968, 0.04302
0.72109, 0.04276
0.72250, 0.04249
0.72390, 0.04223
0.72530, 0.04196
0.72670, 0.04170
0.72810, 0.04143
0.72949, 0.04117
0.73089, 0.04090
0.73227, 0.04064
0.73366, 0.04037
0.73504, 0.04011
0.73642, 0.03985
0.73780, 0.03958
0.73917, 0.03932
0.74055, 0.03905
0.74191, 0.03879
0.74328, 0.03853
0.74464, 0.03826
0.74600, 0.03800
0.74736, 0.03774
0.74871, 0.03748
0.75007, 0.03722
0.75141, 0.03696
0.75276, 0.03669
0.75410, 0.03643
0.75544, 0.03618
0.75678, 0.03592
0.75812, 0.03566
0.75945, 0.03540
0.76078, 0.03514
0.76211, 0.03488
0.76344, 0.03463
0.76476, 0.03437
0.76608, 0.03411
0.76740, 0.03386
0.76872, 0.03360
0.77003, 0.03335
0.77134, 0.03309
0.77265, 0.03284
0.77396, 0.03259
0.77526, 0.03233
0.77656, 0.03208
0.77786, 0.03183
0.77916, 0.03158
0.78045, 0.03133
0.78174, 0.03108
0.78303, 0.03083
0.78432, 0.03058
0.78560, 0.03033
0.78688, 0.03008
0.78816, 0.02983
0.78943, 0.02958
0.79070, 0.02933
0.79197, 0.02908
0.79324, 0.02884
0.79450, 0.02859
0.79576, 0.02834
0.79702, 0.02810
0.79827, 0.02785
0.79953, 0.02761
0.80078, 0.02736
0.80202, 0.02712
0.80327, 0.02688
0.80451, 0.02663
0.80574, 0.02639
0.80698, 0.02615
0.80821, 0.02591
0.80944, 0.02567
0.81067, 0.02542
0.81189, 0.02518
0.81311, 0.02494
0.81433, 0.02470
0.81554, 0.02447
0.81675, 0.02423
0.81796, 0.02399
0.81917, 0.02375
0.82037, 0.02351
0.82157, 0.02328
0.82276, 0.02304
0.82396, 0.02280
0.82515, 0.02257
0.82633, 0.02233
0.82752, 0.02210
0.82870, 0.02186
0.82987, 0.02163
0.83105, 0.02140
0.83222, 0.02116
0.83339, 0.02093
0.83455, 0.02070
0.83571, 0.02047
0.83687, 0.02024
0.83802, 0.02001
0.83917, 0.01978
0.84032, 0.01955
0.84147, 0.01932
0.84261, 0.01909
0.84374, 0.01886
0.84488, 0.01863
0.84601, 0.01840
0.84714, 0.01818
0.84826, 0.01795
0.84938, 0.01773
0.85050, 0.01750
0.85161, 0.01728
0.85272, 0.01705
0.85383, 0.01683
0.85493, 0.01661
0.85603, 0.01638
0.85713, 0.01616
0.85822, 0.01594
0.85931, 0.01572
0.86040, 0.01550
0.86148, 0.01528
0.86256, 0.01506
0.86363, 0.01484
0.86471, 0.01462
0.86577, 0.01441
0.86684, 0.01419
0.86790, 0.01397
0.86896, 0.01376
0.87001, 0.01354
0.87106, 0.01333
0.87211, 0.01312
0.87315, 0.01290
0.87419, 0.01269
0.87522, 0.01248
0.87626, 0.01227
0.87728, 0.01206
0.87831, 0.01185
0.87933, 0.01164
0.88035, 0.01143
0.88136, 0.01122
0.88237, 0.01101
0.88337, 0.01081
0.88438, 0.01060
0.88537, 0.01039
0.88637, 0.01019
0.88736, 0.00998
0.88835, 0.00978
0.88933, 0.00958
0.89031, 0.00938
0.89128, 0.00918
0.89226, 0.00897
0.89322, 0.00877
0.89419, 0.00857
0.89515, 0.00838
0.89610, 0.00818
0.89706, 0.00798
0.89800, 0.00778
0.89895, 0.00759
0.89989, 0.00739
0.90083, 0.00720
0.90176, 0.00701
0.90269, 0.00681
0.90361, 0.00662
0.90453, 0.00643
0.90545, 0.00624
0.90636, 0.00605
0.90727, 0.00586
0.90818, 0.00567
0.90908, 0.00548
0.90998, 0.00530
0.91087, 0.00511
0.91176, 0.00492
0.91264, 0.00474
0.91352, 0.00456
0.91440, 0.00437
0.91527, 0.00419
0.91614, 0.00401
0.91701, 0.00383
0.91787, 0.00365
0.91873, 0.00347
0.91958, 0.00329
0.92043, 0.00311
0.92127, 0.00293
0.92211, 0.00276
0.92295, 0.00258
0.92378, 0.00241
0.92461, 0.00223
0.92543, 0.00206
0.92625, 0.00189
0.92707, 0.00172
0.92788, 0.00155
0.92868, 0.00138
0.92949, 0.00121
0.93029, 0.00104
0.93108, 0.00087
0.93187, 0.00071
0.93266, 0.00054
0.93344, 0.00038
0.93422, 0.00021
0.93499, 0.00005
0.93576, -0.00011
0.93652, -0.00027
0.93728, -0.00043
0.93804, -0.00059
0.93879, -0.00075
0.93954, -0.00091
0.94028, -0.00107
0.94102, -0.00122
0.94176, -0.00138
0.94249, -0.00153
0.94321, -0.00169
0.94394, -0.00184
0.94465, -0.00199
0.94537, -0.00214
0.94608, -0.00229
0.94678, -0.00244
0.94748, -0.00259
0.94818, -0.00274
0.94887, -0.00288
0.94955, -0.00303
0.95024, -0.00317
0.95091, -0.00332
0.95159, -0.00346
0.95226, -0.00360
0.95292, -0.00374
0.95358, -0.00388
0.95424, -0.00402
0.95489, -0.00416
0.95554, -0.00430
0.95618, -0.00444
0.95682, -0.00457
0.95745, -0.00471
0.95808, -0.00484
0.95871, -0.00497
0.95933, -0.00511
0.95994, -0.00524
0.96056, -0.00537
0.96116, -0.00550
0.96177, -0.00562
0.96236, -0.00575
0.96296, -0.00588
0.96355, -0.00600
0.96413, -0.00613
0.96471, -0.00625
0.96529, -0.00637
0.96586, -0.00650
0.96642, -0.00662
0.96698, -0.00674
0.96754, -0.00686
0.96809, -0.00697
0.96864, -0.00709
0.96919, -0.00721
0.96972, -0.00732
0.97026, -0.00744
0.97079, -0.00755
0.97131, -0.00766
0.97183, -0.00777
0.97235, -0.00788
0.97286, -0.00799
0.97337, -0.00810
0.97387, -0.00821
0.97437, -0.00831
0.97486, -0.00842
0.97535, -0.00852
0.97583, -0.00863
0.97631, -0.00873
0.97678, -0.00883
0.97725, -0.00893
0.97772, -0.00903
0.97818, -0.00913
0.97863, -0.00923
0.97909, -0.00932
0.97953, -0.00942
0.97997, -0.00951
0.98041, -0.00961
0.98084, -0.00970
0.98127, -0.00979
0.98169, -0.00988
0.98211, -0.00997
0.98252, -0.01006
0.98293, -0.01015
0.98334, -0.01023
0.98373, -0.01032
0.98413, -0.01040
0.98452, -0.01049
0.98490, -0.01057
0.98528, -0.01065
0.98566, -0.01073
0.98603, -0.01081
0.98640, -0.01089
0.98676, -0.01097
0.98711, -0.01104
0.98746, -0.01112
0.98781, -0.01119
0.98815, -0.01127
0.98849, -0.01134
0.98882, -0.01141
0.98915, -0.01148
0.98947, -0.01155
0.98979, -0.01162
0.99011, -0.01169
0.99041, -0.01175
0.99072, -0.01182
0.99102, -0.01188
0.99131, -0.01195
0.99160, -0.01201
0.99188, -0.01207
0.99216, -0.01213
0.99244, -0.01219
0.99271, -0.01225
0.99298, -0.01230
0.99324, -0.01236
0.99349, -0.01241
0.99374, -0.01247
0.99399, -0.01252
0.99423, -0.01257
0.99447, -0.01262
0.99470, -0.01267
0.99492, -0.01272
0.99515, -0.01277
0.99536, -0.01282
0.99558, -0.01286
0.99578, -0.01291
0.99599, -0.01295
0.99618, -0.01299
0.99638, -0.01304
0.99656, -0.01308
0.99675, -0.01312
0.99692, -0.01315
0.99710, -0.01319
0.99727, -0.01323
0.99743, -0.01326
0.99759, -0.01330
0.99774, -0.01333
0.99789, -0.01336
0.99804, -0.01339
0.99818, -0.01342
0.99831, -0.01345
0.99844, -0.01348
0.99856, -0.01351
0.99868, -0.01353
0.99880, -0.01356
0.99891, -0.01358
0.99901, -0.01360
0.99911, -0.01362
0.99921, -0.01365
0.99930, -0.01366
0.99939, -0.01368
0.99947, -0.01370
0.99954, -0.01372
0.99961, -0.01373
0.99968, -0.01375
0.99974, -0.01376
0.99980, -0.01377
0.99985, -0.01378
0.99989, -0.01379
0.99994, -0.01380
0.99997, -0.01381
1.00000, -0.01382
1.00003, -0.01382
1.00005, -0.01383
1.00007, -0.01383
1.00009, -0.01383
1.00014, -0.01384
1.00015, -0.01384

=== Lower Surface ===
0.00000, 0.01285
0.00004, 0.01257
0.00006, 0.01229
0.00010, 0.01202
0.00014, 0.01174
0.00019, 0.01146
0.00024, 0.01119
0.00030, 0.01092
0.00036, 0.01064
0.00042, 0.01037
0.00050, 0.01010
0.00057, 0.00983
0.00065, 0.00956
0.00074, 0.00929
0.00083, 0.00902
0.00093, 0.00876
0.00103, 0.00849
0.00113, 0.00822
0.00124, 0.00796
0.00136, 0.00770
0.00148, 0.00743
0.00160, 0.00717
0.00173, 0.00691
0.00187, 0.00665
0.00201, 0.00639
0.00215, 0.00613
0.00230, 0.00587
0.00246, 0.00561
0.00262, 0.00536
0.00278, 0.00510
0.00295, 0.00485
0.00312, 0.00459
0.00330, 0.00434
0.00348, 0.00409
0.00367, 0.00384
0.00386, 0.00359
0.00406, 0.00334
0.00426, 0.00309
0.00447, 0.00284
0.00468, 0.00259
0.00490, 0.00234
0.00512, 0.00210
0.00535, 0.00185
0.00558, 0.00161
0.00581, 0.00137
0.00605, 0.00112
0.00630, 0.00088
0.00655, 0.00064
0.00680, 0.00040
0.00706, 0.00016
0.00732, -0.00008
0.00759, -0.00031
0.00787, -0.00055
0.00814, -0.00079
0.00843, -0.00102
0.00872, -0.00126
0.00901, -0.00149
0.00930, -0.00172
0.00961, -0.00196
0.00991, -0.00219
0.01022, -0.00242
0.01054, -0.00265
0.01086, -0.00288
0.01118, -0.00310
0.01151, -0.00333
0.01185, -0.00356
0.01219, -0.00378
0.01253, -0.00401
0.01288, -0.00423
0.01323, -0.00445
0.01359, -0.00468
0.01395, -0.00490
0.01432, -0.00512
0.01469, -0.00534
0.01507, -0.00556
0.01545, -0.00578
0.01583, -0.00600
0.01622, -0.00621
0.01662, -0.00643
0.01701, -0.00664
0.01742, -0.00686
0.01783, -0.00707
0.01824, -0.00728
0.01866, -0.00750
0.01908, -0.00771
0.01950, -0.00792
0.01993, -0.00813
0.02037, -0.00834
0.02081, -0.00855
0.02125, -0.00875
0.02170, -0.00896
0.02216, -0.00917
0.02262, -0.00937
0.02308, -0.00958
0.02354, -0.00978
0.02402, -0.00998
0.02449, -0.01019
0.02497, -0.01039
0.02546, -0.01059
0.02595, -0.01079
0.02644, -0.01099
0.02694, -0.01119
0.02744, -0.01138
0.02795, -0.01158
0.02846, -0.01178
0.02898, -0.01197
0.02950, -0.01217
0.03002, -0.01236
0.03055, -0.01255
0.03109, -0.01275
0.03162, -0.01294
0.03217, -0.01313
0.03271, -0.01332
0.03326, -0.01351
0.03382, -0.01370
0.03438, -0.01388
0.03494, -0.01407
0.03551, -0.01426
0.03609, -0.01444
0.03666, -0.01463
0.03725, -0.01481
0.03783, -0.01500
0.03842, -0.01518
0.03902, -0.01536
0.03962, -0.01554
0.04022, -0.01572
0.04083, -0.01590
0.04144, -0.01608
0.04206, -0.01626
0.04268, -0.01644
0.04330, -0.01662
0.04393, -0.01679
0.04456, -0.01697
0.04520, -0.01714
0.04584, -0.01732
0.04649, -0.01749
0.04714, -0.01767
0.04779, -0.01784
0.04845, -0.01801
0.04912, -0.01818
0.04978, -0.01835
0.05046, -0.01852
0.05113, -0.01869
0.05181, -0.01886
0.05250, -0.01902
0.05318, -0.01919
0.05388, -0.01936
0.05457, -0.01952
0.05527, -0.01969
0.05598, -0.01985
0.05669, -0.02001
0.05740, -0.02018
0.05812, -0.02034
0.05884, -0.02050
0.05957, -0.02066
0.06030, -0.02082
0.06103, -0.02098
0.06177, -0.02114
0.06251, -0.02130
0.06326, -0.02145
0.06401, -0.02161
0.06476, -0.02177
0.06552, -0.02192
0.06628, -0.02208
0.06705, -0.02223
0.06782, -0.02239
0.06859, -0.02254
0.06937, -0.02269
0.07015, -0.02284
0.07094, -0.02299
0.07173, -0.02314
0.07253, -0.02329
0.07332, -0.02344
0.07413, -0.02359
0.07493, -0.02374
0.07574, -0.02388
0.07656, -0.02403
0.07738, -0.02418
0.07820, -0.02432
0.07903, -0.02447
0.07986, -0.02461
0.08069, -0.02475
0.08153, -0.02490
0.08237, -0.02504
0.08322, -0.02518
0.08407, -0.02532
0.08492, -0.02546
0.08578, -0.02560
0.08664, -0.02574
0.08751, -0.02588
0.08838, -0.02602
0.08925, -0.02615
0.09013, -0.02629
0.09101, -0.02643
0.09189, -0.02656
0.09278, -0.02670
0.09367, -0.02683
0.09457, -0.02697
0.09547, -0.02710
0.09637, -0.02723
0.09728, -0.02736
0.09819, -0.02749
0.09911, -0.02762
0.10003, -0.02776
0.10095, -0.02788
0.10188, -0.02801
0.10281, -0.02814
0.10374, -0.02827
0.10468, -0.02840
0.10562, -0.02852
0.10657, -0.02865
0.10751, -0.02878
0.10847, -0.02890
0.10942, -0.02903
0.11038, -0.02915
0.11135, -0.02927
0.11232, -0.02940
0.11329, -0.02952
0.11426, -0.02964
0.11524, -0.02976
0.11622, -0.02988
0.11721, -0.03000
0.11820, -0.03012
0.11919, -0.03024
0.12019, -0.03036
0.12119, -0.03048
0.12219, -0.03059
0.12320, -0.03071
0.12421, -0.03083
0.12523, -0.03094
0.12624, -0.03106
0.12727, -0.03117
0.12829, -0.03128
0.12932, -0.03140
0.13035, -0.03151
0.13139, -0.03162
0.13243, -0.03174
0.13347, -0.03185
0.13452, -0.03196
0.13557, -0.03207
0.13662, -0.03218
0.13768, -0.03229
0.13874, -0.03240
0.13980, -0.03250
0.14087, -0.03261
0.14194, -0.03272
0.14301, -0.03283
0.14409, -0.03293
0.14517, -0.03304
0.14625, -0.03314
0.14734, -0.03325
0.14842, -0.03335
0.14952, -0.03346
0.15061, -0.03356
0.15171, -0.03366
0.15281, -0.03377
0.15392, -0.03387
0.15502, -0.03397
0.15614, -0.03407
0.15725, -0.03417
0.15837, -0.03427
0.15949, -0.03437
0.16061, -0.03447
0.16174, -0.03457
0.16287, -0.03467
0.16400, -0.03477
0.16513, -0.03487
0.16627, -0.03497
0.16741, -0.03506
0.16856, -0.03516
0.16970, -0.03526
0.17085, -0.03535
0.17201, -0.03545
0.17316, -0.03555
0.17432, -0.03564
0.17548, -0.03574
0.17665, -0.03583
0.17782, -0.03593
0.17899, -0.03602
0.18016, -0.03611
0.18134, -0.03621
0.18252, -0.03630
0.18370, -0.03639
0.18488, -0.03649
0.18607, -0.03658
0.18726, -0.03667
0.18845, -0.03676
0.18965, -0.03686
0.19085, -0.03695
0.19205, -0.03704
0.19325, -0.03713
0.19446, -0.03722
0.19567, -0.03731
0.19688, -0.03740
0.19810, -0.03750
0.19931, -0.03759
0.20054, -0.03768
0.20176, -0.03777
0.20299, -0.03786
0.20422, -0.03795
0.20546, -0.03804
0.20670, -0.03813
0.20795, -0.03821
0.20920, -0.03830
0.21045, -0.03839
0.21171, -0.03848
0.21297, -0.03857
0.21423, -0.03866
0.21550, -0.03874
0.21677, -0.03883
0.21805, -0.03892
0.21933, -0.03900
0.22061, -0.03909
0.22190, -0.03917
0.22320, -0.03926
0.22449, -0.03934
0.22579, -0.03942
0.22710, -0.03951
0.22841, -0.03959
0.22972, -0.03967
0.23104, -0.03975
0.23236, -0.03983
0.23368, -0.03991
0.23501, -0.03999
0.23634, -0.04007
0.23768, -0.04014
0.23902, -0.04022
0.24036, -0.04029
0.24171, -0.04037
0.24306, -0.04044
0.24442, -0.04051
0.24578, -0.04059
0.24714, -0.04066
0.24851, -0.04073
0.24988, -0.04079
0.25126, -0.04086
0.25264, -0.04093
0.25402, -0.04099
0.25541, -0.04105
0.25680, -0.04112
0.25820, -0.04118
0.25960, -0.04124
0.26100, -0.04129
0.26241, -0.04135
0.26382, -0.04141
0.26523, -0.04146
0.26665, -0.04151
0.26807, -0.04156
0.26949, -0.04161
0.27092, -0.04166
0.27235, -0.04171
0.27377, -0.04175
0.27520, -0.04179
0.27664, -0.04183
0.27807, -0.04187
0.27951, -0.04191
0.28095, -0.04195
0.28239, -0.04198
0.28383, -0.04202
0.28528, -0.04205
0.28672, -0.04208
0.28817, -0.04211
0.28962, -0.04214
0.29107, -0.04216
0.29253, -0.04219
0.29398, -0.04221
0.29544, -0.04223
0.29690, -0.04225
0.29836, -0.04227
0.29982, -0.04229
0.30129, -0.04230
0.30276, -0.04232
0.30422, -0.04233
0.30569, -0.04234
0.30717, -0.04235
0.30864, -0.04236
0.31011, -0.04237
0.31159, -0.04237
0.31307, -0.04238
0.31455, -0.04238
0.31603, -0.04238
0.31751, -0.04238
0.31899, -0.04238
0.32048, -0.04238
0.32197, -0.04237
0.32346, -0.04237
0.32495, -0.04236
0.32644, -0.04235
0.32793, -0.04235
0.32943, -0.04233
0.33093, -0.04232
0.33243, -0.04231
0.33394, -0.04229
0.33545, -0.04228
0.33695, -0.04226
0.33846, -0.04224
0.33997, -0.04222
0.34149, -0.04220
0.34300, -0.04217
0.34451, -0.04215
0.34603, -0.04212
0.34755, -0.04210
0.34906, -0.04207
0.35058, -0.04204
0.35210, -0.04201
0.35362, -0.04197
0.35515, -0.04194
0.35667, -0.04190
0.35819, -0.04187
0.35972, -0.04183
0.36124, -0.04179
0.36277, -0.04175
0.36430, -0.04171
0.36583, -0.04166
0.36735, -0.04162
0.36888, -0.04157
0.37042, -0.04153
0.37195, -0.04148
0.37348, -0.04143
0.37501, -0.04138
0.37655, -0.04133
0.37808, -0.04127
0.37962, -0.04122
0.38115, -0.04117
0.38269, -0.04111
0.38423, -0.04105
0.38576, -0.04100
0.38730, -0.04094
0.38884, -0.04088
0.39038, -0.04082
0.39192, -0.04076
0.39346, -0.04069
0.39500, -0.04063
0.39655, -0.04057
0.39809, -0.04050
0.39963, -0.04044
0.40117, -0.04037
0.40272, -0.04030
0.40426, -0.04023
0.40581, -0.04016
0.40735, -0.04009
0.40890, -0.04002
0.41044, -0.03995
0.41199, -0.03988
0.41354, -0.03981
0.41509, -0.03973
0.41663, -0.03966
0.41818, -0.03958
0.41973, -0.03951
0.42128, -0.03943
0.42283, -0.03935
0.42438, -0.03927
0.42593, -0.03920
0.42748, -0.03912
0.42903, -0.03904
0.43058, -0.03896
0.43213, -0.03888
0.43369, -0.03879
0.43524, -0.03871
0.43679, -0.03863
0.43834, -0.03855
0.43990, -0.03846
0.44145, -0.03838
0.44300, -0.03830
0.44456, -0.03821
0.44611, -0.03813
0.44766, -0.03804
0.44922, -0.03795
0.45077, -0.03787
0.45233, -0.03778
0.45388, -0.03769
0.45544, -0.03761
0.45700, -0.03752
0.45855, -0.03743
0.46011, -0.03734
0.46166, -0.03725
0.46322, -0.03716
0.46478, -0.03707
0.46633, -0.03698
0.46789, -0.03689
0.46945, -0.03680
0.47101, -0.03671
0.47256, -0.03662
0.47412, -0.03653
0.47568, -0.03644
0.47724, -0.03635
0.47880, -0.03625
0.48035, -0.03616
0.48191, -0.03607
0.48347, -0.03598
0.48503, -0.03588
0.48659, -0.03579
0.48815, -0.03570
0.48971, -0.03561
0.49126, -0.03551
0.49282, -0.03542
0.49438, -0.03532
0.49594, -0.03523
0.49750, -0.03514
0.49906, -0.03504
0.50062, -0.03495
0.50218, -0.03485
0.50374, -0.03476
0.50530, -0.03466
0.50686, -0.03457
0.50842, -0.03447
0.50998, -0.03438
0.51153, -0.03428
0.51309, -0.03419
0.51465, -0.03409
0.51621, -0.03399
0.51777, -0.03390
0.51933, -0.03380
0.52089, -0.03371
0.52245, -0.03361
0.52400, -0.03351
0.52556, -0.03342
0.52712, -0.03332
0.52868, -0.03322
0.53024, -0.03313
0.53179, -0.03303
0.53335, -0.03293
0.53491, -0.03284
0.53647, -0.03274
0.53802, -0.03264
0.53958, -0.03255
0.54114, -0.03245
0.54269, -0.03235
0.54425, -0.03225
0.54580, -0.03216
0.54736, -0.03206
0.54891, -0.03196
0.55047, -0.03186
0.55202, -0.03177
0.55357, -0.03167
0.55513, -0.03157
0.55668, -0.03147
0.55823, -0.03137
0.55978, -0.03128
0.56133, -0.03118
0.56288, -0.03108
0.56443, -0.03098
0.56598, -0.03088
0.56753, -0.03079
0.56908, -0.03069
0.57063, -0.03059
0.57217, -0.03049
0.57372, -0.03039
0.57526, -0.03029
0.57681, -0.03019
0.57835, -0.03010
0.57990, -0.03000
0.58144, -0.02990
0.58298, -0.02980
0.58452, -0.02970
0.58606, -0.02960
0.58760, -0.02950
0.58914, -0.02941
0.59068, -0.02931
0.59221, -0.02921
0.59375, -0.02911
0.59528, -0.02901
0.59682, -0.02891
0.59835, -0.02881
0.59988, -0.02872
0.60141, -0.02862
0.60294, -0.02852
0.60447, -0.02842
0.60600, -0.02832
0.60753, -0.02822
0.60905, -0.02813
0.61057, -0.02803
0.61210, -0.02793
0.61362, -0.02783
0.61514, -0.02773
0.61666, -0.02764
0.61818, -0.02754
0.61969, -0.02744
0.62121, -0.02734
0.62272, -0.02725
0.62423, -0.02715
0.62574, -0.02705
0.62725, -0.02696
0.62876, -0.02686
0.63027, -0.02677
0.63177, -0.02667
0.63327, -0.02657
0.63478, -0.02648
0.63628, -0.02638
0.63778, -0.02629
0.63927, -0.02619
0.64077, -0.02610
0.64226, -0.02601
0.64375, -0.02591
0.64524, -0.02582
0.64673, -0.02573
0.64820, -0.02563
0.64960, -0.02554
0.65076, -0.02544
0.65127, -0.02533
0.65057, -0.02511
0.64849, -0.02462
0.64597, -0.02381
0.64479, -0.02326
0.64609, -0.02368
0.64987, -0.02497
0.65497, -0.02632
0.65974, -0.02710
0.66324, -0.02740
0.66561, -0.02747
0.66737, -0.02747
0.66891, -0.02744
0.67038, -0.02741
0.67184, -0.02738
0.67329, -0.02735
0.67475, -0.02732
0.67620, -0.02729
0.67765, -0.02726
0.67910, -0.02723
0.68055, -0.02720
0.68200, -0.02718
0.68345, -0.02715
0.68490, -0.02713
0.68634, -0.02710
0.68779, -0.02708
0.68923, -0.02705
0.69068, -0.02703
0.69212, -0.02701
0.69356, -0.02699
0.69500, -0.02696
0.69644, -0.02694
0.69788, -0.02692
0.69931, -0.02690
0.70075, -0.02688
0.70218, -0.02686
0.70361, -0.02684
0.70504, -0.02682
0.70647, -0.02681
0.70790, -0.02679
0.70933, -0.02677
0.71075, -0.02675
0.71218, -0.02673
0.71360, -0.02671
0.71502, -0.02670
0.71644, -0.02668
0.71786, -0.02666
0.71927, -0.02664
0.72069, -0.02663
0.72210, -0.02661
0.72351, -0.02659
0.72492, -0.02657
0.72633, -0.02656
0.72774, -0.02654
0.72914, -0.02652
0.73055, -0.02650
0.73195, -0.02648
0.73335, -0.02647
0.73475, -0.02645
0.73614, -0.02643
0.73754, -0.02641
0.73893, -0.02639
0.74032, -0.02637
0.74171, -0.02635
0.74309, -0.02633
0.74448, -0.02631
0.74586, -0.02629
0.74724, -0.02627
0.74862, -0.02625
0.74999, -0.02623
0.75136, -0.02620
0.75273, -0.02618
0.75410, -0.02616
0.75547, -0.02613
0.75683, -0.02611
0.75819, -0.02609
0.75954, -0.02606
0.76090, -0.02603
0.76225, -0.02601
0.76360, -0.02598
0.76494, -0.02596
0.76629, -0.02593
0.76763, -0.02590
0.76896, -0.02588
0.77030, -0.02585
0.77163, -0.02582
0.77296, -0.02579
0.77429, -0.02576
0.77561, -0.02573
0.77693, -0.02570
0.77825, -0.02567
0.77956, -0.02564
0.78087, -0.02561
0.78218, -0.02558
0.78349, -0.02555
0.78479, -0.02552
0.78609, -0.02549
0.78739, -0.02546
0.78868, -0.02543
0.78997, -0.02539
0.79126, -0.02536
0.79255, -0.02533
0.79383, -0.02530
0.79511, -0.02526
0.79638, -0.02523
0.79766, -0.02520
0.79893, -0.02516
0.80019, -0.02513
0.80146, -0.02509
0.80272, -0.02506
0.80397, -0.02502
0.80523, -0.02499
0.80648, -0.02495
0.80773, -0.02492
0.80897, -0.02488
0.81022, -0.02485
0.81145, -0.02481
0.81269, -0.02478
0.81392, -0.02474
0.81515, -0.02471
0.81638, -0.02467
0.81760, -0.02463
0.81882, -0.02460
0.82004, -0.02456
0.82125, -0.02452
0.82246, -0.02449
0.82366, -0.02445
0.82487, -0.02441
0.82607, -0.02438
0.82726, -0.02434
0.82846, -0.02430
0.82965, -0.02426
0.83083, -0.02423
0.83202, -0.02419
0.83320, -0.02415
0.83437, -0.02411
0.83555, -0.02407
0.83672, -0.02404
0.83788, -0.02400
0.83905, -0.02396
0.84021, -0.02392
0.84136, -0.02388
0.84252, -0.02385
0.84367, -0.02381
0.84481, -0.02377
0.84595, -0.02373
0.84709, -0.02369
0.84823, -0.02365
0.84936, -0.02361
0.85049, -0.02358
0.85162, -0.02354
0.85274, -0.02350
0.85386, -0.02346
0.85497, -0.02342
0.85608, -0.02338
0.85719, -0.02334
0.85830, -0.02330
0.85940, -0.02326
0.86049, -0.02322
0.86159, -0.02319
0.86268, -0.02315
0.86376, -0.02311
0.86485, -0.02307
0.86593, -0.02303
0.86700, -0.02299
0.86807, -0.02295
0.86914, -0.02291
0.87021, -0.02287
0.87127, -0.02283
0.87232, -0.02279
0.87338, -0.02275
0.87443, -0.02271
0.87547, -0.02267
0.87651, -0.02263
0.87755, -0.02259
0.87859, -0.02255
0.87962, -0.02251
0.88064, -0.02247
0.88167, -0.02243
0.88269, -0.02239
0.88370, -0.02235
0.88471, -0.02231
0.88572, -0.02227
0.88673, -0.02223
0.88773, -0.02219
0.88872, -0.02215
0.88972, -0.02211
0.89070, -0.02207
0.89169, -0.02203
0.89267, -0.02199
0.89365, -0.02195
0.89462, -0.02191
0.89559, -0.02187
0.89655, -0.02183
0.89751, -0.02179
0.89847, -0.02175
0.89942, -0.02171
0.90037, -0.02167
0.90132, -0.02163
0.90226, -0.02159
0.90320, -0.02155
0.90413, -0.02151
0.90506, -0.02146
0.90598, -0.02142
0.90690, -0.02138
0.90782, -0.02134
0.90873, -0.02130
0.90964, -0.02126
0.91055, -0.02122
0.91145, -0.02118
0.91234, -0.02114
0.91324, -0.02110
0.91412, -0.02106
0.91501, -0.02102
0.91589, -0.02098
0.91676, -0.02094
0.91763, -0.02090
0.91850, -0.02086
0.91936, -0.02082
0.92022, -0.02078
0.92108, -0.02074
0.92193, -0.02070
0.92277, -0.02066
0.92362, -0.02063
0.92445, -0.02059
0.92529, -0.02055
0.92612, -0.02051
0.92694, -0.02047
0.92776, -0.02043
0.92858, -0.02039
0.92939, -0.02035
0.93020, -0.02031
0.93100, -0.02027
0.93180, -0.02023
0.93259, -0.02019
0.93339, -0.02015
0.93417, -0.02012
0.93495, -0.02008
0.93573, -0.02004
0.93650, -0.02000
0.93727, -0.01996
0.93804, -0.01992
0.93880, -0.01988
0.93955, -0.01985
0.94030, -0.01981
0.94105, -0.01977
0.94179, -0.01973
0.94253, -0.01970
0.94326, -0.01966
0.94399, -0.01962
0.94472, -0.01958
0.94544, -0.01955
0.94615, -0.01951
0.94686, -0.01947
0.94757, -0.01943
0.94827, -0.01940
0.94897, -0.01936
0.94966, -0.01932
0.95035, -0.01929
0.95104, -0.01925
0.95172, -0.01921
0.95239, -0.01918
0.95306, -0.01914
0.95373, -0.01911
0.95439, -0.01907
0.95505, -0.01904
0.95570, -0.01900
0.95635, -0.01896
0.95699, -0.01893
0.95763, -0.01889
0.95826, -0.01886
0.95889, -0.01883
0.95952, -0.01879
0.96014, -0.01876
0.96075, -0.01872
0.96137, -0.01869
0.96197, -0.01865
0.96257, -0.01862
0.96317, -0.01859
0.96376, -0.01855
0.96435, -0.01852
0.96493, -0.01849
0.96551, -0.01846
0.96609, -0.01842
0.96666, -0.01839
0.96722, -0.01836
0.96778, -0.01833
0.96834, -0.01829
0.96889, -0.01826
0.96943, -0.01823
0.96997, -0.01820
0.97051, -0.01817
0.97104, -0.01814
0.97157, -0.01811
0.97209, -0.01808
0.97261, -0.01805
0.97312, -0.01802
0.97363, -0.01799
0.97414, -0.01796
0.97463, -0.01793
0.97513, -0.01790
0.97562, -0.01787
0.97610, -0.01784
0.97658, -0.01781
0.97706, -0.01778
0.97753, -0.01776
0.97799, -0.01773
0.97845, -0.01770
0.97891, -0.01767
0.97936, -0.01765
0.97981, -0.01762
0.98025, -0.01759
0.98068, -0.01757
0.98111, -0.01754
0.98154, -0.01751
0.98196, -0.01749
0.98238, -0.01746
0.98279, -0.01744
0.98320, -0.01741
0.98360, -0.01739
0.98400, -0.01736
0.98440, -0.01734
0.98478, -0.01731
0.98517, -0.01729
0.98555, -0.01727
0.98592, -0.01724
0.98629, -0.01722
0.98665, -0.01720
0.98701, -0.01718
0.98737, -0.01715
0.98772, -0.01713
0.98806, -0.01711
0.98840, -0.01709
0.98873, -0.01707
0.98906, -0.01705
0.98939, -0.01703
0.98971, -0.01701
0.99002, -0.01699
0.99034, -0.01697
0.99064, -0.01695
0.99094, -0.01693
0.99124, -0.01691
0.99153, -0.01689
0.99181, -0.01687
0.99209, -0.01686
0.99237, -0.01684
0.99264, -0.01682
0.99291, -0.01680
0.99317, -0.01679
0.99342, -0.01677
0.99368, -0.01675
0.99392, -0.01674
0.99416, -0.01672
0.99440, -0.01671
0.99463, -0.01669
0.99486, -0.01668
0.99508, -0.01666
0.99530, -0.01665
0.99551, -0.01664
0.99571, -0.01662
0.99592, -0.01661
0.99611, -0.01660
0.99630, -0.01658
0.99649, -0.01657
0.99667, -0.01656
0.99685, -0.01655
0.99702, -0.01654
0.99719, -0.01653
0.99735, -0.01652
0.99751, -0.01651
0.99766, -0.01650
0.99781, -0.01649
0.99795, -0.01648
0.99809, -0.01647
0.99822, -0.01646
0.99835, -0.01645
0.99847, -0.01644
0.99859, -0.01644
0.99870, -0.01643
0.99881, -0.01642
0.99891, -0.01641
0.99901, -0.01641
0.99910, -0.01640
0.99919, -0.01640
0.99927, -0.01639
0.99935, -0.01639
0.99942, -0.01638
0.99949, -0.01638
0.99955, -0.01637
0.99961, -0.01637
0.99966, -0.01637
0.99971, -0.01636
0.99975, -0.01636
0.99979, -0.01636
0.99982, -0.01635
0.99985, -0.01635
0.99987, -0.01635
0.99988, -0.01635
0.99989, -0.01635
0.99986, -0.01634
0.99985, -0.01634
