=== Airfoil Parameters ===
m = 0.02
p = 0.4
t = 0.12

=== Control Points ===
0.00000, 0.01257, 0.01257
0.06667, 0.01810, 0.01199
0.13333, 0.02210, 0.01099
0.20000, 0.02485, 0.00985
0.26667, 0.02665, 0.00887
0.66667, 0.02430, 0.00825
0.75000, 0.02124, 0.00804
0.83333, 0.01773, 0.00816
0.91667, 0.01359, 0.00842
1.00000, 0.00861, 0.00861

=== Upper Surface ===
0.00000, 0.01257
-0.00004, 0.01285
-0.00005, 0.01313
-0.00006, 0.01341
-0.00007, 0.01369
-0.00007, 0.01397
-0.00007, 0.01425
-0.00006, 0.01453
-0.00005, 0.01481
-0.00004, 0.01509
-0.00002, 0.01537
0.00001, 0.01565
0.00004, 0.01593
0.00007, 0.01621
0.00012, 0.01649
0.00016, 0.01677
0.00021, 0.01705
0.00027, 0.01733
0.00033, 0.01761
0.00039, 0.01789
0.00046, 0.01817
0.00054, 0.01845
0.00062, 0.01873
0.00071, 0.01901
0.00080, 0.01929
0.00089, 0.01958
0.00099, 0.01986
0.00110, 0.02014
0.00121, 0.02042
0.00133, 0.02070
0.00145, 0.02098
0.00157, 0.02126
0.00170, 0.02154
0.00184, 0.02183
0.00198, 0.02211
0.00213, 0.02239
0.00228, 0.02267
0.00243, 0.02295
0.00259, 0.02323
0.00276, 0.02352
0.00293, 0.02380
0.00311, 0.02408
0.00329, 0.02436
0.00347, 0.02464
0.00366, 0.02492
0.00386, 0.02521
0.00406, 0.02549
0.00427, 0.02577
0.00448, 0.02605
0.00469, 0.02633
0.00491, 0.02662
0.00514, 0.02690
0.00537, 0.02718
0.00561, 0.02746
0.00585, 0.02774
0.00609, 0.02803
0.00634, 0.02831
0.00660, 0.02859
0.00686, 0.02887
0.00713, 0.02915
0.00740, 0.02943
0.00767, 0.02972
0.00795, 0.03000
0.00824, 0.03028
0.00853, 0.03056
0.00883, 0.03084
0.00913, 0.03112
0.00943, 0.03141
0.00974, 0.03169
0.01006, 0.03197
0.01038, 0.03225
0.01071, 0.03253
0.01104, 0.03281
0.01137, 0.03309
0.01171, 0.03337
0.01206, 0.03365
0.01241, 0.03393
0.01276, 0.03422
0.01312, 0.03450
0.01349, 0.03478
0.01386, 0.03506
0.01423, 0.03534
0.01461, 0.03562
0.01500, 0.03590
0.01539, 0.03618
0.01578, 0.03645
0.01618, 0.03673
0.01659, 0.03701
0.01700, 0.03729
0.01741, 0.03757
0.01783, 0.03785
0.01826, 0.03813
0.01869, 0.03841
0.01912, 0.03868
0.01956, 0.03896
0.02000, 0.03924
0.02045, 0.03952
0.02091, 0.03979
0.02137, 0.04007
0.02183, 0.04035
0.02230, 0.04062
0.02277, 0.04090
0.02325, 0.04118
0.02373, 0.04145
0.02422, 0.04173
0.02471, 0.04200
0.02521, 0.04228
0.02571, 0.04255
0.02622, 0.04283
0.02673, 0.04310
0.02725, 0.04338
0.02777, 0.04365
0.02830, 0.04392
0.02883, 0.04419
0.02937, 0.04447
0.02991, 0.04474
0.03046, 0.04501
0.03101, 0.04528
0.03156, 0.04555
0.03212, 0.04583
0.03269, 0.04610
0.03326, 0.04637
0.03383, 0.04664
0.03441, 0.04691
0.03500, 0.04717
0.03559, 0.04744
0.03618, 0.04771
0.03678, 0.04798
0.03738, 0.04825
0.03799, 0.04851
0.03860, 0.04878
0.03922, 0.04905
0.03984, 0.04931
0.04047, 0.04958
0.04110, 0.04984
0.04174, 0.05011
0.04238, 0.05037
0.04303, 0.05064
0.04368, 0.05090
0.04433, 0.05116
0.04499, 0.05142
0.04566, 0.05168
0.04633, 0.05195
0.04700, 0.05221
0.04768, 0.05247
0.04836, 0.05273
0.04905, 0.05299
0.04974, 0.05324
0.05044, 0.05350
0.05114, 0.05376
0.05185, 0.05402
0.05256, 0.05427
0.05327, 0.05453
0.05399, 0.05478
0.05472, 0.05504
0.05545, 0.05529
0.05618, 0.05555
0.05692, 0.05580
0.05766, 0.05605
0.05841, 0.05630
0.05916, 0.05655
0.05992, 0.05680
0.06068, 0.05705
0.06144, 0.05730
0.06221, 0.05755
0.06299, 0.05780
0.06377, 0.05805
0.06455, 0.05829
0.06534, 0.05854
0.06613, 0.05878
0.06693, 0.05903
0.06773, 0.05927
0.06854, 0.05951
0.06935, 0.05976
0.07016, 0.06000
0.07098, 0.06024
0.07180, 0.06048
0.07263, 0.06072
0.07346, 0.06096
0.07430, 0.06119
0.07514, 0.06143
0.07599, 0.06167
0.07684, 0.06190
0.07769, 0.06214
0.07855, 0.06237
0.07941, 0.06261
0.08028, 0.06284
0.08115, 0.06307
0.08202, 0.06330
0.08290, 0.06353
0.08379, 0.06376
0.08468, 0.06399
0.08557, 0.06422
0.08647, 0.06444
0.08737, 0.06467
0.08827, 0.06489
0.08918, 0.06512
0.09010, 0.06534
0.09101, 0.06556
0.09194, 0.06579
0.09286, 0.06601
0.09379, 0.06623
0.09473, 0.06645
0.09567, 0.06666
0.09661, 0.06688
0.09756, 0.06710
0.09851, 0.06731
0.09946, 0.06753
0.10042, 0.06774
0.10139, 0.06795
0.10235, 0.06817
0.10333, 0.06838
0.10430, 0.06859
0.10528, 0.06879
0.10627, 0.06900
0.10725, 0.06921
0.10824, 0.06942
0.10924, 0.06962
0.11024, 0.06982
0.11124, 0.07003
0.11225, 0.07023
0.11326, 0.07043
0.11428, 0.07063
0.11530, 0.07083
0.11632, 0.07103
0.11735, 0.07122
0.11838, 0.07142
0.11942, 0.07161
0.12045, 0.07181
0.12150, 0.07200
0.12254, 0.07219
0.12359, 0.07238
0.12465, 0.07257
0.12571, 0.07276
0.12677, 0.07295
0.12784, 0.07313
0.12890, 0.07332
0.12998, 0.07350
0.13106, 0.07369
0.13214, 0.07387
0.13322, 0.07405
0.13431, 0.07423
0.13540, 0.07441
0.13650, 0.07459
0.13760, 0.07476
0.13870, 0.07494
0.13981, 0.07511
0.14092, 0.07529
0.14203, 0.07546
0.14315, 0.07563
0.14427, 0.07580
0.14539, 0.07597
0.14652, 0.07614
0.14765, 0.07630
0.14879, 0.07647
0.14993, 0.07663
0.15107, 0.07679
0.15222, 0.07696
0.15337, 0.07712
0.15452, 0.07728
0.15568, 0.07743
0.15684, 0.07759
0.15800, 0.07775
0.15917, 0.07790
0.16034, 0.07806
0.16151, 0.07821
0.16269, 0.07836
0.16387, 0.07851
0.16505, 0.07866
0.16624, 0.07880
0.16743, 0.07895
0.16863, 0.07910
0.16982, 0.07924
0.17102, 0.07938
0.17223, 0.07952
0.17344, 0.07966
0.17465, 0.07980
0.17586, 0.07994
0.17708, 0.08008
0.17830, 0.08021
0.17952, 0.08035
0.18075, 0.08048
0.18198, 0.08061
0.18321, 0.08074
0.18445, 0.08087
0.18569, 0.08100
0.18693, 0.08113
0.18817, 0.08125
0.18942, 0.08138
0.19068, 0.08150
0.19193, 0.08162
0.19319, 0.08174
0.19445, 0.08186
0.19571, 0.08198
0.19698, 0.08210
0.19825, 0.08221
0.19952, 0.08233
0.20080, 0.08244
0.20208, 0.08255
0.20336, 0.08266
0.20464, 0.08277
0.20593, 0.08288
0.20722, 0.08298
0.20852, 0.08309
0.20981, 0.08319
0.21111, 0.08330
0.21241, 0.08340
0.21372, 0.08350
0.21503, 0.08360
0.21634, 0.08370
0.21765, 0.08379
0.21896, 0.08389
0.22028, 0.08398
0.22160, 0.08407
0.22293, 0.08417
0.22426, 0.08426
0.22558, 0.08435
0.22692, 0.08443
0.22825, 0.08452
0.22959, 0.08461
0.23093, 0.08469
0.23227, 0.08477
0.23362, 0.08485
0.23496, 0.08493
0.23631, 0.08501
0.23767, 0.08509
0.23902, 0.08517
0.24038, 0.08524
0.24174, 0.08532
0.24310, 0.08539
0.24447, 0.08546
0.24584, 0.08553
0.24721, 0.08560
0.24858, 0.08567
0.24995, 0.08573
0.25133, 0.08580
0.25271, 0.08586
0.25409, 0.08593
0.25548, 0.08599
0.25686, 0.08605
0.25825, 0.08611
0.25964, 0.08617
0.26104, 0.08622
0.26243, 0.08628
0.26383, 0.08633
0.26523, 0.08639
0.26664, 0.08644
0.26804, 0.08649
0.26945, 0.08654
0.27086, 0.08659
0.27227, 0.08664
0.27368, 0.08668
0.27510, 0.08673
0.27652, 0.08677
0.27794, 0.08681
0.27936, 0.08685
0.28079, 0.08689
0.28222, 0.08693
0.28365, 0.08697
0.28508, 0.08701
0.28651, 0.08704
0.28795, 0.08708
0.28939, 0.08711
0.29083, 0.08714
0.29227, 0.08717
0.29372, 0.08720
0.29516, 0.08723
0.29661, 0.08725
0.29806, 0.08728
0.29951, 0.08730
0.30097, 0.08733
0.30243, 0.08735
0.30388, 0.08737
0.30535, 0.08739
0.30681, 0.08741
0.30827, 0.08743
0.30974, 0.08744
0.31121, 0.08746
0.31268, 0.08747
0.31415, 0.08748
0.31562, 0.08750
0.31710, 0.08751
0.31858, 0.08751
0.32006, 0.08752
0.32154, 0.08753
0.32302, 0.08753
0.32451, 0.08754
0.32600, 0.08754
0.32749, 0.08754
0.32898, 0.08754
0.33049, 0.08754
0.33199, 0.08754
0.33350, 0.08754
0.33502, 0.08753
0.33653, 0.08752
0.33805, 0.08752
0.33957, 0.08751
0.34109, 0.08749
0.34262, 0.08748
0.34414, 0.08747
0.34567, 0.08745
0.34720, 0.08743
0.34873, 0.08741
0.35026, 0.08739
0.35179, 0.08736
0.35333, 0.08734
0.35486, 0.08731
0.35640, 0.08728
0.35794, 0.08725
0.35948, 0.08722
0.36103, 0.08719
0.36257, 0.08715
0.36412, 0.08712
0.36566, 0.08708
0.36721, 0.08704
0.36876, 0.08700
0.37031, 0.08695
0.37186, 0.08691
0.37342, 0.08686
0.37497, 0.08681
0.37653, 0.08676
0.37808, 0.08671
0.37964, 0.08665
0.38120, 0.08660
0.38276, 0.08654
0.38432, 0.08648
0.38589, 0.08642
0.38745, 0.08636
0.38901, 0.08629
0.39058, 0.08623
0.39215, 0.08616
0.39371, 0.08609
0.39528, 0.08602
0.39685, 0.08595
0.39842, 0.08588
0.39999, 0.08580
0.40156, 0.08572
0.40313, 0.08564
0.40471, 0.08556
0.40628, 0.08548
0.40786, 0.08540
0.40943, 0.08531
0.41101, 0.08523
0.41258, 0.08514
0.41416, 0.08505
0.41574, 0.08496
0.41731, 0.08486
0.41889, 0.08477
0.42047, 0.08467
0.42205, 0.08457
0.42363, 0.08448
0.42521, 0.08438
0.42679, 0.08427
0.42837, 0.08417
0.42995, 0.08406
0.43153, 0.08396
0.43312, 0.08385
0.43470, 0.08374
0.43628, 0.08363
0.43786, 0.08352
0.43945, 0.08340
0.44103, 0.08329
0.44261, 0.08317
0.44419, 0.08306
0.44578, 0.08294
0.44736, 0.08282
0.44894, 0.08269
0.45053, 0.08257
0.45211, 0.08245
0.45370, 0.08232
0.45528, 0.08220
0.45686, 0.08207
0.45845, 0.08194
0.46003, 0.08181
0.46161, 0.08168
0.46320, 0.08154
0.46478, 0.08141
0.46636, 0.08128
0.46795, 0.08114
0.46953, 0.08100
0.47111, 0.08086
0.47269, 0.08072
0.47427, 0.08058
0.47586, 0.08044
0.47744, 0.08030
0.47902, 0.08016
0.48060, 0.08001
0.48218, 0.07987
0.48376, 0.07972
0.48534, 0.07957
0.48692, 0.07943
0.48850, 0.07928
0.49008, 0.07913
0.49166, 0.07898
0.49324, 0.07883
0.49481, 0.07867
0.49639, 0.07852
0.49797, 0.07837
0.49954, 0.07821
0.50112, 0.07806
0.50269, 0.07790
0.50427, 0.07774
0.50584, 0.07759
0.50742, 0.07743
0.50899, 0.07727
0.51056, 0.07711
0.51214, 0.07695
0.51371, 0.07679
0.51528, 0.07663
0.51685, 0.07647
0.51842, 0.07630
0.51999, 0.07614
0.52156, 0.07598
0.52312, 0.07581
0.52469, 0.07565
0.52626, 0.07548
0.52782, 0.07532
0.52939, 0.07515
0.53095, 0.07499
0.53252, 0.07482
0.53408, 0.07465
0.53564, 0.07449
0.53720, 0.07432
0.53877, 0.07415
0.54033, 0.07398
0.54188, 0.07381
0.54344, 0.07364
0.54500, 0.07347
0.54656, 0.07331
0.54811, 0.07314
0.54967, 0.07297
0.55123, 0.07280
0.55278, 0.07262
0.55433, 0.07245
0.55588, 0.07228
0.55744, 0.07211
0.55899, 0.07194
0.56054, 0.07177
0.56209, 0.07160
0.56363, 0.07143
0.56518, 0.07126
0.56673, 0.07108
0.56827, 0.07091
0.56982, 0.07074
0.57136, 0.07057
0.57291, 0.07040
0.57445, 0.07022
0.57599, 0.07005
0.57753, 0.06988
0.57907, 0.06971
0.58061, 0.06954
0.58214, 0.06936
0.58368, 0.06919
0.58522, 0.06902
0.58675, 0.06885
0.58828, 0.06868
0.58982, 0.06851
0.59135, 0.06833
0.59288, 0.06816
0.59441, 0.06799
0.59594, 0.06782
0.59747, 0.06765
0.59899, 0.06748
0.60052, 0.06731
0.60204, 0.06713
0.60357, 0.06696
0.60509, 0.06679
0.60661, 0.06662
0.60813, 0.06645
0.60965, 0.06628
0.61117, 0.06611
0.61269, 0.06594
0.61421, 0.06577
0.61572, 0.06560
0.61724, 0.06543
0.61875, 0.06526
0.62026, 0.06509
0.62177, 0.06492
0.62328, 0.06476
0.62479, 0.06459
0.62630, 0.06442
0.62780, 0.06425
0.62931, 0.06408
0.63081, 0.06391
0.63232, 0.06375
0.63382, 0.06358
0.63532, 0.06341
0.63682, 0.06324
0.63832, 0.06308
0.63982, 0.06291
0.64131, 0.06274
0.64281, 0.06258
0.64430, 0.06241
0.64579, 0.06224
0.64728, 0.06208
0.64877, 0.06191
0.65023, 0.06175
0.65159, 0.06159
0.65258, 0.06144
0.65260, 0.06129
0.65082, 0.06100
0.64707, 0.06017
0.64302, 0.05871
0.64118, 0.05774
0.64278, 0.05847
0.64782, 0.06068
0.65500, 0.06283
0.66178, 0.06383
0.66652, 0.06396
0.66945, 0.06382
0.67142, 0.06363
0.67302, 0.06344
0.67453, 0.06325
0.67601, 0.06307
0.67748, 0.06288
0.67896, 0.06269
0.68043, 0.06250
0.68190, 0.06231
0.68336, 0.06212
0.68483, 0.06193
0.68629, 0.06174
0.68775, 0.06155
0.68921, 0.06136
0.69067, 0.06117
0.69212, 0.06098
0.69358, 0.06079
0.69503, 0.06060
0.69648, 0.06041
0.69792, 0.06022
0.69937, 0.06002
0.70081, 0.05983
0.70225, 0.05964
0.70369, 0.05945
0.70513, 0.05925
0.70656, 0.05906
0.70799, 0.05887
0.70942, 0.05867
0.71085, 0.05848
0.71228, 0.05829
0.71370, 0.05809
0.71512, 0.05790
0.71654, 0.05770
0.71796, 0.05751
0.71937, 0.05731
0.72078, 0.05712
0.72219, 0.05692
0.72360, 0.05673
0.72501, 0.05653
0.72641, 0.05634
0.72781, 0.05614
0.72921, 0.05595
0.73060, 0.05575
0.73200, 0.05556
0.73339, 0.05536
0.73478, 0.05517
0.73616, 0.05497
0.73755, 0.05477
0.73893, 0.05458
0.74031, 0.05438
0.74168, 0.05419
0.74306, 0.05399
0.74443, 0.05380
0.74580, 0.05360
0.74717, 0.05340
0.74853, 0.05321
0.74989, 0.05301
0.75125, 0.05282
0.75261, 0.05262
0.75396, 0.05243
0.75531, 0.05223
0.75666, 0.05203
0.75801, 0.05184
0.75935, 0.05164
0.76070, 0.05145
0.76203, 0.05125
0.76337, 0.05106
0.76471, 0.05086
0.76604, 0.05067
0.76737, 0.05047
0.76869, 0.05028
0.77001, 0.05008
0.77134, 0.04989
0.77265, 0.04969
0.77397, 0.04950
0.77528, 0.04930
0.77659, 0.04911
0.77790, 0.04891
0.77920, 0.04872
0.78051, 0.04852
0.78181, 0.04833
0.78310, 0.04813
0.78440, 0.04794
0.78569, 0.04775
0.78697, 0.04755
0.78826, 0.04736
0.78954, 0.04716
0.79082, 0.04697
0.79210, 0.04678
0.79337, 0.04658
0.79464, 0.04639
0.79591, 0.04620
0.79718, 0.04600
0.79844, 0.04581
0.79970, 0.04562
0.80095, 0.04542
0.80221, 0.04523
0.80346, 0.04504
0.80470, 0.04485
0.80595, 0.04465
0.80719, 0.04446
0.80843, 0.04427
0.80966, 0.04408
0.81090, 0.04389
0.81212, 0.04369
0.81335, 0.04350
0.81457, 0.04331
0.81579, 0.04312
0.81701, 0.04293
0.81822, 0.04274
0.81943, 0.04255
0.82064, 0.04236
0.82185, 0.04217
0.82305, 0.04198
0.82424, 0.04179
0.82544, 0.04160
0.82663, 0.04141
0.82782, 0.04122
0.82900, 0.04103
0.83019, 0.04084
0.83136, 0.04065
0.83254, 0.04046
0.83371, 0.04028
0.83488, 0.04009
0.83604, 0.03990
0.83721, 0.03971
0.83837, 0.03952
0.83952, 0.03934
0.84067, 0.03915
0.84182, 0.03896
0.84297, 0.03878
0.84411, 0.03859
0.84525, 0.03840
0.84638, 0.03822
0.84751, 0.03803
0.84864, 0.03785
0.84976, 0.03766
0.85089, 0.03748
0.85200, 0.03729
0.85312, 0.03711
0.85423, 0.03692
0.85533, 0.03674
0.85644, 0.03656
0.85754, 0.03637
0.85863, 0.03619
0.85973, 0.03601
0.86082, 0.03583
0.86190, 0.03564
0.86298, 0.03546
0.86406, 0.03528
0.86514, 0.03510
0.86621, 0.03492
0.86728, 0.03474
0.86834, 0.03456
0.86940, 0.03438
0.87046, 0.03420
0.87151, 0.03402
0.87256, 0.03384
0.87361, 0.03366
0.87465, 0.03349
0.87569, 0.03331
0.87672, 0.03313
0.87775, 0.03295
0.87878, 0.03278
0.87980, 0.03260
0.88082, 0.03243
0.88184, 0.03225
0.88285, 0.03208
0.88386, 0.03190
0.88486, 0.03173
0.88586, 0.03155
0.88686, 0.03138
0.88785, 0.03121
0.88884, 0.03103
0.88983, 0.03086
0.89081, 0.03069
0.89179, 0.03052
0.89276, 0.03035
0.89373, 0.03018
0.89470, 0.03001
0.89566, 0.02984
0.89662, 0.02967
0.89757, 0.02950
0.89852, 0.02933
0.89947, 0.02916
0.90041, 0.02900
0.90135, 0.02883
0.90228, 0.02866
0.90321, 0.02850
0.90414, 0.02833
0.90506, 0.02817
0.90598, 0.02800
0.90689, 0.02784
0.90780, 0.02768
0.90871, 0.02751
0.90961, 0.02735
0.91051, 0.02719
0.91140, 0.02703
0.91229, 0.02687
0.91318, 0.02671
0.91406, 0.02655
0.91494, 0.02639
0.91581, 0.02623
0.91668, 0.02607
0.91755, 0.02591
0.91841, 0.02576
0.91927, 0.02560
0.92012, 0.02544
0.92097, 0.02529
0.92181, 0.02513
0.92266, 0.02498
0.92349, 0.02482
0.92432, 0.02467
0.92515, 0.02452
0.92598, 0.02437
0.92680, 0.02422
0.92761, 0.02406
0.92842, 0.02391
0.92923, 0.02376
0.93003, 0.02362
0.93083, 0.02347
0.93162, 0.02332
0.93241, 0.02317
0.93320, 0.02303
0.93398, 0.02288
0.93476, 0.02273
0.93553, 0.02259
0.93630, 0.02245
0.93707, 0.02230
0.93783, 0.02216
0.93858, 0.02202
0.93933, 0.02188
0.94008, 0.02173
0.94082, 0.02159
0.94156, 0.02145
0.94229, 0.02132
0.94302, 0.02118
0.94375, 0.02104
0.94447, 0.02090
0.94519, 0.02077
0.94590, 0.02063
0.94661, 0.02050
0.94731, 0.02036
0.94801, 0.02023
0.94870, 0.02010
0.94939, 0.01996
0.95008, 0.01983
0.95076, 0.01970
0.95144, 0.01957
0.95211, 0.01944
0.95278, 0.01932
0.95344, 0.01919
0.95410, 0.01906
0.95475, 0.01893
0.95540, 0.01881
0.95605, 0.01868
0.95669, 0.01856
0.95733, 0.01844
0.95796, 0.01831
0.95858, 0.01819
0.95921, 0.01807
0.95983, 0.01795
0.96044, 0.01783
0.96105, 0.01771
0.96165, 0.01759
0.96225, 0.01748
0.96285, 0.01736
0.96344, 0.01725
0.96403, 0.01713
0.96461, 0.01702
0.96519, 0.01690
0.96576, 0.01679
0.96633, 0.01668
0.96689, 0.01657
0.96745, 0.01646
0.96801, 0.01635
0.96855, 0.01624
0.96910, 0.01613
0.96964, 0.01603
0.97018, 0.01592
0.97071, 0.01582
0.97124, 0.01571
0.97176, 0.01561
0.97227, 0.01551
0.97279, 0.01540
0.97330, 0.01530
0.97380, 0.01520
0.97430, 0.01510
0.97479, 0.01501
0.97528, 0.01491
0.97577, 0.01481
0.97625, 0.01472
0.97672, 0.01462
0.97719, 0.01453
0.97766, 0.01443
0.97812, 0.01434
0.97858, 0.01425
0.97903, 0.01416
0.97948, 0.01407
0.97992, 0.01398
0.98036, 0.01389
0.98079, 0.01380
0.98122, 0.01372
0.98164, 0.01363
0.98206, 0.01355
0.98248, 0.01347
0.98289, 0.01338
0.98329, 0.01330
0.98369, 0.01322
0.98409, 0.01314
0.98448, 0.01306
0.98486, 0.01298
0.98524, 0.01291
0.98562, 0.01283
0.98599, 0.01276
0.98636, 0.01268
0.98672, 0.01261
0.98708, 0.01253
0.98743, 0.01246
0.98778, 0.01239
0.98812, 0.01232
0.98846, 0.01225
0.98879, 0.01219
0.98912, 0.01212
0.98944, 0.01205
0.98976, 0.01199
0.99008, 0.01192
0.99039, 0.01186
0.99069, 0.01180
0.99099, 0.01174
0.99129, 0.01168
0.99158, 0.01162
0.99186, 0.01156
0.99214, 0.01150
0.99242, 0.01145
0.99269, 0.01139
0.99295, 0.01134
0.99321, 0.01128
0.99347, 0.01123
0.99372, 0.01118
0.99397, 0.01113
0.99421, 0.01108
0.99445, 0.01103
0.99468, 0.01098
0.99491, 0.01094
0.99513, 0.01089
0.99535, 0.01085
0.99556, 0.01080
0.99577, 0.01076
0.99597, 0.01072
0.99617, 0.01068
0.99636, 0.01064
0.99655, 0.01060
0.99673, 0.01056
0.99691, 0.01052
0.99708, 0.01049
0.99725, 0.01045
0.99742, 0.01042
0.99758, 0.01039
0.99773, 0.01035
0.99788, 0.01032
0.99802, 0.01029
0.99816, 0.01026
0.99830, 0.01024
0.99843, 0.01021
0.99855, 0.01018
0.99867, 0.01016
0.99879, 0.01014
0.99890, 0.01011
0.99900, 0.01009
0.99910, 0.01007
0.99920, 0.01005
0.99929, 0.01003
0.99937, 0.01001
0.99946, 0.01000
0.99953, 0.00998
0.99960, 0.00997
0.99967, 0.00995
0.99973, 0.00994
0.99979, 0.00993
0.99984, 0.00992
0.99988, 0.00991
0.99993, 0.00990
0.99996, 0.00989
0.99999, 0.00989
1.00002, 0.00988
1.00004, 0.00988
1.00006, 0.00987
1.00008, 0.00987
1.00012, 0.00986
1.00014, 0.00986

=== Lower Surface ===
0.00000, 0.01257
0.00004, 0.01230
0.00007, 0.01202
0.00010, 0.01174
0.00015, 0.01147
0.00020, 0.01119
0.00025, 0.01092
0.00031, 0.01064
0.00037, 0.01037
0.00044, 0.01010
0.00051, 0.00983
0.00059, 0.00956
0.00067, 0.00929
0.00076, 0.00902
0.00085, 0.00875
0.00095, 0.00849
0.00105, 0.00822
0.00116, 0.00796
0.00127, 0.00769
0.00139, 0.00743
0.00151, 0.00717
0.00164, 0.00691
0.00177, 0.00665
0.00191, 0.00639
0.00205, 0.00613
0.00220, 0.00587
0.00235, 0.00561
0.00250, 0.00536
0.00266, 0.00510
0.00283, 0.00485
0.00300, 0.00459
0.00318, 0.00434
0.00336, 0.00409
0.00354, 0.00384
0.00373, 0.00359
0.00393, 0.00334
0.00413, 0.00309
0.00433, 0.00284
0.00454, 0.00259
0.00475, 0.00235
0.00497, 0.00210
0.00520, 0.00186
0.00542, 0.00162
0.00566, 0.00137
0.00589, 0.00113
0.00614, 0.00089
0.00639, 0.00065
0.00664, 0.00041
0.00689, 0.00017
0.00716, -0.00006
0.00742, -0.00030
0.00769, -0.00054
0.00797, -0.00077
0.00825, -0.00100
0.00854, -0.00124
0.00883, -0.00147
0.00912, -0.00170
0.00942, -0.00193
0.00973, -0.00216
0.01004, -0.00239
0.01035, -0.00262
0.01067, -0.00284
0.01099, -0.00307
0.01132, -0.00330
0.01166, -0.00352
0.01199, -0.00374
0.01234, -0.00397
0.01268, -0.00419
0.01303, -0.00441
0.01339, -0.00463
0.01375, -0.00485
0.01412, -0.00507
0.01449, -0.00528
0.01486, -0.00550
0.01524, -0.00572
0.01563, -0.00593
0.01602, -0.00614
0.01641, -0.00636
0.01681, -0.00657
0.01721, -0.00678
0.01762, -0.00699
0.01803, -0.00720
0.01845, -0.00741
0.01887, -0.00762
0.01930, -0.00782
0.01973, -0.00803
0.02016, -0.00824
0.02060, -0.00844
0.02105, -0.00864
0.02150, -0.00885
0.02195, -0.00905
0.02241, -0.00925
0.02287, -0.00945
0.02334, -0.00965
0.02381, -0.00985
0.02429, -0.01004
0.02477, -0.01024
0.02526, -0.01044
0.02575, -0.01063
0.02624, -0.01083
0.02674, -0.01102
0.02725, -0.01121
0.02775, -0.01140
0.02827, -0.01159
0.02879, -0.01178
0.02931, -0.01197
0.02983, -0.01216
0.03036, -0.01235
0.03090, -0.01253
0.03144, -0.01272
0.03198, -0.01290
0.03253, -0.01309
0.03309, -0.01327
0.03365, -0.01345
0.03421, -0.01363
0.03477, -0.01381
0.03535, -0.01399
0.03592, -0.01417
0.03650, -0.01435
0.03709, -0.01452
0.03767, -0.01470
0.03827, -0.01487
0.03887, -0.01505
0.03947, -0.01522
0.04007, -0.01539
0.04068, -0.01556
0.04130, -0.01574
0.04192, -0.01591
0.04254, -0.01607
0.04317, -0.01624
0.04380, -0.01641
0.04444, -0.01658
0.04508, -0.01674
0.04573, -0.01691
0.04638, -0.01707
0.04703, -0.01723
0.04769, -0.01739
0.04835, -0.01756
0.04902, -0.01772
0.04969, -0.01787
0.05037, -0.01803
0.05105, -0.01819
0.05173, -0.01835
0.05242, -0.01850
0.05311, -0.01866
0.05381, -0.01881
0.05451, -0.01897
0.05522, -0.01912
0.05593, -0.01927
0.05664, -0.01942
0.05736, -0.01957
0.05808, -0.01972
0.05881, -0.01987
0.05954, -0.02002
0.06028, -0.02016
0.06102, -0.02031
0.06176, -0.02045
0.06251, -0.02060
0.06326, -0.02074
0.06401, -0.02088
0.06477, -0.02102
0.06554, -0.02116
0.06631, -0.02130
0.06708, -0.02144
0.06786, -0.02158
0.06864, -0.02172
0.06942, -0.02185
0.07021, -0.02199
0.07100, -0.02212
0.07180, -0.02226
0.07260, -0.02239
0.07341, -0.02252
0.07422, -0.02265
0.07503, -0.02278
0.07585, -0.02291
0.07667, -0.02304
0.07749, -0.02317
0.07832, -0.02330
0.07916, -0.02342
0.07999, -0.02355
0.08083, -0.02367
0.08168, -0.02380
0.08253, -0.02392
0.08338, -0.02404
0.08424, -0.02416
0.08510, -0.02428
0.08597, -0.02440
0.08684, -0.02452
0.08771, -0.02464
0.08859, -0.02475
0.08947, -0.02487
0.09035, -0.02499
0.09124, -0.02510
0.09213, -0.02521
0.09303, -0.02533
0.09393, -0.02544
0.09483, -0.02555
0.09574, -0.02566
0.09665, -0.02577
0.09757, -0.02588
0.09849, -0.02598
0.09941, -0.02609
0.10034, -0.02620
0.10127, -0.02630
0.10221, -0.02641
0.10315, -0.02651
0.10409, -0.02661
0.10503, -0.02671
0.10598, -0.02681
0.10694, -0.02691
0.10790, -0.02701
0.10886, -0.02711
0.10982, -0.02721
0.11079, -0.02731
0.11176, -0.02740
0.11274, -0.02750
0.11372, -0.02759
0.11470, -0.02769
0.11569, -0.02778
0.11668, -0.02787
0.11768, -0.02796
0.11867, -0.02805
0.11968, -0.02814
0.12068, -0.02823
0.12169, -0.02832
0.12270, -0.02840
0.12372, -0.02849
0.12474, -0.02858
0.12576, -0.02866
0.12679, -0.02874
0.12782, -0.02883
0.12886, -0.02891
0.12990, -0.02899
0.13094, -0.02907
0.13198, -0.02915
0.13303, -0.02923
0.13408, -0.02931
0.13514, -0.02938
0.13620, -0.02946
0.13726, -0.02953
0.13833, -0.02961
0.13940, -0.02968
0.14047, -0.02976
0.14155, -0.02983
0.14263, -0.02990
0.14371, -0.02997
0.14480, -0.03004
0.14589, -0.03011
0.14698, -0.03018
0.14808, -0.03025
0.14918, -0.03031
0.15028, -0.03038
0.15139, -0.03044
0.15250, -0.03051
0.15362, -0.03057
0.15473, -0.03063
0.15585, -0.03070
0.15698, -0.03076
0.15811, -0.03082
0.15924, -0.03088
0.16037, -0.03093
0.16151, -0.03099
0.16265, -0.03105
0.16379, -0.03111
0.16494, -0.03116
0.16609, -0.03122
0.16725, -0.03127
0.16840, -0.03132
0.16956, -0.03138
0.17073, -0.03143
0.17189, -0.03148
0.17306, -0.03153
0.17424, -0.03158
0.17541, -0.03163
0.17659, -0.03167
0.17777, -0.03172
0.17896, -0.03177
0.18015, -0.03181
0.18134, -0.03186
0.18254, -0.03190
0.18373, -0.03194
0.18493, -0.03198
0.18614, -0.03203
0.18735, -0.03207
0.18856, -0.03211
0.18977, -0.03215
0.19099, -0.03218
0.19221, -0.03222
0.19343, -0.03226
0.19466, -0.03229
0.19588, -0.03233
0.19712, -0.03236
0.19835, -0.03240
0.19959, -0.03243
0.20083, -0.03246
0.20207, -0.03249
0.20332, -0.03253
0.20457, -0.03255
0.20582, -0.03258
0.20708, -0.03261
0.20833, -0.03264
0.20959, -0.03267
0.21086, -0.03269
0.21213, -0.03272
0.21340, -0.03274
0.21467, -0.03277
0.21594, -0.03279
0.21722, -0.03281
0.21850, -0.03283
0.21979, -0.03285
0.22107, -0.03287
0.22236, -0.03289
0.22366, -0.03291
0.22495, -0.03293
0.22625, -0.03295
0.22755, -0.03296
0.22885, -0.03298
0.23016, -0.03299
0.23147, -0.03301
0.23278, -0.03302
0.23409, -0.03303
0.23541, -0.03304
0.23673, -0.03305
0.23805, -0.03306
0.23938, -0.03307
0.24071, -0.03308
0.24204, -0.03309
0.24337, -0.03310
0.24470, -0.03310
0.24604, -0.03311
0.24738, -0.03311
0.24873, -0.03312
0.25007, -0.03312
0.25142, -0.03312
0.25277, -0.03312
0.25413, -0.03313
0.25548, -0.03313
0.25684, -0.03312
0.25820, -0.03312
0.25956, -0.03312
0.26093, -0.03312
0.26230, -0.03311
0.26367, -0.03311
0.26504, -0.03311
0.26642, -0.03310
0.26780, -0.03309
0.26918, -0.03309
0.27056, -0.03308
0.27194, -0.03307
0.27333, -0.03306
0.27472, -0.03305
0.27611, -0.03304
0.27751, -0.03303
0.27890, -0.03301
0.28030, -0.03300
0.28170, -0.03299
0.28310, -0.03297
0.28451, -0.03295
0.28591, -0.03294
0.28732, -0.03292
0.28873, -0.03290
0.29015, -0.03289
0.29156, -0.03287
0.29298, -0.03285
0.29440, -0.03283
0.29582, -0.03280
0.29724, -0.03278
0.29866, -0.03276
0.30009, -0.03274
0.30152, -0.03271
0.30295, -0.03269
0.30438, -0.03266
0.30582, -0.03264
0.30725, -0.03261
0.30869, -0.03258
0.31013, -0.03255
0.31158, -0.03253
0.31302, -0.03250
0.31447, -0.03247
0.31591, -0.03244
0.31736, -0.03240
0.31881, -0.03237
0.32027, -0.03234
0.32172, -0.03231
0.32318, -0.03227
0.32464, -0.03224
0.32610, -0.03220
0.32756, -0.03217
0.32902, -0.03213
0.33047, -0.03209
0.33193, -0.03206
0.33339, -0.03202
0.33484, -0.03198
0.33630, -0.03194
0.33775, -0.03191
0.33921, -0.03187
0.34067, -0.03183
0.34213, -0.03179
0.34359, -0.03175
0.34505, -0.03171
0.34651, -0.03168
0.34798, -0.03164
0.34944, -0.03160
0.35091, -0.03156
0.35238, -0.03152
0.35385, -0.03148
0.35532, -0.03144
0.35679, -0.03140
0.35827, -0.03136
0.35974, -0.03132
0.36122, -0.03128
0.36270, -0.03124
0.36418, -0.03120
0.36566, -0.03116
0.36714, -0.03113
0.36863, -0.03109
0.37011, -0.03105
0.37160, -0.03101
0.37308, -0.03097
0.37457, -0.03093
0.37606, -0.03089
0.37755, -0.03085
0.37905, -0.03081
0.38054, -0.03077
0.38203, -0.03073
0.38353, -0.03069
0.38503, -0.03065
0.38653, -0.03061
0.38803, -0.03058
0.38953, -0.03054
0.39103, -0.03050
0.39253, -0.03046
0.39404, -0.03042
0.39555, -0.03038
0.39705, -0.03034
0.39856, -0.03030
0.40007, -0.03027
0.40158, -0.03023
0.40309, -0.03019
0.40461, -0.03015
0.40612, -0.03011
0.40764, -0.03008
0.40916, -0.03004
0.41067, -0.03000
0.41219, -0.02996
0.41371, -0.02992
0.41524, -0.02989
0.41676, -0.02985
0.41828, -0.02981
0.41981, -0.02977
0.42133, -0.02974
0.42286, -0.02970
0.42439, -0.02966
0.42592, -0.02962
0.42745, -0.02959
0.42898, -0.02955
0.43051, -0.02951
0.43205, -0.02948
0.43358, -0.02944
0.43512, -0.02940
0.43666, -0.02936
0.43820, -0.02933
0.43973, -0.02929
0.44127, -0.02925
0.44282, -0.02922
0.44436, -0.02918
0.44590, -0.02914
0.44745, -0.02910
0.44899, -0.02907
0.45054, -0.02903
0.45208, -0.02899
0.45363, -0.02896
0.45518, -0.02892
0.45673, -0.02888
0.45828, -0.02884
0.45983, -0.02881
0.46139, -0.02877
0.46294, -0.02873
0.46449, -0.02869
0.46605, -0.02865
0.46761, -0.02862
0.46916, -0.02858
0.47072, -0.02854
0.47228, -0.02850
0.47384, -0.02846
0.47540, -0.02842
0.47696, -0.02838
0.47852, -0.02834
0.48008, -0.02830
0.48164, -0.02827
0.48321, -0.02823
0.48477, -0.02819
0.48634, -0.02814
0.48790, -0.02810
0.48947, -0.02806
0.49104, -0.02802
0.49260, -0.02798
0.49417, -0.02794
0.49574, -0.02790
0.49731, -0.02785
0.49888, -0.02781
0.50045, -0.02777
0.50202, -0.02772
0.50359, -0.02768
0.50516, -0.02764
0.50673, -0.02759
0.50830, -0.02755
0.50988, -0.02750
0.51145, -0.02746
0.51302, -0.02741
0.51460, -0.02736
0.51617, -0.02732
0.51774, -0.02727
0.51932, -0.02722
0.52089, -0.02717
0.52247, -0.02712
0.52404, -0.02708
0.52562, -0.02703
0.52719, -0.02698
0.52877, -0.02692
0.53034, -0.02687
0.53192, -0.02682
0.53349, -0.02677
0.53507, -0.02672
0.53664, -0.02666
0.53822, -0.02661
0.53980, -0.02655
0.54137, -0.02650
0.54295, -0.02644
0.54452, -0.02639
0.54610, -0.02633
0.54767, -0.02627
0.54925, -0.02621
0.55082, -0.02615
0.55240, -0.02609
0.55397, -0.02603
0.55554, -0.02597
0.55712, -0.02591
0.55869, -0.02585
0.56026, -0.02578
0.56184, -0.02572
0.56341, -0.02566
0.56498, -0.02559
0.56655, -0.02553
0.56812, -0.02546
0.56969, -0.02539
0.57126, -0.02532
0.57283, -0.02526
0.57440, -0.02519
0.57597, -0.02512
0.57754, -0.02505
0.57910, -0.02497
0.58067, -0.02490
0.58223, -0.02483
0.58380, -0.02475
0.58536, -0.02468
0.58693, -0.02461
0.58849, -0.02453
0.59005, -0.02445
0.59161, -0.02437
0.59317, -0.02430
0.59473, -0.02422
0.59629, -0.02414
0.59785, -0.02406
0.59940, -0.02398
0.60096, -0.02389
0.60251, -0.02381
0.60407, -0.02373
0.60562, -0.02364
0.60717, -0.02356
0.60872, -0.02347
0.61027, -0.02339
0.61182, -0.02330
0.61336, -0.02321
0.61491, -0.02312
0.61645, -0.02303
0.61800, -0.02294
0.61954, -0.02285
0.62108, -0.02276
0.62262, -0.02267
0.62416, -0.02257
0.62569, -0.02248
0.62723, -0.02239
0.62876, -0.02229
0.63030, -0.02219
0.63183, -0.02210
0.63336, -0.02200
0.63489, -0.02190
0.63641, -0.02180
0.63794, -0.02170
0.63946, -0.02160
0.64098, -0.02150
0.64250, -0.02140
0.64402, -0.02130
0.64554, -0.02120
0.64706, -0.02109
0.64860, -0.02099
0.65024, -0.02089
0.65224, -0.02078
0.65522, -0.02061
0.65999, -0.02015
0.66673, -0.01882
0.67376, -0.01637
0.67859, -0.01394
0.67996, -0.01302
0.67789, -0.01379
0.67369, -0.01499
0.66988, -0.01552
0.66810, -0.01551
0.66813, -0.01538
0.66912, -0.01527
0.67047, -0.01518
0.67192, -0.01509
0.67339, -0.01500
0.67486, -0.01491
0.67633, -0.01482
0.67779, -0.01473
0.67926, -0.01465
0.68072, -0.01456
0.68219, -0.01447
0.68365, -0.01438
0.68510, -0.01429
0.68656, -0.01420
0.68802, -0.01412
0.68947, -0.01403
0.69092, -0.01394
0.69237, -0.01385
0.69382, -0.01376
0.69527, -0.01367
0.69671, -0.01359
0.69815, -0.01350
0.69960, -0.01341
0.70103, -0.01332
0.70247, -0.01323
0.70391, -0.01315
0.70534, -0.01306
0.70677, -0.01297
0.70820, -0.01288
0.70963, -0.01280
0.71105, -0.01271
0.71248, -0.01262
0.71390, -0.01253
0.71532, -0.01244
0.71674, -0.01236
0.71815, -0.01227
0.71957, -0.01218
0.72098, -0.01209
0.72239, -0.01201
0.72379, -0.01192
0.72520, -0.01183
0.72660, -0.01174
0.72800, -0.01166
0.72940, -0.01157
0.73080, -0.01148
0.73219, -0.01139
0.73359, -0.01130
0.73498, -0.01122
0.73636, -0.01113
0.73775, -0.01104
0.73913, -0.01095
0.74051, -0.01087
0.74189, -0.01078
0.74327, -0.01069
0.74464, -0.01060
0.74601, -0.01052
0.74738, -0.01043
0.74875, -0.01034
0.75011, -0.01025
0.75147, -0.01016
0.75283, -0.01008
0.75419, -0.00999
0.75554, -0.00990
0.75690, -0.00981
0.75825, -0.00973
0.75959, -0.00964
0.76094, -0.00955
0.76228, -0.00946
0.76362, -0.00937
0.76495, -0.00929
0.76629, -0.00920
0.76762, -0.00911
0.76894, -0.00902
0.77027, -0.00894
0.77159, -0.00885
0.77291, -0.00876
0.77423, -0.00867
0.77554, -0.00859
0.77686, -0.00850
0.77817, -0.00841
0.77947, -0.00832
0.78078, -0.00824
0.78208, -0.00815
0.78337, -0.00806
0.78467, -0.00798
0.78596, -0.00789
0.78725, -0.00780
0.78854, -0.00772
0.78982, -0.00763
0.79110, -0.00754
0.79238, -0.00746
0.79365, -0.00737
0.79493, -0.00728
0.79620, -0.00720
0.79746, -0.00711
0.79872, -0.00703
0.79999, -0.00694
0.80124, -0.00685
0.80250, -0.00677
0.80375, -0.00668
0.80500, -0.00660
0.80624, -0.00651
0.80748, -0.00643
0.80872, -0.00634
0.80996, -0.00626
0.81119, -0.00617
0.81242, -0.00609
0.81365, -0.00600
0.81487, -0.00592
0.81609, -0.00584
0.81731, -0.00575
0.81853, -0.00567
0.81974, -0.00558
0.82094, -0.00550
0.82215, -0.00542
0.82335, -0.00533
0.82455, -0.00525
0.82574, -0.00517
0.82694, -0.00509
0.82813, -0.00500
0.82931, -0.00492
0.83049, -0.00484
0.83167, -0.00476
0.83285, -0.00467
0.83402, -0.00459
0.83519, -0.00451
0.83635, -0.00443
0.83752, -0.00435
0.83868, -0.00427
0.83983, -0.00419
0.84098, -0.00411
0.84213, -0.00403
0.84328, -0.00395
0.84442, -0.00387
0.84556, -0.00379
0.84670, -0.00371
0.84783, -0.00363
0.84896, -0.00355
0.85008, -0.00347
0.85120, -0.00339
0.85232, -0.00331
0.85344, -0.00323
0.85455, -0.00315
0.85566, -0.00308
0.85676, -0.00300
0.85786, -0.00292
0.85896, -0.00284
0.86005, -0.00277
0.86114, -0.00269
0.86223, -0.00261
0.86331, -0.00254
0.86439, -0.00246
0.86547, -0.00238
0.86654, -0.00231
0.86761, -0.00223
0.86868, -0.00216
0.86974, -0.00208
0.87079, -0.00201
0.87185, -0.00193
0.87290, -0.00186
0.87395, -0.00178
0.87499, -0.00171
0.87603, -0.00164
0.87706, -0.00156
0.87810, -0.00149
0.87912, -0.00142
0.88015, -0.00134
0.88117, -0.00127
0.88219, -0.00120
0.88320, -0.00113
0.88421, -0.00105
0.88521, -0.00098
0.88622, -0.00091
0.88721, -0.00084
0.88821, -0.00077
0.88920, -0.00070
0.89019, -0.00063
0.89117, -0.00056
0.89215, -0.00049
0.89312, -0.00042
0.89409, -0.00035
0.89506, -0.00028
0.89602, -0.00021
0.89698, -0.00014
0.89794, -0.00007
0.89889, -0.00000
0.89984, 0.00006
0.90078, 0.00013
0.90172, 0.00020
0.90266, 0.00027
0.90359, 0.00033
0.90451, 0.00040
0.90544, 0.00047
0.90636, 0.00053
0.90727, 0.00060
0.90818, 0.00066
0.90909, 0.00073
0.91000, 0.00079
0.91090, 0.00086
0.91179, 0.00092
0.91268, 0.00099
0.91357, 0.00105
0.91445, 0.00111
0.91533, 0.00118
0.91621, 0.00124
0.91708, 0.00130
0.91794, 0.00136
0.91881, 0.00143
0.91966, 0.00149
0.92052, 0.00155
0.92137, 0.00161
0.92222, 0.00167
0.92306, 0.00173
0.92389, 0.00179
0.92473, 0.00185
0.92556, 0.00191
0.92638, 0.00197
0.92720, 0.00203
0.92802, 0.00209
0.92883, 0.00215
0.92964, 0.00221
0.93044, 0.00227
0.93124, 0.00233
0.93204, 0.00238
0.93283, 0.00244
0.93361, 0.00250
0.93440, 0.00255
0.93518, 0.00261
0.93595, 0.00267
0.93672, 0.00272
0.93748, 0.00278
0.93824, 0.00283
0.93900, 0.00289
0.93975, 0.00294
0.94050, 0.00300
0.94124, 0.00305
0.94198, 0.00311
0.94272, 0.00316
0.94345, 0.00321
0.94417, 0.00326
0.94489, 0.00332
0.94561, 0.00337
0.94632, 0.00342
0.94703, 0.00347
0.94774, 0.00352
0.94843, 0.00357
0.94913, 0.00362
0.94982, 0.00368
0.95051, 0.00373
0.95119, 0.00377
0.95186, 0.00382
0.95254, 0.00387
0.95320, 0.00392
0.95387, 0.00397
0.95453, 0.00402
0.95518, 0.00407
0.95583, 0.00411
0.95648, 0.00416
0.95712, 0.00421
0.95775, 0.00425
0.95838, 0.00430
0.95901, 0.00435
0.95963, 0.00439
0.96025, 0.00444
0.96087, 0.00448
0.96148, 0.00453
0.96208, 0.00457
0.96268, 0.00461
0.96327, 0.00466
0.96386, 0.00470
0.96445, 0.00474
0.96503, 0.00479
0.96561, 0.00483
0.96618, 0.00487
0.96675, 0.00491
0.96731, 0.00495
0.96787, 0.00499
0.96842, 0.00503
0.96897, 0.00507
0.96952, 0.00511
0.97006, 0.00515
0.97059, 0.00519
0.97112, 0.00523
0.97165, 0.00527
0.97217, 0.00531
0.97268, 0.00535
0.97319, 0.00538
0.97370, 0.00542
0.97420, 0.00546
0.97470, 0.00549
0.97519, 0.00553
0.97568, 0.00557
0.97616, 0.00560
0.97664, 0.00564
0.97711, 0.00567
0.97758, 0.00571
0.97805, 0.00574
0.97851, 0.00577
0.97896, 0.00581
0.97941, 0.00584
0.97986, 0.00587
0.98030, 0.00591
0.98073, 0.00594
0.98116, 0.00597
0.98159, 0.00600
0.98201, 0.00603
0.98243, 0.00606
0.98284, 0.00609
0.98324, 0.00612
0.98365, 0.00615
0.98404, 0.00618
0.98444, 0.00621
0.98482, 0.00624
0.98521, 0.00627
0.98558, 0.00629
0.98596, 0.00632
0.98632, 0.00635
0.98669, 0.00638
0.98705, 0.00640
0.98740, 0.00643
0.98775, 0.00645
0.98809, 0.00648
0.98843, 0.00650
0.98876, 0.00653
0.98909, 0.00655
0.98942, 0.00658
0.98974, 0.00660
0.99005, 0.00662
0.99036, 0.00665
0.99067, 0.00667
0.99097, 0.00669
0.99126, 0.00671
0.99155, 0.00673
0.99184, 0.00676
0.99212, 0.00678
0.99239, 0.00680
0.99266, 0.00682
0.99293, 0.00684
0.99319, 0.00686
0.99344, 0.00687
0.99370, 0.00689
0.99394, 0.00691
0.99418, 0.00693
0.99442, 0.00695
0.99465, 0.00696
0.99488, 0.00698
0.99510, 0.00700
0.99531, 0.00701
0.99552, 0.00703
0.99573, 0.00704
0.99593, 0.00706
0.99613, 0.00707
0.99632, 0.00709
0.99651, 0.00710
0.99669, 0.00711
0.99687, 0.00713
0.99704, 0.00714
0.99720, 0.00715
0.99737, 0.00716
0.99752, 0.00718
0.99767, 0.00719
0.99782, 0.00720
0.99796, 0.00721
0.99810, 0.00722
0.99823, 0.00723
0.99836, 0.00724
0.99848, 0.00725
0.99860, 0.00726
0.99871, 0.00726
0.99882, 0.00727
0.99892, 0.00728
0.99902, 0.00729
0.99911, 0.00729
0.99920, 0.00730
0.99928, 0.00731
0.99936, 0.00731
0.99943, 0.00732
0.99950, 0.00732
0.99956, 0.00733
0.99962, 0.00733
0.99967, 0.00733
0.99972, 0.00734
0.99976, 0.00734
0.99980, 0.00734
0.99983, 0.00735
0.99986, 0.00735
0.99988, 0.00735
0.99989, 0.00735
0.99990, 0.00735
0.99987, 0.00736
0.99986, 0.00736
