=== Airfoil Parameters ===
m = 0.02
p = 0.4
t = 0.12

=== Control Points ===
0.00000, -0.00622, -0.00622
0.06667, 0.00007, -0.00604
0.13333, 0.00533, -0.00578
0.20000, 0.00944, -0.00556
0.26667, 0.01226, -0.00552
0.66667, 0.01034, -0.00571
0.75000, 0.00708, -0.00611
0.83333, 0.00295, -0.00662
0.91667, -0.00191, -0.00708
1.00000, -0.00735, -0.00735

=== Upper Surface ===
0.00000, -0.00622
-0.00004, -0.00594
-0.00005, -0.00566
-0.00006, -0.00538
-0.00007, -0.00510
-0.00008, -0.00482
-0.00008, -0.00454
-0.00008, -0.00426
-0.00007, -0.00398
-0.00005, -0.00370
-0.00003, -0.00342
-0.00001, -0.00314
0.00002, -0.00286
0.00005, -0.00258
0.00009, -0.00230
0.00014, -0.00202
0.00019, -0.00174
0.00024, -0.00146
0.00030, -0.00118
0.00036, -0.00090
0.00043, -0.00062
0.00051, -0.00034
0.00059, -0.00006
0.00067, 0.00023
0.00076, 0.00051
0.00085, 0.00079
0.00095, 0.00107
0.00106, 0.00135
0.00116, 0.00163
0.00128, 0.00192
0.00140, 0.00220
0.00152, 0.00248
0.00165, 0.00276
0.00178, 0.00304
0.00192, 0.00333
0.00207, 0.00361
0.00222, 0.00389
0.00237, 0.00417
0.00253, 0.00446
0.00269, 0.00474
0.00286, 0.00502
0.00303, 0.00531
0.00321, 0.00559
0.00340, 0.00587
0.00359, 0.00615
0.00378, 0.00644
0.00398, 0.00672
0.00418, 0.00700
0.00439, 0.00729
0.00460, 0.00757
0.00482, 0.00785
0.00505, 0.00814
0.00527, 0.00842
0.00551, 0.00870
0.00575, 0.00899
0.00599, 0.00927
0.00624, 0.00956
0.00649, 0.00984
0.00675, 0.01012
0.00701, 0.01041
0.00728, 0.01069
0.00755, 0.01097
0.00783, 0.01126
0.00811, 0.01154
0.00840, 0.01182
0.00869, 0.01211
0.00899, 0.01239
0.00930, 0.01268
0.00960, 0.01296
0.00992, 0.01324
0.01023, 0.01353
0.01056, 0.01381
0.01088, 0.01409
0.01122, 0.01438
0.01155, 0.01466
0.01189, 0.01494
0.01224, 0.01523
0.01259, 0.01551
0.01295, 0.01579
0.01331, 0.01608
0.01368, 0.01636
0.01405, 0.01664
0.01443, 0.01693
0.01481, 0.01721
0.01519, 0.01749
0.01559, 0.01778
0.01598, 0.01806
0.01638, 0.01834
0.01679, 0.01862
0.01720, 0.01891
0.01761, 0.01919
0.01804, 0.01947
0.01846, 0.01975
0.01889, 0.02003
0.01933, 0.02032
0.01977, 0.02060
0.02021, 0.02088
0.02066, 0.02116
0.02111, 0.02144
0.02157, 0.02172
0.02204, 0.02200
0.02251, 0.02229
0.02298, 0.02257
0.02346, 0.02285
0.02394, 0.02313
0.02443, 0.02341
0.02492, 0.02369
0.02542, 0.02397
0.02592, 0.02425
0.02643, 0.02453
0.02694, 0.02481
0.02746, 0.02508
0.02798, 0.02536
0.02851, 0.02564
0.02904, 0.02592
0.02958, 0.02620
0.03012, 0.02648
0.03066, 0.02675
0.03121, 0.02703
0.03177, 0.02731
0.03233, 0.02759
0.03289, 0.02786
0.03346, 0.02814
0.03404, 0.02842
0.03462, 0.02869
0.03520, 0.02897
0.03579, 0.02924
0.03638, 0.02952
0.03698, 0.02979
0.03758, 0.03007
0.03819, 0.03034
0.03880, 0.03062
0.03942, 0.03089
0.04004, 0.03116
0.04066, 0.03144
0.04129, 0.03171
0.04193, 0.03198
0.04257, 0.03225
0.04321, 0.03252
0.04386, 0.03280
0.04452, 0.03307
0.04518, 0.03334
0.04584, 0.03361
0.04651, 0.03388
0.04718, 0.03415
0.04786, 0.03441
0.04854, 0.03468
0.04922, 0.03495
0.04991, 0.03522
0.05061, 0.03549
0.05131, 0.03575
0.05201, 0.03602
0.05272, 0.03629
0.05344, 0.03655
0.05416, 0.03682
0.05488, 0.03708
0.05561, 0.03735
0.05634, 0.03761
0.05707, 0.03787
0.05781, 0.03814
0.05856, 0.03840
0.05931, 0.03866
0.06006, 0.03892
0.06082, 0.03918
0.06159, 0.03944
0.06235, 0.03970
0.06313, 0.03996
0.06390, 0.04022
0.06469, 0.04048
0.06547, 0.04074
0.06626, 0.04099
0.06706, 0.04125
0.06786, 0.04151
0.06866, 0.04176
0.06947, 0.04202
0.07028, 0.04227
0.07110, 0.04253
0.07192, 0.04278
0.07274, 0.04303
0.07357, 0.04328
0.07441, 0.04353
0.07525, 0.04379
0.07609, 0.04404
0.07694, 0.04429
0.07779, 0.04453
0.07864, 0.04478
0.07950, 0.04503
0.08037, 0.04528
0.08124, 0.04552
0.08211, 0.04577
0.08299, 0.04601
0.08387, 0.04626
0.08476, 0.04650
0.08565, 0.04674
0.08654, 0.04699
0.08744, 0.04723
0.08834, 0.04747
0.08925, 0.04771
0.09016, 0.04795
0.09108, 0.04819
0.09200, 0.04843
0.09292, 0.04866
0.09385, 0.04890
0.09478, 0.04913
0.09572, 0.04937
0.09666, 0.04960
0.09761, 0.04984
0.09856, 0.05007
0.09951, 0.05030
0.10047, 0.05053
0.10143, 0.05076
0.10240, 0.05099
0.10337, 0.05122
0.10434, 0.05145
0.10532, 0.05168
0.10630, 0.05190
0.10729, 0.05213
0.10828, 0.05235
0.10927, 0.05258
0.11027, 0.05280
0.11127, 0.05302
0.11228, 0.05324
0.11329, 0.05346
0.11430, 0.05368
0.11532, 0.05390
0.11634, 0.05412
0.11737, 0.05433
0.11840, 0.05455
0.11943, 0.05476
0.12047, 0.05498
0.12151, 0.05519
0.12256, 0.05540
0.12361, 0.05561
0.12466, 0.05582
0.12572, 0.05603
0.12678, 0.05624
0.12785, 0.05645
0.12892, 0.05666
0.12999, 0.05686
0.13107, 0.05707
0.13215, 0.05727
0.13323, 0.05747
0.13432, 0.05767
0.13541, 0.05787
0.13651, 0.05807
0.13761, 0.05827
0.13871, 0.05847
0.13982, 0.05866
0.14093, 0.05886
0.14205, 0.05905
0.14316, 0.05925
0.14429, 0.05944
0.14541, 0.05963
0.14654, 0.05982
0.14768, 0.06001
0.14881, 0.06020
0.14995, 0.06038
0.15110, 0.06057
0.15225, 0.06075
0.15340, 0.06094
0.15455, 0.06112
0.15571, 0.06130
0.15688, 0.06148
0.15804, 0.06166
0.15921, 0.06184
0.16039, 0.06202
0.16156, 0.06219
0.16274, 0.06237
0.16393, 0.06254
0.16511, 0.06271
0.16631, 0.06288
0.16750, 0.06305
0.16870, 0.06322
0.16990, 0.06339
0.17111, 0.06355
0.17231, 0.06372
0.17353, 0.06388
0.17474, 0.06404
0.17596, 0.06421
0.17718, 0.06436
0.17841, 0.06452
0.17964, 0.06468
0.18087, 0.06484
0.18211, 0.06499
0.18335, 0.06515
0.18459, 0.06530
0.18583, 0.06545
0.18708, 0.06560
0.18834, 0.06575
0.18959, 0.06590
0.19085, 0.06604
0.19211, 0.06619
0.19338, 0.06633
0.19465, 0.06647
0.19592, 0.06661
0.19719, 0.06675
0.19847, 0.06689
0.19975, 0.06703
0.20104, 0.06716
0.20232, 0.06729
0.20361, 0.06743
0.20491, 0.06756
0.20620, 0.06769
0.20750, 0.06782
0.20881, 0.06794
0.21011, 0.06807
0.21142, 0.06819
0.21273, 0.06832
0.21404, 0.06844
0.21536, 0.06856
0.21668, 0.06868
0.21800, 0.06880
0.21932, 0.06891
0.22065, 0.06903
0.22198, 0.06914
0.22332, 0.06925
0.22465, 0.06936
0.22599, 0.06947
0.22733, 0.06958
0.22867, 0.06969
0.23002, 0.06979
0.23137, 0.06990
0.23272, 0.07000
0.23408, 0.07010
0.23543, 0.07020
0.23679, 0.07030
0.23815, 0.07039
0.23952, 0.07049
0.24089, 0.07058
0.24226, 0.07068
0.24363, 0.07077
0.24500, 0.07086
0.24638, 0.07095
0.24776, 0.07103
0.24914, 0.07112
0.25053, 0.07120
0.25192, 0.07129
0.25330, 0.07137
0.25470, 0.07145
0.25609, 0.07153
0.25749, 0.07160
0.25889, 0.07168
0.26029, 0.07175
0.26169, 0.07183
0.26310, 0.07190
0.26451, 0.07197
0.26592, 0.07204
0.26733, 0.07211
0.26874, 0.07217
0.27016, 0.07224
0.27158, 0.07230
0.27300, 0.07237
0.27443, 0.07243
0.27585, 0.07249
0.27728, 0.07255
0.27871, 0.07260
0.28015, 0.07266
0.28158, 0.07271
0.28302, 0.07277
0.28446, 0.07282
0.28590, 0.07287
0.28734, 0.07292
0.28879, 0.07296
0.29024, 0.07301
0.29169, 0.07305
0.29314, 0.07310
0.29460, 0.07314
0.29605, 0.07318
0.29751, 0.07322
0.29897, 0.07326
0.30043, 0.07329
0.30190, 0.07333
0.30336, 0.07336
0.30483, 0.07340
0.30630, 0.07343
0.30777, 0.07346
0.30925, 0.07348
0.31072, 0.07351
0.31220, 0.07354
0.31368, 0.07356
0.31516, 0.07358
0.31664, 0.07361
0.31813, 0.07363
0.31962, 0.07365
0.32110, 0.07366
0.32259, 0.07368
0.32408, 0.07369
0.32558, 0.07371
0.32707, 0.07372
0.32856, 0.07373
0.33005, 0.07374
0.33154, 0.07375
0.33303, 0.07376
0.33452, 0.07376
0.33601, 0.07377
0.33750, 0.07377
0.33899, 0.07378
0.34049, 0.07378
0.34199, 0.07378
0.34349, 0.07378
0.34499, 0.07378
0.34649, 0.07378
0.34800, 0.07378
0.34950, 0.07378
0.35101, 0.07377
0.35252, 0.07377
0.35403, 0.07376
0.35555, 0.07375
0.35706, 0.07375
0.35858, 0.07374
0.36010, 0.07373
0.36161, 0.07372
0.36314, 0.07370
0.36466, 0.07369
0.36618, 0.07368
0.36771, 0.07366
0.36924, 0.07364
0.37076, 0.07363
0.37230, 0.07361
0.37383, 0.07359
0.37536, 0.07357
0.37689, 0.07355
0.37843, 0.07353
0.37997, 0.07350
0.38150, 0.07348
0.38304, 0.07345
0.38459, 0.07343
0.38613, 0.07340
0.38767, 0.07337
0.38922, 0.07334
0.39076, 0.07331
0.39231, 0.07328
0.39386, 0.07324
0.39541, 0.07321
0.39696, 0.07318
0.39851, 0.07314
0.40006, 0.07310
0.40161, 0.07307
0.40317, 0.07303
0.40472, 0.07299
0.40628, 0.07294
0.40784, 0.07290
0.40939, 0.07286
0.41095, 0.07282
0.41251, 0.07277
0.41407, 0.07272
0.41564, 0.07268
0.41720, 0.07263
0.41876, 0.07258
0.42033, 0.07253
0.42189, 0.07248
0.42346, 0.07242
0.42502, 0.07237
0.42659, 0.07232
0.42816, 0.07226
0.42973, 0.07220
0.43130, 0.07215
0.43287, 0.07209
0.43444, 0.07203
0.43601, 0.07197
0.43758, 0.07191
0.43915, 0.07184
0.44073, 0.07178
0.44230, 0.07172
0.44387, 0.07165
0.44545, 0.07158
0.44702, 0.07152
0.44860, 0.07145
0.45017, 0.07138
0.45175, 0.07131
0.45333, 0.07124
0.45490, 0.07117
0.45648, 0.07109
0.45806, 0.07102
0.45964, 0.07094
0.46122, 0.07087
0.46279, 0.07079
0.46437, 0.07071
0.46595, 0.07063
0.46753, 0.07055
0.46911, 0.07047
0.47069, 0.07039
0.47227, 0.07031
0.47385, 0.07023
0.47543, 0.07014
0.47701, 0.07006
0.47859, 0.06997
0.48017, 0.06989
0.48175, 0.06980
0.48334, 0.06971
0.48492, 0.06962
0.48650, 0.06953
0.48808, 0.06944
0.48966, 0.06935
0.49124, 0.06926
0.49282, 0.06916
0.49440, 0.06907
0.49598, 0.06897
0.49757, 0.06888
0.49915, 0.06878
0.50073, 0.06868
0.50231, 0.06859
0.50389, 0.06849
0.50547, 0.06839
0.50705, 0.06829
0.50863, 0.06819
0.51021, 0.06808
0.51179, 0.06798
0.51337, 0.06788
0.51495, 0.06777
0.51653, 0.06767
0.51811, 0.06756
0.51969, 0.06746
0.52127, 0.06735
0.52285, 0.06724
0.52442, 0.06713
0.52600, 0.06702
0.52758, 0.06691
0.52916, 0.06680
0.53073, 0.06669
0.53231, 0.06658
0.53389, 0.06646
0.53546, 0.06635
0.53704, 0.06624
0.53861, 0.06612
0.54019, 0.06601
0.54176, 0.06589
0.54333, 0.06577
0.54491, 0.06565
0.54648, 0.06554
0.54805, 0.06542
0.54963, 0.06530
0.55120, 0.06518
0.55277, 0.06506
0.55434, 0.06493
0.55591, 0.06481
0.55748, 0.06469
0.55905, 0.06456
0.56061, 0.06444
0.56218, 0.06432
0.56375, 0.06419
0.56531, 0.06406
0.56688, 0.06394
0.56845, 0.06381
0.57001, 0.06368
0.57157, 0.06355
0.57314, 0.06342
0.57470, 0.06329
0.57626, 0.06316
0.57782, 0.06303
0.57938, 0.06290
0.58094, 0.06277
0.58250, 0.06263
0.58406, 0.06250
0.58562, 0.06237
0.58717, 0.06223
0.58873, 0.06209
0.59028, 0.06196
0.59184, 0.06182
0.59339, 0.06168
0.59494, 0.06155
0.59649, 0.06141
0.59804, 0.06127
0.59959, 0.06113
0.60114, 0.06099
0.60269, 0.06085
0.60424, 0.06070
0.60578, 0.06056
0.60733, 0.06042
0.60887, 0.06027
0.61041, 0.06013
0.61196, 0.05998
0.61350, 0.05984
0.61504, 0.05969
0.61658, 0.05955
0.61811, 0.05940
0.61965, 0.05925
0.62119, 0.05910
0.62272, 0.05895
0.62425, 0.05880
0.62579, 0.05865
0.62732, 0.05850
0.62885, 0.05835
0.63037, 0.05820
0.63190, 0.05804
0.63343, 0.05789
0.63495, 0.05774
0.63648, 0.05758
0.63800, 0.05742
0.63952, 0.05727
0.64104, 0.05711
0.64256, 0.05695
0.64408, 0.05680
0.64559, 0.05664
0.64711, 0.05648
0.64862, 0.05632
0.65016, 0.05615
0.65179, 0.05599
0.65376, 0.05581
0.65664, 0.05554
0.66119, 0.05494
0.66757, 0.05351
0.67424, 0.05105
0.67892, 0.04863
0.68044, 0.04761
0.67884, 0.04820
0.67530, 0.04932
0.67206, 0.04991
0.67059, 0.04997
0.67075, 0.04983
0.67178, 0.04965
0.67314, 0.04947
0.67460, 0.04928
0.67607, 0.04909
0.67754, 0.04890
0.67902, 0.04871
0.68049, 0.04852
0.68195, 0.04833
0.68342, 0.04813
0.68489, 0.04794
0.68635, 0.04775
0.68781, 0.04756
0.68927, 0.04737
0.69073, 0.04717
0.69218, 0.04698
0.69363, 0.04679
0.69509, 0.04659
0.69654, 0.04640
0.69798, 0.04620
0.69943, 0.04601
0.70087, 0.04582
0.70231, 0.04562
0.70375, 0.04542
0.70519, 0.04523
0.70663, 0.04503
0.70806, 0.04484
0.70949, 0.04464
0.71092, 0.04444
0.71235, 0.04425
0.71377, 0.04405
0.71520, 0.04385
0.71662, 0.04366
0.71804, 0.04346
0.71945, 0.04326
0.72087, 0.04306
0.72228, 0.04286
0.72369, 0.04266
0.72510, 0.04247
0.72650, 0.04227
0.72791, 0.04207
0.72931, 0.04187
0.73070, 0.04167
0.73210, 0.04147
0.73349, 0.04127
0.73489, 0.04107
0.73628, 0.04087
0.73766, 0.04067
0.73905, 0.04047
0.74043, 0.04027
0.74181, 0.04006
0.74319, 0.03986
0.74456, 0.03966
0.74593, 0.03946
0.74730, 0.03926
0.74867, 0.03906
0.75004, 0.03885
0.75140, 0.03865
0.75276, 0.03845
0.75412, 0.03825
0.75547, 0.03804
0.75682, 0.03784
0.75817, 0.03764
0.75952, 0.03744
0.76087, 0.03723
0.76221, 0.03703
0.76355, 0.03683
0.76488, 0.03662
0.76622, 0.03642
0.76755, 0.03622
0.76888, 0.03601
0.77020, 0.03581
0.77152, 0.03561
0.77284, 0.03540
0.77416, 0.03520
0.77548, 0.03500
0.77679, 0.03479
0.77810, 0.03459
0.77940, 0.03438
0.78071, 0.03418
0.78201, 0.03398
0.78331, 0.03377
0.78460, 0.03357
0.78589, 0.03336
0.78718, 0.03316
0.78847, 0.03296
0.78975, 0.03275
0.79103, 0.03255
0.79231, 0.03235
0.79358, 0.03214
0.79485, 0.03194
0.79612, 0.03174
0.79739, 0.03153
0.79865, 0.03133
0.79991, 0.03113
0.80117, 0.03092
0.80242, 0.03072
0.80367, 0.03052
0.80492, 0.03031
0.80616, 0.03011
0.80740, 0.02991
0.80864, 0.02971
0.80988, 0.02950
0.81111, 0.02930
0.81234, 0.02910
0.81356, 0.02890
0.81479, 0.02870
0.81601, 0.02849
0.81722, 0.02829
0.81844, 0.02809
0.81965, 0.02789
0.82085, 0.02769
0.82206, 0.02749
0.82326, 0.02729
0.82445, 0.02709
0.82565, 0.02689
0.82684, 0.02669
0.82803, 0.02649
0.82921, 0.02629
0.83039, 0.02609
0.83157, 0.02589
0.83274, 0.02569
0.83391, 0.02549
0.83508, 0.02529
0.83624, 0.02509
0.83740, 0.02489
0.83856, 0.02470
0.83972, 0.02450
0.84087, 0.02430
0.84201, 0.02410
0.84316, 0.02391
0.84430, 0.02371
0.84544, 0.02351
0.84657, 0.02332
0.84770, 0.02312
0.84883, 0.02293
0.84995, 0.02273
0.85107, 0.02254
0.85219, 0.02234
0.85330, 0.02215
0.85441, 0.02195
0.85551, 0.02176
0.85662, 0.02157
0.85771, 0.02137
0.85881, 0.02118
0.85990, 0.02099
0.86099, 0.02080
0.86207, 0.02060
0.86315, 0.02041
0.86423, 0.02022
0.86530, 0.02003
0.86637, 0.01984
0.86744, 0.01965
0.86850, 0.01946
0.86956, 0.01927
0.87062, 0.01908
0.87167, 0.01890
0.87272, 0.01871
0.87376, 0.01852
0.87480, 0.01833
0.87584, 0.01815
0.87687, 0.01796
0.87790, 0.01778
0.87893, 0.01759
0.87995, 0.01740
0.88097, 0.01722
0.88198, 0.01704
0.88299, 0.01685
0.88400, 0.01667
0.88500, 0.01649
0.88600, 0.01630
0.88700, 0.01612
0.88799, 0.01594
0.88898, 0.01576
0.88996, 0.01558
0.89094, 0.01540
0.89192, 0.01522
0.89289, 0.01504
0.89386, 0.01486
0.89482, 0.01468
0.89578, 0.01451
0.89674, 0.01433
0.89769, 0.01415
0.89864, 0.01398
0.89959, 0.01380
0.90053, 0.01363
0.90146, 0.01345
0.90240, 0.01328
0.90333, 0.01311
0.90425, 0.01293
0.90517, 0.01276
0.90609, 0.01259
0.90700, 0.01242
0.90791, 0.01225
0.90882, 0.01208
0.90972, 0.01191
0.91061, 0.01174
0.91151, 0.01157
0.91240, 0.01140
0.91328, 0.01123
0.91416, 0.01107
0.91504, 0.01090
0.91591, 0.01074
0.91678, 0.01057
0.91764, 0.01041
0.91850, 0.01024
0.91936, 0.01008
0.92021, 0.00992
0.92106, 0.00976
0.92190, 0.00959
0.92274, 0.00943
0.92358, 0.00927
0.92441, 0.00911
0.92524, 0.00896
0.92606, 0.00880
0.92688, 0.00864
0.92769, 0.00848
0.92850, 0.00833
0.92931, 0.00817
0.93011, 0.00802
0.93091, 0.00786
0.93170, 0.00771
0.93249, 0.00756
0.93327, 0.00741
0.93405, 0.00725
0.93483, 0.00710
0.93560, 0.00695
0.93637, 0.00680
0.93713, 0.00665
0.93789, 0.00651
0.93865, 0.00636
0.93940, 0.00621
0.94014, 0.00607
0.94088, 0.00592
0.94162, 0.00578
0.94235, 0.00563
0.94308, 0.00549
0.94381, 0.00535
0.94453, 0.00521
0.94524, 0.00507
0.94595, 0.00493
0.94666, 0.00479
0.94736, 0.00465
0.94806, 0.00451
0.94875, 0.00437
0.94944, 0.00424
0.95013, 0.00410
0.95081, 0.00397
0.95148, 0.00383
0.95216, 0.00370
0.95282, 0.00357
0.95348, 0.00344
0.95414, 0.00331
0.95480, 0.00317
0.95545, 0.00305
0.95609, 0.00292
0.95673, 0.00279
0.95737, 0.00266
0.95800, 0.00254
0.95862, 0.00241
0.95925, 0.00229
0.95986, 0.00216
0.96048, 0.00204
0.96109, 0.00192
0.96169, 0.00180
0.96229, 0.00168
0.96288, 0.00156
0.96347, 0.00144
0.96406, 0.00132
0.96464, 0.00120
0.96522, 0.00109
0.96579, 0.00097
0.96636, 0.00086
0.96692, 0.00074
0.96748, 0.00063
0.96803, 0.00052
0.96858, 0.00041
0.96913, 0.00030
0.96967, 0.00019
0.97020, 0.00008
0.97073, -0.00003
0.97126, -0.00014
0.97178, -0.00024
0.97230, -0.00035
0.97281, -0.00045
0.97332, -0.00056
0.97382, -0.00066
0.97432, -0.00076
0.97482, -0.00086
0.97530, -0.00096
0.97579, -0.00106
0.97627, -0.00116
0.97674, -0.00125
0.97721, -0.00135
0.97768, -0.00145
0.97814, -0.00154
0.97860, -0.00163
0.97905, -0.00173
0.97950, -0.00182
0.97994, -0.00191
0.98038, -0.00200
0.98081, -0.00209
0.98124, -0.00218
0.98166, -0.00226
0.98208, -0.00235
0.98249, -0.00243
0.98290, -0.00252
0.98331, -0.00260
0.98371, -0.00268
0.98410, -0.00277
0.98449, -0.00285
0.98488, -0.00293
0.98526, -0.00300
0.98563, -0.00308
0.98601, -0.00316
0.98637, -0.00323
0.98673, -0.00331
0.98709, -0.00338
0.98744, -0.00346
0.98779, -0.00353
0.98813, -0.00360
0.98847, -0.00367
0.98880, -0.00374
0.98913, -0.00381
0.98945, -0.00387
0.98977, -0.00394
0.99009, -0.00401
0.99040, -0.00407
0.99070, -0.00413
0.99100, -0.00419
0.99129, -0.00426
0.99158, -0.00432
0.99187, -0.00438
0.99215, -0.00443
0.99242, -0.00449
0.99270, -0.00455
0.99296, -0.00460
0.99322, -0.00466
0.99348, -0.00471
0.99373, -0.00476
0.99398, -0.00482
0.99422, -0.00487
0.99445, -0.00491
0.99469, -0.00496
0.99491, -0.00501
0.99513, -0.00506
0.99535, -0.00510
0.99556, -0.00515
0.99577, -0.00519
0.99597, -0.00523
0.99617, -0.00527
0.99637, -0.00531
0.99655, -0.00535
0.99674, -0.00539
0.99692, -0.00543
0.99709, -0.00547
0.99726, -0.00550
0.99742, -0.00554
0.99758, -0.00557
0.99773, -0.00560
0.99788, -0.00563
0.99803, -0.00566
0.99817, -0.00569
0.99830, -0.00572
0.99843, -0.00575
0.99856, -0.00577
0.99868, -0.00580
0.99879, -0.00582
0.99890, -0.00585
0.99901, -0.00587
0.99911, -0.00589
0.99920, -0.00591
0.99929, -0.00593
0.99938, -0.00595
0.99946, -0.00596
0.99953, -0.00598
0.99961, -0.00599
0.99967, -0.00601
0.99973, -0.00602
0.99979, -0.00603
0.99984, -0.00604
0.99989, -0.00605
0.99993, -0.00606
0.99997, -0.00607
1.00000, -0.00608
1.00002, -0.00608
1.00005, -0.00609
1.00007, -0.00609
1.00008, -0.00609
1.00013, -0.00610
1.00014, -0.00610

=== Lower Surface ===
0.00000, -0.00622
0.00005, -0.00649
0.00007, -0.00677
0.00011, -0.00705
0.00015, -0.00732
0.00020, -0.00760
0.00026, -0.00787
0.00032, -0.00815
0.00038, -0.00842
0.00045, -0.00869
0.00053, -0.00896
0.00061, -0.00923
0.00069, -0.00950
0.00078, -0.00977
0.00088, -0.01003
0.00098, -0.01030
0.00108, -0.01056
0.00119, -0.01083
0.00130, -0.01109
0.00142, -0.01135
0.00154, -0.01161
0.00167, -0.01188
0.00181, -0.01213
0.00195, -0.01239
0.00209, -0.01265
0.00224, -0.01291
0.00239, -0.01316
0.00255, -0.01342
0.00271, -0.01367
0.00288, -0.01393
0.00305, -0.01418
0.00323, -0.01443
0.00341, -0.01468
0.00360, -0.01493
0.00379, -0.01518
0.00398, -0.01543
0.00419, -0.01568
0.00439, -0.01592
0.00460, -0.01617
0.00482, -0.01641
0.00504, -0.01666
0.00527, -0.01690
0.00550, -0.01714
0.00573, -0.01738
0.00597, -0.01762
0.00622, -0.01786
0.00647, -0.01810
0.00672, -0.01834
0.00698, -0.01857
0.00725, -0.01881
0.00751, -0.01904
0.00779, -0.01928
0.00807, -0.01951
0.00835, -0.01974
0.00864, -0.01997
0.00893, -0.02020
0.00923, -0.02043
0.00953, -0.02066
0.00984, -0.02089
0.01015, -0.02111
0.01047, -0.02134
0.01079, -0.02156
0.01112, -0.02179
0.01145, -0.02201
0.01178, -0.02223
0.01212, -0.02245
0.01247, -0.02267
0.01282, -0.02289
0.01317, -0.02311
0.01353, -0.02333
0.01390, -0.02354
0.01427, -0.02376
0.01464, -0.02397
0.01502, -0.02419
0.01540, -0.02440
0.01579, -0.02461
0.01618, -0.02482
0.01658, -0.02503
0.01698, -0.02524
0.01739, -0.02545
0.01780, -0.02565
0.01822, -0.02586
0.01864, -0.02606
0.01906, -0.02627
0.01949, -0.02647
0.01993, -0.02667
0.02037, -0.02687
0.02081, -0.02707
0.02126, -0.02727
0.02171, -0.02747
0.02217, -0.02767
0.02263, -0.02787
0.02310, -0.02806
0.02357, -0.02826
0.02405, -0.02845
0.02453, -0.02864
0.02502, -0.02883
0.02551, -0.02902
0.02600, -0.02921
0.02650, -0.02940
0.02700, -0.02959
0.02751, -0.02978
0.02802, -0.02996
0.02854, -0.03015
0.02906, -0.03033
0.02959, -0.03052
0.03012, -0.03070
0.03066, -0.03088
0.03120, -0.03106
0.03174, -0.03124
0.03229, -0.03142
0.03285, -0.03159
0.03341, -0.03177
0.03397, -0.03195
0.03454, -0.03212
0.03511, -0.03229
0.03568, -0.03247
0.03626, -0.03264
0.03685, -0.03281
0.03744, -0.03298
0.03803, -0.03315
0.03863, -0.03331
0.03924, -0.03348
0.03984, -0.03364
0.04046, -0.03381
0.04107, -0.03397
0.04169, -0.03414
0.04232, -0.03430
0.04295, -0.03446
0.04358, -0.03462
0.04422, -0.03478
0.04486, -0.03493
0.04551, -0.03509
0.04616, -0.03525
0.04682, -0.03540
0.04748, -0.03556
0.04814, -0.03571
0.04881, -0.03586
0.04948, -0.03601
0.05016, -0.03616
0.05084, -0.03631
0.05153, -0.03646
0.05222, -0.03661
0.05291, -0.03675
0.05361, -0.03690
0.05432, -0.03704
0.05503, -0.03718
0.05574, -0.03733
0.05645, -0.03747
0.05717, -0.03761
0.05790, -0.03775
0.05863, -0.03788
0.05936, -0.03802
0.06010, -0.03816
0.06084, -0.03829
0.06158, -0.03843
0.06233, -0.03856
0.06309, -0.03869
0.06385, -0.03882
0.06461, -0.03895
0.06538, -0.03908
0.06615, -0.03921
0.06692, -0.03934
0.06770, -0.03946
0.06848, -0.03959
0.06927, -0.03971
0.07006, -0.03984
0.07086, -0.03996
0.07166, -0.04008
0.07246, -0.04020
0.07327, -0.04032
0.07408, -0.04044
0.07490, -0.04056
0.07572, -0.04067
0.07654, -0.04079
0.07737, -0.04090
0.07820, -0.04102
0.07904, -0.04113
0.07988, -0.04124
0.08072, -0.04135
0.08157, -0.04146
0.08242, -0.04157
0.08328, -0.04168
0.08414, -0.04178
0.08500, -0.04189
0.08587, -0.04199
0.08674, -0.04210
0.08762, -0.04220
0.08850, -0.04230
0.08938, -0.04240
0.09027, -0.04250
0.09116, -0.04260
0.09205, -0.04270
0.09295, -0.04279
0.09386, -0.04289
0.09476, -0.04298
0.09567, -0.04308
0.09659, -0.04317
0.09751, -0.04326
0.09843, -0.04335
0.09935, -0.04344
0.10028, -0.04353
0.10122, -0.04362
0.10215, -0.04371
0.10310, -0.04379
0.10404, -0.04388
0.10499, -0.04396
0.10594, -0.04405
0.10690, -0.04413
0.10786, -0.04421
0.10882, -0.04429
0.10979, -0.04437
0.11076, -0.04445
0.11173, -0.04453
0.11271, -0.04460
0.11369, -0.04468
0.11468, -0.04475
0.11567, -0.04483
0.11666, -0.04490
0.11766, -0.04497
0.11866, -0.04504
0.11966, -0.04511
0.12067, -0.04518
0.12168, -0.04525
0.12269, -0.04532
0.12371, -0.04538
0.12473, -0.04545
0.12576, -0.04551
0.12679, -0.04557
0.12782, -0.04564
0.12885, -0.04570
0.12989, -0.04576
0.13094, -0.04582
0.13198, -0.04588
0.13303, -0.04594
0.13408, -0.04599
0.13514, -0.04605
0.13620, -0.04610
0.13726, -0.04616
0.13833, -0.04621
0.13940, -0.04626
0.14047, -0.04631
0.14155, -0.04637
0.14263, -0.04642
0.14371, -0.04646
0.14480, -0.04651
0.14589, -0.04656
0.14699, -0.04661
0.14808, -0.04665
0.14918, -0.04670
0.15029, -0.04674
0.15139, -0.04678
0.15250, -0.04682
0.15361, -0.04686
0.15473, -0.04690
0.15585, -0.04694
0.15697, -0.04698
0.15810, -0.04702
0.15923, -0.04706
0.16036, -0.04709
0.16150, -0.04713
0.16263, -0.04716
0.16378, -0.04720
0.16492, -0.04723
0.16607, -0.04726
0.16722, -0.04729
0.16837, -0.04732
0.16953, -0.04735
0.17069, -0.04738
0.17185, -0.04741
0.17302, -0.04743
0.17419, -0.04746
0.17536, -0.04749
0.17654, -0.04751
0.17771, -0.04753
0.17890, -0.04756
0.18008, -0.04758
0.18127, -0.04760
0.18246, -0.04762
0.18365, -0.04764
0.18485, -0.04766
0.18605, -0.04768
0.18725, -0.04770
0.18845, -0.04771
0.18966, -0.04773
0.19087, -0.04775
0.19208, -0.04776
0.19330, -0.04778
0.19452, -0.04779
0.19574, -0.04780
0.19696, -0.04781
0.19819, -0.04783
0.19942, -0.04784
0.20065, -0.04785
0.20189, -0.04786
0.20313, -0.04786
0.20437, -0.04787
0.20561, -0.04788
0.20686, -0.04789
0.20811, -0.04789
0.20936, -0.04790
0.21062, -0.04790
0.21188, -0.04791
0.21314, -0.04791
0.21440, -0.04791
0.21567, -0.04791
0.21694, -0.04792
0.21821, -0.04792
0.21949, -0.04792
0.22076, -0.04792
0.22205, -0.04791
0.22333, -0.04791
0.22462, -0.04791
0.22590, -0.04791
0.22720, -0.04790
0.22849, -0.04790
0.22979, -0.04789
0.23109, -0.04789
0.23239, -0.04788
0.23369, -0.04787
0.23500, -0.04787
0.23631, -0.04786
0.23763, -0.04785
0.23894, -0.04784
0.24026, -0.04783
0.24158, -0.04782
0.24290, -0.04781
0.24423, -0.04779
0.24556, -0.04778
0.24689, -0.04777
0.24822, -0.04775
0.24956, -0.04774
0.25090, -0.04772
0.25224, -0.04771
0.25358, -0.04769
0.25493, -0.04767
0.25628, -0.04766
0.25763, -0.04764
0.25898, -0.04762
0.26034, -0.04760
0.26170, -0.04758
0.26306, -0.04756
0.26442, -0.04754
0.26579, -0.04752
0.26715, -0.04749
0.26852, -0.04747
0.26990, -0.04745
0.27127, -0.04742
0.27265, -0.04740
0.27403, -0.04737
0.27541, -0.04734
0.27679, -0.04732
0.27818, -0.04729
0.27957, -0.04726
0.28096, -0.04723
0.28235, -0.04720
0.28375, -0.04717
0.28514, -0.04714
0.28654, -0.04711
0.28794, -0.04708
0.28934, -0.04705
0.29075, -0.04702
0.29216, -0.04698
0.29357, -0.04695
0.29498, -0.04692
0.29639, -0.04688
0.29781, -0.04685
0.29922, -0.04681
0.30064, -0.04677
0.30206, -0.04674
0.30349, -0.04670
0.30491, -0.04666
0.30634, -0.04662
0.30777, -0.04658
0.30920, -0.04654
0.31063, -0.04650
0.31207, -0.04646
0.31350, -0.04642
0.31494, -0.04638
0.31638, -0.04634
0.31783, -0.04630
0.31927, -0.04625
0.32072, -0.04621
0.32216, -0.04617
0.32361, -0.04612
0.32506, -0.04608
0.32652, -0.04603
0.32797, -0.04599
0.32943, -0.04594
0.33090, -0.04589
0.33237, -0.04584
0.33384, -0.04580
0.33532, -0.04575
0.33680, -0.04570
0.33828, -0.04565
0.33976, -0.04559
0.34124, -0.04554
0.34273, -0.04549
0.34421, -0.04543
0.34570, -0.04538
0.34719, -0.04532
0.34868, -0.04527
0.35017, -0.04521
0.35167, -0.04515
0.35316, -0.04509
0.35466, -0.04503
0.35615, -0.04497
0.35765, -0.04491
0.35915, -0.04485
0.36065, -0.04479
0.36215, -0.04473
0.36365, -0.04466
0.36516, -0.04460
0.36666, -0.04454
0.36817, -0.04447
0.36968, -0.04440
0.37119, -0.04434
0.37269, -0.04427
0.37421, -0.04420
0.37572, -0.04413
0.37723, -0.04406
0.37874, -0.04400
0.38026, -0.04393
0.38177, -0.04385
0.38329, -0.04378
0.38481, -0.04371
0.38633, -0.04364
0.38785, -0.04357
0.38937, -0.04349
0.39089, -0.04342
0.39242, -0.04334
0.39394, -0.04327
0.39546, -0.04319
0.39699, -0.04312
0.39852, -0.04304
0.40005, -0.04296
0.40157, -0.04289
0.40310, -0.04281
0.40464, -0.04273
0.40617, -0.04265
0.40770, -0.04257
0.40923, -0.04249
0.41077, -0.04241
0.41230, -0.04233
0.41384, -0.04225
0.41537, -0.04217
0.41691, -0.04209
0.41845, -0.04200
0.41999, -0.04192
0.42153, -0.04184
0.42307, -0.04175
0.42461, -0.04167
0.42616, -0.04158
0.42770, -0.04150
0.42924, -0.04141
0.43079, -0.04133
0.43233, -0.04124
0.43388, -0.04115
0.43543, -0.04107
0.43697, -0.04098
0.43852, -0.04089
0.44007, -0.04080
0.44162, -0.04072
0.44317, -0.04063
0.44472, -0.04054
0.44627, -0.04045
0.44782, -0.04036
0.44938, -0.04027
0.45093, -0.04018
0.45248, -0.04009
0.45404, -0.03999
0.45559, -0.03990
0.45715, -0.03981
0.45870, -0.03972
0.46026, -0.03962
0.46181, -0.03953
0.46337, -0.03944
0.46493, -0.03934
0.46649, -0.03925
0.46805, -0.03916
0.46960, -0.03906
0.47116, -0.03897
0.47272, -0.03887
0.47428, -0.03877
0.47584, -0.03868
0.47740, -0.03858
0.47897, -0.03848
0.48053, -0.03839
0.48209, -0.03829
0.48365, -0.03819
0.48521, -0.03809
0.48678, -0.03800
0.48834, -0.03790
0.48990, -0.03780
0.49146, -0.03770
0.49303, -0.03760
0.49459, -0.03750
0.49615, -0.03740
0.49772, -0.03730
0.49928, -0.03720
0.50084, -0.03710
0.50241, -0.03700
0.50397, -0.03689
0.50554, -0.03679
0.50710, -0.03669
0.50866, -0.03659
0.51023, -0.03648
0.51179, -0.03638
0.51336, -0.03628
0.51492, -0.03617
0.51648, -0.03607
0.51805, -0.03597
0.51961, -0.03586
0.52117, -0.03576
0.52274, -0.03565
0.52430, -0.03555
0.52586, -0.03544
0.52743, -0.03534
0.52899, -0.03523
0.53055, -0.03512
0.53211, -0.03502
0.53367, -0.03491
0.53524, -0.03480
0.53680, -0.03470
0.53836, -0.03459
0.53992, -0.03448
0.54148, -0.03437
0.54304, -0.03427
0.54460, -0.03416
0.54616, -0.03405
0.54771, -0.03394
0.54927, -0.03383
0.55083, -0.03372
0.55239, -0.03361
0.55394, -0.03350
0.55550, -0.03339
0.55705, -0.03328
0.55861, -0.03317
0.56016, -0.03306
0.56172, -0.03295
0.56327, -0.03284
0.56482, -0.03273
0.56637, -0.03262
0.56792, -0.03251
0.56947, -0.03240
0.57102, -0.03229
0.57257, -0.03218
0.57412, -0.03207
0.57567, -0.03195
0.57721, -0.03184
0.57876, -0.03173
0.58031, -0.03162
0.58185, -0.03151
0.58339, -0.03139
0.58493, -0.03128
0.58648, -0.03117
0.58802, -0.03106
0.58956, -0.03095
0.59109, -0.03083
0.59263, -0.03072
0.59417, -0.03061
0.59570, -0.03050
0.59724, -0.03038
0.59877, -0.03027
0.60031, -0.03016
0.60184, -0.03005
0.60337, -0.02993
0.60490, -0.02982
0.60642, -0.02971
0.60795, -0.02959
0.60948, -0.02948
0.61100, -0.02937
0.61253, -0.02926
0.61405, -0.02914
0.61557, -0.02903
0.61709, -0.02892
0.61861, -0.02881
0.62013, -0.02870
0.62164, -0.02858
0.62316, -0.02847
0.62467, -0.02836
0.62618, -0.02825
0.62769, -0.02814
0.62920, -0.02802
0.63071, -0.02791
0.63222, -0.02780
0.63372, -0.02769
0.63523, -0.02758
0.63673, -0.02747
0.63823, -0.02736
0.63973, -0.02725
0.64123, -0.02714
0.64273, -0.02703
0.64422, -0.02692
0.64572, -0.02681
0.64721, -0.02670
0.64867, -0.02659
0.65004, -0.02648
0.65107, -0.02636
0.65118, -0.02622
0.64962, -0.02590
0.64623, -0.02505
0.64254, -0.02363
0.64084, -0.02270
0.64230, -0.02337
0.64688, -0.02547
0.65338, -0.02766
0.65959, -0.02887
0.66403, -0.02925
0.66684, -0.02928
0.66876, -0.02923
0.67035, -0.02915
0.67185, -0.02906
0.67333, -0.02897
0.67480, -0.02889
0.67627, -0.02880
0.67774, -0.02872
0.67920, -0.02863
0.68067, -0.02854
0.68213, -0.02846
0.68359, -0.02837
0.68505, -0.02828
0.68650, -0.02820
0.68796, -0.02811
0.68941, -0.02803
0.69086, -0.02794
0.69231, -0.02785
0.69376, -0.02777
0.69521, -0.02768
0.69665, -0.02760
0.69809, -0.02751
0.69953, -0.02743
0.70097, -0.02734
0.70241, -0.02725
0.70384, -0.02717
0.70527, -0.02708
0.70670, -0.02700
0.70813, -0.02691
0.70956, -0.02683
0.71098, -0.02674
0.71240, -0.02666
0.71382, -0.02657
0.71524, -0.02649
0.71666, -0.02640
0.71807, -0.02632
0.71948, -0.02624
0.72089, -0.02615
0.72230, -0.02607
0.72370, -0.02598
0.72510, -0.02590
0.72650, -0.02582
0.72790, -0.02573
0.72930, -0.02565
0.73069, -0.02556
0.73208, -0.02548
0.73347, -0.02540
0.73486, -0.02532
0.73624, -0.02523
0.73763, -0.02515
0.73901, -0.02507
0.74038, -0.02498
0.74176, -0.02490
0.74313, -0.02482
0.74450, -0.02474
0.74587, -0.02466
0.74724, -0.02457
0.74860, -0.02449
0.74996, -0.02441
0.75132, -0.02433
0.75268, -0.02425
0.75403, -0.02417
0.75538, -0.02409
0.75673, -0.02401
0.75808, -0.02393
0.75942, -0.02385
0.76076, -0.02377
0.76210, -0.02369
0.76344, -0.02361
0.76477, -0.02353
0.76610, -0.02345
0.76743, -0.02337
0.76876, -0.02329
0.77008, -0.02321
0.77140, -0.02313
0.77272, -0.02305
0.77403, -0.02297
0.77535, -0.02289
0.77666, -0.02282
0.77796, -0.02274
0.77927, -0.02266
0.78057, -0.02258
0.78187, -0.02250
0.78317, -0.02243
0.78446, -0.02235
0.78575, -0.02227
0.78704, -0.02219
0.78833, -0.02212
0.78961, -0.02204
0.79089, -0.02196
0.79217, -0.02189
0.79344, -0.02181
0.79471, -0.02174
0.79598, -0.02166
0.79725, -0.02158
0.79851, -0.02151
0.79977, -0.02143
0.80103, -0.02136
0.80228, -0.02128
0.80353, -0.02121
0.80478, -0.02113
0.80603, -0.02106
0.80727, -0.02098
0.80851, -0.02091
0.80974, -0.02083
0.81098, -0.02076
0.81221, -0.02069
0.81344, -0.02061
0.81466, -0.02054
0.81588, -0.02046
0.81710, -0.02039
0.81831, -0.02032
0.81953, -0.02025
0.82073, -0.02017
0.82194, -0.02010
0.82314, -0.02003
0.82434, -0.01995
0.82554, -0.01988
0.82673, -0.01981
0.82792, -0.01974
0.82911, -0.01967
0.83029, -0.01959
0.83147, -0.01952
0.83265, -0.01945
0.83382, -0.01938
0.83499, -0.01931
0.83616, -0.01924
0.83732, -0.01917
0.83848, -0.01910
0.83964, -0.01903
0.84079, -0.01896
0.84194, -0.01889
0.84309, -0.01882
0.84423, -0.01875
0.84537, -0.01868
0.84651, -0.01861
0.84764, -0.01854
0.84877, -0.01847
0.84990, -0.01840
0.85102, -0.01833
0.85214, -0.01826
0.85326, -0.01820
0.85437, -0.01813
0.85548, -0.01806
0.85659, -0.01799
0.85769, -0.01792
0.85879, -0.01786
0.85988, -0.01779
0.86097, -0.01772
0.86206, -0.01765
0.86315, -0.01759
0.86423, -0.01752
0.86531, -0.01745
0.86638, -0.01739
0.86745, -0.01732
0.86852, -0.01726
0.86958, -0.01719
0.87064, -0.01712
0.87169, -0.01706
0.87274, -0.01699
0.87379, -0.01693
0.87484, -0.01686
0.87588, -0.01680
0.87692, -0.01673
0.87795, -0.01667
0.87898, -0.01661
0.88000, -0.01654
0.88103, -0.01648
0.88204, -0.01641
0.88306, -0.01635
0.88407, -0.01629
0.88508, -0.01622
0.88608, -0.01616
0.88708, -0.01610
0.88807, -0.01604
0.88907, -0.01597
0.89005, -0.01591
0.89104, -0.01585
0.89202, -0.01579
0.89299, -0.01573
0.89397, -0.01567
0.89494, -0.01560
0.89590, -0.01554
0.89686, -0.01548
0.89782, -0.01542
0.89877, -0.01536
0.89972, -0.01530
0.90066, -0.01524
0.90161, -0.01518
0.90254, -0.01512
0.90348, -0.01506
0.90440, -0.01500
0.90533, -0.01495
0.90625, -0.01489
0.90717, -0.01483
0.90808, -0.01477
0.90899, -0.01471
0.90989, -0.01465
0.91079, -0.01460
0.91169, -0.01454
0.91258, -0.01448
0.91347, -0.01442
0.91436, -0.01437
0.91524, -0.01431
0.91611, -0.01426
0.91698, -0.01420
0.91785, -0.01414
0.91872, -0.01409
0.91958, -0.01403
0.92043, -0.01398
0.92128, -0.01392
0.92213, -0.01387
0.92297, -0.01381
0.92381, -0.01376
0.92465, -0.01370
0.92548, -0.01365
0.92630, -0.01360
0.92712, -0.01354
0.92794, -0.01349
0.92875, -0.01344
0.92956, -0.01338
0.93037, -0.01333
0.93117, -0.01328
0.93197, -0.01323
0.93276, -0.01318
0.93355, -0.01312
0.93433, -0.01307
0.93511, -0.01302
0.93588, -0.01297
0.93665, -0.01292
0.93742, -0.01287
0.93818, -0.01282
0.93894, -0.01277
0.93969, -0.01272
0.94044, -0.01267
0.94118, -0.01262
0.94192, -0.01257
0.94266, -0.01253
0.94339, -0.01248
0.94412, -0.01243
0.94484, -0.01238
0.94556, -0.01233
0.94627, -0.01229
0.94698, -0.01224
0.94768, -0.01219
0.94838, -0.01215
0.94908, -0.01210
0.94977, -0.01205
0.95046, -0.01201
0.95114, -0.01196
0.95182, -0.01192
0.95249, -0.01187
0.95316, -0.01183
0.95382, -0.01178
0.95448, -0.01174
0.95514, -0.01170
0.95579, -0.01165
0.95643, -0.01161
0.95708, -0.01157
0.95771, -0.01152
0.95835, -0.01148
0.95897, -0.01144
0.95960, -0.01140
0.96022, -0.01135
0.96083, -0.01131
0.96144, -0.01127
0.96204, -0.01123
0.96265, -0.01119
0.96324, -0.01115
0.96383, -0.01111
0.96442, -0.01107
0.96500, -0.01103
0.96558, -0.01099
0.96615, -0.01095
0.96672, -0.01091
0.96728, -0.01088
0.96784, -0.01084
0.96839, -0.01080
0.96894, -0.01076
0.96949, -0.01073
0.97003, -0.01069
0.97056, -0.01065
0.97109, -0.01062
0.97162, -0.01058
0.97214, -0.01054
0.97266, -0.01051
0.97317, -0.01047
0.97368, -0.01044
0.97418, -0.01040
0.97468, -0.01037
0.97517, -0.01034
0.97566, -0.01030
0.97614, -0.01027
0.97662, -0.01024
0.97710, -0.01020
0.97756, -0.01017
0.97803, -0.01014
0.97849, -0.01011
0.97894, -0.01008
0.97939, -0.01005
0.97984, -0.01002
0.98028, -0.00998
0.98072, -0.00995
0.98115, -0.00992
0.98157, -0.00990
0.98199, -0.00987
0.98241, -0.00984
0.98282, -0.00981
0.98323, -0.00978
0.98363, -0.00975
0.98403, -0.00973
0.98442, -0.00970
0.98481, -0.00967
0.98519, -0.00964
0.98557, -0.00962
0.98594, -0.00959
0.98631, -0.00957
0.98668, -0.00954
0.98703, -0.00952
0.98739, -0.00949
0.98774, -0.00947
0.98808, -0.00944
0.98842, -0.00942
0.98875, -0.00940
0.98908, -0.00937
0.98941, -0.00935
0.98973, -0.00933
0.99004, -0.00931
0.99035, -0.00928
0.99066, -0.00926
0.99096, -0.00924
0.99125, -0.00922
0.99154, -0.00920
0.99183, -0.00918
0.99211, -0.00916
0.99238, -0.00914
0.99265, -0.00912
0.99292, -0.00910
0.99318, -0.00909
0.99344, -0.00907
0.99369, -0.00905
0.99393, -0.00903
0.99418, -0.00902
0.99441, -0.00900
0.99464, -0.00898
0.99487, -0.00897
0.99509, -0.00895
0.99531, -0.00894
0.99552, -0.00892
0.99572, -0.00891
0.99593, -0.00889
0.99612, -0.00888
0.99631, -0.00886
0.99650, -0.00885
0.99668, -0.00884
0.99686, -0.00883
0.99703, -0.00881
0.99720, -0.00880
0.99736, -0.00879
0.99752, -0.00878
0.99767, -0.00877
0.99782, -0.00876
0.99796, -0.00875
0.99810, -0.00874
0.99823, -0.00873
0.99836, -0.00872
0.99848, -0.00871
0.99859, -0.00870
0.99871, -0.00870
0.99881, -0.00869
0.99892, -0.00868
0.99901, -0.00867
0.99911, -0.00867
0.99919, -0.00866
0.99928, -0.00865
0.99935, -0.00865
0.99943, -0.00864
0.99949, -0.00864
0.99955, -0.00863
0.99961, -0.00863
0.99966, -0.00863
0.99971, -0.00862
0.99975, -0.00862
0.99979, -0.00862
0.99982, -0.00862
0.99985, -0.00861
0.99987, -0.00861
0.99989, -0.00861
0.99990, -0.00861
0.99987, -0.00861
0.99986, -0.00860
