=== Airfoil Parameters ===
m = 0.02
p = 0.4
t = 0.12

=== Control Points ===
0.00000, -0.00829, -0.00829
0.06667, -0.00100, -0.00711
0.13333, 0.00618, -0.00493
0.20000, 0.01297, -0.00203
0.26667, 0.01899, 0.00122
0.66667, 0.02051, 0.00446
0.75000, 0.02059, 0.00740
0.83333, 0.01936, 0.00979
0.91667, 0.01664, 0.01147
1.00000, 0.01233, 0.01233

=== Upper Surface ===
0.00000, -0.00829
-0.00004, -0.00801
-0.00006, -0.00773
-0.00007, -0.00745
-0.00008, -0.00718
-0.00009, -0.00690
-0.00009, -0.00662
-0.00009, -0.00634
-0.00008, -0.00606
-0.00007, -0.00578
-0.00005, -0.00550
-0.00003, -0.00522
-0.00000, -0.00494
0.00003, -0.00466
0.00007, -0.00438
0.00011, -0.00410
0.00016, -0.00381
0.00021, -0.00353
0.00027, -0.00325
0.00033, -0.00297
0.00039, -0.00269
0.00047, -0.00241
0.00054, -0.00213
0.00063, -0.00184
0.00071, -0.00156
0.00080, -0.00128
0.00090, -0.00100
0.00100, -0.00071
0.00111, -0.00043
0.00122, -0.00015
0.00134, 0.00013
0.00146, 0.00042
0.00159, 0.00070
0.00172, 0.00098
0.00185, 0.00127
0.00200, 0.00155
0.00214, 0.00183
0.00229, 0.00212
0.00245, 0.00240
0.00261, 0.00268
0.00278, 0.00297
0.00295, 0.00325
0.00312, 0.00354
0.00331, 0.00382
0.00349, 0.00411
0.00368, 0.00439
0.00388, 0.00468
0.00408, 0.00496
0.00428, 0.00524
0.00450, 0.00553
0.00471, 0.00582
0.00493, 0.00610
0.00516, 0.00639
0.00539, 0.00667
0.00562, 0.00696
0.00586, 0.00724
0.00611, 0.00753
0.00636, 0.00781
0.00661, 0.00810
0.00687, 0.00838
0.00714, 0.00867
0.00741, 0.00896
0.00768, 0.00924
0.00796, 0.00953
0.00824, 0.00982
0.00853, 0.01010
0.00883, 0.01039
0.00913, 0.01067
0.00943, 0.01096
0.00974, 0.01125
0.01005, 0.01153
0.01037, 0.01182
0.01069, 0.01211
0.01102, 0.01239
0.01135, 0.01268
0.01169, 0.01297
0.01203, 0.01325
0.01238, 0.01354
0.01273, 0.01383
0.01309, 0.01411
0.01345, 0.01440
0.01382, 0.01469
0.01419, 0.01498
0.01457, 0.01526
0.01495, 0.01555
0.01534, 0.01584
0.01573, 0.01612
0.01612, 0.01641
0.01652, 0.01670
0.01693, 0.01698
0.01734, 0.01727
0.01775, 0.01756
0.01817, 0.01784
0.01860, 0.01813
0.01903, 0.01842
0.01946, 0.01871
0.01990, 0.01899
0.02034, 0.01928
0.02079, 0.01957
0.02125, 0.01985
0.02170, 0.02014
0.02217, 0.02043
0.02263, 0.02071
0.02311, 0.02100
0.02358, 0.02129
0.02407, 0.02157
0.02455, 0.02186
0.02504, 0.02215
0.02554, 0.02243
0.02604, 0.02272
0.02655, 0.02300
0.02706, 0.02329
0.02757, 0.02358
0.02809, 0.02386
0.02861, 0.02415
0.02914, 0.02443
0.02968, 0.02472
0.03021, 0.02501
0.03076, 0.02529
0.03131, 0.02558
0.03186, 0.02586
0.03242, 0.02615
0.03298, 0.02643
0.03354, 0.02672
0.03411, 0.02700
0.03469, 0.02729
0.03527, 0.02757
0.03586, 0.02786
0.03644, 0.02814
0.03704, 0.02842
0.03764, 0.02871
0.03824, 0.02899
0.03885, 0.02928
0.03946, 0.02956
0.04008, 0.02984
0.04070, 0.03013
0.04133, 0.03041
0.04196, 0.03069
0.04259, 0.03097
0.04324, 0.03126
0.04388, 0.03154
0.04453, 0.03182
0.04518, 0.03210
0.04584, 0.03239
0.04650, 0.03267
0.04717, 0.03295
0.04784, 0.03323
0.04852, 0.03351
0.04920, 0.03379
0.04989, 0.03407
0.05058, 0.03435
0.05127, 0.03463
0.05197, 0.03491
0.05268, 0.03519
0.05338, 0.03547
0.05410, 0.03575
0.05481, 0.03603
0.05554, 0.03631
0.05626, 0.03658
0.05699, 0.03686
0.05773, 0.03714
0.05847, 0.03742
0.05921, 0.03770
0.05996, 0.03797
0.06071, 0.03825
0.06147, 0.03853
0.06223, 0.03880
0.06300, 0.03908
0.06377, 0.03935
0.06454, 0.03963
0.06532, 0.03990
0.06611, 0.04018
0.06690, 0.04045
0.06769, 0.04072
0.06848, 0.04100
0.06929, 0.04127
0.07009, 0.04154
0.07090, 0.04182
0.07172, 0.04209
0.07253, 0.04236
0.07336, 0.04263
0.07418, 0.04290
0.07502, 0.04317
0.07585, 0.04344
0.07669, 0.04371
0.07754, 0.04398
0.07839, 0.04425
0.07924, 0.04452
0.08010, 0.04479
0.08096, 0.04506
0.08182, 0.04532
0.08269, 0.04559
0.08357, 0.04586
0.08445, 0.04612
0.08533, 0.04639
0.08622, 0.04665
0.08711, 0.04692
0.08800, 0.04718
0.08890, 0.04745
0.08981, 0.04771
0.09071, 0.04797
0.09163, 0.04824
0.09254, 0.04850
0.09346, 0.04876
0.09439, 0.04902
0.09532, 0.04928
0.09625, 0.04954
0.09719, 0.04980
0.09813, 0.05006
0.09907, 0.05032
0.10002, 0.05058
0.10098, 0.05084
0.10193, 0.05109
0.10290, 0.05135
0.10386, 0.05160
0.10483, 0.05186
0.10580, 0.05211
0.10678, 0.05237
0.10776, 0.05262
0.10875, 0.05288
0.10974, 0.05313
0.11073, 0.05338
0.11173, 0.05363
0.11273, 0.05388
0.11374, 0.05413
0.11475, 0.05438
0.11576, 0.05463
0.11678, 0.05488
0.11780, 0.05513
0.11883, 0.05537
0.11986, 0.05562
0.12089, 0.05587
0.12193, 0.05611
0.12297, 0.05636
0.12402, 0.05660
0.12507, 0.05684
0.12612, 0.05709
0.12718, 0.05733
0.12824, 0.05757
0.12930, 0.05781
0.13037, 0.05805
0.13144, 0.05829
0.13252, 0.05853
0.13360, 0.05876
0.13468, 0.05900
0.13577, 0.05924
0.13686, 0.05947
0.13795, 0.05971
0.13905, 0.05994
0.14015, 0.06018
0.14126, 0.06041
0.14236, 0.06064
0.14348, 0.06087
0.14459, 0.06110
0.14571, 0.06133
0.14683, 0.06156
0.14796, 0.06179
0.14909, 0.06202
0.15022, 0.06224
0.15136, 0.06247
0.15250, 0.06269
0.15364, 0.06292
0.15479, 0.06314
0.15594, 0.06337
0.15710, 0.06359
0.15825, 0.06381
0.15941, 0.06403
0.16058, 0.06425
0.16175, 0.06447
0.16292, 0.06469
0.16409, 0.06491
0.16527, 0.06512
0.16645, 0.06534
0.16763, 0.06555
0.16882, 0.06577
0.17001, 0.06598
0.17121, 0.06619
0.17240, 0.06641
0.17360, 0.06662
0.17481, 0.06683
0.17601, 0.06704
0.17722, 0.06725
0.17844, 0.06745
0.17965, 0.06766
0.18087, 0.06787
0.18210, 0.06807
0.18332, 0.06828
0.18455, 0.06848
0.18578, 0.06869
0.18702, 0.06889
0.18826, 0.06909
0.18950, 0.06929
0.19074, 0.06949
0.19199, 0.06969
0.19324, 0.06989
0.19450, 0.07009
0.19576, 0.07029
0.19702, 0.07048
0.19828, 0.07068
0.19955, 0.07087
0.20083, 0.07107
0.20210, 0.07126
0.20338, 0.07145
0.20467, 0.07164
0.20596, 0.07183
0.20725, 0.07202
0.20854, 0.07221
0.20984, 0.07240
0.21115, 0.07258
0.21246, 0.07277
0.21377, 0.07295
0.21508, 0.07314
0.21640, 0.07332
0.21773, 0.07350
0.21905, 0.07368
0.22038, 0.07386
0.22172, 0.07404
0.22306, 0.07422
0.22440, 0.07439
0.22575, 0.07457
0.22710, 0.07474
0.22845, 0.07491
0.22981, 0.07508
0.23117, 0.07525
0.23253, 0.07542
0.23390, 0.07558
0.23528, 0.07575
0.23665, 0.07591
0.23803, 0.07607
0.23942, 0.07623
0.24080, 0.07639
0.24220, 0.07655
0.24359, 0.07671
0.24499, 0.07686
0.24639, 0.07701
0.24780, 0.07716
0.24921, 0.07731
0.25062, 0.07746
0.25204, 0.07760
0.25346, 0.07775
0.25488, 0.07789
0.25631, 0.07803
0.25774, 0.07817
0.25918, 0.07830
0.26062, 0.07843
0.26206, 0.07857
0.26350, 0.07870
0.26495, 0.07882
0.26640, 0.07895
0.26785, 0.07907
0.26931, 0.07919
0.27076, 0.07931
0.27222, 0.07943
0.27368, 0.07954
0.27515, 0.07965
0.27661, 0.07976
0.27808, 0.07987
0.27955, 0.07998
0.28102, 0.08008
0.28249, 0.08018
0.28397, 0.08028
0.28544, 0.08038
0.28692, 0.08047
0.28840, 0.08057
0.28989, 0.08066
0.29137, 0.08075
0.29286, 0.08083
0.29435, 0.08092
0.29584, 0.08100
0.29733, 0.08108
0.29882, 0.08116
0.30032, 0.08123
0.30182, 0.08131
0.30332, 0.08138
0.30482, 0.08145
0.30632, 0.08152
0.30782, 0.08158
0.30933, 0.08164
0.31084, 0.08170
0.31235, 0.08176
0.31386, 0.08182
0.31537, 0.08188
0.31688, 0.08193
0.31840, 0.08198
0.31992, 0.08203
0.32144, 0.08207
0.32296, 0.08212
0.32448, 0.08216
0.32600, 0.08220
0.32753, 0.08224
0.32906, 0.08228
0.33059, 0.08231
0.33212, 0.08234
0.33366, 0.08237
0.33520, 0.08240
0.33674, 0.08243
0.33828, 0.08245
0.33982, 0.08247
0.34137, 0.08249
0.34291, 0.08251
0.34446, 0.08252
0.34601, 0.08254
0.34756, 0.08255
0.34911, 0.08256
0.35067, 0.08256
0.35222, 0.08257
0.35378, 0.08257
0.35534, 0.08257
0.35690, 0.08257
0.35846, 0.08256
0.36002, 0.08255
0.36158, 0.08255
0.36315, 0.08253
0.36471, 0.08252
0.36628, 0.08251
0.36785, 0.08249
0.36942, 0.08247
0.37099, 0.08245
0.37256, 0.08242
0.37413, 0.08240
0.37570, 0.08237
0.37727, 0.08234
0.37885, 0.08230
0.38042, 0.08227
0.38200, 0.08223
0.38357, 0.08219
0.38515, 0.08215
0.38673, 0.08211
0.38831, 0.08207
0.38989, 0.08202
0.39147, 0.08197
0.39305, 0.08192
0.39463, 0.08187
0.39621, 0.08181
0.39779, 0.08176
0.39937, 0.08170
0.40096, 0.08164
0.40254, 0.08157
0.40412, 0.08151
0.40571, 0.08144
0.40729, 0.08137
0.40888, 0.08130
0.41046, 0.08123
0.41205, 0.08116
0.41363, 0.08108
0.41522, 0.08101
0.41680, 0.08093
0.41839, 0.08085
0.41998, 0.08076
0.42156, 0.08068
0.42315, 0.08059
0.42473, 0.08051
0.42632, 0.08042
0.42791, 0.08033
0.42949, 0.08023
0.43108, 0.08014
0.43267, 0.08005
0.43425, 0.07995
0.43584, 0.07985
0.43742, 0.07975
0.43901, 0.07965
0.44060, 0.07955
0.44218, 0.07944
0.44377, 0.07934
0.44535, 0.07923
0.44694, 0.07912
0.44852, 0.07901
0.45011, 0.07890
0.45169, 0.07879
0.45328, 0.07867
0.45486, 0.07856
0.45645, 0.07844
0.45803, 0.07833
0.45961, 0.07821
0.46120, 0.07809
0.46278, 0.07797
0.46436, 0.07785
0.46594, 0.07772
0.46753, 0.07760
0.46911, 0.07747
0.47069, 0.07735
0.47227, 0.07722
0.47385, 0.07709
0.47543, 0.07696
0.47701, 0.07684
0.47859, 0.07670
0.48017, 0.07657
0.48175, 0.07644
0.48332, 0.07631
0.48490, 0.07617
0.48648, 0.07604
0.48805, 0.07590
0.48963, 0.07577
0.49121, 0.07563
0.49278, 0.07549
0.49436, 0.07535
0.49593, 0.07521
0.49750, 0.07507
0.49908, 0.07493
0.50065, 0.07479
0.50222, 0.07465
0.50379, 0.07451
0.50537, 0.07436
0.50694, 0.07422
0.50851, 0.07407
0.51008, 0.07393
0.51165, 0.07378
0.51321, 0.07364
0.51478, 0.07349
0.51635, 0.07335
0.51792, 0.07320
0.51948, 0.07305
0.52105, 0.07290
0.52261, 0.07275
0.52418, 0.07261
0.52574, 0.07246
0.52731, 0.07231
0.52887, 0.07216
0.53043, 0.07201
0.53199, 0.07186
0.53355, 0.07171
0.53512, 0.07156
0.53668, 0.07140
0.53823, 0.07125
0.53979, 0.07110
0.54135, 0.07095
0.54291, 0.07080
0.54447, 0.07064
0.54602, 0.07049
0.54758, 0.07034
0.54913, 0.07019
0.55069, 0.07003
0.55224, 0.06988
0.55379, 0.06972
0.55534, 0.06957
0.55690, 0.06942
0.55845, 0.06926
0.56000, 0.06911
0.56155, 0.06896
0.56309, 0.06880
0.56464, 0.06865
0.56619, 0.06849
0.56774, 0.06834
0.56928, 0.06818
0.57083, 0.06803
0.57237, 0.06787
0.57391, 0.06772
0.57546, 0.06756
0.57700, 0.06741
0.57854, 0.06725
0.58008, 0.06710
0.58162, 0.06694
0.58316, 0.06679
0.58470, 0.06663
0.58623, 0.06648
0.58777, 0.06633
0.58930, 0.06617
0.59084, 0.06602
0.59237, 0.06586
0.59390, 0.06571
0.59543, 0.06555
0.59696, 0.06540
0.59849, 0.06524
0.60002, 0.06509
0.60155, 0.06493
0.60308, 0.06478
0.60460, 0.06462
0.60613, 0.06447
0.60765, 0.06432
0.60917, 0.06416
0.61069, 0.06401
0.61221, 0.06385
0.61373, 0.06370
0.61525, 0.06355
0.61677, 0.06339
0.61828, 0.06324
0.61980, 0.06309
0.62131, 0.06293
0.62283, 0.06278
0.62434, 0.06263
0.62585, 0.06247
0.62736, 0.06232
0.62886, 0.06217
0.63037, 0.06202
0.63187, 0.06186
0.63338, 0.06171
0.63488, 0.06156
0.63638, 0.06141
0.63788, 0.06126
0.63938, 0.06111
0.64088, 0.06095
0.64237, 0.06080
0.64387, 0.06065
0.64536, 0.06050
0.64685, 0.06035
0.64834, 0.06020
0.64982, 0.06005
0.65124, 0.05990
0.65251, 0.05976
0.65332, 0.05962
0.65331, 0.05948
0.65230, 0.05925
0.65091, 0.05890
0.65044, 0.05868
0.65191, 0.05892
0.65532, 0.05953
0.65963, 0.06006
0.66354, 0.06026
0.66648, 0.06022
0.66859, 0.06011
0.67027, 0.05997
0.67179, 0.05983
0.67326, 0.05969
0.67473, 0.05955
0.67619, 0.05942
0.67764, 0.05928
0.67910, 0.05914
0.68056, 0.05900
0.68201, 0.05886
0.68347, 0.05873
0.68492, 0.05859
0.68637, 0.05845
0.68782, 0.05831
0.68927, 0.05818
0.69072, 0.05804
0.69217, 0.05791
0.69361, 0.05777
0.69505, 0.05763
0.69650, 0.05750
0.69794, 0.05736
0.69938, 0.05722
0.70082, 0.05709
0.70225, 0.05695
0.70369, 0.05682
0.70513, 0.05668
0.70656, 0.05654
0.70799, 0.05641
0.70942, 0.05627
0.71085, 0.05613
0.71227, 0.05600
0.71370, 0.05586
0.71512, 0.05572
0.71654, 0.05559
0.71796, 0.05545
0.71938, 0.05531
0.72080, 0.05517
0.72221, 0.05504
0.72363, 0.05490
0.72504, 0.05476
0.72645, 0.05462
0.72786, 0.05448
0.72926, 0.05434
0.73067, 0.05420
0.73207, 0.05406
0.73347, 0.05392
0.73487, 0.05378
0.73626, 0.05364
0.73766, 0.05349
0.73905, 0.05335
0.74044, 0.05321
0.74183, 0.05307
0.74322, 0.05292
0.74460, 0.05278
0.74598, 0.05263
0.74736, 0.05249
0.74874, 0.05234
0.75012, 0.05219
0.75149, 0.05205
0.75286, 0.05190
0.75423, 0.05175
0.75559, 0.05160
0.75695, 0.05145
0.75831, 0.05130
0.75967, 0.05115
0.76102, 0.05100
0.76237, 0.05085
0.76372, 0.05070
0.76507, 0.05055
0.76641, 0.05040
0.76775, 0.05024
0.76909, 0.05009
0.77042, 0.04994
0.77175, 0.04978
0.77308, 0.04963
0.77441, 0.04947
0.77573, 0.04932
0.77705, 0.04916
0.77837, 0.04900
0.77968, 0.04885
0.78099, 0.04869
0.78230, 0.04853
0.78360, 0.04838
0.78491, 0.04822
0.78620, 0.04806
0.78750, 0.04790
0.78879, 0.04774
0.79008, 0.04758
0.79137, 0.04742
0.79265, 0.04726
0.79393, 0.04710
0.79521, 0.04694
0.79649, 0.04678
0.79776, 0.04662
0.79903, 0.04646
0.80029, 0.04630
0.80155, 0.04614
0.80281, 0.04598
0.80407, 0.04582
0.80532, 0.04566
0.80657, 0.04549
0.80782, 0.04533
0.80906, 0.04517
0.81030, 0.04501
0.81154, 0.04484
0.81277, 0.04468
0.81400, 0.04452
0.81523, 0.04436
0.81645, 0.04419
0.81767, 0.04403
0.81889, 0.04387
0.82010, 0.04370
0.82131, 0.04354
0.82252, 0.04338
0.82372, 0.04321
0.82493, 0.04305
0.82612, 0.04289
0.82732, 0.04272
0.82851, 0.04256
0.82969, 0.04239
0.83088, 0.04223
0.83206, 0.04207
0.83324, 0.04190
0.83441, 0.04174
0.83558, 0.04158
0.83675, 0.04141
0.83791, 0.04125
0.83907, 0.04109
0.84023, 0.04092
0.84138, 0.04076
0.84253, 0.04060
0.84368, 0.04043
0.84482, 0.04027
0.84596, 0.04011
0.84710, 0.03994
0.84823, 0.03978
0.84936, 0.03962
0.85048, 0.03945
0.85161, 0.03929
0.85273, 0.03913
0.85384, 0.03897
0.85495, 0.03880
0.85606, 0.03864
0.85717, 0.03848
0.85827, 0.03832
0.85936, 0.03815
0.86046, 0.03799
0.86155, 0.03783
0.86263, 0.03767
0.86372, 0.03751
0.86480, 0.03735
0.86587, 0.03719
0.86694, 0.03702
0.86801, 0.03686
0.86908, 0.03670
0.87014, 0.03654
0.87119, 0.03638
0.87225, 0.03622
0.87330, 0.03606
0.87434, 0.03590
0.87539, 0.03574
0.87642, 0.03558
0.87746, 0.03542
0.87849, 0.03526
0.87952, 0.03510
0.88054, 0.03495
0.88156, 0.03479
0.88258, 0.03463
0.88359, 0.03447
0.88460, 0.03431
0.88560, 0.03415
0.88660, 0.03400
0.88760, 0.03384
0.88859, 0.03368
0.88958, 0.03353
0.89056, 0.03337
0.89154, 0.03321
0.89252, 0.03306
0.89349, 0.03290
0.89446, 0.03275
0.89543, 0.03259
0.89639, 0.03244
0.89735, 0.03228
0.89830, 0.03213
0.89925, 0.03198
0.90020, 0.03182
0.90114, 0.03167
0.90208, 0.03152
0.90301, 0.03136
0.90394, 0.03121
0.90486, 0.03106
0.90578, 0.03091
0.90670, 0.03076
0.90762, 0.03061
0.90852, 0.03046
0.90943, 0.03031
0.91033, 0.03016
0.91123, 0.03001
0.91212, 0.02986
0.91301, 0.02971
0.91389, 0.02956
0.91477, 0.02941
0.91565, 0.02927
0.91652, 0.02912
0.91739, 0.02897
0.91826, 0.02883
0.91911, 0.02868
0.91997, 0.02854
0.92082, 0.02839
0.92167, 0.02825
0.92251, 0.02810
0.92335, 0.02796
0.92419, 0.02782
0.92502, 0.02767
0.92584, 0.02753
0.92666, 0.02739
0.92748, 0.02725
0.92830, 0.02711
0.92910, 0.02697
0.92991, 0.02683
0.93071, 0.02669
0.93151, 0.02655
0.93230, 0.02641
0.93309, 0.02627
0.93387, 0.02614
0.93465, 0.02600
0.93542, 0.02586
0.93619, 0.02573
0.93696, 0.02559
0.93772, 0.02546
0.93848, 0.02532
0.93923, 0.02519
0.93998, 0.02505
0.94073, 0.02492
0.94147, 0.02479
0.94220, 0.02466
0.94293, 0.02453
0.94366, 0.02440
0.94438, 0.02427
0.94510, 0.02414
0.94581, 0.02401
0.94652, 0.02388
0.94723, 0.02375
0.94793, 0.02363
0.94863, 0.02350
0.94932, 0.02338
0.95000, 0.02325
0.95069, 0.02313
0.95136, 0.02300
0.95204, 0.02288
0.95271, 0.02276
0.95337, 0.02263
0.95403, 0.02251
0.95469, 0.02239
0.95534, 0.02227
0.95599, 0.02215
0.95663, 0.02204
0.95727, 0.02192
0.95790, 0.02180
0.95853, 0.02168
0.95915, 0.02157
0.95977, 0.02145
0.96039, 0.02134
0.96100, 0.02122
0.96160, 0.02111
0.96220, 0.02100
0.96280, 0.02089
0.96339, 0.02077
0.96398, 0.02066
0.96456, 0.02055
0.96514, 0.02045
0.96572, 0.02034
0.96629, 0.02023
0.96685, 0.02012
0.96741, 0.02002
0.96797, 0.01991
0.96852, 0.01981
0.96906, 0.01970
0.96960, 0.01960
0.97014, 0.01950
0.97067, 0.01940
0.97120, 0.01930
0.97172, 0.01920
0.97224, 0.01910
0.97276, 0.01900
0.97326, 0.01890
0.97377, 0.01880
0.97427, 0.01871
0.97476, 0.01861
0.97525, 0.01852
0.97574, 0.01842
0.97622, 0.01833
0.97670, 0.01824
0.97717, 0.01815
0.97763, 0.01806
0.97810, 0.01797
0.97855, 0.01788
0.97901, 0.01779
0.97945, 0.01770
0.97990, 0.01762
0.98034, 0.01753
0.98077, 0.01745
0.98120, 0.01736
0.98162, 0.01728
0.98204, 0.01720
0.98246, 0.01712
0.98287, 0.01704
0.98327, 0.01696
0.98367, 0.01688
0.98407, 0.01680
0.98446, 0.01672
0.98485, 0.01665
0.98523, 0.01657
0.98560, 0.01650
0.98598, 0.01642
0.98634, 0.01635
0.98671, 0.01628
0.98706, 0.01621
0.98742, 0.01614
0.98776, 0.01607
0.98811, 0.01600
0.98845, 0.01593
0.98878, 0.01587
0.98911, 0.01580
0.98943, 0.01574
0.98975, 0.01567
0.99007, 0.01561
0.99038, 0.01555
0.99068, 0.01549
0.99098, 0.01543
0.99128, 0.01537
0.99157, 0.01531
0.99185, 0.01525
0.99213, 0.01520
0.99241, 0.01514
0.99268, 0.01509
0.99294, 0.01503
0.99321, 0.01498
0.99346, 0.01493
0.99371, 0.01488
0.99396, 0.01483
0.99420, 0.01478
0.99444, 0.01473
0.99467, 0.01469
0.99490, 0.01464
0.99512, 0.01460
0.99534, 0.01455
0.99555, 0.01451
0.99576, 0.01447
0.99596, 0.01443
0.99616, 0.01439
0.99635, 0.01435
0.99654, 0.01431
0.99673, 0.01427
0.99690, 0.01424
0.99708, 0.01420
0.99725, 0.01417
0.99741, 0.01413
0.99757, 0.01410
0.99772, 0.01407
0.99787, 0.01404
0.99802, 0.01401
0.99816, 0.01398
0.99829, 0.01395
0.99842, 0.01393
0.99855, 0.01390
0.99867, 0.01388
0.99878, 0.01385
0.99889, 0.01383
0.99900, 0.01381
0.99910, 0.01379
0.99919, 0.01377
0.99928, 0.01375
0.99937, 0.01373
0.99945, 0.01372
0.99953, 0.01370
0.99960, 0.01369
0.99966, 0.01367
0.99973, 0.01366
0.99978, 0.01365
0.99983, 0.01364
0.99988, 0.01363
0.99992, 0.01362
0.99996, 0.01361
0.99999, 0.01361
1.00002, 0.01360
1.00004, 0.01360
1.00006, 0.01359
1.00008, 0.01359
1.00012, 0.01359
1.00013, 0.01359

=== Lower Surface ===
0.00000, -0.00829
0.00005, -0.00857
0.00008, -0.00884
0.00011, -0.00912
0.00016, -0.00940
0.00021, -0.00967
0.00027, -0.00994
0.00033, -0.01022
0.00040, -0.01049
0.00047, -0.01076
0.00055, -0.01103
0.00063, -0.01130
0.00071, -0.01157
0.00081, -0.01183
0.00090, -0.01210
0.00100, -0.01237
0.00111, -0.01263
0.00122, -0.01289
0.00134, -0.01316
0.00146, -0.01342
0.00158, -0.01368
0.00171, -0.01394
0.00185, -0.01420
0.00199, -0.01445
0.00213, -0.01471
0.00228, -0.01497
0.00244, -0.01522
0.00260, -0.01548
0.00276, -0.01573
0.00293, -0.01598
0.00311, -0.01623
0.00329, -0.01648
0.00347, -0.01673
0.00366, -0.01698
0.00386, -0.01723
0.00406, -0.01748
0.00426, -0.01772
0.00447, -0.01797
0.00468, -0.01821
0.00490, -0.01845
0.00512, -0.01869
0.00535, -0.01894
0.00559, -0.01918
0.00582, -0.01941
0.00607, -0.01965
0.00631, -0.01989
0.00657, -0.02013
0.00682, -0.02036
0.00709, -0.02059
0.00735, -0.02083
0.00763, -0.02106
0.00790, -0.02129
0.00818, -0.02152
0.00847, -0.02175
0.00876, -0.02198
0.00906, -0.02221
0.00936, -0.02243
0.00967, -0.02266
0.00998, -0.02288
0.01029, -0.02311
0.01061, -0.02333
0.01094, -0.02355
0.01127, -0.02377
0.01160, -0.02399
0.01194, -0.02421
0.01229, -0.02443
0.01263, -0.02464
0.01299, -0.02486
0.01335, -0.02507
0.01371, -0.02529
0.01408, -0.02550
0.01445, -0.02571
0.01483, -0.02592
0.01521, -0.02613
0.01560, -0.02634
0.01599, -0.02654
0.01639, -0.02675
0.01679, -0.02696
0.01720, -0.02716
0.01761, -0.02736
0.01803, -0.02757
0.01845, -0.02777
0.01887, -0.02797
0.01930, -0.02817
0.01974, -0.02836
0.02018, -0.02856
0.02062, -0.02876
0.02107, -0.02895
0.02152, -0.02914
0.02198, -0.02934
0.02245, -0.02953
0.02291, -0.02972
0.02339, -0.02991
0.02386, -0.03010
0.02435, -0.03029
0.02483, -0.03047
0.02532, -0.03066
0.02582, -0.03084
0.02632, -0.03102
0.02683, -0.03121
0.02734, -0.03139
0.02785, -0.03157
0.02837, -0.03175
0.02889, -0.03192
0.02942, -0.03210
0.02996, -0.03228
0.03049, -0.03245
0.03104, -0.03262
0.03158, -0.03280
0.03214, -0.03297
0.03269, -0.03314
0.03325, -0.03330
0.03382, -0.03347
0.03439, -0.03364
0.03496, -0.03380
0.03554, -0.03397
0.03612, -0.03413
0.03671, -0.03429
0.03731, -0.03446
0.03790, -0.03462
0.03850, -0.03477
0.03911, -0.03493
0.03972, -0.03509
0.04034, -0.03524
0.04096, -0.03540
0.04158, -0.03555
0.04221, -0.03570
0.04284, -0.03585
0.04348, -0.03600
0.04412, -0.03615
0.04477, -0.03630
0.04542, -0.03645
0.04608, -0.03659
0.04674, -0.03673
0.04740, -0.03688
0.04807, -0.03702
0.04874, -0.03716
0.04942, -0.03730
0.05010, -0.03744
0.05079, -0.03757
0.05148, -0.03771
0.05218, -0.03784
0.05288, -0.03798
0.05358, -0.03811
0.05429, -0.03824
0.05500, -0.03837
0.05572, -0.03850
0.05644, -0.03863
0.05716, -0.03875
0.05789, -0.03888
0.05863, -0.03900
0.05937, -0.03912
0.06011, -0.03925
0.06086, -0.03937
0.06161, -0.03949
0.06236, -0.03960
0.06312, -0.03972
0.06389, -0.03984
0.06466, -0.03995
0.06543, -0.04006
0.06621, -0.04018
0.06699, -0.04029
0.06777, -0.04040
0.06856, -0.04050
0.06936, -0.04061
0.07015, -0.04072
0.07096, -0.04082
0.07176, -0.04093
0.07257, -0.04103
0.07339, -0.04113
0.07421, -0.04123
0.07503, -0.04133
0.07586, -0.04142
0.07669, -0.04152
0.07752, -0.04162
0.07836, -0.04171
0.07920, -0.04180
0.08005, -0.04189
0.08090, -0.04198
0.08176, -0.04207
0.08262, -0.04216
0.08348, -0.04225
0.08435, -0.04233
0.08522, -0.04241
0.08610, -0.04250
0.08698, -0.04258
0.08786, -0.04266
0.08875, -0.04274
0.08964, -0.04282
0.09053, -0.04289
0.09143, -0.04297
0.09234, -0.04304
0.09324, -0.04311
0.09415, -0.04319
0.09507, -0.04326
0.09599, -0.04333
0.09691, -0.04339
0.09784, -0.04346
0.09877, -0.04353
0.09970, -0.04359
0.10064, -0.04365
0.10158, -0.04371
0.10253, -0.04378
0.10348, -0.04383
0.10443, -0.04389
0.10539, -0.04395
0.10635, -0.04400
0.10731, -0.04406
0.10828, -0.04411
0.10925, -0.04416
0.11023, -0.04422
0.11121, -0.04426
0.11219, -0.04431
0.11318, -0.04436
0.11417, -0.04441
0.11516, -0.04445
0.11616, -0.04449
0.11716, -0.04454
0.11817, -0.04458
0.11918, -0.04462
0.12019, -0.04465
0.12120, -0.04469
0.12222, -0.04473
0.12325, -0.04476
0.12427, -0.04480
0.12530, -0.04483
0.12634, -0.04486
0.12737, -0.04489
0.12842, -0.04492
0.12946, -0.04495
0.13051, -0.04497
0.13156, -0.04500
0.13261, -0.04502
0.13367, -0.04505
0.13473, -0.04507
0.13580, -0.04509
0.13687, -0.04511
0.13794, -0.04513
0.13902, -0.04514
0.14009, -0.04516
0.14118, -0.04517
0.14226, -0.04519
0.14335, -0.04520
0.14445, -0.04521
0.14554, -0.04522
0.14664, -0.04523
0.14775, -0.04523
0.14885, -0.04524
0.14996, -0.04525
0.15108, -0.04525
0.15219, -0.04525
0.15331, -0.04525
0.15444, -0.04525
0.15556, -0.04525
0.15670, -0.04525
0.15783, -0.04525
0.15897, -0.04524
0.16011, -0.04524
0.16125, -0.04523
0.16240, -0.04522
0.16355, -0.04521
0.16470, -0.04520
0.16586, -0.04519
0.16702, -0.04518
0.16818, -0.04516
0.16935, -0.04515
0.17052, -0.04513
0.17170, -0.04511
0.17287, -0.04509
0.17405, -0.04507
0.17524, -0.04505
0.17642, -0.04503
0.17761, -0.04500
0.17880, -0.04498
0.18000, -0.04495
0.18120, -0.04493
0.18240, -0.04490
0.18361, -0.04487
0.18481, -0.04484
0.18603, -0.04480
0.18724, -0.04477
0.18846, -0.04473
0.18968, -0.04470
0.19090, -0.04466
0.19213, -0.04462
0.19336, -0.04458
0.19459, -0.04454
0.19583, -0.04450
0.19707, -0.04446
0.19831, -0.04441
0.19956, -0.04437
0.20080, -0.04432
0.20205, -0.04427
0.20331, -0.04422
0.20456, -0.04417
0.20582, -0.04412
0.20709, -0.04407
0.20835, -0.04401
0.20962, -0.04396
0.21088, -0.04390
0.21215, -0.04385
0.21343, -0.04379
0.21470, -0.04373
0.21597, -0.04367
0.21725, -0.04361
0.21853, -0.04355
0.21981, -0.04348
0.22110, -0.04342
0.22238, -0.04336
0.22367, -0.04329
0.22495, -0.04322
0.22624, -0.04316
0.22754, -0.04309
0.22883, -0.04302
0.23012, -0.04295
0.23142, -0.04288
0.23272, -0.04281
0.23402, -0.04274
0.23532, -0.04267
0.23662, -0.04260
0.23793, -0.04252
0.23923, -0.04245
0.24054, -0.04238
0.24185, -0.04230
0.24316, -0.04223
0.24447, -0.04215
0.24578, -0.04208
0.24710, -0.04200
0.24841, -0.04193
0.24973, -0.04185
0.25105, -0.04177
0.25237, -0.04170
0.25369, -0.04162
0.25501, -0.04154
0.25633, -0.04146
0.25766, -0.04139
0.25898, -0.04131
0.26031, -0.04123
0.26164, -0.04115
0.26297, -0.04108
0.26430, -0.04100
0.26563, -0.04092
0.26696, -0.04084
0.26830, -0.04076
0.26963, -0.04069
0.27097, -0.04061
0.27231, -0.04053
0.27365, -0.04045
0.27499, -0.04038
0.27634, -0.04030
0.27768, -0.04022
0.27903, -0.04015
0.28038, -0.04007
0.28174, -0.03999
0.28309, -0.03992
0.28445, -0.03984
0.28581, -0.03976
0.28718, -0.03969
0.28854, -0.03961
0.28991, -0.03954
0.29128, -0.03946
0.29265, -0.03939
0.29403, -0.03931
0.29540, -0.03923
0.29678, -0.03916
0.29816, -0.03908
0.29954, -0.03901
0.30093, -0.03893
0.30232, -0.03886
0.30371, -0.03879
0.30510, -0.03871
0.30649, -0.03864
0.30789, -0.03856
0.30929, -0.03849
0.31069, -0.03841
0.31209, -0.03834
0.31349, -0.03827
0.31490, -0.03819
0.31631, -0.03812
0.31772, -0.03805
0.31913, -0.03798
0.32054, -0.03790
0.32196, -0.03783
0.32338, -0.03776
0.32480, -0.03768
0.32622, -0.03761
0.32765, -0.03754
0.32907, -0.03747
0.33050, -0.03740
0.33193, -0.03733
0.33336, -0.03725
0.33479, -0.03718
0.33622, -0.03711
0.33765, -0.03704
0.33909, -0.03697
0.34052, -0.03690
0.34196, -0.03683
0.34340, -0.03676
0.34484, -0.03669
0.34628, -0.03663
0.34772, -0.03656
0.34916, -0.03649
0.35061, -0.03642
0.35206, -0.03636
0.35350, -0.03629
0.35495, -0.03622
0.35641, -0.03616
0.35786, -0.03609
0.35931, -0.03603
0.36077, -0.03596
0.36223, -0.03590
0.36369, -0.03583
0.36515, -0.03577
0.36661, -0.03571
0.36807, -0.03564
0.36954, -0.03558
0.37101, -0.03552
0.37247, -0.03546
0.37394, -0.03540
0.37542, -0.03534
0.37689, -0.03528
0.37836, -0.03522
0.37984, -0.03516
0.38132, -0.03510
0.38280, -0.03504
0.38428, -0.03498
0.38576, -0.03492
0.38725, -0.03486
0.38873, -0.03481
0.39022, -0.03475
0.39171, -0.03469
0.39320, -0.03464
0.39469, -0.03458
0.39619, -0.03453
0.39768, -0.03447
0.39918, -0.03442
0.40068, -0.03436
0.40218, -0.03431
0.40368, -0.03426
0.40518, -0.03420
0.40669, -0.03415
0.40819, -0.03410
0.40970, -0.03404
0.41121, -0.03399
0.41272, -0.03394
0.41423, -0.03389
0.41575, -0.03384
0.41726, -0.03379
0.41878, -0.03373
0.42030, -0.03368
0.42182, -0.03363
0.42334, -0.03358
0.42486, -0.03353
0.42638, -0.03348
0.42791, -0.03343
0.42944, -0.03338
0.43096, -0.03333
0.43249, -0.03328
0.43403, -0.03324
0.43556, -0.03319
0.43709, -0.03314
0.43863, -0.03309
0.44016, -0.03304
0.44170, -0.03299
0.44324, -0.03294
0.44478, -0.03289
0.44632, -0.03284
0.44787, -0.03280
0.44941, -0.03275
0.45095, -0.03270
0.45250, -0.03265
0.45405, -0.03260
0.45560, -0.03255
0.45715, -0.03250
0.45870, -0.03245
0.46025, -0.03240
0.46180, -0.03235
0.46336, -0.03230
0.46491, -0.03226
0.46647, -0.03221
0.46803, -0.03216
0.46959, -0.03210
0.47115, -0.03205
0.47271, -0.03200
0.47427, -0.03195
0.47583, -0.03190
0.47739, -0.03185
0.47896, -0.03180
0.48052, -0.03175
0.48209, -0.03169
0.48365, -0.03164
0.48522, -0.03159
0.48679, -0.03153
0.48835, -0.03148
0.48992, -0.03143
0.49149, -0.03137
0.49306, -0.03132
0.49463, -0.03126
0.49621, -0.03121
0.49778, -0.03115
0.49935, -0.03109
0.50092, -0.03104
0.50250, -0.03098
0.50407, -0.03092
0.50564, -0.03086
0.50722, -0.03080
0.50879, -0.03074
0.51037, -0.03068
0.51195, -0.03062
0.51352, -0.03056
0.51510, -0.03050
0.51667, -0.03044
0.51825, -0.03038
0.51983, -0.03031
0.52140, -0.03025
0.52298, -0.03018
0.52456, -0.03012
0.52614, -0.03005
0.52771, -0.02999
0.52929, -0.02992
0.53087, -0.02985
0.53245, -0.02978
0.53402, -0.02972
0.53560, -0.02965
0.53718, -0.02958
0.53875, -0.02951
0.54033, -0.02943
0.54191, -0.02936
0.54348, -0.02929
0.54506, -0.02922
0.54664, -0.02914
0.54821, -0.02907
0.54979, -0.02899
0.55136, -0.02891
0.55294, -0.02884
0.55451, -0.02876
0.55608, -0.02868
0.55766, -0.02860
0.55923, -0.02852
0.56080, -0.02844
0.56238, -0.02836
0.56395, -0.02828
0.56552, -0.02820
0.56709, -0.02811
0.56866, -0.02803
0.57023, -0.02795
0.57180, -0.02786
0.57336, -0.02777
0.57493, -0.02769
0.57650, -0.02760
0.57806, -0.02751
0.57963, -0.02742
0.58119, -0.02733
0.58276, -0.02724
0.58432, -0.02715
0.58588, -0.02706
0.58744, -0.02697
0.58900, -0.02687
0.59056, -0.02678
0.59212, -0.02668
0.59368, -0.02659
0.59523, -0.02649
0.59679, -0.02640
0.59834, -0.02630
0.59990, -0.02620
0.60145, -0.02610
0.60300, -0.02600
0.60455, -0.02590
0.60610, -0.02580
0.60765, -0.02570
0.60920, -0.02560
0.61074, -0.02549
0.61229, -0.02539
0.61383, -0.02528
0.61538, -0.02518
0.61692, -0.02507
0.61846, -0.02497
0.62000, -0.02486
0.62154, -0.02475
0.62307, -0.02464
0.62461, -0.02453
0.62614, -0.02443
0.62768, -0.02431
0.62921, -0.02420
0.63074, -0.02409
0.63227, -0.02398
0.63380, -0.02387
0.63532, -0.02375
0.63685, -0.02364
0.63837, -0.02352
0.63990, -0.02341
0.64142, -0.02329
0.64294, -0.02317
0.64446, -0.02306
0.64597, -0.02294
0.64749, -0.02282
0.64902, -0.02270
0.65059, -0.02258
0.65232, -0.02245
0.65450, -0.02231
0.65750, -0.02209
0.66150, -0.02163
0.66587, -0.02083
0.66933, -0.01994
0.67083, -0.01941
0.67039, -0.01935
0.66906, -0.01942
0.66811, -0.01937
0.66814, -0.01925
0.66899, -0.01910
0.67027, -0.01896
0.67171, -0.01883
0.67318, -0.01869
0.67467, -0.01856
0.67616, -0.01842
0.67764, -0.01828
0.67912, -0.01814
0.68060, -0.01800
0.68207, -0.01786
0.68355, -0.01772
0.68502, -0.01758
0.68649, -0.01744
0.68795, -0.01730
0.68941, -0.01716
0.69088, -0.01702
0.69233, -0.01687
0.69379, -0.01673
0.69524, -0.01659
0.69669, -0.01644
0.69814, -0.01630
0.69959, -0.01615
0.70103, -0.01601
0.70247, -0.01587
0.70391, -0.01572
0.70534, -0.01558
0.70678, -0.01543
0.70821, -0.01529
0.70963, -0.01514
0.71106, -0.01500
0.71248, -0.01485
0.71390, -0.01471
0.71532, -0.01456
0.71673, -0.01442
0.71814, -0.01427
0.71955, -0.01413
0.72096, -0.01398
0.72236, -0.01384
0.72377, -0.01369
0.72516, -0.01355
0.72656, -0.01340
0.72795, -0.01326
0.72934, -0.01312
0.73073, -0.01297
0.73212, -0.01283
0.73350, -0.01269
0.73488, -0.01255
0.73626, -0.01241
0.73763, -0.01226
0.73901, -0.01212
0.74037, -0.01198
0.74174, -0.01184
0.74311, -0.01170
0.74447, -0.01156
0.74583, -0.01142
0.74718, -0.01129
0.74853, -0.01115
0.74988, -0.01101
0.75123, -0.01088
0.75258, -0.01074
0.75392, -0.01060
0.75526, -0.01047
0.75660, -0.01033
0.75794, -0.01020
0.75927, -0.01007
0.76060, -0.00993
0.76193, -0.00980
0.76326, -0.00967
0.76458, -0.00954
0.76591, -0.00941
0.76723, -0.00928
0.76854, -0.00915
0.76986, -0.00902
0.77117, -0.00889
0.77248, -0.00876
0.77379, -0.00864
0.77509, -0.00851
0.77639, -0.00838
0.77769, -0.00826
0.77899, -0.00813
0.78029, -0.00801
0.78158, -0.00788
0.78287, -0.00776
0.78415, -0.00763
0.78544, -0.00751
0.78672, -0.00739
0.78800, -0.00727
0.78928, -0.00715
0.79055, -0.00702
0.79182, -0.00690
0.79309, -0.00678
0.79435, -0.00666
0.79562, -0.00654
0.79688, -0.00643
0.79813, -0.00631
0.79939, -0.00619
0.80064, -0.00607
0.80189, -0.00595
0.80313, -0.00584
0.80438, -0.00572
0.80562, -0.00561
0.80685, -0.00549
0.80809, -0.00538
0.80932, -0.00526
0.81055, -0.00515
0.81177, -0.00503
0.81300, -0.00492
0.81422, -0.00481
0.81543, -0.00469
0.81665, -0.00458
0.81786, -0.00447
0.81906, -0.00436
0.82027, -0.00425
0.82147, -0.00414
0.82267, -0.00403
0.82387, -0.00392
0.82506, -0.00381
0.82625, -0.00370
0.82743, -0.00359
0.82862, -0.00348
0.82980, -0.00338
0.83097, -0.00327
0.83215, -0.00316
0.83332, -0.00305
0.83448, -0.00295
0.83565, -0.00284
0.83681, -0.00274
0.83797, -0.00263
0.83912, -0.00253
0.84027, -0.00242
0.84142, -0.00232
0.84256, -0.00221
0.84370, -0.00211
0.84484, -0.00201
0.84598, -0.00191
0.84711, -0.00180
0.84823, -0.00170
0.84936, -0.00160
0.85048, -0.00150
0.85160, -0.00140
0.85271, -0.00130
0.85382, -0.00120
0.85493, -0.00110
0.85603, -0.00100
0.85713, -0.00090
0.85823, -0.00080
0.85932, -0.00070
0.86041, -0.00061
0.86149, -0.00051
0.86258, -0.00041
0.86366, -0.00032
0.86473, -0.00022
0.86580, -0.00013
0.86687, -0.00003
0.86794, 0.00006
0.86900, 0.00016
0.87005, 0.00025
0.87111, 0.00035
0.87216, 0.00044
0.87320, 0.00053
0.87425, 0.00062
0.87529, 0.00072
0.87632, 0.00081
0.87735, 0.00090
0.87838, 0.00099
0.87941, 0.00108
0.88043, 0.00117
0.88144, 0.00126
0.88246, 0.00135
0.88347, 0.00144
0.88447, 0.00153
0.88547, 0.00161
0.88647, 0.00170
0.88747, 0.00179
0.88846, 0.00187
0.88944, 0.00196
0.89043, 0.00205
0.89141, 0.00213
0.89238, 0.00222
0.89335, 0.00230
0.89432, 0.00239
0.89528, 0.00247
0.89624, 0.00255
0.89720, 0.00264
0.89815, 0.00272
0.89910, 0.00280
0.90005, 0.00288
0.90099, 0.00296
0.90192, 0.00305
0.90286, 0.00313
0.90378, 0.00321
0.90471, 0.00329
0.90563, 0.00337
0.90655, 0.00344
0.90746, 0.00352
0.90837, 0.00360
0.90927, 0.00368
0.91017, 0.00376
0.91107, 0.00383
0.91196, 0.00391
0.91285, 0.00399
0.91374, 0.00406
0.91462, 0.00414
0.91549, 0.00421
0.91636, 0.00428
0.91723, 0.00436
0.91810, 0.00443
0.91896, 0.00451
0.91981, 0.00458
0.92066, 0.00465
0.92151, 0.00472
0.92236, 0.00479
0.92320, 0.00486
0.92403, 0.00494
0.92486, 0.00501
0.92569, 0.00508
0.92651, 0.00514
0.92733, 0.00521
0.92814, 0.00528
0.92895, 0.00535
0.92976, 0.00542
0.93056, 0.00549
0.93136, 0.00555
0.93215, 0.00562
0.93294, 0.00569
0.93373, 0.00575
0.93451, 0.00582
0.93528, 0.00588
0.93605, 0.00595
0.93682, 0.00601
0.93758, 0.00607
0.93834, 0.00614
0.93910, 0.00620
0.93985, 0.00626
0.94059, 0.00632
0.94134, 0.00638
0.94207, 0.00645
0.94281, 0.00651
0.94353, 0.00657
0.94426, 0.00663
0.94498, 0.00669
0.94569, 0.00675
0.94640, 0.00680
0.94711, 0.00686
0.94781, 0.00692
0.94851, 0.00698
0.94920, 0.00703
0.94989, 0.00709
0.95058, 0.00715
0.95126, 0.00720
0.95193, 0.00726
0.95260, 0.00731
0.95327, 0.00737
0.95393, 0.00742
0.95459, 0.00748
0.95524, 0.00753
0.95589, 0.00758
0.95654, 0.00763
0.95717, 0.00769
0.95781, 0.00774
0.95844, 0.00779
0.95907, 0.00784
0.95969, 0.00789
0.96030, 0.00794
0.96092, 0.00799
0.96153, 0.00804
0.96213, 0.00809
0.96273, 0.00814
0.96332, 0.00819
0.96391, 0.00823
0.96450, 0.00828
0.96508, 0.00833
0.96565, 0.00837
0.96622, 0.00842
0.96679, 0.00847
0.96735, 0.00851
0.96791, 0.00856
0.96846, 0.00860
0.96901, 0.00864
0.96955, 0.00869
0.97009, 0.00873
0.97062, 0.00877
0.97115, 0.00882
0.97168, 0.00886
0.97220, 0.00890
0.97271, 0.00894
0.97322, 0.00898
0.97373, 0.00902
0.97423, 0.00906
0.97473, 0.00910
0.97522, 0.00914
0.97571, 0.00918
0.97619, 0.00922
0.97667, 0.00926
0.97714, 0.00929
0.97761, 0.00933
0.97807, 0.00937
0.97853, 0.00940
0.97898, 0.00944
0.97943, 0.00947
0.97988, 0.00951
0.98032, 0.00954
0.98075, 0.00958
0.98118, 0.00961
0.98161, 0.00965
0.98203, 0.00968
0.98244, 0.00971
0.98286, 0.00974
0.98326, 0.00978
0.98366, 0.00981
0.98406, 0.00984
0.98445, 0.00987
0.98484, 0.00990
0.98522, 0.00993
0.98560, 0.00996
0.98597, 0.00999
0.98634, 0.01002
0.98670, 0.01005
0.98706, 0.01008
0.98741, 0.01010
0.98776, 0.01013
0.98810, 0.01016
0.98844, 0.01018
0.98878, 0.01021
0.98911, 0.01024
0.98943, 0.01026
0.98975, 0.01029
0.99006, 0.01031
0.99037, 0.01033
0.99068, 0.01036
0.99098, 0.01038
0.99127, 0.01040
0.99156, 0.01043
0.99185, 0.01045
0.99213, 0.01047
0.99240, 0.01049
0.99267, 0.01051
0.99294, 0.01053
0.99320, 0.01055
0.99345, 0.01057
0.99370, 0.01059
0.99395, 0.01061
0.99419, 0.01063
0.99443, 0.01065
0.99466, 0.01067
0.99488, 0.01069
0.99510, 0.01070
0.99532, 0.01072
0.99553, 0.01074
0.99574, 0.01075
0.99594, 0.01077
0.99613, 0.01078
0.99633, 0.01080
0.99651, 0.01081
0.99669, 0.01083
0.99687, 0.01084
0.99704, 0.01085
0.99721, 0.01087
0.99737, 0.01088
0.99753, 0.01089
0.99768, 0.01090
0.99783, 0.01091
0.99797, 0.01092
0.99811, 0.01093
0.99824, 0.01095
0.99836, 0.01095
0.99849, 0.01096
0.99860, 0.01097
0.99872, 0.01098
0.99882, 0.01099
0.99892, 0.01100
0.99902, 0.01101
0.99911, 0.01101
0.99920, 0.01102
0.99928, 0.01103
0.99936, 0.01103
0.99943, 0.01104
0.99950, 0.01104
0.99956, 0.01105
0.99962, 0.01105
0.99967, 0.01106
0.99972, 0.01106
0.99976, 0.01106
0.99980, 0.01107
0.99983, 0.01107
0.99986, 0.01107
0.99988, 0.01107
0.99990, 0.01107
0.99990, 0.01107
0.99988, 0.01108
0.99987, 0.01108
