airfoil_points_4318
1.000000 0.019104
0.999748 0.019157
0.998993 0.019313
0.997736 0.019573
0.995977 0.019936
0.993719 0.020401
0.990964 0.020966
0.987715 0.021629
0.983974 0.022388
0.979746 0.023242
0.975036 0.024186
0.969846 0.025218
0.964184 0.026335
0.958054 0.027534
0.951463 0.028811
0.944418 0.030162
0.936925 0.031583
0.928992 0.033071
0.920627 0.034622
0.911838 0.036231
0.902635 0.037893
0.893027 0.039606
0.883022 0.041365
0.872632 0.043165
0.861867 0.045003
0.850737 0.046874
0.839255 0.048774
0.827430 0.050700
0.815276 0.052648
0.802805 0.054615
0.790028 0.056601
0.776960 0.058602
0.763613 0.060617
0.750000 0.062644
0.736136 0.064680
0.722033 0.066715
0.707708 0.068739
0.693173 0.070741
0.678443 0.072710
0.663534 0.073679
0.648460 0.069537
0.633237 0.059125
0.617879 0.069700
0.602403 0.071668
0.586824 0.073703
0.571157 0.075791
0.555419 0.077912
0.539625 0.080044
0.523791 0.082161
0.507933 0.084236
0.492067 0.086240
0.476209 0.088147
0.460375 0.089930
0.444581 0.091566
0.428843 0.093035
0.413176 0.094318
0.397597 0.095404
0.382121 0.096283
0.366763 0.096950
0.351540 0.097402
0.336466 0.097643
0.321557 0.097694
0.306827 0.097626
0.292292 0.097447
0.277967 0.097159
0.263864 0.096761
0.250000 0.096251
0.236387 0.095625
0.223040 0.094879
0.209972 0.094009
0.197195 0.093013
0.184724 0.091888
0.172570 0.090637
0.160745 0.089261
0.149263 0.087763
0.138133 0.086148
0.127368 0.084418
0.116978 0.082579
0.106973 0.080635
0.097365 0.078592
0.088162 0.076454
0.079373 0.074227
0.071008 0.071919
0.063075 0.069534
0.055582 0.067080
0.048537 0.064563
0.041946 0.061990
0.035816 0.059367
0.030154 0.056700
0.024964 0.053997
0.020254 0.051264
0.016026 0.048506
0.012285 0.045730
0.009036 0.042941
0.006281 0.040145
0.004023 0.037350
0.002264 0.034564
0.001007 0.031810
0.000252 0.029167
0.000000 0.027464
0.000252 0.022840
0.001007 0.020277
0.002264 0.017682
0.004023 0.015140
0.006281 0.012671
0.009036 0.010280
0.012285 0.007972
0.016026 0.005747
0.020254 0.003607
0.024964 0.001553
0.030154 -0.000416
0.035816 -0.002299
0.041946 -0.004096
0.048537 -0.005807
0.055582 -0.007432
0.063075 -0.008973
0.071008 -0.010427
0.079373 -0.011798
0.088162 -0.013084
0.097365 -0.014286
0.106973 -0.015405
0.116978 -0.016441
0.127368 -0.017395
0.138133 -0.018268
0.149263 -0.019060
0.160745 -0.019773
0.172570 -0.020408
0.184724 -0.020964
0.197195 -0.021444
0.209972 -0.021849
0.223040 -0.022176
0.236387 -0.022424
0.250000 -0.022590
0.263864 -0.022671
0.277967 -0.022664
0.292292 -0.022571
0.306827 -0.022395
0.321557 -0.022140
0.336466 -0.021818
0.351540 -0.021506
0.366763 -0.021241
0.382121 -0.021031
0.397597 -0.020878
0.413176 -0.020783
0.428843 -0.020739
0.444581 -0.020737
0.460375 -0.020765
0.476209 -0.020805
0.492067 -0.020839
0.507933 -0.020847
0.523791 -0.020809
0.539625 -0.020704
0.555419 -0.020515
0.571157 -0.020226
0.586824 -0.019823
0.602403 -0.019298
0.617879 -0.018646
0.633237 -0.017864
0.648460 -0.016961
0.663534 -0.015209
0.678443 -0.004752
0.693173 -0.003918
0.707708 -0.003093
0.722033 -0.002271
0.736136 -0.001449
0.750000 -0.000623
0.763613 0.000211
0.776960 0.001049
0.790028 0.001888
0.802805 0.002722
0.815276 0.003548
0.827430 0.004363
0.839255 0.005164
0.850737 0.005947
0.861867 0.006711
0.872632 0.007456
0.883022 0.008179
0.893027 0.008879
0.902635 0.009554
0.911838 0.010205
0.920627 0.010828
0.928992 0.011425
0.936925 0.011992
0.944418 0.012530
0.951463 0.013038
0.958054 0.013514
0.964184 0.013958
0.969846 0.014370
0.975036 0.014748
0.979746 0.015092
0.983974 0.015401
0.987715 0.015675
0.990964 0.015914
0.993719 0.016116
0.995977 0.016282
0.997736 0.016412
0.998993 0.016504
0.999748 0.016560
1.000000 0.016577
