=== Airfoil Parameters ===
m = 0.02
p = 0.4
t = 0.12

=== Control Points ===
0.00000, -0.00172, -0.00172
0.06667, 0.00480, -0.00131
0.13333, 0.01056, -0.00055
0.20000, 0.01545, 0.00045
0.26667, 0.01934, 0.00157
0.66667, 0.01872, 0.00267
0.75000, 0.01686, 0.00367
0.83333, 0.01404, 0.00447
0.91667, 0.01020, 0.00503
1.00000, 0.00532, 0.00532

=== Upper Surface ===
0.00000, -0.00171
-0.00004, -0.00144
-0.00005, -0.00116
-0.00007, -0.00088
-0.00008, -0.00060
-0.00008, -0.00032
-0.00008, -0.00004
-0.00008, 0.00024
-0.00007, 0.00052
-0.00006, 0.00080
-0.00004, 0.00108
-0.00001, 0.00136
0.00002, 0.00164
0.00005, 0.00192
0.00009, 0.00220
0.00013, 0.00248
0.00018, 0.00276
0.00023, 0.00304
0.00029, 0.00332
0.00036, 0.00360
0.00042, 0.00388
0.00050, 0.00417
0.00058, 0.00445
0.00066, 0.00473
0.00075, 0.00501
0.00084, 0.00529
0.00094, 0.00557
0.00104, 0.00586
0.00115, 0.00614
0.00127, 0.00642
0.00138, 0.00670
0.00151, 0.00698
0.00164, 0.00727
0.00177, 0.00755
0.00191, 0.00783
0.00205, 0.00811
0.00220, 0.00840
0.00235, 0.00868
0.00251, 0.00896
0.00267, 0.00925
0.00284, 0.00953
0.00302, 0.00981
0.00319, 0.01010
0.00338, 0.01038
0.00356, 0.01066
0.00376, 0.01095
0.00396, 0.01123
0.00416, 0.01151
0.00437, 0.01180
0.00458, 0.01208
0.00480, 0.01236
0.00502, 0.01265
0.00525, 0.01293
0.00548, 0.01322
0.00572, 0.01350
0.00596, 0.01378
0.00621, 0.01407
0.00646, 0.01435
0.00672, 0.01464
0.00698, 0.01492
0.00725, 0.01520
0.00752, 0.01549
0.00780, 0.01577
0.00808, 0.01606
0.00837, 0.01634
0.00866, 0.01662
0.00896, 0.01691
0.00926, 0.01719
0.00956, 0.01748
0.00988, 0.01776
0.01019, 0.01805
0.01051, 0.01833
0.01084, 0.01861
0.01117, 0.01890
0.01151, 0.01918
0.01185, 0.01947
0.01220, 0.01975
0.01255, 0.02004
0.01290, 0.02032
0.01326, 0.02060
0.01363, 0.02089
0.01400, 0.02117
0.01437, 0.02146
0.01475, 0.02174
0.01514, 0.02202
0.01553, 0.02231
0.01592, 0.02259
0.01632, 0.02287
0.01673, 0.02316
0.01714, 0.02344
0.01755, 0.02372
0.01797, 0.02401
0.01840, 0.02429
0.01882, 0.02457
0.01926, 0.02486
0.01970, 0.02514
0.02014, 0.02542
0.02059, 0.02571
0.02104, 0.02599
0.02150, 0.02627
0.02196, 0.02655
0.02243, 0.02684
0.02290, 0.02712
0.02338, 0.02740
0.02386, 0.02768
0.02435, 0.02796
0.02484, 0.02824
0.02533, 0.02853
0.02584, 0.02881
0.02634, 0.02909
0.02685, 0.02937
0.02737, 0.02965
0.02789, 0.02993
0.02841, 0.03021
0.02894, 0.03049
0.02948, 0.03077
0.03001, 0.03105
0.03056, 0.03133
0.03111, 0.03161
0.03166, 0.03189
0.03222, 0.03217
0.03278, 0.03245
0.03335, 0.03273
0.03392, 0.03300
0.03450, 0.03328
0.03508, 0.03356
0.03567, 0.03384
0.03626, 0.03411
0.03685, 0.03439
0.03745, 0.03467
0.03806, 0.03494
0.03867, 0.03522
0.03928, 0.03550
0.03990, 0.03577
0.04053, 0.03605
0.04115, 0.03632
0.04179, 0.03660
0.04242, 0.03687
0.04307, 0.03715
0.04371, 0.03742
0.04437, 0.03769
0.04502, 0.03797
0.04568, 0.03824
0.04635, 0.03851
0.04702, 0.03879
0.04769, 0.03906
0.04837, 0.03933
0.04906, 0.03960
0.04974, 0.03987
0.05044, 0.04014
0.05113, 0.04041
0.05184, 0.04068
0.05254, 0.04095
0.05325, 0.04122
0.05397, 0.04149
0.05469, 0.04176
0.05541, 0.04202
0.05614, 0.04229
0.05688, 0.04256
0.05761, 0.04282
0.05836, 0.04309
0.05910, 0.04336
0.05986, 0.04362
0.06061, 0.04389
0.06137, 0.04415
0.06214, 0.04441
0.06291, 0.04468
0.06368, 0.04494
0.06446, 0.04520
0.06524, 0.04547
0.06603, 0.04573
0.06682, 0.04599
0.06762, 0.04625
0.06842, 0.04651
0.06922, 0.04677
0.07003, 0.04703
0.07085, 0.04729
0.07167, 0.04754
0.07249, 0.04780
0.07331, 0.04806
0.07415, 0.04831
0.07498, 0.04857
0.07582, 0.04883
0.07666, 0.04908
0.07751, 0.04933
0.07837, 0.04959
0.07922, 0.04984
0.08008, 0.05009
0.08095, 0.05035
0.08182, 0.05060
0.08269, 0.05085
0.08357, 0.05110
0.08446, 0.05135
0.08534, 0.05160
0.08623, 0.05184
0.08713, 0.05209
0.08803, 0.05234
0.08893, 0.05258
0.08984, 0.05283
0.09075, 0.05308
0.09167, 0.05332
0.09259, 0.05356
0.09352, 0.05381
0.09445, 0.05405
0.09538, 0.05429
0.09632, 0.05453
0.09726, 0.05477
0.09820, 0.05501
0.09915, 0.05525
0.10011, 0.05549
0.10106, 0.05573
0.10203, 0.05596
0.10299, 0.05620
0.10396, 0.05643
0.10494, 0.05667
0.10592, 0.05690
0.10690, 0.05714
0.10788, 0.05737
0.10888, 0.05760
0.10987, 0.05783
0.11087, 0.05806
0.11187, 0.05829
0.11288, 0.05852
0.11389, 0.05874
0.11490, 0.05897
0.11592, 0.05920
0.11694, 0.05942
0.11797, 0.05965
0.11900, 0.05987
0.12003, 0.06009
0.12107, 0.06032
0.12211, 0.06054
0.12316, 0.06076
0.12421, 0.06098
0.12526, 0.06119
0.12632, 0.06141
0.12738, 0.06163
0.12845, 0.06184
0.12952, 0.06206
0.13059, 0.06227
0.13167, 0.06249
0.13275, 0.06270
0.13383, 0.06291
0.13492, 0.06312
0.13601, 0.06333
0.13710, 0.06354
0.13820, 0.06375
0.13931, 0.06395
0.14041, 0.06416
0.14152, 0.06437
0.14264, 0.06457
0.14375, 0.06477
0.14487, 0.06498
0.14600, 0.06518
0.14713, 0.06538
0.14826, 0.06558
0.14939, 0.06577
0.15053, 0.06597
0.15167, 0.06617
0.15282, 0.06636
0.15397, 0.06656
0.15512, 0.06675
0.15628, 0.06694
0.15744, 0.06714
0.15860, 0.06733
0.15977, 0.06752
0.16094, 0.06770
0.16211, 0.06789
0.16329, 0.06808
0.16447, 0.06826
0.16566, 0.06845
0.16684, 0.06863
0.16803, 0.06881
0.16923, 0.06900
0.17043, 0.06918
0.17163, 0.06936
0.17283, 0.06953
0.17404, 0.06971
0.17525, 0.06989
0.17647, 0.07006
0.17768, 0.07024
0.17890, 0.07041
0.18013, 0.07058
0.18136, 0.07075
0.18259, 0.07092
0.18382, 0.07109
0.18506, 0.07126
0.18630, 0.07142
0.18754, 0.07159
0.18879, 0.07175
0.19004, 0.07192
0.19129, 0.07208
0.19255, 0.07224
0.19380, 0.07240
0.19507, 0.07256
0.19633, 0.07272
0.19760, 0.07288
0.19887, 0.07303
0.20015, 0.07319
0.20143, 0.07334
0.20271, 0.07349
0.20399, 0.07364
0.20528, 0.07379
0.20658, 0.07394
0.20787, 0.07409
0.20917, 0.07424
0.21047, 0.07438
0.21178, 0.07453
0.21308, 0.07467
0.21440, 0.07481
0.21571, 0.07495
0.21703, 0.07509
0.21835, 0.07523
0.21967, 0.07537
0.22100, 0.07550
0.22233, 0.07564
0.22367, 0.07577
0.22500, 0.07590
0.22634, 0.07603
0.22769, 0.07616
0.22903, 0.07629
0.23038, 0.07641
0.23174, 0.07654
0.23309, 0.07666
0.23445, 0.07679
0.23581, 0.07691
0.23718, 0.07703
0.23855, 0.07714
0.23992, 0.07726
0.24129, 0.07738
0.24267, 0.07749
0.24405, 0.07760
0.24543, 0.07771
0.24682, 0.07782
0.24821, 0.07793
0.24960, 0.07804
0.25099, 0.07814
0.25239, 0.07825
0.25379, 0.07835
0.25519, 0.07845
0.25660, 0.07855
0.25801, 0.07865
0.25942, 0.07874
0.26084, 0.07884
0.26225, 0.07893
0.26367, 0.07902
0.26510, 0.07911
0.26652, 0.07920
0.26795, 0.07928
0.26938, 0.07937
0.27081, 0.07945
0.27225, 0.07953
0.27368, 0.07961
0.27512, 0.07969
0.27656, 0.07977
0.27800, 0.07984
0.27945, 0.07991
0.28090, 0.07999
0.28235, 0.08005
0.28380, 0.08012
0.28525, 0.08019
0.28671, 0.08025
0.28817, 0.08032
0.28962, 0.08038
0.29109, 0.08044
0.29255, 0.08050
0.29402, 0.08055
0.29548, 0.08061
0.29695, 0.08066
0.29843, 0.08071
0.29990, 0.08076
0.30137, 0.08081
0.30285, 0.08086
0.30433, 0.08090
0.30581, 0.08095
0.30729, 0.08099
0.30878, 0.08103
0.31027, 0.08107
0.31175, 0.08111
0.31324, 0.08114
0.31474, 0.08118
0.31623, 0.08121
0.31772, 0.08124
0.31922, 0.08127
0.32072, 0.08130
0.32222, 0.08132
0.32372, 0.08135
0.32522, 0.08137
0.32673, 0.08139
0.32824, 0.08141
0.32975, 0.08143
0.33126, 0.08144
0.33277, 0.08146
0.33429, 0.08147
0.33581, 0.08148
0.33733, 0.08149
0.33885, 0.08150
0.34037, 0.08151
0.34190, 0.08151
0.34343, 0.08152
0.34496, 0.08152
0.34649, 0.08152
0.34802, 0.08152
0.34955, 0.08151
0.35109, 0.08151
0.35262, 0.08150
0.35416, 0.08149
0.35570, 0.08148
0.35724, 0.08147
0.35878, 0.08146
0.36033, 0.08144
0.36187, 0.08142
0.36342, 0.08140
0.36497, 0.08138
0.36652, 0.08136
0.36807, 0.08134
0.36962, 0.08131
0.37117, 0.08128
0.37273, 0.08126
0.37428, 0.08122
0.37584, 0.08119
0.37740, 0.08116
0.37896, 0.08112
0.38052, 0.08109
0.38208, 0.08105
0.38364, 0.08101
0.38520, 0.08096
0.38677, 0.08092
0.38833, 0.08087
0.38990, 0.08083
0.39146, 0.08078
0.39303, 0.08073
0.39460, 0.08067
0.39617, 0.08062
0.39774, 0.08057
0.39931, 0.08051
0.40088, 0.08045
0.40245, 0.08039
0.40402, 0.08033
0.40559, 0.08026
0.40717, 0.08020
0.40874, 0.08013
0.41032, 0.08007
0.41189, 0.08000
0.41347, 0.07992
0.41504, 0.07985
0.41662, 0.07978
0.41820, 0.07970
0.41978, 0.07963
0.42135, 0.07955
0.42293, 0.07947
0.42451, 0.07939
0.42609, 0.07930
0.42767, 0.07922
0.42925, 0.07913
0.43083, 0.07905
0.43241, 0.07896
0.43399, 0.07887
0.43557, 0.07878
0.43715, 0.07869
0.43873, 0.07859
0.44032, 0.07850
0.44190, 0.07840
0.44348, 0.07830
0.44506, 0.07820
0.44664, 0.07810
0.44822, 0.07800
0.44981, 0.07790
0.45139, 0.07780
0.45297, 0.07769
0.45455, 0.07759
0.45613, 0.07748
0.45772, 0.07737
0.45930, 0.07726
0.46088, 0.07715
0.46246, 0.07704
0.46404, 0.07693
0.46563, 0.07681
0.46721, 0.07670
0.46879, 0.07658
0.47037, 0.07647
0.47195, 0.07635
0.47353, 0.07623
0.47511, 0.07611
0.47669, 0.07599
0.47827, 0.07587
0.47985, 0.07575
0.48143, 0.07562
0.48301, 0.07550
0.48459, 0.07537
0.48617, 0.07525
0.48775, 0.07512
0.48933, 0.07499
0.49091, 0.07486
0.49249, 0.07473
0.49406, 0.07460
0.49564, 0.07447
0.49722, 0.07434
0.49879, 0.07421
0.50037, 0.07408
0.50195, 0.07394
0.50352, 0.07381
0.50510, 0.07367
0.50667, 0.07354
0.50824, 0.07340
0.50982, 0.07326
0.51139, 0.07313
0.51296, 0.07299
0.51454, 0.07285
0.51611, 0.07271
0.51768, 0.07257
0.51925, 0.07243
0.52082, 0.07229
0.52239, 0.07215
0.52396, 0.07201
0.52553, 0.07186
0.52710, 0.07172
0.52866, 0.07158
0.53023, 0.07143
0.53180, 0.07129
0.53337, 0.07114
0.53493, 0.07100
0.53650, 0.07085
0.53806, 0.07071
0.53962, 0.07056
0.54119, 0.07041
0.54275, 0.07026
0.54431, 0.07012
0.54587, 0.06997
0.54743, 0.06982
0.54899, 0.06967
0.55055, 0.06952
0.55211, 0.06937
0.55367, 0.06922
0.55523, 0.06907
0.55678, 0.06892
0.55834, 0.06877
0.55990, 0.06862
0.56145, 0.06847
0.56300, 0.06832
0.56456, 0.06817
0.56611, 0.06801
0.56766, 0.06786
0.56921, 0.06771
0.57076, 0.06756
0.57231, 0.06740
0.57386, 0.06725
0.57541, 0.06710
0.57695, 0.06695
0.57850, 0.06679
0.58005, 0.06664
0.58159, 0.06648
0.58313, 0.06633
0.58468, 0.06618
0.58622, 0.06602
0.58776, 0.06587
0.58930, 0.06571
0.59084, 0.06556
0.59238, 0.06540
0.59392, 0.06525
0.59545, 0.06509
0.59699, 0.06494
0.59852, 0.06478
0.60006, 0.06462
0.60159, 0.06447
0.60312, 0.06431
0.60465, 0.06416
0.60618, 0.06400
0.60771, 0.06385
0.60924, 0.06369
0.61076, 0.06353
0.61229, 0.06338
0.61381, 0.06322
0.61534, 0.06306
0.61686, 0.06291
0.61838, 0.06275
0.61990, 0.06259
0.62142, 0.06244
0.62294, 0.06228
0.62446, 0.06212
0.62597, 0.06196
0.62749, 0.06181
0.62900, 0.06165
0.63051, 0.06149
0.63202, 0.06134
0.63353, 0.06118
0.63504, 0.06102
0.63655, 0.06086
0.63805, 0.06071
0.63956, 0.06055
0.64106, 0.06039
0.64256, 0.06023
0.64406, 0.06007
0.64556, 0.05992
0.64706, 0.05976
0.64856, 0.05960
0.65004, 0.05944
0.65151, 0.05929
0.65290, 0.05913
0.65407, 0.05898
0.65484, 0.05885
0.65514, 0.05872
0.65524, 0.05859
0.65578, 0.05851
0.65732, 0.05854
0.65985, 0.05863
0.66279, 0.05866
0.66549, 0.05858
0.66769, 0.05844
0.66948, 0.05827
0.67106, 0.05811
0.67256, 0.05794
0.67404, 0.05777
0.67551, 0.05760
0.67698, 0.05743
0.67845, 0.05726
0.67991, 0.05709
0.68138, 0.05692
0.68284, 0.05676
0.68430, 0.05659
0.68576, 0.05642
0.68721, 0.05625
0.68867, 0.05608
0.69012, 0.05591
0.69158, 0.05574
0.69303, 0.05557
0.69448, 0.05540
0.69592, 0.05523
0.69737, 0.05506
0.69881, 0.05489
0.70025, 0.05472
0.70169, 0.05455
0.70313, 0.05438
0.70457, 0.05421
0.70600, 0.05404
0.70744, 0.05386
0.70887, 0.05369
0.71030, 0.05352
0.71172, 0.05335
0.71315, 0.05318
0.71457, 0.05301
0.71599, 0.05283
0.71741, 0.05266
0.71883, 0.05249
0.72025, 0.05232
0.72166, 0.05214
0.72307, 0.05197
0.72448, 0.05180
0.72589, 0.05162
0.72729, 0.05145
0.72870, 0.05127
0.73010, 0.05110
0.73150, 0.05092
0.73289, 0.05075
0.73429, 0.05057
0.73568, 0.05040
0.73707, 0.05022
0.73846, 0.05005
0.73984, 0.04987
0.74123, 0.04969
0.74261, 0.04952
0.74399, 0.04934
0.74536, 0.04916
0.74674, 0.04899
0.74811, 0.04881
0.74948, 0.04863
0.75085, 0.04845
0.75221, 0.04827
0.75357, 0.04809
0.75493, 0.04792
0.75629, 0.04774
0.75764, 0.04756
0.75900, 0.04738
0.76034, 0.04720
0.76169, 0.04702
0.76303, 0.04684
0.76437, 0.04666
0.76571, 0.04647
0.76705, 0.04629
0.76838, 0.04611
0.76971, 0.04593
0.77104, 0.04575
0.77236, 0.04557
0.77368, 0.04538
0.77500, 0.04520
0.77632, 0.04502
0.77763, 0.04484
0.77894, 0.04466
0.78025, 0.04447
0.78155, 0.04429
0.78285, 0.04411
0.78415, 0.04392
0.78545, 0.04374
0.78674, 0.04356
0.78803, 0.04337
0.78932, 0.04319
0.79060, 0.04301
0.79188, 0.04282
0.79316, 0.04264
0.79444, 0.04246
0.79571, 0.04227
0.79698, 0.04209
0.79824, 0.04191
0.79951, 0.04172
0.80077, 0.04154
0.80202, 0.04135
0.80328, 0.04117
0.80453, 0.04099
0.80578, 0.04080
0.80702, 0.04062
0.80826, 0.04043
0.80950, 0.04025
0.81074, 0.04007
0.81197, 0.03988
0.81320, 0.03970
0.81442, 0.03951
0.81565, 0.03933
0.81686, 0.03915
0.81808, 0.03896
0.81929, 0.03878
0.82050, 0.03860
0.82171, 0.03841
0.82291, 0.03823
0.82411, 0.03805
0.82531, 0.03786
0.82650, 0.03768
0.82769, 0.03750
0.82888, 0.03731
0.83006, 0.03713
0.83124, 0.03695
0.83242, 0.03677
0.83360, 0.03658
0.83477, 0.03640
0.83593, 0.03622
0.83710, 0.03604
0.83826, 0.03586
0.83941, 0.03567
0.84057, 0.03549
0.84172, 0.03531
0.84286, 0.03513
0.84401, 0.03495
0.84515, 0.03477
0.84628, 0.03459
0.84742, 0.03441
0.84854, 0.03423
0.84967, 0.03405
0.85079, 0.03387
0.85191, 0.03369
0.85303, 0.03351
0.85414, 0.03333
0.85525, 0.03315
0.85635, 0.03297
0.85745, 0.03279
0.85855, 0.03262
0.85965, 0.03244
0.86074, 0.03226
0.86182, 0.03208
0.86291, 0.03190
0.86399, 0.03173
0.86506, 0.03155
0.86614, 0.03137
0.86720, 0.03120
0.86827, 0.03102
0.86933, 0.03085
0.87039, 0.03067
0.87144, 0.03050
0.87249, 0.03032
0.87354, 0.03015
0.87458, 0.02997
0.87562, 0.02980
0.87666, 0.02963
0.87769, 0.02945
0.87872, 0.02928
0.87974, 0.02911
0.88076, 0.02893
0.88178, 0.02876
0.88279, 0.02859
0.88380, 0.02842
0.88481, 0.02825
0.88581, 0.02808
0.88681, 0.02791
0.88780, 0.02774
0.88879, 0.02757
0.88978, 0.02740
0.89076, 0.02723
0.89174, 0.02706
0.89271, 0.02690
0.89368, 0.02673
0.89465, 0.02656
0.89561, 0.02639
0.89657, 0.02623
0.89753, 0.02606
0.89848, 0.02590
0.89942, 0.02573
0.90037, 0.02557
0.90131, 0.02540
0.90224, 0.02524
0.90317, 0.02508
0.90410, 0.02491
0.90502, 0.02475
0.90594, 0.02459
0.90686, 0.02443
0.90777, 0.02427
0.90868, 0.02410
0.90958, 0.02394
0.91048, 0.02379
0.91137, 0.02363
0.91226, 0.02347
0.91315, 0.02331
0.91403, 0.02315
0.91491, 0.02299
0.91578, 0.02284
0.91666, 0.02268
0.91752, 0.02253
0.91838, 0.02237
0.91924, 0.02222
0.92009, 0.02206
0.92094, 0.02191
0.92179, 0.02175
0.92263, 0.02160
0.92347, 0.02145
0.92430, 0.02130
0.92513, 0.02115
0.92595, 0.02100
0.92677, 0.02085
0.92759, 0.02070
0.92840, 0.02055
0.92921, 0.02040
0.93001, 0.02025
0.93081, 0.02011
0.93161, 0.01996
0.93240, 0.01981
0.93318, 0.01967
0.93396, 0.01953
0.93474, 0.01938
0.93551, 0.01924
0.93628, 0.01909
0.93705, 0.01895
0.93781, 0.01881
0.93856, 0.01867
0.93932, 0.01853
0.94006, 0.01839
0.94081, 0.01825
0.94155, 0.01811
0.94228, 0.01798
0.94301, 0.01784
0.94374, 0.01770
0.94446, 0.01757
0.94517, 0.01743
0.94589, 0.01730
0.94659, 0.01716
0.94730, 0.01703
0.94800, 0.01690
0.94869, 0.01677
0.94938, 0.01663
0.95007, 0.01650
0.95075, 0.01637
0.95143, 0.01625
0.95210, 0.01612
0.95277, 0.01599
0.95343, 0.01586
0.95409, 0.01574
0.95474, 0.01561
0.95539, 0.01549
0.95604, 0.01536
0.95668, 0.01524
0.95732, 0.01512
0.95795, 0.01499
0.95858, 0.01487
0.95920, 0.01475
0.95982, 0.01463
0.96043, 0.01451
0.96104, 0.01440
0.96165, 0.01428
0.96225, 0.01416
0.96284, 0.01405
0.96343, 0.01393
0.96402, 0.01382
0.96460, 0.01370
0.96518, 0.01359
0.96575, 0.01348
0.96632, 0.01337
0.96689, 0.01326
0.96745, 0.01315
0.96800, 0.01304
0.96855, 0.01293
0.96910, 0.01283
0.96964, 0.01272
0.97017, 0.01261
0.97070, 0.01251
0.97123, 0.01240
0.97175, 0.01230
0.97227, 0.01220
0.97278, 0.01210
0.97329, 0.01200
0.97380, 0.01190
0.97429, 0.01180
0.97479, 0.01170
0.97528, 0.01160
0.97576, 0.01151
0.97624, 0.01141
0.97672, 0.01132
0.97719, 0.01122
0.97766, 0.01113
0.97812, 0.01104
0.97858, 0.01095
0.97903, 0.01086
0.97948, 0.01077
0.97992, 0.01068
0.98036, 0.01059
0.98079, 0.01050
0.98122, 0.01042
0.98164, 0.01033
0.98206, 0.01025
0.98248, 0.01017
0.98288, 0.01008
0.98329, 0.01000
0.98369, 0.00992
0.98409, 0.00984
0.98448, 0.00976
0.98486, 0.00969
0.98524, 0.00961
0.98562, 0.00953
0.98599, 0.00946
0.98636, 0.00938
0.98672, 0.00931
0.98708, 0.00924
0.98743, 0.00917
0.98778, 0.00910
0.98812, 0.00903
0.98846, 0.00896
0.98879, 0.00889
0.98912, 0.00882
0.98944, 0.00876
0.98976, 0.00869
0.99008, 0.00863
0.99039, 0.00857
0.99069, 0.00850
0.99099, 0.00844
0.99129, 0.00838
0.99158, 0.00832
0.99186, 0.00826
0.99214, 0.00821
0.99242, 0.00815
0.99269, 0.00810
0.99295, 0.00804
0.99321, 0.00799
0.99347, 0.00794
0.99372, 0.00788
0.99397, 0.00783
0.99421, 0.00778
0.99445, 0.00774
0.99468, 0.00769
0.99491, 0.00764
0.99513, 0.00760
0.99535, 0.00755
0.99556, 0.00751
0.99577, 0.00746
0.99597, 0.00742
0.99617, 0.00738
0.99636, 0.00734
0.99655, 0.00730
0.99673, 0.00727
0.99691, 0.00723
0.99708, 0.00719
0.99725, 0.00716
0.99742, 0.00712
0.99757, 0.00709
0.99773, 0.00706
0.99788, 0.00703
0.99802, 0.00700
0.99816, 0.00697
0.99830, 0.00694
0.99843, 0.00692
0.99855, 0.00689
0.99867, 0.00687
0.99879, 0.00684
0.99890, 0.00682
0.99900, 0.00680
0.99910, 0.00678
0.99920, 0.00676
0.99929, 0.00674
0.99937, 0.00672
0.99945, 0.00670
0.99953, 0.00669
0.99960, 0.00667
0.99967, 0.00666
0.99973, 0.00665
0.99979, 0.00664
0.99984, 0.00662
0.99988, 0.00661
0.99993, 0.00661
0.99996, 0.00660
0.99999, 0.00659
1.00002, 0.00659
1.00004, 0.00658
1.00006, 0.00658
1.00008, 0.00658
1.00012, 0.00657
1.00014, 0.00657

=== Lower Surface ===
0.00000, -0.00171
0.00005, -0.00199
0.00007, -0.00227
0.00011, -0.00255
0.00015, -0.00282
0.00020, -0.00310
0.00026, -0.00337
0.00032, -0.00364
0.00039, -0.00392
0.00046, -0.00419
0.00053, -0.00446
0.00061, -0.00473
0.00070, -0.00499
0.00079, -0.00526
0.00088, -0.00553
0.00098, -0.00579
0.00109, -0.00606
0.00120, -0.00632
0.00131, -0.00659
0.00143, -0.00685
0.00155, -0.00711
0.00168, -0.00737
0.00182, -0.00763
0.00195, -0.00789
0.00210, -0.00815
0.00225, -0.00840
0.00240, -0.00866
0.00256, -0.00891
0.00272, -0.00917
0.00289, -0.00942
0.00306, -0.00967
0.00324, -0.00993
0.00342, -0.01018
0.00361, -0.01043
0.00380, -0.01067
0.00400, -0.01092
0.00420, -0.01117
0.00441, -0.01141
0.00462, -0.01166
0.00484, -0.01190
0.00506, -0.01215
0.00528, -0.01239
0.00552, -0.01263
0.00575, -0.01287
0.00599, -0.01311
0.00624, -0.01335
0.00649, -0.01359
0.00674, -0.01382
0.00700, -0.01406
0.00727, -0.01430
0.00754, -0.01453
0.00781, -0.01476
0.00809, -0.01499
0.00838, -0.01523
0.00867, -0.01546
0.00896, -0.01569
0.00926, -0.01591
0.00956, -0.01614
0.00987, -0.01637
0.01018, -0.01659
0.01050, -0.01682
0.01082, -0.01704
0.01115, -0.01727
0.01148, -0.01749
0.01182, -0.01771
0.01216, -0.01793
0.01251, -0.01815
0.01286, -0.01837
0.01321, -0.01858
0.01357, -0.01880
0.01394, -0.01901
0.01431, -0.01923
0.01468, -0.01944
0.01506, -0.01966
0.01545, -0.01987
0.01584, -0.02008
0.01623, -0.02029
0.01663, -0.02050
0.01703, -0.02070
0.01744, -0.02091
0.01785, -0.02112
0.01827, -0.02132
0.01869, -0.02152
0.01912, -0.02173
0.01955, -0.02193
0.01998, -0.02213
0.02042, -0.02233
0.02087, -0.02253
0.02132, -0.02273
0.02177, -0.02292
0.02223, -0.02312
0.02270, -0.02332
0.02317, -0.02351
0.02364, -0.02370
0.02412, -0.02389
0.02460, -0.02409
0.02509, -0.02428
0.02558, -0.02447
0.02607, -0.02465
0.02657, -0.02484
0.02708, -0.02503
0.02759, -0.02521
0.02810, -0.02540
0.02862, -0.02558
0.02915, -0.02576
0.02968, -0.02594
0.03021, -0.02612
0.03075, -0.02630
0.03129, -0.02648
0.03183, -0.02666
0.03239, -0.02683
0.03294, -0.02701
0.03350, -0.02718
0.03407, -0.02736
0.03463, -0.02753
0.03521, -0.02770
0.03579, -0.02787
0.03637, -0.02804
0.03696, -0.02821
0.03755, -0.02838
0.03814, -0.02854
0.03874, -0.02871
0.03935, -0.02887
0.03996, -0.02904
0.04057, -0.02920
0.04119, -0.02936
0.04181, -0.02952
0.04244, -0.02968
0.04307, -0.02984
0.04371, -0.02999
0.04435, -0.03015
0.04499, -0.03030
0.04564, -0.03046
0.04630, -0.03061
0.04696, -0.03076
0.04762, -0.03091
0.04828, -0.03106
0.04896, -0.03121
0.04963, -0.03136
0.05031, -0.03151
0.05100, -0.03165
0.05168, -0.03180
0.05238, -0.03194
0.05307, -0.03209
0.05378, -0.03223
0.05448, -0.03237
0.05519, -0.03251
0.05591, -0.03265
0.05662, -0.03278
0.05735, -0.03292
0.05807, -0.03306
0.05881, -0.03319
0.05954, -0.03332
0.06028, -0.03346
0.06103, -0.03359
0.06177, -0.03372
0.06253, -0.03385
0.06328, -0.03397
0.06404, -0.03410
0.06481, -0.03423
0.06558, -0.03435
0.06635, -0.03448
0.06713, -0.03460
0.06791, -0.03472
0.06870, -0.03484
0.06949, -0.03496
0.07028, -0.03508
0.07108, -0.03520
0.07188, -0.03532
0.07269, -0.03543
0.07350, -0.03555
0.07431, -0.03566
0.07513, -0.03577
0.07596, -0.03588
0.07678, -0.03599
0.07761, -0.03610
0.07845, -0.03621
0.07929, -0.03632
0.08013, -0.03642
0.08098, -0.03653
0.08183, -0.03663
0.08269, -0.03674
0.08354, -0.03684
0.08441, -0.03694
0.08527, -0.03704
0.08615, -0.03714
0.08702, -0.03724
0.08790, -0.03733
0.08878, -0.03743
0.08967, -0.03752
0.09056, -0.03762
0.09146, -0.03771
0.09235, -0.03780
0.09326, -0.03789
0.09416, -0.03798
0.09507, -0.03807
0.09599, -0.03816
0.09691, -0.03824
0.09783, -0.03833
0.09875, -0.03841
0.09968, -0.03849
0.10062, -0.03858
0.10155, -0.03866
0.10249, -0.03874
0.10344, -0.03882
0.10439, -0.03889
0.10534, -0.03897
0.10629, -0.03905
0.10725, -0.03912
0.10822, -0.03920
0.10919, -0.03927
0.11016, -0.03934
0.11113, -0.03941
0.11211, -0.03948
0.11309, -0.03955
0.11408, -0.03962
0.11507, -0.03968
0.11606, -0.03975
0.11706, -0.03981
0.11806, -0.03988
0.11906, -0.03994
0.12007, -0.04000
0.12108, -0.04006
0.12209, -0.04012
0.12311, -0.04018
0.12413, -0.04023
0.12516, -0.04029
0.12619, -0.04035
0.12722, -0.04040
0.12826, -0.04045
0.12930, -0.04051
0.13034, -0.04056
0.13139, -0.04061
0.13244, -0.04066
0.13349, -0.04070
0.13455, -0.04075
0.13561, -0.04080
0.13667, -0.04084
0.13774, -0.04089
0.13881, -0.04093
0.13988, -0.04097
0.14096, -0.04101
0.14204, -0.04105
0.14313, -0.04109
0.14421, -0.04113
0.14531, -0.04117
0.14640, -0.04121
0.14750, -0.04124
0.14860, -0.04127
0.14971, -0.04131
0.15081, -0.04134
0.15193, -0.04137
0.15304, -0.04140
0.15416, -0.04143
0.15528, -0.04146
0.15641, -0.04149
0.15753, -0.04151
0.15867, -0.04154
0.15980, -0.04156
0.16094, -0.04159
0.16208, -0.04161
0.16322, -0.04163
0.16437, -0.04165
0.16552, -0.04167
0.16668, -0.04169
0.16783, -0.04171
0.16900, -0.04172
0.17016, -0.04174
0.17133, -0.04175
0.17250, -0.04177
0.17367, -0.04178
0.17485, -0.04179
0.17603, -0.04180
0.17721, -0.04181
0.17839, -0.04182
0.17958, -0.04183
0.18077, -0.04184
0.18197, -0.04184
0.18317, -0.04185
0.18437, -0.04185
0.18557, -0.04186
0.18678, -0.04186
0.18799, -0.04186
0.18920, -0.04186
0.19042, -0.04186
0.19164, -0.04186
0.19286, -0.04186
0.19408, -0.04185
0.19531, -0.04185
0.19654, -0.04184
0.19778, -0.04184
0.19901, -0.04183
0.20025, -0.04182
0.20150, -0.04182
0.20274, -0.04181
0.20399, -0.04180
0.20524, -0.04178
0.20649, -0.04177
0.20775, -0.04176
0.20901, -0.04174
0.21027, -0.04173
0.21153, -0.04171
0.21280, -0.04170
0.21407, -0.04168
0.21534, -0.04166
0.21661, -0.04164
0.21789, -0.04162
0.21916, -0.04160
0.22044, -0.04158
0.22173, -0.04156
0.22301, -0.04154
0.22430, -0.04151
0.22559, -0.04149
0.22688, -0.04146
0.22818, -0.04144
0.22947, -0.04141
0.23077, -0.04138
0.23207, -0.04136
0.23338, -0.04133
0.23468, -0.04130
0.23599, -0.04127
0.23730, -0.04124
0.23861, -0.04121
0.23993, -0.04118
0.24124, -0.04114
0.24256, -0.04111
0.24388, -0.04108
0.24520, -0.04104
0.24653, -0.04101
0.24786, -0.04098
0.24918, -0.04094
0.25052, -0.04090
0.25185, -0.04087
0.25318, -0.04083
0.25452, -0.04079
0.25586, -0.04075
0.25720, -0.04072
0.25854, -0.04068
0.25989, -0.04064
0.26123, -0.04060
0.26258, -0.04056
0.26393, -0.04052
0.26529, -0.04048
0.26664, -0.04044
0.26800, -0.04039
0.26936, -0.04035
0.27072, -0.04031
0.27208, -0.04027
0.27344, -0.04022
0.27481, -0.04018
0.27618, -0.04014
0.27755, -0.04009
0.27892, -0.04005
0.28030, -0.04000
0.28168, -0.03996
0.28306, -0.03991
0.28444, -0.03987
0.28583, -0.03982
0.28721, -0.03978
0.28860, -0.03973
0.28999, -0.03968
0.29139, -0.03964
0.29278, -0.03959
0.29418, -0.03954
0.29558, -0.03949
0.29698, -0.03944
0.29839, -0.03940
0.29979, -0.03935
0.30120, -0.03930
0.30261, -0.03925
0.30402, -0.03920
0.30544, -0.03915
0.30685, -0.03910
0.30827, -0.03905
0.30969, -0.03900
0.31111, -0.03894
0.31254, -0.03889
0.31396, -0.03884
0.31539, -0.03879
0.31682, -0.03874
0.31825, -0.03868
0.31969, -0.03863
0.32112, -0.03858
0.32256, -0.03853
0.32400, -0.03847
0.32544, -0.03842
0.32688, -0.03836
0.32833, -0.03831
0.32977, -0.03826
0.33122, -0.03820
0.33267, -0.03815
0.33412, -0.03809
0.33557, -0.03803
0.33702, -0.03798
0.33847, -0.03792
0.33993, -0.03787
0.34139, -0.03781
0.34284, -0.03776
0.34430, -0.03770
0.34576, -0.03764
0.34722, -0.03759
0.34869, -0.03753
0.35015, -0.03747
0.35162, -0.03742
0.35309, -0.03736
0.35455, -0.03731
0.35602, -0.03725
0.35750, -0.03719
0.35897, -0.03714
0.36044, -0.03708
0.36192, -0.03702
0.36340, -0.03696
0.36487, -0.03691
0.36635, -0.03685
0.36783, -0.03679
0.36932, -0.03674
0.37080, -0.03668
0.37229, -0.03662
0.37377, -0.03657
0.37526, -0.03651
0.37675, -0.03645
0.37824, -0.03640
0.37973, -0.03634
0.38123, -0.03628
0.38272, -0.03623
0.38422, -0.03617
0.38571, -0.03611
0.38721, -0.03606
0.38871, -0.03600
0.39021, -0.03594
0.39171, -0.03589
0.39322, -0.03583
0.39472, -0.03577
0.39623, -0.03572
0.39774, -0.03566
0.39925, -0.03561
0.40076, -0.03555
0.40227, -0.03549
0.40378, -0.03544
0.40530, -0.03538
0.40681, -0.03532
0.40833, -0.03527
0.40984, -0.03521
0.41136, -0.03516
0.41288, -0.03510
0.41441, -0.03504
0.41593, -0.03499
0.41745, -0.03493
0.41898, -0.03488
0.42050, -0.03482
0.42203, -0.03476
0.42356, -0.03471
0.42509, -0.03465
0.42662, -0.03460
0.42815, -0.03454
0.42969, -0.03448
0.43122, -0.03443
0.43275, -0.03437
0.43429, -0.03431
0.43583, -0.03426
0.43737, -0.03420
0.43891, -0.03415
0.44045, -0.03409
0.44199, -0.03403
0.44353, -0.03398
0.44508, -0.03392
0.44662, -0.03386
0.44817, -0.03381
0.44971, -0.03375
0.45126, -0.03369
0.45281, -0.03363
0.45436, -0.03358
0.45591, -0.03352
0.45746, -0.03346
0.45901, -0.03340
0.46057, -0.03334
0.46212, -0.03329
0.46368, -0.03323
0.46523, -0.03317
0.46679, -0.03311
0.46835, -0.03305
0.46990, -0.03299
0.47146, -0.03293
0.47302, -0.03287
0.47458, -0.03281
0.47614, -0.03275
0.47770, -0.03269
0.47927, -0.03263
0.48083, -0.03257
0.48239, -0.03251
0.48396, -0.03245
0.48552, -0.03238
0.48709, -0.03232
0.48865, -0.03226
0.49022, -0.03220
0.49179, -0.03213
0.49335, -0.03207
0.49492, -0.03201
0.49649, -0.03194
0.49806, -0.03188
0.49963, -0.03181
0.50120, -0.03175
0.50277, -0.03168
0.50434, -0.03162
0.50591, -0.03155
0.50748, -0.03148
0.50905, -0.03141
0.51062, -0.03135
0.51219, -0.03128
0.51376, -0.03121
0.51533, -0.03114
0.51691, -0.03107
0.51848, -0.03100
0.52005, -0.03093
0.52162, -0.03086
0.52320, -0.03079
0.52477, -0.03072
0.52634, -0.03065
0.52791, -0.03057
0.52949, -0.03050
0.53106, -0.03043
0.53263, -0.03035
0.53420, -0.03028
0.53577, -0.03020
0.53735, -0.03013
0.53892, -0.03005
0.54049, -0.02997
0.54206, -0.02990
0.54363, -0.02982
0.54520, -0.02974
0.54677, -0.02966
0.54834, -0.02958
0.54991, -0.02950
0.55148, -0.02942
0.55305, -0.02934
0.55462, -0.02926
0.55619, -0.02918
0.55776, -0.02910
0.55933, -0.02901
0.56089, -0.02893
0.56246, -0.02885
0.56403, -0.02876
0.56559, -0.02868
0.56716, -0.02859
0.56872, -0.02850
0.57029, -0.02842
0.57185, -0.02833
0.57341, -0.02824
0.57497, -0.02815
0.57654, -0.02806
0.57810, -0.02797
0.57966, -0.02788
0.58122, -0.02779
0.58277, -0.02770
0.58433, -0.02761
0.58589, -0.02752
0.58744, -0.02742
0.58900, -0.02733
0.59055, -0.02724
0.59211, -0.02714
0.59366, -0.02705
0.59521, -0.02695
0.59676, -0.02686
0.59831, -0.02676
0.59986, -0.02666
0.60141, -0.02657
0.60295, -0.02647
0.60450, -0.02637
0.60604, -0.02627
0.60759, -0.02617
0.60913, -0.02607
0.61067, -0.02597
0.61221, -0.02587
0.61375, -0.02577
0.61529, -0.02566
0.61682, -0.02556
0.61836, -0.02546
0.61989, -0.02535
0.62142, -0.02525
0.62296, -0.02515
0.62449, -0.02504
0.62601, -0.02494
0.62754, -0.02483
0.62907, -0.02472
0.63059, -0.02462
0.63212, -0.02451
0.63364, -0.02440
0.63516, -0.02429
0.63668, -0.02419
0.63820, -0.02408
0.63971, -0.02397
0.64123, -0.02386
0.64274, -0.02375
0.64425, -0.02364
0.64576, -0.02353
0.64727, -0.02341
0.64879, -0.02330
0.65032, -0.02319
0.65193, -0.02308
0.65375, -0.02296
0.65597, -0.02282
0.65866, -0.02261
0.66155, -0.02230
0.66399, -0.02193
0.66542, -0.02164
0.66586, -0.02146
0.66590, -0.02132
0.66617, -0.02118
0.66693, -0.02105
0.66810, -0.02093
0.66948, -0.02082
0.67093, -0.02071
0.67241, -0.02060
0.67389, -0.02049
0.67536, -0.02039
0.67684, -0.02028
0.67831, -0.02017
0.67978, -0.02006
0.68125, -0.01995
0.68272, -0.01985
0.68418, -0.01974
0.68564, -0.01963
0.68710, -0.01952
0.68856, -0.01941
0.69002, -0.01930
0.69147, -0.01919
0.69292, -0.01908
0.69437, -0.01897
0.69582, -0.01886
0.69727, -0.01875
0.69871, -0.01864
0.70015, -0.01853
0.70159, -0.01842
0.70303, -0.01831
0.70446, -0.01820
0.70590, -0.01809
0.70733, -0.01798
0.70876, -0.01787
0.71018, -0.01776
0.71160, -0.01765
0.71303, -0.01754
0.71445, -0.01743
0.71586, -0.01732
0.71728, -0.01721
0.71869, -0.01710
0.72010, -0.01699
0.72151, -0.01689
0.72291, -0.01678
0.72431, -0.01667
0.72572, -0.01656
0.72711, -0.01645
0.72851, -0.01634
0.72990, -0.01623
0.73129, -0.01612
0.73268, -0.01601
0.73407, -0.01591
0.73545, -0.01580
0.73683, -0.01569
0.73821, -0.01558
0.73959, -0.01548
0.74096, -0.01537
0.74233, -0.01526
0.74370, -0.01516
0.74507, -0.01505
0.74643, -0.01494
0.74779, -0.01484
0.74915, -0.01473
0.75051, -0.01463
0.75186, -0.01452
0.75321, -0.01442
0.75456, -0.01431
0.75591, -0.01421
0.75726, -0.01410
0.75860, -0.01400
0.75994, -0.01390
0.76127, -0.01379
0.76261, -0.01369
0.76394, -0.01359
0.76527, -0.01349
0.76660, -0.01339
0.76792, -0.01328
0.76924, -0.01318
0.77056, -0.01308
0.77188, -0.01298
0.77319, -0.01288
0.77450, -0.01278
0.77581, -0.01268
0.77712, -0.01258
0.77842, -0.01248
0.77972, -0.01238
0.78102, -0.01228
0.78232, -0.01218
0.78361, -0.01209
0.78490, -0.01199
0.78619, -0.01189
0.78747, -0.01179
0.78876, -0.01170
0.79004, -0.01160
0.79131, -0.01150
0.79259, -0.01141
0.79386, -0.01131
0.79512, -0.01121
0.79639, -0.01112
0.79765, -0.01102
0.79891, -0.01093
0.80017, -0.01083
0.80142, -0.01074
0.80267, -0.01064
0.80392, -0.01055
0.80517, -0.01046
0.80641, -0.01036
0.80765, -0.01027
0.80888, -0.01018
0.81012, -0.01008
0.81135, -0.00999
0.81257, -0.00990
0.81380, -0.00981
0.81502, -0.00972
0.81624, -0.00962
0.81745, -0.00953
0.81866, -0.00944
0.81987, -0.00935
0.82108, -0.00926
0.82228, -0.00917
0.82348, -0.00908
0.82468, -0.00899
0.82587, -0.00890
0.82706, -0.00881
0.82825, -0.00872
0.82943, -0.00863
0.83061, -0.00855
0.83179, -0.00846
0.83296, -0.00837
0.83413, -0.00828
0.83530, -0.00819
0.83646, -0.00811
0.83762, -0.00802
0.83878, -0.00793
0.83994, -0.00785
0.84109, -0.00776
0.84224, -0.00768
0.84338, -0.00759
0.84452, -0.00750
0.84566, -0.00742
0.84679, -0.00733
0.84792, -0.00725
0.84905, -0.00717
0.85017, -0.00708
0.85129, -0.00700
0.85241, -0.00691
0.85352, -0.00683
0.85463, -0.00675
0.85574, -0.00666
0.85684, -0.00658
0.85794, -0.00650
0.85904, -0.00642
0.86013, -0.00634
0.86122, -0.00625
0.86231, -0.00617
0.86339, -0.00609
0.86447, -0.00601
0.86554, -0.00593
0.86661, -0.00585
0.86768, -0.00577
0.86874, -0.00569
0.86980, -0.00561
0.87086, -0.00553
0.87191, -0.00546
0.87296, -0.00538
0.87401, -0.00530
0.87505, -0.00522
0.87609, -0.00514
0.87712, -0.00507
0.87816, -0.00499
0.87918, -0.00491
0.88021, -0.00484
0.88123, -0.00476
0.88224, -0.00468
0.88325, -0.00461
0.88426, -0.00453
0.88527, -0.00446
0.88627, -0.00438
0.88726, -0.00431
0.88826, -0.00424
0.88925, -0.00416
0.89023, -0.00409
0.89121, -0.00401
0.89219, -0.00394
0.89317, -0.00387
0.89414, -0.00380
0.89510, -0.00372
0.89607, -0.00365
0.89702, -0.00358
0.89798, -0.00351
0.89893, -0.00344
0.89988, -0.00337
0.90082, -0.00330
0.90176, -0.00323
0.90269, -0.00316
0.90362, -0.00309
0.90455, -0.00302
0.90547, -0.00295
0.90639, -0.00288
0.90731, -0.00282
0.90822, -0.00275
0.90913, -0.00268
0.91003, -0.00261
0.91093, -0.00255
0.91182, -0.00248
0.91271, -0.00241
0.91360, -0.00235
0.91448, -0.00228
0.91536, -0.00222
0.91623, -0.00215
0.91710, -0.00209
0.91797, -0.00202
0.91883, -0.00196
0.91969, -0.00189
0.92054, -0.00183
0.92139, -0.00177
0.92224, -0.00170
0.92308, -0.00164
0.92392, -0.00158
0.92475, -0.00152
0.92558, -0.00146
0.92640, -0.00139
0.92722, -0.00133
0.92804, -0.00127
0.92885, -0.00121
0.92966, -0.00115
0.93046, -0.00109
0.93126, -0.00103
0.93206, -0.00097
0.93285, -0.00092
0.93363, -0.00086
0.93441, -0.00080
0.93519, -0.00074
0.93597, -0.00068
0.93673, -0.00063
0.93750, -0.00057
0.93826, -0.00051
0.93902, -0.00046
0.93977, -0.00040
0.94051, -0.00035
0.94126, -0.00029
0.94200, -0.00024
0.94273, -0.00018
0.94346, -0.00013
0.94419, -0.00007
0.94491, -0.00002
0.94562, 0.00003
0.94634, 0.00009
0.94704, 0.00014
0.94775, 0.00019
0.94845, 0.00024
0.94914, 0.00029
0.94983, 0.00035
0.95052, 0.00040
0.95120, 0.00045
0.95187, 0.00050
0.95255, 0.00055
0.95321, 0.00060
0.95388, 0.00065
0.95454, 0.00069
0.95519, 0.00074
0.95584, 0.00079
0.95648, 0.00084
0.95712, 0.00089
0.95776, 0.00093
0.95839, 0.00098
0.95902, 0.00103
0.95964, 0.00107
0.96026, 0.00112
0.96087, 0.00116
0.96148, 0.00121
0.96209, 0.00125
0.96269, 0.00130
0.96328, 0.00134
0.96387, 0.00139
0.96446, 0.00143
0.96504, 0.00147
0.96561, 0.00152
0.96619, 0.00156
0.96675, 0.00160
0.96732, 0.00164
0.96787, 0.00168
0.96843, 0.00173
0.96898, 0.00177
0.96952, 0.00181
0.97006, 0.00185
0.97059, 0.00189
0.97112, 0.00193
0.97165, 0.00196
0.97217, 0.00200
0.97269, 0.00204
0.97320, 0.00208
0.97370, 0.00212
0.97421, 0.00215
0.97470, 0.00219
0.97520, 0.00223
0.97568, 0.00226
0.97617, 0.00230
0.97664, 0.00233
0.97712, 0.00237
0.97759, 0.00240
0.97805, 0.00244
0.97851, 0.00247
0.97896, 0.00251
0.97941, 0.00254
0.97986, 0.00257
0.98030, 0.00261
0.98073, 0.00264
0.98116, 0.00267
0.98159, 0.00270
0.98201, 0.00273
0.98243, 0.00276
0.98284, 0.00279
0.98325, 0.00282
0.98365, 0.00285
0.98404, 0.00288
0.98444, 0.00291
0.98482, 0.00294
0.98521, 0.00297
0.98558, 0.00300
0.98596, 0.00302
0.98633, 0.00305
0.98669, 0.00308
0.98705, 0.00311
0.98740, 0.00313
0.98775, 0.00316
0.98809, 0.00318
0.98843, 0.00321
0.98877, 0.00323
0.98909, 0.00326
0.98942, 0.00328
0.98974, 0.00330
0.99005, 0.00333
0.99036, 0.00335
0.99067, 0.00337
0.99097, 0.00340
0.99126, 0.00342
0.99155, 0.00344
0.99184, 0.00346
0.99212, 0.00348
0.99239, 0.00350
0.99266, 0.00352
0.99293, 0.00354
0.99319, 0.00356
0.99345, 0.00358
0.99370, 0.00360
0.99394, 0.00362
0.99418, 0.00363
0.99442, 0.00365
0.99465, 0.00367
0.99488, 0.00369
0.99510, 0.00370
0.99531, 0.00372
0.99552, 0.00373
0.99573, 0.00375
0.99593, 0.00376
0.99613, 0.00378
0.99632, 0.00379
0.99651, 0.00381
0.99669, 0.00382
0.99687, 0.00383
0.99704, 0.00385
0.99720, 0.00386
0.99737, 0.00387
0.99752, 0.00388
0.99767, 0.00389
0.99782, 0.00390
0.99796, 0.00391
0.99810, 0.00392
0.99823, 0.00393
0.99836, 0.00394
0.99848, 0.00395
0.99860, 0.00396
0.99871, 0.00397
0.99882, 0.00398
0.99892, 0.00399
0.99902, 0.00399
0.99911, 0.00400
0.99920, 0.00401
0.99928, 0.00401
0.99936, 0.00402
0.99943, 0.00402
0.99950, 0.00403
0.99956, 0.00403
0.99962, 0.00404
0.99967, 0.00404
0.99972, 0.00404
0.99976, 0.00405
0.99980, 0.00405
0.99983, 0.00405
0.99986, 0.00405
0.99988, 0.00406
0.99989, 0.00406
0.99990, 0.00406
0.99987, 0.00406
0.99986, 0.00406
