=== Airfoil Parameters ===
m = 0.02
p = 0.4
t = 0.12

=== Control Points ===
0.00000, 0.03483, 0.03483
0.06667, 0.03984, 0.03373
0.13333, 0.04291, 0.03179
0.20000, 0.04446, 0.02946
0.26667, 0.04497, 0.02719
0.66667, 0.04141, 0.02536
0.75000, 0.03733, 0.02414
0.83333, 0.03306, 0.02349
0.91667, 0.02841, 0.02324
1.00000, 0.02318, 0.02318

=== Upper Surface ===
0.00000, 0.03483
-0.00004, 0.03511
-0.00005, 0.03539
-0.00006, 0.03567
-0.00006, 0.03595
-0.00007, 0.03623
-0.00006, 0.03651
-0.00006, 0.03679
-0.00005, 0.03707
-0.00003, 0.03735
-0.00001, 0.03763
0.00002, 0.03791
0.00005, 0.03819
0.00009, 0.03847
0.00013, 0.03875
0.00018, 0.03903
0.00023, 0.03931
0.00028, 0.03959
0.00035, 0.03987
0.00041, 0.04015
0.00048, 0.04043
0.00056, 0.04071
0.00064, 0.04099
0.00073, 0.04127
0.00082, 0.04155
0.00092, 0.04183
0.00102, 0.04211
0.00113, 0.04239
0.00124, 0.04267
0.00136, 0.04295
0.00148, 0.04323
0.00160, 0.04351
0.00174, 0.04380
0.00187, 0.04408
0.00202, 0.04436
0.00216, 0.04464
0.00231, 0.04492
0.00247, 0.04520
0.00263, 0.04548
0.00280, 0.04576
0.00297, 0.04604
0.00315, 0.04632
0.00333, 0.04661
0.00352, 0.04689
0.00371, 0.04717
0.00391, 0.04745
0.00411, 0.04773
0.00432, 0.04801
0.00453, 0.04829
0.00475, 0.04857
0.00497, 0.04885
0.00520, 0.04914
0.00543, 0.04942
0.00567, 0.04970
0.00591, 0.04998
0.00616, 0.05026
0.00641, 0.05054
0.00667, 0.05082
0.00693, 0.05110
0.00720, 0.05138
0.00747, 0.05166
0.00775, 0.05194
0.00803, 0.05222
0.00832, 0.05250
0.00861, 0.05278
0.00891, 0.05306
0.00921, 0.05334
0.00952, 0.05362
0.00983, 0.05390
0.01015, 0.05418
0.01048, 0.05446
0.01080, 0.05474
0.01114, 0.05502
0.01147, 0.05530
0.01182, 0.05558
0.01216, 0.05586
0.01252, 0.05614
0.01287, 0.05642
0.01324, 0.05669
0.01360, 0.05697
0.01398, 0.05725
0.01436, 0.05753
0.01474, 0.05781
0.01513, 0.05808
0.01552, 0.05836
0.01592, 0.05864
0.01632, 0.05892
0.01673, 0.05919
0.01714, 0.05947
0.01756, 0.05975
0.01798, 0.06002
0.01840, 0.06030
0.01884, 0.06057
0.01927, 0.06085
0.01972, 0.06112
0.02016, 0.06140
0.02062, 0.06167
0.02107, 0.06195
0.02153, 0.06222
0.02200, 0.06250
0.02247, 0.06277
0.02295, 0.06304
0.02343, 0.06331
0.02392, 0.06359
0.02441, 0.06386
0.02490, 0.06413
0.02541, 0.06440
0.02591, 0.06467
0.02642, 0.06494
0.02694, 0.06522
0.02746, 0.06549
0.02798, 0.06576
0.02851, 0.06602
0.02905, 0.06629
0.02959, 0.06656
0.03013, 0.06683
0.03068, 0.06710
0.03124, 0.06737
0.03180, 0.06763
0.03236, 0.06790
0.03293, 0.06817
0.03351, 0.06843
0.03408, 0.06870
0.03467, 0.06896
0.03526, 0.06923
0.03585, 0.06949
0.03645, 0.06975
0.03705, 0.07002
0.03766, 0.07028
0.03827, 0.07054
0.03889, 0.07080
0.03951, 0.07106
0.04014, 0.07132
0.04077, 0.07158
0.04140, 0.07184
0.04204, 0.07210
0.04269, 0.07236
0.04334, 0.07262
0.04399, 0.07288
0.04465, 0.07313
0.04532, 0.07339
0.04599, 0.07364
0.04666, 0.07390
0.04734, 0.07415
0.04802, 0.07441
0.04871, 0.07466
0.04940, 0.07491
0.05010, 0.07516
0.05080, 0.07541
0.05151, 0.07567
0.05222, 0.07592
0.05294, 0.07616
0.05366, 0.07641
0.05438, 0.07666
0.05511, 0.07691
0.05584, 0.07715
0.05658, 0.07740
0.05733, 0.07765
0.05807, 0.07789
0.05883, 0.07813
0.05958, 0.07838
0.06035, 0.07862
0.06111, 0.07886
0.06188, 0.07910
0.06266, 0.07934
0.06344, 0.07958
0.06422, 0.07982
0.06501, 0.08006
0.06580, 0.08029
0.06660, 0.08053
0.06740, 0.08076
0.06821, 0.08100
0.06902, 0.08123
0.06984, 0.08147
0.07066, 0.08170
0.07148, 0.08193
0.07231, 0.08216
0.07314, 0.08239
0.07398, 0.08262
0.07482, 0.08285
0.07567, 0.08307
0.07652, 0.08330
0.07737, 0.08352
0.07823, 0.08375
0.07910, 0.08397
0.07996, 0.08419
0.08084, 0.08441
0.08171, 0.08464
0.08260, 0.08486
0.08348, 0.08507
0.08437, 0.08529
0.08526, 0.08551
0.08616, 0.08572
0.08706, 0.08594
0.08797, 0.08615
0.08888, 0.08637
0.08980, 0.08658
0.09072, 0.08679
0.09164, 0.08700
0.09257, 0.08721
0.09350, 0.08742
0.09444, 0.08762
0.09538, 0.08783
0.09632, 0.08804
0.09727, 0.08824
0.09822, 0.08844
0.09918, 0.08864
0.10014, 0.08885
0.10110, 0.08904
0.10207, 0.08924
0.10305, 0.08944
0.10402, 0.08964
0.10500, 0.08983
0.10599, 0.09003
0.10698, 0.09022
0.10797, 0.09041
0.10897, 0.09061
0.10997, 0.09080
0.11097, 0.09098
0.11198, 0.09117
0.11300, 0.09136
0.11401, 0.09154
0.11503, 0.09173
0.11606, 0.09191
0.11709, 0.09209
0.11812, 0.09228
0.11916, 0.09246
0.12020, 0.09263
0.12124, 0.09281
0.12229, 0.09299
0.12334, 0.09316
0.12440, 0.09334
0.12546, 0.09351
0.12652, 0.09368
0.12759, 0.09385
0.12866, 0.09402
0.12973, 0.09419
0.13081, 0.09436
0.13189, 0.09452
0.13298, 0.09469
0.13407, 0.09485
0.13516, 0.09501
0.13626, 0.09517
0.13736, 0.09533
0.13846, 0.09549
0.13957, 0.09565
0.14068, 0.09581
0.14180, 0.09596
0.14292, 0.09611
0.14404, 0.09627
0.14517, 0.09642
0.14630, 0.09657
0.14743, 0.09671
0.14857, 0.09686
0.14971, 0.09701
0.15085, 0.09715
0.15200, 0.09729
0.15315, 0.09744
0.15431, 0.09758
0.15546, 0.09772
0.15663, 0.09786
0.15779, 0.09799
0.15896, 0.09813
0.16013, 0.09826
0.16131, 0.09839
0.16249, 0.09853
0.16367, 0.09866
0.16486, 0.09878
0.16605, 0.09891
0.16724, 0.09904
0.16843, 0.09916
0.16963, 0.09929
0.17084, 0.09941
0.17204, 0.09953
0.17325, 0.09965
0.17446, 0.09977
0.17568, 0.09988
0.17690, 0.10000
0.17812, 0.10011
0.17935, 0.10023
0.18058, 0.10034
0.18181, 0.10045
0.18304, 0.10056
0.18428, 0.10066
0.18552, 0.10077
0.18677, 0.10087
0.18802, 0.10098
0.18927, 0.10108
0.19052, 0.10118
0.19178, 0.10128
0.19304, 0.10137
0.19430, 0.10147
0.19557, 0.10156
0.19684, 0.10166
0.19811, 0.10175
0.19939, 0.10184
0.20067, 0.10193
0.20195, 0.10202
0.20323, 0.10210
0.20452, 0.10219
0.20581, 0.10227
0.20710, 0.10235
0.20839, 0.10243
0.20969, 0.10251
0.21099, 0.10259
0.21229, 0.10267
0.21359, 0.10274
0.21490, 0.10282
0.21621, 0.10289
0.21752, 0.10296
0.21883, 0.10303
0.22015, 0.10310
0.22147, 0.10316
0.22279, 0.10323
0.22411, 0.10330
0.22544, 0.10336
0.22677, 0.10342
0.22810, 0.10348
0.22943, 0.10354
0.23076, 0.10360
0.23210, 0.10366
0.23344, 0.10371
0.23478, 0.10377
0.23613, 0.10382
0.23747, 0.10387
0.23882, 0.10393
0.24017, 0.10398
0.24152, 0.10403
0.24288, 0.10407
0.24423, 0.10412
0.24559, 0.10417
0.24695, 0.10421
0.24831, 0.10425
0.24968, 0.10430
0.25104, 0.10434
0.25241, 0.10438
0.25378, 0.10442
0.25516, 0.10445
0.25653, 0.10449
0.25791, 0.10453
0.25928, 0.10456
0.26066, 0.10460
0.26205, 0.10463
0.26343, 0.10466
0.26482, 0.10469
0.26620, 0.10472
0.26759, 0.10475
0.26899, 0.10478
0.27038, 0.10481
0.27178, 0.10483
0.27317, 0.10486
0.27458, 0.10489
0.27598, 0.10491
0.27738, 0.10493
0.27879, 0.10495
0.28020, 0.10498
0.28162, 0.10500
0.28303, 0.10501
0.28445, 0.10503
0.28587, 0.10505
0.28729, 0.10507
0.28871, 0.10508
0.29014, 0.10510
0.29157, 0.10511
0.29300, 0.10512
0.29443, 0.10514
0.29586, 0.10515
0.29730, 0.10516
0.29874, 0.10517
0.30018, 0.10517
0.30162, 0.10518
0.30307, 0.10519
0.30451, 0.10519
0.30596, 0.10520
0.30741, 0.10520
0.30887, 0.10520
0.31032, 0.10520
0.31178, 0.10521
0.31324, 0.10521
0.31470, 0.10520
0.31616, 0.10520
0.31762, 0.10520
0.31909, 0.10520
0.32056, 0.10519
0.32203, 0.10518
0.32350, 0.10518
0.32498, 0.10517
0.32646, 0.10516
0.32795, 0.10515
0.32945, 0.10514
0.33097, 0.10513
0.33249, 0.10511
0.33403, 0.10510
0.33557, 0.10508
0.33712, 0.10506
0.33867, 0.10503
0.34022, 0.10501
0.34177, 0.10498
0.34333, 0.10495
0.34489, 0.10491
0.34645, 0.10488
0.34801, 0.10484
0.34957, 0.10480
0.35113, 0.10475
0.35270, 0.10470
0.35426, 0.10466
0.35583, 0.10460
0.35740, 0.10455
0.35897, 0.10449
0.36054, 0.10443
0.36212, 0.10437
0.36369, 0.10431
0.36527, 0.10424
0.36684, 0.10417
0.36842, 0.10410
0.37000, 0.10402
0.37158, 0.10394
0.37317, 0.10386
0.37475, 0.10378
0.37633, 0.10370
0.37792, 0.10361
0.37951, 0.10352
0.38109, 0.10343
0.38268, 0.10333
0.38427, 0.10323
0.38586, 0.10313
0.38745, 0.10303
0.38904, 0.10292
0.39063, 0.10281
0.39223, 0.10270
0.39382, 0.10259
0.39541, 0.10248
0.39701, 0.10236
0.39860, 0.10224
0.40020, 0.10212
0.40180, 0.10199
0.40339, 0.10186
0.40499, 0.10173
0.40659, 0.10160
0.40818, 0.10147
0.40978, 0.10133
0.41138, 0.10119
0.41298, 0.10105
0.41458, 0.10090
0.41618, 0.10076
0.41778, 0.10061
0.41938, 0.10046
0.42098, 0.10030
0.42258, 0.10015
0.42418, 0.09999
0.42578, 0.09983
0.42738, 0.09967
0.42898, 0.09951
0.43058, 0.09934
0.43218, 0.09917
0.43378, 0.09900
0.43538, 0.09883
0.43698, 0.09865
0.43858, 0.09848
0.44017, 0.09830
0.44177, 0.09812
0.44337, 0.09794
0.44497, 0.09776
0.44657, 0.09757
0.44816, 0.09738
0.44976, 0.09719
0.45136, 0.09700
0.45295, 0.09681
0.45455, 0.09661
0.45615, 0.09642
0.45774, 0.09622
0.45933, 0.09602
0.46093, 0.09582
0.46252, 0.09562
0.46411, 0.09541
0.46570, 0.09521
0.46730, 0.09500
0.46889, 0.09479
0.47048, 0.09458
0.47206, 0.09437
0.47365, 0.09416
0.47524, 0.09395
0.47683, 0.09373
0.47841, 0.09351
0.48000, 0.09330
0.48158, 0.09308
0.48317, 0.09286
0.48475, 0.09264
0.48633, 0.09241
0.48791, 0.09219
0.48949, 0.09197
0.49107, 0.09174
0.49265, 0.09152
0.49423, 0.09129
0.49580, 0.09106
0.49738, 0.09083
0.49895, 0.09060
0.50052, 0.09037
0.50210, 0.09014
0.50367, 0.08991
0.50524, 0.08968
0.50681, 0.08945
0.50837, 0.08921
0.50994, 0.08898
0.51151, 0.08875
0.51307, 0.08851
0.51464, 0.08828
0.51620, 0.08804
0.51776, 0.08780
0.51932, 0.08757
0.52088, 0.08733
0.52244, 0.08709
0.52399, 0.08686
0.52555, 0.08662
0.52710, 0.08638
0.52866, 0.08614
0.53021, 0.08591
0.53176, 0.08567
0.53331, 0.08543
0.53486, 0.08519
0.53641, 0.08495
0.53795, 0.08471
0.53950, 0.08448
0.54104, 0.08424
0.54258, 0.08400
0.54413, 0.08376
0.54567, 0.08353
0.54720, 0.08329
0.54874, 0.08305
0.55028, 0.08281
0.55181, 0.08258
0.55335, 0.08234
0.55488, 0.08211
0.55641, 0.08187
0.55794, 0.08164
0.55947, 0.08140
0.56100, 0.08117
0.56253, 0.08093
0.56405, 0.08070
0.56558, 0.08047
0.56710, 0.08024
0.56862, 0.08001
0.57015, 0.07977
0.57167, 0.07954
0.57318, 0.07932
0.57470, 0.07909
0.57622, 0.07886
0.57773, 0.07863
0.57925, 0.07840
0.58076, 0.07818
0.58227, 0.07795
0.58378, 0.07773
0.58529, 0.07751
0.58680, 0.07728
0.58830, 0.07706
0.58981, 0.07684
0.59131, 0.07662
0.59282, 0.07640
0.59432, 0.07618
0.59582, 0.07597
0.59732, 0.07575
0.59882, 0.07553
0.60032, 0.07532
0.60181, 0.07511
0.60331, 0.07489
0.60480, 0.07468
0.60630, 0.07447
0.60779, 0.07426
0.60928, 0.07406
0.61077, 0.07385
0.61226, 0.07364
0.61375, 0.07344
0.61523, 0.07323
0.61672, 0.07303
0.61820, 0.07283
0.61969, 0.07263
0.62117, 0.07243
0.62265, 0.07223
0.62413, 0.07203
0.62561, 0.07184
0.62709, 0.07164
0.62856, 0.07145
0.63004, 0.07125
0.63151, 0.07106
0.63299, 0.07087
0.63446, 0.07068
0.63593, 0.07049
0.63740, 0.07031
0.63887, 0.07012
0.64034, 0.06993
0.64181, 0.06975
0.64327, 0.06957
0.64474, 0.06939
0.64620, 0.06921
0.64767, 0.06903
0.64912, 0.06885
0.65049, 0.06868
0.65152, 0.06851
0.65131, 0.06836
0.64788, 0.06788
0.63948, 0.06532
0.62994, 0.05911
0.62515, 0.05360
0.62448, 0.05240
0.62609, 0.05522
0.62999, 0.06135
0.63798, 0.07010
0.65066, 0.07776
0.66202, 0.08060
0.66833, 0.08088
0.67145, 0.08070
0.67336, 0.08049
0.67493, 0.08028
0.67642, 0.08008
0.67790, 0.07988
0.67938, 0.07967
0.68085, 0.07947
0.68233, 0.07926
0.68380, 0.07906
0.68527, 0.07885
0.68673, 0.07864
0.68820, 0.07843
0.68966, 0.07823
0.69112, 0.07802
0.69258, 0.07781
0.69403, 0.07760
0.69548, 0.07739
0.69693, 0.07718
0.69838, 0.07697
0.69983, 0.07676
0.70127, 0.07655
0.70271, 0.07634
0.70415, 0.07613
0.70559, 0.07592
0.70702, 0.07571
0.70846, 0.07549
0.70989, 0.07528
0.71131, 0.07507
0.71274, 0.07486
0.71416, 0.07464
0.71558, 0.07443
0.71700, 0.07422
0.71841, 0.07401
0.71983, 0.07379
0.72124, 0.07358
0.72264, 0.07337
0.72405, 0.07315
0.72545, 0.07294
0.72685, 0.07273
0.72825, 0.07251
0.72965, 0.07230
0.73104, 0.07209
0.73243, 0.07187
0.73382, 0.07166
0.73520, 0.07145
0.73659, 0.07123
0.73797, 0.07102
0.73934, 0.07081
0.74072, 0.07059
0.74209, 0.07038
0.74346, 0.07017
0.74483, 0.06995
0.74619, 0.06974
0.74755, 0.06953
0.74891, 0.06932
0.75027, 0.06911
0.75162, 0.06889
0.75298, 0.06868
0.75433, 0.06847
0.75567, 0.06826
0.75702, 0.06805
0.75836, 0.06784
0.75970, 0.06763
0.76103, 0.06742
0.76237, 0.06721
0.76370, 0.06700
0.76503, 0.06679
0.76636, 0.06658
0.76768, 0.06637
0.76900, 0.06616
0.77032, 0.06595
0.77164, 0.06574
0.77295, 0.06553
0.77427, 0.06533
0.77557, 0.06512
0.77688, 0.06491
0.77818, 0.06470
0.77948, 0.06450
0.78078, 0.06429
0.78208, 0.06408
0.78337, 0.06388
0.78466, 0.06367
0.78595, 0.06346
0.78723, 0.06326
0.78852, 0.06305
0.78979, 0.06285
0.79107, 0.06264
0.79234, 0.06243
0.79361, 0.06223
0.79488, 0.06202
0.79615, 0.06182
0.79741, 0.06162
0.79867, 0.06141
0.79993, 0.06121
0.80118, 0.06100
0.80243, 0.06080
0.80368, 0.06060
0.80492, 0.06040
0.80616, 0.06019
0.80740, 0.05999
0.80864, 0.05979
0.80987, 0.05959
0.81110, 0.05938
0.81233, 0.05918
0.81355, 0.05898
0.81477, 0.05878
0.81599, 0.05858
0.81720, 0.05838
0.81842, 0.05818
0.81962, 0.05798
0.82083, 0.05778
0.82203, 0.05758
0.82323, 0.05738
0.82443, 0.05718
0.82562, 0.05698
0.82681, 0.05678
0.82799, 0.05658
0.82918, 0.05639
0.83036, 0.05619
0.83153, 0.05599
0.83271, 0.05579
0.83388, 0.05560
0.83504, 0.05540
0.83621, 0.05520
0.83737, 0.05501
0.83852, 0.05481
0.83968, 0.05462
0.84083, 0.05442
0.84197, 0.05423
0.84312, 0.05403
0.84426, 0.05384
0.84539, 0.05364
0.84653, 0.05345
0.84766, 0.05326
0.84878, 0.05306
0.84991, 0.05287
0.85103, 0.05268
0.85214, 0.05248
0.85325, 0.05229
0.85436, 0.05210
0.85547, 0.05191
0.85657, 0.05172
0.85767, 0.05153
0.85876, 0.05134
0.85986, 0.05115
0.86094, 0.05096
0.86203, 0.05077
0.86311, 0.05058
0.86419, 0.05039
0.86526, 0.05021
0.86633, 0.05002
0.86740, 0.04983
0.86846, 0.04964
0.86952, 0.04946
0.87057, 0.04927
0.87162, 0.04909
0.87267, 0.04890
0.87372, 0.04872
0.87476, 0.04853
0.87579, 0.04835
0.87683, 0.04816
0.87786, 0.04798
0.87888, 0.04780
0.87990, 0.04762
0.88092, 0.04743
0.88194, 0.04725
0.88295, 0.04707
0.88395, 0.04689
0.88496, 0.04671
0.88596, 0.04653
0.88695, 0.04635
0.88794, 0.04617
0.88893, 0.04600
0.88992, 0.04582
0.89090, 0.04564
0.89187, 0.04546
0.89285, 0.04529
0.89381, 0.04511
0.89478, 0.04494
0.89574, 0.04476
0.89670, 0.04459
0.89765, 0.04441
0.89860, 0.04424
0.89954, 0.04407
0.90048, 0.04390
0.90142, 0.04373
0.90236, 0.04355
0.90328, 0.04338
0.90421, 0.04321
0.90513, 0.04304
0.90605, 0.04287
0.90696, 0.04271
0.90787, 0.04254
0.90878, 0.04237
0.90968, 0.04220
0.91058, 0.04204
0.91147, 0.04187
0.91236, 0.04171
0.91324, 0.04154
0.91412, 0.04138
0.91500, 0.04121
0.91587, 0.04105
0.91674, 0.04089
0.91761, 0.04073
0.91847, 0.04057
0.91932, 0.04041
0.92018, 0.04025
0.92102, 0.04009
0.92187, 0.03993
0.92271, 0.03977
0.92354, 0.03961
0.92437, 0.03946
0.92520, 0.03930
0.92602, 0.03914
0.92684, 0.03899
0.92766, 0.03883
0.92847, 0.03868
0.92927, 0.03853
0.93008, 0.03838
0.93087, 0.03822
0.93167, 0.03807
0.93246, 0.03792
0.93324, 0.03777
0.93402, 0.03762
0.93480, 0.03747
0.93557, 0.03733
0.93634, 0.03718
0.93710, 0.03703
0.93786, 0.03689
0.93862, 0.03674
0.93937, 0.03660
0.94011, 0.03645
0.94086, 0.03631
0.94159, 0.03617
0.94233, 0.03603
0.94306, 0.03589
0.94378, 0.03575
0.94450, 0.03561
0.94522, 0.03547
0.94593, 0.03533
0.94664, 0.03519
0.94734, 0.03506
0.94804, 0.03492
0.94873, 0.03479
0.94942, 0.03465
0.95011, 0.03452
0.95079, 0.03438
0.95146, 0.03425
0.95213, 0.03412
0.95280, 0.03399
0.95346, 0.03386
0.95412, 0.03373
0.95478, 0.03360
0.95543, 0.03348
0.95607, 0.03335
0.95671, 0.03322
0.95735, 0.03310
0.95798, 0.03297
0.95861, 0.03285
0.95923, 0.03273
0.95985, 0.03260
0.96046, 0.03248
0.96107, 0.03236
0.96167, 0.03224
0.96227, 0.03212
0.96287, 0.03201
0.96346, 0.03189
0.96404, 0.03177
0.96463, 0.03166
0.96520, 0.03154
0.96578, 0.03143
0.96634, 0.03131
0.96691, 0.03120
0.96747, 0.03109
0.96802, 0.03098
0.96857, 0.03087
0.96911, 0.03076
0.96965, 0.03065
0.97019, 0.03055
0.97072, 0.03044
0.97125, 0.03033
0.97177, 0.03023
0.97229, 0.03013
0.97280, 0.03002
0.97331, 0.02992
0.97381, 0.02982
0.97431, 0.02972
0.97480, 0.02962
0.97529, 0.02952
0.97578, 0.02942
0.97626, 0.02933
0.97673, 0.02923
0.97720, 0.02913
0.97767, 0.02904
0.97813, 0.02895
0.97859, 0.02885
0.97904, 0.02876
0.97949, 0.02867
0.97993, 0.02858
0.98037, 0.02849
0.98080, 0.02841
0.98123, 0.02832
0.98165, 0.02823
0.98207, 0.02815
0.98248, 0.02806
0.98289, 0.02798
0.98330, 0.02790
0.98370, 0.02782
0.98409, 0.02773
0.98448, 0.02766
0.98487, 0.02758
0.98525, 0.02750
0.98563, 0.02742
0.98600, 0.02735
0.98636, 0.02727
0.98673, 0.02720
0.98708, 0.02712
0.98744, 0.02705
0.98778, 0.02698
0.98813, 0.02691
0.98846, 0.02684
0.98880, 0.02677
0.98913, 0.02670
0.98945, 0.02664
0.98977, 0.02657
0.99008, 0.02651
0.99039, 0.02644
0.99070, 0.02638
0.99100, 0.02632
0.99129, 0.02626
0.99158, 0.02620
0.99186, 0.02614
0.99215, 0.02608
0.99242, 0.02603
0.99269, 0.02597
0.99296, 0.02592
0.99322, 0.02586
0.99347, 0.02581
0.99373, 0.02576
0.99397, 0.02571
0.99421, 0.02566
0.99445, 0.02561
0.99468, 0.02556
0.99491, 0.02551
0.99513, 0.02547
0.99535, 0.02542
0.99556, 0.02538
0.99577, 0.02533
0.99597, 0.02529
0.99617, 0.02525
0.99636, 0.02521
0.99655, 0.02517
0.99673, 0.02513
0.99691, 0.02510
0.99709, 0.02506
0.99725, 0.02503
0.99742, 0.02499
0.99758, 0.02496
0.99773, 0.02493
0.99788, 0.02490
0.99802, 0.02487
0.99816, 0.02484
0.99830, 0.02481
0.99843, 0.02478
0.99855, 0.02476
0.99867, 0.02473
0.99879, 0.02471
0.99890, 0.02468
0.99900, 0.02466
0.99910, 0.02464
0.99920, 0.02462
0.99929, 0.02460
0.99938, 0.02458
0.99946, 0.02457
0.99953, 0.02455
0.99960, 0.02454
0.99967, 0.02452
0.99973, 0.02451
0.99979, 0.02450
0.99984, 0.02449
0.99989, 0.02448
0.99993, 0.02447
0.99996, 0.02446
1.00000, 0.02445
1.00002, 0.02445
1.00005, 0.02444
1.00006, 0.02444
1.00008, 0.02444
1.00013, 0.02443
1.00014, 0.02443

=== Lower Surface ===
0.00000, 0.03483
0.00004, 0.03456
0.00007, 0.03428
0.00010, 0.03400
0.00014, 0.03372
0.00019, 0.03345
0.00024, 0.03317
0.00030, 0.03290
0.00036, 0.03263
0.00043, 0.03236
0.00050, 0.03209
0.00058, 0.03181
0.00066, 0.03155
0.00075, 0.03128
0.00084, 0.03101
0.00094, 0.03074
0.00104, 0.03048
0.00114, 0.03021
0.00126, 0.02995
0.00137, 0.02968
0.00149, 0.02942
0.00162, 0.02916
0.00175, 0.02890
0.00188, 0.02864
0.00203, 0.02838
0.00217, 0.02812
0.00232, 0.02786
0.00248, 0.02761
0.00264, 0.02735
0.00280, 0.02709
0.00297, 0.02684
0.00314, 0.02659
0.00332, 0.02633
0.00351, 0.02608
0.00369, 0.02583
0.00389, 0.02558
0.00409, 0.02533
0.00429, 0.02508
0.00450, 0.02483
0.00471, 0.02459
0.00493, 0.02434
0.00515, 0.02410
0.00538, 0.02385
0.00561, 0.02361
0.00584, 0.02337
0.00609, 0.02312
0.00633, 0.02288
0.00658, 0.02264
0.00684, 0.02240
0.00710, 0.02217
0.00736, 0.02193
0.00763, 0.02169
0.00791, 0.02145
0.00819, 0.02122
0.00847, 0.02099
0.00876, 0.02075
0.00905, 0.02052
0.00935, 0.02029
0.00966, 0.02006
0.00996, 0.01983
0.01028, 0.01960
0.01059, 0.01937
0.01091, 0.01914
0.01124, 0.01891
0.01157, 0.01869
0.01191, 0.01846
0.01225, 0.01824
0.01259, 0.01801
0.01294, 0.01779
0.01330, 0.01757
0.01366, 0.01735
0.01402, 0.01713
0.01439, 0.01691
0.01476, 0.01669
0.01514, 0.01647
0.01552, 0.01626
0.01591, 0.01604
0.01630, 0.01582
0.01670, 0.01561
0.01710, 0.01540
0.01750, 0.01518
0.01791, 0.01497
0.01833, 0.01476
0.01875, 0.01455
0.01917, 0.01434
0.01960, 0.01413
0.02003, 0.01392
0.02047, 0.01372
0.02091, 0.01351
0.02136, 0.01330
0.02181, 0.01310
0.02226, 0.01290
0.02272, 0.01269
0.02319, 0.01249
0.02366, 0.01229
0.02413, 0.01209
0.02461, 0.01189
0.02509, 0.01169
0.02558, 0.01149
0.02607, 0.01129
0.02657, 0.01110
0.02707, 0.01090
0.02757, 0.01071
0.02808, 0.01051
0.02860, 0.01032
0.02912, 0.01013
0.02964, 0.00993
0.03017, 0.00974
0.03070, 0.00955
0.03124, 0.00936
0.03178, 0.00918
0.03232, 0.00899
0.03287, 0.00880
0.03343, 0.00861
0.03399, 0.00843
0.03455, 0.00824
0.03512, 0.00806
0.03569, 0.00788
0.03626, 0.00769
0.03685, 0.00751
0.03743, 0.00733
0.03802, 0.00715
0.03861, 0.00697
0.03921, 0.00680
0.03981, 0.00662
0.04042, 0.00644
0.04103, 0.00627
0.04165, 0.00609
0.04227, 0.00592
0.04289, 0.00574
0.04352, 0.00557
0.04415, 0.00540
0.04479, 0.00523
0.04543, 0.00506
0.04608, 0.00489
0.04673, 0.00472
0.04738, 0.00455
0.04804, 0.00438
0.04870, 0.00421
0.04937, 0.00405
0.05004, 0.00388
0.05072, 0.00372
0.05140, 0.00356
0.05208, 0.00339
0.05277, 0.00323
0.05346, 0.00307
0.05416, 0.00291
0.05486, 0.00275
0.05557, 0.00259
0.05627, 0.00243
0.05699, 0.00228
0.05771, 0.00212
0.05843, 0.00196
0.05915, 0.00181
0.05988, 0.00165
0.06062, 0.00150
0.06136, 0.00135
0.06210, 0.00119
0.06285, 0.00104
0.06360, 0.00089
0.06435, 0.00074
0.06511, 0.00059
0.06587, 0.00045
0.06664, 0.00030
0.06741, 0.00015
0.06819, 0.00001
0.06897, -0.00014
0.06975, -0.00028
0.07054, -0.00043
0.07133, -0.00057
0.07213, -0.00071
0.07293, -0.00086
0.07373, -0.00100
0.07454, -0.00114
0.07535, -0.00128
0.07617, -0.00141
0.07699, -0.00155
0.07781, -0.00169
0.07864, -0.00183
0.07947, -0.00196
0.08031, -0.00210
0.08115, -0.00223
0.08199, -0.00236
0.08284, -0.00250
0.08369, -0.00263
0.08455, -0.00276
0.08541, -0.00289
0.08627, -0.00302
0.08714, -0.00315
0.08801, -0.00328
0.08889, -0.00341
0.08976, -0.00353
0.09065, -0.00366
0.09154, -0.00378
0.09243, -0.00391
0.09332, -0.00403
0.09422, -0.00416
0.09512, -0.00428
0.09603, -0.00440
0.09694, -0.00452
0.09785, -0.00464
0.09877, -0.00476
0.09969, -0.00488
0.10062, -0.00500
0.10155, -0.00512
0.10248, -0.00523
0.10342, -0.00535
0.10436, -0.00547
0.10530, -0.00558
0.10625, -0.00569
0.10720, -0.00581
0.10816, -0.00592
0.10912, -0.00603
0.11008, -0.00614
0.11105, -0.00625
0.11202, -0.00636
0.11300, -0.00647
0.11397, -0.00658
0.11496, -0.00669
0.11594, -0.00680
0.11693, -0.00690
0.11792, -0.00701
0.11892, -0.00711
0.11992, -0.00722
0.12093, -0.00732
0.12193, -0.00742
0.12294, -0.00752
0.12396, -0.00763
0.12498, -0.00773
0.12600, -0.00783
0.12703, -0.00793
0.12806, -0.00802
0.12909, -0.00812
0.13012, -0.00822
0.13116, -0.00832
0.13221, -0.00841
0.13326, -0.00851
0.13431, -0.00860
0.13536, -0.00869
0.13642, -0.00879
0.13748, -0.00888
0.13854, -0.00897
0.13961, -0.00906
0.14068, -0.00915
0.14176, -0.00924
0.14284, -0.00933
0.14392, -0.00942
0.14501, -0.00951
0.14609, -0.00959
0.14719, -0.00968
0.14828, -0.00976
0.14938, -0.00985
0.15048, -0.00993
0.15159, -0.01002
0.15270, -0.01010
0.15381, -0.01018
0.15493, -0.01026
0.15605, -0.01034
0.15717, -0.01042
0.15829, -0.01050
0.15942, -0.01058
0.16055, -0.01066
0.16169, -0.01073
0.16283, -0.01081
0.16397, -0.01089
0.16512, -0.01096
0.16626, -0.01104
0.16742, -0.01111
0.16857, -0.01118
0.16973, -0.01126
0.17089, -0.01133
0.17206, -0.01140
0.17322, -0.01147
0.17439, -0.01154
0.17557, -0.01161
0.17675, -0.01168
0.17793, -0.01175
0.17911, -0.01181
0.18030, -0.01188
0.18148, -0.01195
0.18268, -0.01201
0.18387, -0.01208
0.18507, -0.01214
0.18627, -0.01221
0.18748, -0.01227
0.18869, -0.01233
0.18990, -0.01239
0.19111, -0.01245
0.19233, -0.01251
0.19355, -0.01257
0.19477, -0.01263
0.19600, -0.01269
0.19723, -0.01275
0.19846, -0.01281
0.19970, -0.01286
0.20093, -0.01292
0.20218, -0.01298
0.20342, -0.01303
0.20467, -0.01308
0.20592, -0.01314
0.20717, -0.01319
0.20843, -0.01324
0.20969, -0.01329
0.21095, -0.01335
0.21222, -0.01340
0.21349, -0.01345
0.21476, -0.01349
0.21604, -0.01354
0.21732, -0.01359
0.21860, -0.01364
0.21989, -0.01368
0.22118, -0.01373
0.22247, -0.01377
0.22377, -0.01382
0.22507, -0.01386
0.22637, -0.01390
0.22767, -0.01394
0.22898, -0.01398
0.23029, -0.01402
0.23161, -0.01406
0.23292, -0.01410
0.23424, -0.01414
0.23557, -0.01418
0.23689, -0.01421
0.23822, -0.01425
0.23955, -0.01428
0.24089, -0.01432
0.24223, -0.01435
0.24357, -0.01438
0.24491, -0.01441
0.24626, -0.01444
0.24761, -0.01447
0.24897, -0.01450
0.25032, -0.01453
0.25168, -0.01455
0.25304, -0.01458
0.25441, -0.01460
0.25578, -0.01463
0.25715, -0.01465
0.25852, -0.01467
0.25990, -0.01469
0.26128, -0.01471
0.26266, -0.01473
0.26405, -0.01475
0.26544, -0.01477
0.26683, -0.01478
0.26822, -0.01480
0.26961, -0.01481
0.27101, -0.01482
0.27241, -0.01484
0.27382, -0.01485
0.27522, -0.01486
0.27663, -0.01486
0.27804, -0.01487
0.27945, -0.01488
0.28086, -0.01488
0.28228, -0.01489
0.28369, -0.01489
0.28511, -0.01490
0.28653, -0.01490
0.28796, -0.01490
0.28938, -0.01490
0.29081, -0.01490
0.29224, -0.01489
0.29367, -0.01489
0.29510, -0.01489
0.29654, -0.01488
0.29798, -0.01487
0.29942, -0.01487
0.30086, -0.01486
0.30230, -0.01485
0.30374, -0.01484
0.30519, -0.01483
0.30664, -0.01482
0.30809, -0.01480
0.30954, -0.01479
0.31099, -0.01478
0.31245, -0.01476
0.31391, -0.01474
0.31537, -0.01473
0.31683, -0.01471
0.31829, -0.01469
0.31975, -0.01467
0.32122, -0.01465
0.32269, -0.01463
0.32416, -0.01460
0.32562, -0.01458
0.32709, -0.01455
0.32855, -0.01453
0.33001, -0.01450
0.33145, -0.01448
0.33289, -0.01445
0.33431, -0.01443
0.33574, -0.01440
0.33716, -0.01438
0.33859, -0.01436
0.34002, -0.01433
0.34144, -0.01431
0.34287, -0.01429
0.34430, -0.01427
0.34573, -0.01425
0.34717, -0.01423
0.34860, -0.01421
0.35004, -0.01419
0.35148, -0.01417
0.35291, -0.01416
0.35436, -0.01414
0.35580, -0.01413
0.35724, -0.01411
0.35868, -0.01410
0.36013, -0.01408
0.36158, -0.01407
0.36303, -0.01406
0.36448, -0.01405
0.36593, -0.01404
0.36738, -0.01403
0.36884, -0.01402
0.37029, -0.01401
0.37175, -0.01401
0.37321, -0.01400
0.37467, -0.01400
0.37613, -0.01399
0.37760, -0.01399
0.37906, -0.01399
0.38053, -0.01398
0.38200, -0.01398
0.38346, -0.01398
0.38494, -0.01398
0.38641, -0.01398
0.38788, -0.01399
0.38936, -0.01399
0.39083, -0.01399
0.39231, -0.01400
0.39379, -0.01400
0.39527, -0.01401
0.39676, -0.01401
0.39824, -0.01402
0.39973, -0.01403
0.40122, -0.01404
0.40270, -0.01405
0.40419, -0.01406
0.40569, -0.01407
0.40718, -0.01409
0.40868, -0.01410
0.41017, -0.01411
0.41167, -0.01413
0.41317, -0.01414
0.41467, -0.01416
0.41617, -0.01418
0.41768, -0.01419
0.41919, -0.01421
0.42069, -0.01423
0.42220, -0.01425
0.42371, -0.01427
0.42522, -0.01429
0.42674, -0.01432
0.42825, -0.01434
0.42977, -0.01436
0.43129, -0.01439
0.43281, -0.01441
0.43433, -0.01444
0.43585, -0.01446
0.43738, -0.01449
0.43890, -0.01451
0.44043, -0.01454
0.44196, -0.01457
0.44349, -0.01460
0.44502, -0.01463
0.44655, -0.01466
0.44809, -0.01469
0.44962, -0.01472
0.45116, -0.01475
0.45270, -0.01478
0.45424, -0.01481
0.45578, -0.01484
0.45733, -0.01487
0.45887, -0.01491
0.46042, -0.01494
0.46196, -0.01497
0.46351, -0.01501
0.46506, -0.01504
0.46661, -0.01507
0.46817, -0.01511
0.46972, -0.01514
0.47128, -0.01518
0.47283, -0.01521
0.47439, -0.01525
0.47595, -0.01528
0.47751, -0.01531
0.47908, -0.01535
0.48064, -0.01538
0.48220, -0.01542
0.48377, -0.01545
0.48534, -0.01549
0.48690, -0.01552
0.48847, -0.01556
0.49004, -0.01559
0.49161, -0.01562
0.49319, -0.01566
0.49476, -0.01569
0.49634, -0.01573
0.49791, -0.01576
0.49949, -0.01579
0.50107, -0.01582
0.50264, -0.01586
0.50422, -0.01589
0.50580, -0.01592
0.50739, -0.01595
0.50897, -0.01598
0.51055, -0.01601
0.51214, -0.01604
0.51372, -0.01607
0.51531, -0.01610
0.51689, -0.01612
0.51848, -0.01615
0.52007, -0.01618
0.52166, -0.01620
0.52324, -0.01623
0.52483, -0.01625
0.52643, -0.01627
0.52802, -0.01630
0.52961, -0.01632
0.53120, -0.01634
0.53279, -0.01636
0.53439, -0.01638
0.53598, -0.01639
0.53757, -0.01641
0.53917, -0.01643
0.54076, -0.01644
0.54236, -0.01646
0.54395, -0.01647
0.54555, -0.01648
0.54714, -0.01649
0.54874, -0.01650
0.55034, -0.01651
0.55193, -0.01651
0.55353, -0.01652
0.55513, -0.01653
0.55672, -0.01653
0.55832, -0.01653
0.55992, -0.01653
0.56151, -0.01653
0.56311, -0.01653
0.56470, -0.01653
0.56630, -0.01652
0.56790, -0.01651
0.56949, -0.01651
0.57109, -0.01650
0.57268, -0.01649
0.57428, -0.01648
0.57587, -0.01646
0.57747, -0.01645
0.57906, -0.01643
0.58065, -0.01641
0.58225, -0.01639
0.58384, -0.01637
0.58543, -0.01635
0.58702, -0.01632
0.58861, -0.01630
0.59020, -0.01627
0.59179, -0.01624
0.59338, -0.01621
0.59497, -0.01618
0.59655, -0.01614
0.59814, -0.01611
0.59972, -0.01607
0.60131, -0.01603
0.60289, -0.01599
0.60447, -0.01595
0.60605, -0.01590
0.60763, -0.01586
0.60921, -0.01581
0.61079, -0.01576
0.61237, -0.01571
0.61394, -0.01565
0.61552, -0.01560
0.61709, -0.01554
0.61866, -0.01548
0.62023, -0.01542
0.62180, -0.01536
0.62337, -0.01530
0.62494, -0.01523
0.62650, -0.01517
0.62806, -0.01510
0.62963, -0.01503
0.63119, -0.01495
0.63275, -0.01488
0.63430, -0.01481
0.63586, -0.01473
0.63741, -0.01465
0.63896, -0.01457
0.64051, -0.01449
0.64206, -0.01440
0.64361, -0.01432
0.64516, -0.01423
0.64671, -0.01414
0.64834, -0.01405
0.65031, -0.01396
0.65352, -0.01382
0.65994, -0.01317
0.67133, -0.00989
0.68386, -0.00187
0.69163, 0.00710
0.69529, 0.01337
0.69665, 0.01629
0.69572, 0.01521
0.69070, 0.00988
0.68100, 0.00400
0.67261, 0.00183
0.66925, 0.00168
0.66909, 0.00180
0.67014, 0.00189
0.67152, 0.00197
0.67297, 0.00205
0.67444, 0.00212
0.67590, 0.00219
0.67737, 0.00226
0.67883, 0.00234
0.68029, 0.00241
0.68175, 0.00248
0.68320, 0.00255
0.68466, 0.00262
0.68611, 0.00270
0.68757, 0.00277
0.68902, 0.00284
0.69047, 0.00291
0.69192, 0.00298
0.69336, 0.00305
0.69481, 0.00312
0.69625, 0.00319
0.69769, 0.00326
0.69913, 0.00333
0.70057, 0.00340
0.70201, 0.00347
0.70344, 0.00354
0.70488, 0.00361
0.70631, 0.00368
0.70774, 0.00375
0.70917, 0.00382
0.71059, 0.00389
0.71202, 0.00395
0.71344, 0.00402
0.71486, 0.00409
0.71628, 0.00416
0.71770, 0.00423
0.71912, 0.00430
0.72053, 0.00437
0.72194, 0.00444
0.72335, 0.00451
0.72476, 0.00458
0.72616, 0.00465
0.72757, 0.00472
0.72897, 0.00479
0.73037, 0.00486
0.73177, 0.00493
0.73316, 0.00500
0.73456, 0.00507
0.73595, 0.00514
0.73734, 0.00521
0.73873, 0.00528
0.74011, 0.00535
0.74149, 0.00542
0.74287, 0.00549
0.74425, 0.00556
0.74563, 0.00563
0.74700, 0.00570
0.74838, 0.00577
0.74974, 0.00584
0.75111, 0.00591
0.75248, 0.00599
0.75384, 0.00606
0.75520, 0.00613
0.75655, 0.00620
0.75791, 0.00628
0.75926, 0.00635
0.76061, 0.00642
0.76195, 0.00649
0.76330, 0.00657
0.76464, 0.00664
0.76597, 0.00671
0.76731, 0.00679
0.76864, 0.00686
0.76997, 0.00693
0.77130, 0.00701
0.77262, 0.00708
0.77394, 0.00716
0.77526, 0.00723
0.77658, 0.00731
0.77789, 0.00738
0.77920, 0.00745
0.78051, 0.00753
0.78181, 0.00760
0.78311, 0.00768
0.78441, 0.00775
0.78570, 0.00783
0.78700, 0.00790
0.78829, 0.00798
0.78957, 0.00805
0.79086, 0.00813
0.79214, 0.00820
0.79342, 0.00828
0.79469, 0.00835
0.79596, 0.00843
0.79723, 0.00850
0.79850, 0.00857
0.79976, 0.00865
0.80102, 0.00872
0.80228, 0.00880
0.80353, 0.00887
0.80478, 0.00895
0.80603, 0.00902
0.80728, 0.00910
0.80852, 0.00917
0.80976, 0.00925
0.81099, 0.00932
0.81222, 0.00940
0.81345, 0.00947
0.81468, 0.00955
0.81590, 0.00962
0.81712, 0.00970
0.81834, 0.00977
0.81955, 0.00984
0.82076, 0.00992
0.82197, 0.00999
0.82317, 0.01007
0.82437, 0.01014
0.82557, 0.01021
0.82676, 0.01029
0.82795, 0.01036
0.82914, 0.01043
0.83033, 0.01051
0.83151, 0.01058
0.83268, 0.01065
0.83386, 0.01073
0.83503, 0.01080
0.83620, 0.01087
0.83736, 0.01095
0.83852, 0.01102
0.83968, 0.01109
0.84083, 0.01116
0.84198, 0.01124
0.84313, 0.01131
0.84428, 0.01138
0.84542, 0.01145
0.84655, 0.01152
0.84769, 0.01160
0.84882, 0.01167
0.84994, 0.01174
0.85107, 0.01181
0.85219, 0.01188
0.85330, 0.01195
0.85442, 0.01202
0.85553, 0.01209
0.85663, 0.01216
0.85773, 0.01223
0.85883, 0.01230
0.85993, 0.01237
0.86102, 0.01244
0.86211, 0.01251
0.86319, 0.01258
0.86427, 0.01265
0.86535, 0.01272
0.86642, 0.01279
0.86749, 0.01286
0.86856, 0.01293
0.86962, 0.01300
0.87068, 0.01306
0.87174, 0.01313
0.87279, 0.01320
0.87384, 0.01327
0.87488, 0.01333
0.87592, 0.01340
0.87696, 0.01347
0.87799, 0.01354
0.87902, 0.01360
0.88005, 0.01367
0.88107, 0.01374
0.88209, 0.01380
0.88310, 0.01387
0.88411, 0.01394
0.88512, 0.01400
0.88612, 0.01407
0.88712, 0.01413
0.88812, 0.01420
0.88911, 0.01426
0.89010, 0.01433
0.89108, 0.01439
0.89206, 0.01446
0.89304, 0.01452
0.89401, 0.01459
0.89498, 0.01465
0.89594, 0.01471
0.89690, 0.01478
0.89786, 0.01484
0.89881, 0.01490
0.89976, 0.01497
0.90071, 0.01503
0.90165, 0.01509
0.90258, 0.01515
0.90352, 0.01522
0.90444, 0.01528
0.90537, 0.01534
0.90629, 0.01540
0.90721, 0.01546
0.90812, 0.01552
0.90903, 0.01558
0.90993, 0.01564
0.91083, 0.01570
0.91173, 0.01576
0.91262, 0.01582
0.91351, 0.01588
0.91439, 0.01594
0.91527, 0.01600
0.91615, 0.01606
0.91702, 0.01612
0.91789, 0.01618
0.91875, 0.01624
0.91961, 0.01629
0.92047, 0.01635
0.92132, 0.01641
0.92216, 0.01647
0.92301, 0.01652
0.92384, 0.01658
0.92468, 0.01664
0.92551, 0.01669
0.92633, 0.01675
0.92716, 0.01681
0.92797, 0.01686
0.92879, 0.01692
0.92960, 0.01697
0.93040, 0.01703
0.93120, 0.01708
0.93200, 0.01714
0.93279, 0.01719
0.93357, 0.01724
0.93436, 0.01730
0.93514, 0.01735
0.93591, 0.01740
0.93668, 0.01746
0.93745, 0.01751
0.93821, 0.01756
0.93896, 0.01761
0.93972, 0.01766
0.94047, 0.01772
0.94121, 0.01777
0.94195, 0.01782
0.94268, 0.01787
0.94342, 0.01792
0.94414, 0.01797
0.94486, 0.01802
0.94558, 0.01807
0.94629, 0.01812
0.94700, 0.01817
0.94771, 0.01822
0.94841, 0.01826
0.94910, 0.01831
0.94979, 0.01836
0.95048, 0.01841
0.95116, 0.01846
0.95184, 0.01850
0.95251, 0.01855
0.95318, 0.01860
0.95384, 0.01864
0.95450, 0.01869
0.95516, 0.01873
0.95581, 0.01878
0.95645, 0.01882
0.95710, 0.01887
0.95773, 0.01891
0.95836, 0.01896
0.95899, 0.01900
0.95961, 0.01905
0.96023, 0.01909
0.96085, 0.01913
0.96146, 0.01917
0.96206, 0.01922
0.96266, 0.01926
0.96326, 0.01930
0.96385, 0.01934
0.96443, 0.01938
0.96502, 0.01942
0.96559, 0.01947
0.96617, 0.01951
0.96673, 0.01955
0.96730, 0.01959
0.96785, 0.01962
0.96841, 0.01966
0.96896, 0.01970
0.96950, 0.01974
0.97004, 0.01978
0.97058, 0.01982
0.97111, 0.01985
0.97163, 0.01989
0.97215, 0.01993
0.97267, 0.01997
0.97318, 0.02000
0.97369, 0.02004
0.97419, 0.02007
0.97469, 0.02011
0.97518, 0.02014
0.97567, 0.02018
0.97615, 0.02021
0.97663, 0.02025
0.97711, 0.02028
0.97757, 0.02031
0.97804, 0.02035
0.97850, 0.02038
0.97895, 0.02041
0.97940, 0.02044
0.97985, 0.02048
0.98029, 0.02051
0.98072, 0.02054
0.98115, 0.02057
0.98158, 0.02060
0.98200, 0.02063
0.98242, 0.02066
0.98283, 0.02069
0.98324, 0.02072
0.98364, 0.02075
0.98404, 0.02078
0.98443, 0.02080
0.98482, 0.02083
0.98520, 0.02086
0.98558, 0.02089
0.98595, 0.02091
0.98632, 0.02094
0.98668, 0.02097
0.98704, 0.02099
0.98739, 0.02102
0.98774, 0.02104
0.98809, 0.02107
0.98843, 0.02109
0.98876, 0.02111
0.98909, 0.02114
0.98941, 0.02116
0.98973, 0.02118
0.99005, 0.02121
0.99036, 0.02123
0.99066, 0.02125
0.99096, 0.02127
0.99126, 0.02129
0.99155, 0.02132
0.99183, 0.02134
0.99211, 0.02136
0.99239, 0.02138
0.99266, 0.02140
0.99292, 0.02142
0.99319, 0.02143
0.99344, 0.02145
0.99369, 0.02147
0.99394, 0.02149
0.99418, 0.02151
0.99442, 0.02152
0.99465, 0.02154
0.99487, 0.02156
0.99509, 0.02157
0.99531, 0.02159
0.99552, 0.02160
0.99573, 0.02162
0.99593, 0.02163
0.99613, 0.02165
0.99632, 0.02166
0.99650, 0.02167
0.99669, 0.02169
0.99686, 0.02170
0.99703, 0.02171
0.99720, 0.02172
0.99736, 0.02174
0.99752, 0.02175
0.99767, 0.02176
0.99782, 0.02177
0.99796, 0.02178
0.99810, 0.02179
0.99823, 0.02180
0.99836, 0.02181
0.99848, 0.02182
0.99860, 0.02183
0.99871, 0.02183
0.99882, 0.02184
0.99892, 0.02185
0.99902, 0.02186
0.99911, 0.02186
0.99920, 0.02187
0.99928, 0.02188
0.99936, 0.02188
0.99943, 0.02189
0.99949, 0.02189
0.99956, 0.02190
0.99961, 0.02190
0.99967, 0.02190
0.99971, 0.02191
0.99976, 0.02191
0.99979, 0.02191
0.99983, 0.02192
0.99985, 0.02192
0.99988, 0.02192
0.99989, 0.02192
0.99990, 0.02192
0.99987, 0.02193
0.99986, 0.02193
