=== Airfoil Parameters ===
m = 0.02
p = 0.4
t = 0.12

=== Control Points ===
0.00000, -0.00943, -0.00943
0.06667, -0.00330, -0.00941
0.13333, 0.00168, -0.00943
0.20000, 0.00546, -0.00954
0.26667, 0.00797, -0.00981
0.66667, 0.00578, -0.01027
0.75000, 0.00233, -0.01087
0.83333, -0.00194, -0.01151
0.91667, -0.00688, -0.01205
1.00000, -0.01237, -0.01237

=== Upper Surface ===
0.00000, -0.00943
-0.00004, -0.00915
-0.00005, -0.00887
-0.00006, -0.00859
-0.00007, -0.00831
-0.00008, -0.00803
-0.00008, -0.00775
-0.00007, -0.00747
-0.00006, -0.00719
-0.00005, -0.00691
-0.00003, -0.00663
-0.00001, -0.00635
0.00002, -0.00607
0.00006, -0.00579
0.00010, -0.00551
0.00014, -0.00523
0.00019, -0.00495
0.00025, -0.00467
0.00031, -0.00439
0.00037, -0.00411
0.00044, -0.00383
0.00051, -0.00355
0.00059, -0.00327
0.00068, -0.00299
0.00077, -0.00270
0.00086, -0.00242
0.00096, -0.00214
0.00106, -0.00186
0.00117, -0.00158
0.00129, -0.00130
0.00141, -0.00101
0.00153, -0.00073
0.00166, -0.00045
0.00179, -0.00017
0.00193, 0.00011
0.00208, 0.00040
0.00223, 0.00068
0.00238, 0.00096
0.00254, 0.00124
0.00271, 0.00153
0.00287, 0.00181
0.00305, 0.00209
0.00323, 0.00237
0.00341, 0.00266
0.00360, 0.00294
0.00380, 0.00322
0.00399, 0.00351
0.00420, 0.00379
0.00441, 0.00407
0.00462, 0.00436
0.00484, 0.00464
0.00506, 0.00492
0.00529, 0.00520
0.00553, 0.00549
0.00577, 0.00577
0.00601, 0.00605
0.00626, 0.00634
0.00651, 0.00662
0.00677, 0.00690
0.00704, 0.00719
0.00730, 0.00747
0.00758, 0.00775
0.00786, 0.00804
0.00814, 0.00832
0.00843, 0.00860
0.00872, 0.00889
0.00902, 0.00917
0.00932, 0.00945
0.00963, 0.00974
0.00994, 0.01002
0.01026, 0.01030
0.01059, 0.01059
0.01091, 0.01087
0.01125, 0.01115
0.01159, 0.01143
0.01193, 0.01172
0.01228, 0.01200
0.01263, 0.01228
0.01299, 0.01257
0.01335, 0.01285
0.01372, 0.01313
0.01409, 0.01341
0.01447, 0.01370
0.01485, 0.01398
0.01523, 0.01426
0.01563, 0.01454
0.01602, 0.01482
0.01643, 0.01511
0.01683, 0.01539
0.01724, 0.01567
0.01766, 0.01595
0.01808, 0.01623
0.01851, 0.01651
0.01894, 0.01680
0.01937, 0.01708
0.01982, 0.01736
0.02026, 0.01764
0.02071, 0.01792
0.02117, 0.01820
0.02163, 0.01848
0.02209, 0.01876
0.02256, 0.01904
0.02304, 0.01932
0.02352, 0.01960
0.02400, 0.01988
0.02449, 0.02016
0.02498, 0.02044
0.02548, 0.02072
0.02599, 0.02099
0.02649, 0.02127
0.02701, 0.02155
0.02753, 0.02183
0.02805, 0.02211
0.02858, 0.02238
0.02911, 0.02266
0.02965, 0.02294
0.03019, 0.02321
0.03074, 0.02349
0.03129, 0.02377
0.03184, 0.02404
0.03240, 0.02432
0.03297, 0.02459
0.03354, 0.02487
0.03412, 0.02514
0.03470, 0.02542
0.03528, 0.02569
0.03587, 0.02597
0.03646, 0.02624
0.03706, 0.02651
0.03767, 0.02679
0.03828, 0.02706
0.03889, 0.02733
0.03951, 0.02760
0.04013, 0.02788
0.04076, 0.02815
0.04139, 0.02842
0.04202, 0.02869
0.04267, 0.02896
0.04331, 0.02923
0.04396, 0.02950
0.04462, 0.02977
0.04528, 0.03003
0.04594, 0.03030
0.04661, 0.03057
0.04728, 0.03084
0.04796, 0.03111
0.04865, 0.03137
0.04933, 0.03164
0.05003, 0.03190
0.05072, 0.03217
0.05142, 0.03243
0.05213, 0.03270
0.05284, 0.03296
0.05356, 0.03323
0.05427, 0.03349
0.05500, 0.03375
0.05573, 0.03401
0.05646, 0.03427
0.05720, 0.03454
0.05794, 0.03480
0.05869, 0.03506
0.05944, 0.03531
0.06020, 0.03557
0.06096, 0.03583
0.06172, 0.03609
0.06249, 0.03635
0.06326, 0.03660
0.06404, 0.03686
0.06483, 0.03712
0.06561, 0.03737
0.06640, 0.03763
0.06720, 0.03788
0.06800, 0.03813
0.06881, 0.03839
0.06962, 0.03864
0.07043, 0.03889
0.07125, 0.03914
0.07207, 0.03939
0.07290, 0.03964
0.07373, 0.03989
0.07457, 0.04014
0.07541, 0.04038
0.07625, 0.04063
0.07710, 0.04088
0.07795, 0.04112
0.07881, 0.04137
0.07967, 0.04161
0.08054, 0.04186
0.08141, 0.04210
0.08228, 0.04234
0.08316, 0.04258
0.08405, 0.04282
0.08493, 0.04307
0.08583, 0.04330
0.08672, 0.04354
0.08762, 0.04378
0.08853, 0.04402
0.08944, 0.04425
0.09035, 0.04449
0.09127, 0.04473
0.09219, 0.04496
0.09311, 0.04519
0.09404, 0.04543
0.09498, 0.04566
0.09592, 0.04589
0.09686, 0.04612
0.09780, 0.04635
0.09876, 0.04658
0.09971, 0.04681
0.10067, 0.04703
0.10163, 0.04726
0.10260, 0.04748
0.10357, 0.04771
0.10455, 0.04793
0.10553, 0.04815
0.10651, 0.04838
0.10750, 0.04860
0.10849, 0.04882
0.10948, 0.04904
0.11048, 0.04926
0.11149, 0.04947
0.11250, 0.04969
0.11351, 0.04991
0.11452, 0.05012
0.11554, 0.05033
0.11657, 0.05055
0.11759, 0.05076
0.11862, 0.05097
0.11966, 0.05118
0.12070, 0.05139
0.12174, 0.05160
0.12279, 0.05181
0.12384, 0.05201
0.12490, 0.05222
0.12596, 0.05242
0.12702, 0.05262
0.12808, 0.05283
0.12915, 0.05303
0.13023, 0.05323
0.13131, 0.05343
0.13239, 0.05363
0.13347, 0.05382
0.13456, 0.05402
0.13566, 0.05422
0.13675, 0.05441
0.13786, 0.05460
0.13896, 0.05480
0.14007, 0.05499
0.14118, 0.05518
0.14230, 0.05537
0.14342, 0.05555
0.14454, 0.05574
0.14567, 0.05593
0.14680, 0.05611
0.14793, 0.05629
0.14907, 0.05648
0.15021, 0.05666
0.15136, 0.05684
0.15251, 0.05702
0.15366, 0.05719
0.15482, 0.05737
0.15598, 0.05755
0.15714, 0.05772
0.15831, 0.05790
0.15948, 0.05807
0.16065, 0.05824
0.16183, 0.05841
0.16301, 0.05858
0.16420, 0.05874
0.16539, 0.05891
0.16658, 0.05908
0.16777, 0.05924
0.16897, 0.05940
0.17018, 0.05956
0.17138, 0.05972
0.17259, 0.05988
0.17380, 0.06004
0.17502, 0.06020
0.17624, 0.06035
0.17746, 0.06050
0.17869, 0.06066
0.17992, 0.06081
0.18115, 0.06096
0.18239, 0.06111
0.18363, 0.06125
0.18487, 0.06140
0.18612, 0.06155
0.18737, 0.06169
0.18862, 0.06183
0.18988, 0.06197
0.19114, 0.06211
0.19240, 0.06225
0.19367, 0.06239
0.19494, 0.06252
0.19621, 0.06266
0.19749, 0.06279
0.19876, 0.06292
0.20005, 0.06305
0.20133, 0.06318
0.20262, 0.06331
0.20391, 0.06343
0.20520, 0.06356
0.20650, 0.06368
0.20780, 0.06380
0.20910, 0.06392
0.21040, 0.06404
0.21171, 0.06416
0.21302, 0.06428
0.21434, 0.06439
0.21565, 0.06451
0.21697, 0.06462
0.21829, 0.06473
0.21962, 0.06484
0.22094, 0.06495
0.22227, 0.06505
0.22361, 0.06516
0.22494, 0.06526
0.22628, 0.06536
0.22762, 0.06547
0.22896, 0.06557
0.23031, 0.06566
0.23166, 0.06576
0.23301, 0.06586
0.23436, 0.06595
0.23571, 0.06604
0.23707, 0.06614
0.23843, 0.06623
0.23980, 0.06632
0.24116, 0.06640
0.24253, 0.06649
0.24390, 0.06657
0.24527, 0.06666
0.24665, 0.06674
0.24803, 0.06682
0.24941, 0.06690
0.25079, 0.06698
0.25217, 0.06706
0.25356, 0.06713
0.25495, 0.06721
0.25634, 0.06728
0.25774, 0.06735
0.25913, 0.06742
0.26053, 0.06749
0.26193, 0.06756
0.26333, 0.06762
0.26474, 0.06769
0.26615, 0.06775
0.26756, 0.06781
0.26897, 0.06788
0.27038, 0.06793
0.27180, 0.06799
0.27322, 0.06805
0.27464, 0.06811
0.27606, 0.06816
0.27749, 0.06821
0.27892, 0.06827
0.28035, 0.06832
0.28178, 0.06837
0.28321, 0.06841
0.28465, 0.06846
0.28609, 0.06851
0.28753, 0.06855
0.28897, 0.06859
0.29042, 0.06864
0.29187, 0.06868
0.29331, 0.06872
0.29477, 0.06875
0.29622, 0.06879
0.29767, 0.06882
0.29913, 0.06886
0.30059, 0.06889
0.30205, 0.06892
0.30352, 0.06895
0.30498, 0.06898
0.30645, 0.06901
0.30792, 0.06903
0.30939, 0.06906
0.31086, 0.06908
0.31234, 0.06911
0.31381, 0.06913
0.31529, 0.06915
0.31677, 0.06916
0.31826, 0.06918
0.31974, 0.06920
0.32122, 0.06921
0.32271, 0.06922
0.32420, 0.06924
0.32569, 0.06925
0.32718, 0.06926
0.32866, 0.06926
0.33014, 0.06927
0.33162, 0.06928
0.33310, 0.06928
0.33457, 0.06929
0.33605, 0.06929
0.33753, 0.06930
0.33901, 0.06930
0.34049, 0.06930
0.34198, 0.06930
0.34346, 0.06930
0.34495, 0.06930
0.34644, 0.06930
0.34793, 0.06930
0.34943, 0.06930
0.35092, 0.06930
0.35242, 0.06930
0.35392, 0.06929
0.35542, 0.06929
0.35692, 0.06928
0.35843, 0.06928
0.35993, 0.06927
0.36144, 0.06926
0.36295, 0.06926
0.36446, 0.06925
0.36597, 0.06924
0.36748, 0.06923
0.36900, 0.06922
0.37052, 0.06921
0.37203, 0.06920
0.37355, 0.06918
0.37507, 0.06917
0.37660, 0.06916
0.37812, 0.06914
0.37965, 0.06913
0.38117, 0.06911
0.38270, 0.06909
0.38423, 0.06907
0.38576, 0.06906
0.38730, 0.06904
0.38883, 0.06902
0.39037, 0.06900
0.39190, 0.06898
0.39344, 0.06895
0.39498, 0.06893
0.39652, 0.06891
0.39806, 0.06888
0.39960, 0.06886
0.40115, 0.06883
0.40269, 0.06880
0.40424, 0.06878
0.40579, 0.06875
0.40733, 0.06872
0.40888, 0.06869
0.41043, 0.06866
0.41199, 0.06863
0.41354, 0.06860
0.41509, 0.06856
0.41665, 0.06853
0.41820, 0.06850
0.41976, 0.06846
0.42132, 0.06842
0.42288, 0.06839
0.42444, 0.06835
0.42600, 0.06831
0.42756, 0.06827
0.42912, 0.06823
0.43068, 0.06819
0.43225, 0.06815
0.43381, 0.06811
0.43538, 0.06806
0.43694, 0.06802
0.43851, 0.06798
0.44008, 0.06793
0.44165, 0.06788
0.44322, 0.06784
0.44479, 0.06779
0.44636, 0.06774
0.44793, 0.06769
0.44950, 0.06764
0.45107, 0.06759
0.45265, 0.06754
0.45422, 0.06748
0.45579, 0.06743
0.45737, 0.06738
0.45894, 0.06732
0.46052, 0.06726
0.46210, 0.06721
0.46367, 0.06715
0.46525, 0.06709
0.46683, 0.06703
0.46840, 0.06697
0.46998, 0.06691
0.47156, 0.06685
0.47314, 0.06679
0.47472, 0.06672
0.47630, 0.06666
0.47788, 0.06659
0.47946, 0.06653
0.48104, 0.06646
0.48262, 0.06639
0.48420, 0.06633
0.48579, 0.06626
0.48737, 0.06619
0.48895, 0.06612
0.49053, 0.06604
0.49211, 0.06597
0.49370, 0.06590
0.49528, 0.06583
0.49686, 0.06575
0.49845, 0.06567
0.50003, 0.06560
0.50161, 0.06552
0.50320, 0.06544
0.50478, 0.06536
0.50636, 0.06528
0.50794, 0.06520
0.50953, 0.06512
0.51111, 0.06504
0.51269, 0.06496
0.51428, 0.06487
0.51586, 0.06479
0.51744, 0.06470
0.51903, 0.06462
0.52061, 0.06453
0.52219, 0.06444
0.52378, 0.06435
0.52536, 0.06426
0.52694, 0.06417
0.52852, 0.06408
0.53010, 0.06399
0.53169, 0.06390
0.53327, 0.06380
0.53485, 0.06371
0.53643, 0.06361
0.53801, 0.06352
0.53959, 0.06342
0.54117, 0.06332
0.54275, 0.06323
0.54433, 0.06313
0.54591, 0.06303
0.54749, 0.06292
0.54907, 0.06282
0.55064, 0.06272
0.55222, 0.06262
0.55380, 0.06251
0.55537, 0.06241
0.55695, 0.06230
0.55853, 0.06219
0.56010, 0.06209
0.56168, 0.06198
0.56325, 0.06187
0.56482, 0.06176
0.56640, 0.06165
0.56797, 0.06154
0.56954, 0.06142
0.57111, 0.06131
0.57268, 0.06119
0.57425, 0.06108
0.57582, 0.06096
0.57739, 0.06085
0.57896, 0.06073
0.58053, 0.06061
0.58210, 0.06049
0.58366, 0.06037
0.58523, 0.06025
0.58679, 0.06013
0.58836, 0.06000
0.58992, 0.05988
0.59148, 0.05975
0.59304, 0.05963
0.59460, 0.05950
0.59616, 0.05937
0.59772, 0.05925
0.59928, 0.05912
0.60084, 0.05899
0.60239, 0.05885
0.60395, 0.05872
0.60550, 0.05859
0.60706, 0.05846
0.60861, 0.05832
0.61016, 0.05819
0.61171, 0.05805
0.61326, 0.05791
0.61481, 0.05777
0.61636, 0.05763
0.61790, 0.05749
0.61945, 0.05735
0.62099, 0.05721
0.62254, 0.05707
0.62408, 0.05693
0.62562, 0.05678
0.62716, 0.05663
0.62870, 0.05649
0.63023, 0.05634
0.63177, 0.05619
0.63331, 0.05604
0.63484, 0.05589
0.63637, 0.05574
0.63790, 0.05559
0.63943, 0.05544
0.64096, 0.05528
0.64249, 0.05513
0.64401, 0.05497
0.64554, 0.05481
0.64706, 0.05466
0.64859, 0.05450
0.65015, 0.05434
0.65187, 0.05417
0.65416, 0.05397
0.65795, 0.05358
0.66445, 0.05242
0.67334, 0.04936
0.68158, 0.04457
0.68656, 0.04043
0.68803, 0.03888
0.68605, 0.04021
0.68097, 0.04296
0.67530, 0.04481
0.67195, 0.04531
0.67122, 0.04525
0.67195, 0.04509
0.67324, 0.04490
0.67468, 0.04471
0.67615, 0.04452
0.67763, 0.04432
0.67910, 0.04413
0.68057, 0.04393
0.68204, 0.04374
0.68351, 0.04355
0.68497, 0.04335
0.68644, 0.04316
0.68790, 0.04296
0.68936, 0.04276
0.69081, 0.04257
0.69227, 0.04237
0.69372, 0.04217
0.69518, 0.04198
0.69663, 0.04178
0.69807, 0.04158
0.69952, 0.04138
0.70096, 0.04118
0.70241, 0.04099
0.70384, 0.04079
0.70528, 0.04059
0.70672, 0.04039
0.70815, 0.04019
0.70958, 0.03999
0.71101, 0.03979
0.71244, 0.03959
0.71386, 0.03939
0.71529, 0.03919
0.71671, 0.03898
0.71813, 0.03878
0.71954, 0.03858
0.72096, 0.03838
0.72237, 0.03818
0.72378, 0.03798
0.72518, 0.03777
0.72659, 0.03757
0.72799, 0.03737
0.72939, 0.03716
0.73079, 0.03696
0.73219, 0.03676
0.73358, 0.03655
0.73497, 0.03635
0.73636, 0.03615
0.73774, 0.03594
0.73913, 0.03574
0.74051, 0.03553
0.74189, 0.03533
0.74326, 0.03513
0.74464, 0.03492
0.74601, 0.03472
0.74738, 0.03451
0.74875, 0.03431
0.75011, 0.03410
0.75147, 0.03390
0.75283, 0.03369
0.75419, 0.03348
0.75554, 0.03328
0.75689, 0.03307
0.75824, 0.03287
0.75959, 0.03266
0.76093, 0.03246
0.76227, 0.03225
0.76361, 0.03204
0.76494, 0.03184
0.76628, 0.03163
0.76761, 0.03143
0.76893, 0.03122
0.77026, 0.03101
0.77158, 0.03081
0.77290, 0.03060
0.77422, 0.03040
0.77553, 0.03019
0.77684, 0.02998
0.77815, 0.02978
0.77945, 0.02957
0.78076, 0.02937
0.78206, 0.02916
0.78335, 0.02895
0.78465, 0.02875
0.78594, 0.02854
0.78723, 0.02834
0.78851, 0.02813
0.78980, 0.02792
0.79108, 0.02772
0.79235, 0.02751
0.79363, 0.02731
0.79490, 0.02710
0.79616, 0.02690
0.79743, 0.02669
0.79869, 0.02649
0.79995, 0.02628
0.80121, 0.02608
0.80246, 0.02587
0.80371, 0.02567
0.80496, 0.02546
0.80620, 0.02526
0.80744, 0.02505
0.80868, 0.02485
0.80991, 0.02464
0.81115, 0.02444
0.81237, 0.02424
0.81360, 0.02403
0.81482, 0.02383
0.81604, 0.02363
0.81726, 0.02342
0.81847, 0.02322
0.81968, 0.02302
0.82088, 0.02281
0.82209, 0.02261
0.82329, 0.02241
0.82448, 0.02221
0.82568, 0.02200
0.82687, 0.02180
0.82805, 0.02160
0.82924, 0.02140
0.83042, 0.02120
0.83160, 0.02100
0.83277, 0.02080
0.83394, 0.02060
0.83511, 0.02040
0.83627, 0.02020
0.83743, 0.02000
0.83859, 0.01980
0.83974, 0.01960
0.84089, 0.01940
0.84204, 0.01920
0.84318, 0.01900
0.84432, 0.01881
0.84546, 0.01861
0.84659, 0.01841
0.84772, 0.01821
0.84885, 0.01802
0.84997, 0.01782
0.85109, 0.01762
0.85221, 0.01743
0.85332, 0.01723
0.85443, 0.01704
0.85554, 0.01684
0.85664, 0.01665
0.85774, 0.01645
0.85883, 0.01626
0.85992, 0.01607
0.86101, 0.01587
0.86209, 0.01568
0.86317, 0.01549
0.86425, 0.01530
0.86532, 0.01511
0.86639, 0.01491
0.86746, 0.01472
0.86852, 0.01453
0.86958, 0.01434
0.87064, 0.01415
0.87169, 0.01396
0.87274, 0.01377
0.87378, 0.01359
0.87482, 0.01340
0.87586, 0.01321
0.87689, 0.01302
0.87792, 0.01284
0.87894, 0.01265
0.87997, 0.01246
0.88098, 0.01228
0.88200, 0.01209
0.88301, 0.01191
0.88402, 0.01172
0.88502, 0.01154
0.88602, 0.01136
0.88701, 0.01117
0.88800, 0.01099
0.88899, 0.01081
0.88998, 0.01063
0.89095, 0.01045
0.89193, 0.01027
0.89290, 0.01009
0.89387, 0.00991
0.89484, 0.00973
0.89580, 0.00955
0.89675, 0.00937
0.89770, 0.00920
0.89865, 0.00902
0.89960, 0.00884
0.90054, 0.00867
0.90148, 0.00849
0.90241, 0.00832
0.90334, 0.00814
0.90426, 0.00797
0.90518, 0.00780
0.90610, 0.00762
0.90701, 0.00745
0.90792, 0.00728
0.90883, 0.00711
0.90973, 0.00694
0.91062, 0.00677
0.91152, 0.00660
0.91241, 0.00643
0.91329, 0.00626
0.91417, 0.00610
0.91505, 0.00593
0.91592, 0.00576
0.91679, 0.00560
0.91765, 0.00543
0.91851, 0.00527
0.91937, 0.00511
0.92022, 0.00494
0.92107, 0.00478
0.92191, 0.00462
0.92275, 0.00446
0.92359, 0.00430
0.92442, 0.00414
0.92524, 0.00398
0.92607, 0.00382
0.92688, 0.00366
0.92770, 0.00350
0.92851, 0.00335
0.92931, 0.00319
0.93012, 0.00304
0.93091, 0.00288
0.93171, 0.00273
0.93249, 0.00257
0.93328, 0.00242
0.93406, 0.00227
0.93484, 0.00212
0.93561, 0.00197
0.93637, 0.00182
0.93714, 0.00167
0.93790, 0.00152
0.93865, 0.00137
0.93940, 0.00123
0.94015, 0.00108
0.94089, 0.00093
0.94163, 0.00079
0.94236, 0.00064
0.94309, 0.00050
0.94381, 0.00036
0.94453, 0.00022
0.94525, 0.00008
0.94596, -0.00007
0.94666, -0.00021
0.94737, -0.00034
0.94807, -0.00048
0.94876, -0.00062
0.94945, -0.00076
0.95013, -0.00089
0.95081, -0.00103
0.95149, -0.00116
0.95216, -0.00130
0.95283, -0.00143
0.95349, -0.00156
0.95415, -0.00169
0.95480, -0.00182
0.95545, -0.00195
0.95609, -0.00208
0.95673, -0.00221
0.95737, -0.00234
0.95800, -0.00246
0.95863, -0.00259
0.95925, -0.00271
0.95987, -0.00284
0.96048, -0.00296
0.96109, -0.00308
0.96169, -0.00320
0.96229, -0.00332
0.96289, -0.00344
0.96348, -0.00356
0.96406, -0.00368
0.96465, -0.00380
0.96522, -0.00392
0.96579, -0.00403
0.96636, -0.00415
0.96692, -0.00426
0.96748, -0.00437
0.96804, -0.00449
0.96859, -0.00460
0.96913, -0.00471
0.96967, -0.00482
0.97021, -0.00493
0.97074, -0.00503
0.97126, -0.00514
0.97178, -0.00525
0.97230, -0.00535
0.97281, -0.00546
0.97332, -0.00556
0.97382, -0.00566
0.97432, -0.00577
0.97482, -0.00587
0.97531, -0.00597
0.97579, -0.00607
0.97627, -0.00616
0.97675, -0.00626
0.97722, -0.00636
0.97768, -0.00645
0.97814, -0.00655
0.97860, -0.00664
0.97905, -0.00673
0.97950, -0.00683
0.97994, -0.00692
0.98038, -0.00701
0.98081, -0.00710
0.98124, -0.00718
0.98166, -0.00727
0.98208, -0.00736
0.98249, -0.00744
0.98290, -0.00753
0.98331, -0.00761
0.98371, -0.00769
0.98410, -0.00778
0.98449, -0.00786
0.98488, -0.00794
0.98526, -0.00801
0.98563, -0.00809
0.98601, -0.00817
0.98637, -0.00825
0.98673, -0.00832
0.98709, -0.00839
0.98744, -0.00847
0.98779, -0.00854
0.98813, -0.00861
0.98847, -0.00868
0.98880, -0.00875
0.98913, -0.00882
0.98946, -0.00889
0.98977, -0.00895
0.99009, -0.00902
0.99040, -0.00908
0.99070, -0.00914
0.99100, -0.00921
0.99130, -0.00927
0.99159, -0.00933
0.99187, -0.00939
0.99215, -0.00945
0.99243, -0.00950
0.99270, -0.00956
0.99296, -0.00962
0.99322, -0.00967
0.99348, -0.00972
0.99373, -0.00978
0.99398, -0.00983
0.99422, -0.00988
0.99445, -0.00993
0.99469, -0.00998
0.99491, -0.01002
0.99514, -0.01007
0.99535, -0.01012
0.99556, -0.01016
0.99577, -0.01020
0.99598, -0.01025
0.99617, -0.01029
0.99637, -0.01033
0.99655, -0.01037
0.99674, -0.01041
0.99692, -0.01044
0.99709, -0.01048
0.99726, -0.01052
0.99742, -0.01055
0.99758, -0.01058
0.99773, -0.01062
0.99788, -0.01065
0.99803, -0.01068
0.99817, -0.01071
0.99830, -0.01073
0.99843, -0.01076
0.99856, -0.01079
0.99868, -0.01081
0.99879, -0.01084
0.99890, -0.01086
0.99901, -0.01088
0.99911, -0.01090
0.99920, -0.01092
0.99929, -0.01094
0.99938, -0.01096
0.99946, -0.01098
0.99954, -0.01099
0.99961, -0.01101
0.99967, -0.01102
0.99973, -0.01104
0.99979, -0.01105
0.99984, -0.01106
0.99989, -0.01107
0.99993, -0.01108
0.99997, -0.01108
1.00000, -0.01109
1.00003, -0.01110
1.00005, -0.01110
1.00007, -0.01111
1.00008, -0.01111
1.00013, -0.01111
1.00014, -0.01112

=== Lower Surface ===
0.00000, -0.00943
0.00005, -0.00970
0.00007, -0.00998
0.00011, -0.01026
0.00015, -0.01053
0.00020, -0.01081
0.00026, -0.01108
0.00032, -0.01136
0.00038, -0.01163
0.00045, -0.01190
0.00052, -0.01217
0.00060, -0.01244
0.00069, -0.01271
0.00078, -0.01298
0.00087, -0.01324
0.00097, -0.01351
0.00107, -0.01377
0.00118, -0.01404
0.00130, -0.01430
0.00142, -0.01456
0.00154, -0.01483
0.00167, -0.01509
0.00180, -0.01535
0.00194, -0.01561
0.00208, -0.01586
0.00223, -0.01612
0.00238, -0.01638
0.00254, -0.01663
0.00270, -0.01689
0.00287, -0.01714
0.00304, -0.01739
0.00322, -0.01765
0.00340, -0.01790
0.00359, -0.01815
0.00378, -0.01840
0.00397, -0.01865
0.00417, -0.01889
0.00438, -0.01914
0.00459, -0.01938
0.00481, -0.01963
0.00503, -0.01987
0.00525, -0.02012
0.00548, -0.02036
0.00572, -0.02060
0.00596, -0.02084
0.00620, -0.02108
0.00645, -0.02132
0.00670, -0.02156
0.00696, -0.02179
0.00723, -0.02203
0.00750, -0.02226
0.00777, -0.02250
0.00805, -0.02273
0.00833, -0.02296
0.00862, -0.02319
0.00891, -0.02343
0.00921, -0.02365
0.00951, -0.02388
0.00982, -0.02411
0.01013, -0.02434
0.01044, -0.02456
0.01077, -0.02479
0.01109, -0.02501
0.01142, -0.02524
0.01176, -0.02546
0.01210, -0.02568
0.01244, -0.02590
0.01279, -0.02612
0.01315, -0.02634
0.01350, -0.02656
0.01387, -0.02677
0.01424, -0.02699
0.01461, -0.02720
0.01499, -0.02742
0.01537, -0.02763
0.01576, -0.02784
0.01615, -0.02805
0.01655, -0.02826
0.01695, -0.02847
0.01735, -0.02868
0.01776, -0.02889
0.01818, -0.02910
0.01860, -0.02930
0.01902, -0.02951
0.01945, -0.02971
0.01989, -0.02991
0.02032, -0.03012
0.02077, -0.03032
0.02122, -0.03052
0.02167, -0.03072
0.02213, -0.03091
0.02259, -0.03111
0.02305, -0.03131
0.02352, -0.03150
0.02400, -0.03170
0.02448, -0.03189
0.02496, -0.03208
0.02545, -0.03228
0.02595, -0.03247
0.02645, -0.03266
0.02695, -0.03285
0.02746, -0.03303
0.02797, -0.03322
0.02849, -0.03341
0.02901, -0.03359
0.02953, -0.03378
0.03006, -0.03396
0.03060, -0.03414
0.03114, -0.03432
0.03168, -0.03450
0.03223, -0.03468
0.03278, -0.03486
0.03334, -0.03504
0.03390, -0.03522
0.03447, -0.03539
0.03504, -0.03557
0.03561, -0.03574
0.03619, -0.03591
0.03678, -0.03609
0.03737, -0.03626
0.03796, -0.03643
0.03856, -0.03660
0.03916, -0.03676
0.03976, -0.03693
0.04038, -0.03710
0.04099, -0.03726
0.04161, -0.03743
0.04223, -0.03759
0.04286, -0.03775
0.04350, -0.03791
0.04413, -0.03808
0.04477, -0.03824
0.04542, -0.03839
0.04607, -0.03855
0.04672, -0.03871
0.04738, -0.03886
0.04805, -0.03902
0.04871, -0.03917
0.04939, -0.03933
0.05006, -0.03948
0.05074, -0.03963
0.05143, -0.03978
0.05212, -0.03993
0.05281, -0.04008
0.05351, -0.04022
0.05421, -0.04037
0.05492, -0.04051
0.05563, -0.04066
0.05634, -0.04080
0.05706, -0.04094
0.05778, -0.04109
0.05851, -0.04123
0.05924, -0.04137
0.05998, -0.04150
0.06072, -0.04164
0.06146, -0.04178
0.06221, -0.04191
0.06296, -0.04205
0.06372, -0.04218
0.06448, -0.04232
0.06525, -0.04245
0.06602, -0.04258
0.06679, -0.04271
0.06757, -0.04284
0.06835, -0.04296
0.06914, -0.04309
0.06993, -0.04322
0.07072, -0.04334
0.07152, -0.04347
0.07232, -0.04359
0.07313, -0.04371
0.07394, -0.04383
0.07475, -0.04395
0.07557, -0.04407
0.07639, -0.04419
0.07722, -0.04431
0.07805, -0.04443
0.07888, -0.04454
0.07972, -0.04466
0.08056, -0.04477
0.08141, -0.04488
0.08226, -0.04499
0.08312, -0.04511
0.08397, -0.04522
0.08484, -0.04532
0.08570, -0.04543
0.08657, -0.04554
0.08745, -0.04565
0.08833, -0.04575
0.08921, -0.04585
0.09009, -0.04596
0.09098, -0.04606
0.09188, -0.04616
0.09277, -0.04626
0.09368, -0.04636
0.09458, -0.04646
0.09549, -0.04656
0.09640, -0.04665
0.09732, -0.04675
0.09824, -0.04684
0.09917, -0.04694
0.10009, -0.04703
0.10103, -0.04712
0.10196, -0.04721
0.10290, -0.04730
0.10384, -0.04739
0.10479, -0.04748
0.10574, -0.04757
0.10670, -0.04766
0.10766, -0.04774
0.10862, -0.04783
0.10958, -0.04791
0.11055, -0.04799
0.11153, -0.04807
0.11250, -0.04815
0.11348, -0.04823
0.11447, -0.04831
0.11546, -0.04839
0.11645, -0.04847
0.11744, -0.04854
0.11844, -0.04862
0.11944, -0.04869
0.12045, -0.04877
0.12146, -0.04884
0.12247, -0.04891
0.12349, -0.04898
0.12451, -0.04905
0.12553, -0.04912
0.12656, -0.04919
0.12759, -0.04926
0.12862, -0.04932
0.12966, -0.04939
0.13070, -0.04945
0.13175, -0.04952
0.13280, -0.04958
0.13385, -0.04964
0.13490, -0.04970
0.13596, -0.04976
0.13702, -0.04982
0.13809, -0.04988
0.13916, -0.04994
0.14023, -0.04999
0.14131, -0.05005
0.14239, -0.05011
0.14347, -0.05016
0.14455, -0.05021
0.14564, -0.05026
0.14674, -0.05032
0.14783, -0.05037
0.14893, -0.05042
0.15003, -0.05047
0.15114, -0.05051
0.15225, -0.05056
0.15336, -0.05061
0.15447, -0.05065
0.15559, -0.05070
0.15671, -0.05074
0.15784, -0.05078
0.15897, -0.05083
0.16010, -0.05087
0.16123, -0.05091
0.16237, -0.05095
0.16351, -0.05099
0.16465, -0.05103
0.16580, -0.05106
0.16695, -0.05110
0.16810, -0.05114
0.16926, -0.05117
0.17042, -0.05121
0.17158, -0.05124
0.17275, -0.05127
0.17392, -0.05130
0.17509, -0.05134
0.17626, -0.05137
0.17744, -0.05140
0.17862, -0.05142
0.17980, -0.05145
0.18099, -0.05148
0.18218, -0.05151
0.18337, -0.05153
0.18457, -0.05156
0.18576, -0.05158
0.18696, -0.05161
0.18817, -0.05163
0.18938, -0.05165
0.19058, -0.05167
0.19180, -0.05170
0.19301, -0.05172
0.19423, -0.05174
0.19545, -0.05175
0.19668, -0.05177
0.19790, -0.05179
0.19913, -0.05181
0.20036, -0.05182
0.20160, -0.05184
0.20284, -0.05185
0.20408, -0.05187
0.20532, -0.05188
0.20657, -0.05190
0.20782, -0.05191
0.20907, -0.05192
0.21032, -0.05193
0.21158, -0.05194
0.21284, -0.05195
0.21411, -0.05196
0.21537, -0.05197
0.21664, -0.05198
0.21792, -0.05198
0.21919, -0.05199
0.22047, -0.05200
0.22175, -0.05200
0.22304, -0.05201
0.22432, -0.05201
0.22561, -0.05201
0.22690, -0.05202
0.22820, -0.05202
0.22950, -0.05202
0.23080, -0.05202
0.23210, -0.05202
0.23341, -0.05202
0.23472, -0.05202
0.23603, -0.05201
0.23734, -0.05201
0.23866, -0.05201
0.23998, -0.05200
0.24130, -0.05200
0.24263, -0.05199
0.24395, -0.05199
0.24528, -0.05198
0.24662, -0.05197
0.24795, -0.05197
0.24929, -0.05196
0.25063, -0.05195
0.25197, -0.05194
0.25332, -0.05193
0.25467, -0.05192
0.25602, -0.05190
0.25737, -0.05189
0.25873, -0.05188
0.26009, -0.05186
0.26145, -0.05185
0.26281, -0.05183
0.26418, -0.05182
0.26555, -0.05180
0.26692, -0.05178
0.26829, -0.05177
0.26967, -0.05175
0.27104, -0.05173
0.27242, -0.05171
0.27381, -0.05169
0.27519, -0.05167
0.27658, -0.05165
0.27797, -0.05162
0.27936, -0.05160
0.28075, -0.05158
0.28215, -0.05155
0.28354, -0.05153
0.28494, -0.05150
0.28635, -0.05147
0.28775, -0.05145
0.28916, -0.05142
0.29056, -0.05139
0.29197, -0.05136
0.29339, -0.05133
0.29480, -0.05130
0.29622, -0.05127
0.29764, -0.05124
0.29906, -0.05121
0.30048, -0.05118
0.30190, -0.05114
0.30333, -0.05111
0.30476, -0.05108
0.30619, -0.05104
0.30762, -0.05101
0.30905, -0.05097
0.31049, -0.05093
0.31193, -0.05090
0.31336, -0.05086
0.31481, -0.05082
0.31625, -0.05078
0.31769, -0.05074
0.31914, -0.05070
0.32059, -0.05066
0.32204, -0.05062
0.32349, -0.05058
0.32495, -0.05054
0.32640, -0.05049
0.32786, -0.05045
0.32933, -0.05041
0.33080, -0.05036
0.33227, -0.05032
0.33376, -0.05027
0.33525, -0.05022
0.33674, -0.05017
0.33823, -0.05012
0.33973, -0.05007
0.34122, -0.05002
0.34272, -0.04997
0.34422, -0.04991
0.34572, -0.04986
0.34723, -0.04980
0.34873, -0.04974
0.35023, -0.04968
0.35174, -0.04962
0.35325, -0.04956
0.35476, -0.04950
0.35627, -0.04944
0.35778, -0.04938
0.35929, -0.04931
0.36080, -0.04924
0.36232, -0.04918
0.36383, -0.04911
0.36535, -0.04904
0.36686, -0.04897
0.36838, -0.04890
0.36990, -0.04883
0.37142, -0.04876
0.37294, -0.04868
0.37447, -0.04861
0.37599, -0.04853
0.37751, -0.04845
0.37904, -0.04838
0.38057, -0.04830
0.38209, -0.04822
0.38362, -0.04814
0.38515, -0.04806
0.38668, -0.04798
0.38821, -0.04790
0.38974, -0.04781
0.39128, -0.04773
0.39281, -0.04764
0.39435, -0.04756
0.39588, -0.04747
0.39742, -0.04738
0.39895, -0.04730
0.40049, -0.04721
0.40203, -0.04712
0.40357, -0.04703
0.40511, -0.04694
0.40665, -0.04684
0.40819, -0.04675
0.40973, -0.04666
0.41128, -0.04656
0.41282, -0.04647
0.41437, -0.04637
0.41591, -0.04628
0.41746, -0.04618
0.41900, -0.04608
0.42055, -0.04599
0.42210, -0.04589
0.42365, -0.04579
0.42519, -0.04569
0.42674, -0.04559
0.42829, -0.04549
0.42984, -0.04538
0.43139, -0.04528
0.43295, -0.04518
0.43450, -0.04507
0.43605, -0.04497
0.43760, -0.04487
0.43916, -0.04476
0.44071, -0.04465
0.44227, -0.04455
0.44382, -0.04444
0.44538, -0.04433
0.44693, -0.04423
0.44849, -0.04412
0.45005, -0.04401
0.45160, -0.04390
0.45316, -0.04379
0.45472, -0.04368
0.45628, -0.04357
0.45783, -0.04346
0.45939, -0.04334
0.46095, -0.04323
0.46251, -0.04312
0.46407, -0.04300
0.46563, -0.04289
0.46719, -0.04278
0.46875, -0.04266
0.47031, -0.04255
0.47187, -0.04243
0.47343, -0.04232
0.47499, -0.04220
0.47655, -0.04208
0.47812, -0.04197
0.47968, -0.04185
0.48124, -0.04173
0.48280, -0.04161
0.48436, -0.04150
0.48592, -0.04138
0.48749, -0.04126
0.48905, -0.04114
0.49061, -0.04102
0.49217, -0.04090
0.49373, -0.04078
0.49530, -0.04066
0.49686, -0.04054
0.49842, -0.04042
0.49998, -0.04029
0.50154, -0.04017
0.50311, -0.04005
0.50467, -0.03993
0.50623, -0.03981
0.50779, -0.03968
0.50935, -0.03956
0.51091, -0.03944
0.51247, -0.03931
0.51403, -0.03919
0.51559, -0.03907
0.51715, -0.03894
0.51871, -0.03882
0.52027, -0.03869
0.52183, -0.03857
0.52339, -0.03844
0.52495, -0.03832
0.52651, -0.03819
0.52807, -0.03807
0.52962, -0.03794
0.53118, -0.03782
0.53274, -0.03769
0.53429, -0.03757
0.53585, -0.03744
0.53741, -0.03731
0.53896, -0.03719
0.54051, -0.03706
0.54207, -0.03694
0.54362, -0.03681
0.54518, -0.03668
0.54673, -0.03656
0.54828, -0.03643
0.54983, -0.03630
0.55138, -0.03618
0.55293, -0.03605
0.55448, -0.03592
0.55603, -0.03580
0.55758, -0.03567
0.55913, -0.03554
0.56068, -0.03542
0.56222, -0.03529
0.56377, -0.03516
0.56531, -0.03504
0.56686, -0.03491
0.56840, -0.03479
0.56994, -0.03466
0.57148, -0.03453
0.57303, -0.03441
0.57457, -0.03428
0.57611, -0.03416
0.57764, -0.03403
0.57918, -0.03390
0.58072, -0.03378
0.58225, -0.03365
0.58379, -0.03353
0.58532, -0.03340
0.58686, -0.03328
0.58839, -0.03315
0.58992, -0.03303
0.59145, -0.03290
0.59298, -0.03278
0.59451, -0.03266
0.59603, -0.03253
0.59756, -0.03241
0.59909, -0.03229
0.60061, -0.03216
0.60213, -0.03204
0.60365, -0.03192
0.60518, -0.03179
0.60670, -0.03167
0.60821, -0.03155
0.60973, -0.03143
0.61125, -0.03131
0.61276, -0.03119
0.61428, -0.03107
0.61579, -0.03095
0.61730, -0.03083
0.61881, -0.03071
0.62032, -0.03059
0.62183, -0.03047
0.62333, -0.03035
0.62484, -0.03023
0.62634, -0.03012
0.62784, -0.03000
0.62934, -0.02988
0.63084, -0.02977
0.63234, -0.02965
0.63384, -0.02953
0.63533, -0.02942
0.63683, -0.02931
0.63832, -0.02919
0.63981, -0.02908
0.64130, -0.02896
0.64279, -0.02885
0.64428, -0.02874
0.64576, -0.02863
0.64724, -0.02852
0.64868, -0.02840
0.64996, -0.02829
0.65067, -0.02817
0.64987, -0.02796
0.64637, -0.02722
0.64046, -0.02510
0.63520, -0.02200
0.63320, -0.02032
0.63471, -0.02155
0.63967, -0.02535
0.64772, -0.02984
0.65636, -0.03267
0.66267, -0.03364
0.66636, -0.03381
0.66859, -0.03378
0.67026, -0.03371
0.67177, -0.03362
0.67325, -0.03354
0.67472, -0.03346
0.67618, -0.03337
0.67765, -0.03329
0.67912, -0.03321
0.68058, -0.03313
0.68204, -0.03304
0.68350, -0.03296
0.68496, -0.03288
0.68642, -0.03279
0.68787, -0.03271
0.68932, -0.03263
0.69077, -0.03255
0.69222, -0.03246
0.69367, -0.03238
0.69512, -0.03230
0.69656, -0.03222
0.69800, -0.03213
0.69944, -0.03205
0.70088, -0.03197
0.70232, -0.03189
0.70375, -0.03181
0.70518, -0.03172
0.70661, -0.03164
0.70804, -0.03156
0.70947, -0.03148
0.71089, -0.03140
0.71231, -0.03132
0.71373, -0.03124
0.71515, -0.03116
0.71657, -0.03107
0.71798, -0.03099
0.71939, -0.03091
0.72080, -0.03083
0.72221, -0.03075
0.72361, -0.03067
0.72502, -0.03059
0.72642, -0.03051
0.72782, -0.03043
0.72921, -0.03035
0.73061, -0.03027
0.73200, -0.03019
0.73339, -0.03011
0.73478, -0.03003
0.73616, -0.02995
0.73755, -0.02987
0.73893, -0.02979
0.74031, -0.02971
0.74168, -0.02964
0.74306, -0.02956
0.74443, -0.02948
0.74580, -0.02940
0.74716, -0.02932
0.74853, -0.02924
0.74989, -0.02916
0.75125, -0.02909
0.75261, -0.02901
0.75396, -0.02893
0.75531, -0.02885
0.75666, -0.02877
0.75801, -0.02870
0.75936, -0.02862
0.76070, -0.02854
0.76204, -0.02846
0.76338, -0.02839
0.76471, -0.02831
0.76604, -0.02823
0.76737, -0.02816
0.76870, -0.02808
0.77002, -0.02800
0.77135, -0.02793
0.77266, -0.02785
0.77398, -0.02777
0.77529, -0.02770
0.77661, -0.02762
0.77791, -0.02755
0.77922, -0.02747
0.78052, -0.02739
0.78182, -0.02732
0.78312, -0.02724
0.78442, -0.02717
0.78571, -0.02709
0.78700, -0.02702
0.78828, -0.02694
0.78957, -0.02687
0.79085, -0.02680
0.79212, -0.02672
0.79340, -0.02665
0.79467, -0.02657
0.79594, -0.02650
0.79721, -0.02642
0.79847, -0.02635
0.79973, -0.02628
0.80099, -0.02620
0.80224, -0.02613
0.80350, -0.02606
0.80474, -0.02598
0.80599, -0.02591
0.80723, -0.02584
0.80847, -0.02577
0.80971, -0.02569
0.81094, -0.02562
0.81217, -0.02555
0.81340, -0.02548
0.81463, -0.02540
0.81585, -0.02533
0.81707, -0.02526
0.81828, -0.02519
0.81949, -0.02512
0.82070, -0.02505
0.82191, -0.02498
0.82311, -0.02490
0.82431, -0.02483
0.82551, -0.02476
0.82670, -0.02469
0.82789, -0.02462
0.82908, -0.02455
0.83026, -0.02448
0.83144, -0.02441
0.83262, -0.02434
0.83379, -0.02427
0.83496, -0.02420
0.83613, -0.02413
0.83730, -0.02406
0.83846, -0.02399
0.83961, -0.02392
0.84077, -0.02386
0.84192, -0.02379
0.84307, -0.02372
0.84421, -0.02365
0.84535, -0.02358
0.84649, -0.02351
0.84762, -0.02345
0.84875, -0.02338
0.84988, -0.02331
0.85100, -0.02324
0.85212, -0.02318
0.85324, -0.02311
0.85435, -0.02304
0.85546, -0.02297
0.85657, -0.02291
0.85767, -0.02284
0.85877, -0.02278
0.85986, -0.02271
0.86095, -0.02264
0.86204, -0.02258
0.86313, -0.02251
0.86421, -0.02245
0.86529, -0.02238
0.86636, -0.02232
0.86743, -0.02225
0.86850, -0.02219
0.86956, -0.02212
0.87062, -0.02206
0.87168, -0.02199
0.87273, -0.02193
0.87378, -0.02186
0.87482, -0.02180
0.87586, -0.02174
0.87690, -0.02167
0.87793, -0.02161
0.87896, -0.02155
0.87999, -0.02148
0.88101, -0.02142
0.88203, -0.02136
0.88304, -0.02129
0.88405, -0.02123
0.88506, -0.02117
0.88607, -0.02111
0.88706, -0.02105
0.88806, -0.02098
0.88905, -0.02092
0.89004, -0.02086
0.89102, -0.02080
0.89201, -0.02074
0.89298, -0.02068
0.89395, -0.02062
0.89492, -0.02056
0.89589, -0.02050
0.89685, -0.02044
0.89781, -0.02038
0.89876, -0.02032
0.89971, -0.02026
0.90065, -0.02020
0.90159, -0.02014
0.90253, -0.02008
0.90346, -0.02003
0.90439, -0.01997
0.90532, -0.01991
0.90624, -0.01985
0.90716, -0.01979
0.90807, -0.01974
0.90898, -0.01968
0.90988, -0.01962
0.91078, -0.01956
0.91168, -0.01951
0.91257, -0.01945
0.91346, -0.01939
0.91435, -0.01934
0.91523, -0.01928
0.91610, -0.01923
0.91698, -0.01917
0.91784, -0.01912
0.91871, -0.01906
0.91957, -0.01901
0.92042, -0.01895
0.92127, -0.01890
0.92212, -0.01884
0.92296, -0.01879
0.92380, -0.01874
0.92464, -0.01868
0.92547, -0.01863
0.92629, -0.01858
0.92712, -0.01852
0.92793, -0.01847
0.92875, -0.01842
0.92956, -0.01837
0.93036, -0.01831
0.93116, -0.01826
0.93196, -0.01821
0.93275, -0.01816
0.93354, -0.01811
0.93432, -0.01806
0.93510, -0.01801
0.93588, -0.01796
0.93665, -0.01791
0.93741, -0.01786
0.93817, -0.01781
0.93893, -0.01776
0.93969, -0.01771
0.94043, -0.01766
0.94118, -0.01761
0.94192, -0.01756
0.94265, -0.01752
0.94338, -0.01747
0.94411, -0.01742
0.94483, -0.01737
0.94555, -0.01733
0.94627, -0.01728
0.94697, -0.01723
0.94768, -0.01719
0.94838, -0.01714
0.94908, -0.01709
0.94977, -0.01705
0.95045, -0.01700
0.95114, -0.01696
0.95181, -0.01691
0.95249, -0.01687
0.95316, -0.01682
0.95382, -0.01678
0.95448, -0.01674
0.95513, -0.01669
0.95579, -0.01665
0.95643, -0.01661
0.95707, -0.01656
0.95771, -0.01652
0.95834, -0.01648
0.95897, -0.01644
0.95959, -0.01640
0.96021, -0.01635
0.96083, -0.01631
0.96144, -0.01627
0.96204, -0.01623
0.96264, -0.01619
0.96324, -0.01615
0.96383, -0.01611
0.96442, -0.01607
0.96500, -0.01603
0.96558, -0.01599
0.96615, -0.01596
0.96672, -0.01592
0.96728, -0.01588
0.96784, -0.01584
0.96839, -0.01580
0.96894, -0.01577
0.96949, -0.01573
0.97003, -0.01569
0.97056, -0.01566
0.97109, -0.01562
0.97162, -0.01558
0.97214, -0.01555
0.97266, -0.01551
0.97317, -0.01548
0.97368, -0.01545
0.97418, -0.01541
0.97468, -0.01538
0.97517, -0.01534
0.97566, -0.01531
0.97614, -0.01528
0.97662, -0.01524
0.97709, -0.01521
0.97756, -0.01518
0.97803, -0.01515
0.97849, -0.01512
0.97894, -0.01509
0.97939, -0.01505
0.97984, -0.01502
0.98028, -0.01499
0.98071, -0.01496
0.98115, -0.01493
0.98157, -0.01490
0.98199, -0.01488
0.98241, -0.01485
0.98282, -0.01482
0.98323, -0.01479
0.98363, -0.01476
0.98403, -0.01473
0.98442, -0.01471
0.98481, -0.01468
0.98519, -0.01465
0.98557, -0.01463
0.98594, -0.01460
0.98631, -0.01458
0.98667, -0.01455
0.98703, -0.01453
0.98739, -0.01450
0.98774, -0.01448
0.98808, -0.01445
0.98842, -0.01443
0.98875, -0.01441
0.98908, -0.01438
0.98941, -0.01436
0.98973, -0.01434
0.99004, -0.01432
0.99035, -0.01430
0.99066, -0.01427
0.99096, -0.01425
0.99125, -0.01423
0.99154, -0.01421
0.99183, -0.01419
0.99211, -0.01417
0.99238, -0.01415
0.99265, -0.01414
0.99292, -0.01412
0.99318, -0.01410
0.99344, -0.01408
0.99369, -0.01406
0.99393, -0.01405
0.99417, -0.01403
0.99441, -0.01401
0.99464, -0.01400
0.99487, -0.01398
0.99509, -0.01396
0.99531, -0.01395
0.99552, -0.01393
0.99572, -0.01392
0.99593, -0.01391
0.99612, -0.01389
0.99631, -0.01388
0.99650, -0.01387
0.99668, -0.01385
0.99686, -0.01384
0.99703, -0.01383
0.99720, -0.01382
0.99736, -0.01380
0.99752, -0.01379
0.99767, -0.01378
0.99782, -0.01377
0.99796, -0.01376
0.99810, -0.01375
0.99823, -0.01374
0.99835, -0.01373
0.99848, -0.01373
0.99859, -0.01372
0.99871, -0.01371
0.99881, -0.01370
0.99892, -0.01369
0.99901, -0.01369
0.99911, -0.01368
0.99919, -0.01368
0.99928, -0.01367
0.99935, -0.01366
0.99942, -0.01366
0.99949, -0.01365
0.99955, -0.01365
0.99961, -0.01365
0.99966, -0.01364
0.99971, -0.01364
0.99975, -0.01364
0.99979, -0.01363
0.99982, -0.01363
0.99985, -0.01363
0.99987, -0.01363
0.99989, -0.01363
0.99990, -0.01362
0.99987, -0.01362
0.99986, -0.01362
