airfoil_points_625
1.000000 -0.011432
0.999748 -0.011379
0.998993 -0.011223
0.997736 -0.010963
0.995977 -0.010600
0.993719 -0.010135
0.990964 -0.009570
0.987715 -0.008908
0.983974 -0.008150
0.979746 -0.007299
0.975036 -0.006358
0.969846 -0.005330
0.964184 -0.004219
0.958054 -0.003028
0.951463 -0.001761
0.944418 -0.000423
0.936925 0.000983
0.928992 0.002452
0.920627 0.003979
0.911838 0.005559
0.902635 0.007188
0.893027 0.008862
0.883022 0.010574
0.872632 0.012320
0.861867 0.014095
0.850737 0.015894
0.839255 0.017713
0.827430 0.019545
0.815276 0.021384
0.802805 0.023223
0.790028 0.025054
0.776960 0.026869
0.763613 0.028659
0.750000 0.030417
0.736136 0.032137
0.722033 0.033826
0.707708 0.035491
0.693173 0.037141
0.678443 0.043940
0.663534 0.050067
0.648460 0.052123
0.633237 0.053530
0.617879 0.054824
0.602403 0.056005
0.586824 0.057075
0.571157 0.058039
0.555419 0.058904
0.539625 0.059676
0.523791 0.060360
0.507933 0.060963
0.492067 0.061490
0.476209 0.061943
0.460375 0.062326
0.444581 0.062640
0.428843 0.062884
0.413176 0.063058
0.397597 0.063162
0.382121 0.063194
0.366763 0.063156
0.351540 0.063046
0.336466 0.062867
0.321557 0.062604
0.306827 0.062188
0.292292 0.061601
0.277967 0.060842
0.263864 0.059911
0.250000 0.058809
0.236387 0.057547
0.223040 0.056140
0.209972 0.054600
0.197195 0.052940
0.184724 0.051171
0.172570 0.049301
0.160745 0.047333
0.149263 0.045272
0.138133 0.043122
0.127368 0.040887
0.116978 0.038573
0.106973 0.036184
0.097365 0.033726
0.088162 0.031206
0.079373 0.028628
0.071008 0.025999
0.063075 0.023324
0.055582 0.020609
0.048537 0.017859
0.041946 0.015078
0.035816 0.012273
0.030154 0.009448
0.024964 0.006608
0.020254 0.003756
0.016026 0.000899
0.012285 -0.001961
0.009036 -0.004818
0.006281 -0.007668
0.004023 -0.010504
0.002264 -0.013317
0.001007 -0.016081
0.000252 -0.018701
0.000000 -0.020317
0.000252 -0.025203
0.001007 -0.027724
0.002264 -0.030289
0.004023 -0.032799
0.006281 -0.035230
0.009036 -0.037572
0.012285 -0.039821
0.016026 -0.041973
0.020254 -0.044025
0.024964 -0.045976
0.030154 -0.047822
0.035816 -0.049562
0.041946 -0.051193
0.048537 -0.052714
0.055582 -0.054123
0.063075 -0.055419
0.071008 -0.056600
0.079373 -0.057666
0.088162 -0.058615
0.097365 -0.059447
0.106973 -0.060163
0.116978 -0.060763
0.127368 -0.061248
0.138133 -0.061620
0.149263 -0.061880
0.160745 -0.062029
0.172570 -0.062069
0.184724 -0.062003
0.197195 -0.061833
0.209972 -0.061562
0.223040 -0.061200
0.236387 -0.060759
0.250000 -0.060255
0.263864 -0.059705
0.277967 -0.059126
0.292292 -0.058528
0.306827 -0.057915
0.321557 -0.057288
0.336466 -0.056644
0.351540 -0.055919
0.366763 -0.055088
0.382121 -0.054158
0.397597 -0.053137
0.413176 -0.052029
0.428843 -0.050843
0.444581 -0.049582
0.460375 -0.048255
0.476209 -0.046867
0.492067 -0.045429
0.507933 -0.043948
0.523791 -0.042436
0.539625 -0.040906
0.555419 -0.039370
0.571157 -0.037843
0.586824 -0.036339
0.602403 -0.034871
0.617879 -0.033453
0.633237 -0.024494
0.648460 -0.034991
0.663534 -0.039146
0.678443 -0.038632
0.693173 -0.037469
0.707708 -0.036289
0.722033 -0.035109
0.736136 -0.033943
0.750000 -0.032806
0.763613 -0.031708
0.776960 -0.030651
0.790028 -0.029632
0.802805 -0.028647
0.815276 -0.027696
0.827430 -0.026776
0.839255 -0.025884
0.850737 -0.025020
0.861867 -0.024186
0.872632 -0.023380
0.883022 -0.022605
0.893027 -0.021859
0.902635 -0.021145
0.911838 -0.020462
0.920627 -0.019811
0.928992 -0.019192
0.936925 -0.018606
0.944418 -0.018053
0.951463 -0.017533
0.958054 -0.017047
0.964184 -0.016595
0.969846 -0.016178
0.975036 -0.015796
0.979746 -0.015449
0.983974 -0.015137
0.987715 -0.014862
0.990964 -0.014623
0.993719 -0.014420
0.995977 -0.014254
0.997736 -0.014124
0.998993 -0.014031
0.999748 -0.013976
1.000000 -0.013959
