=== Airfoil Parameters ===
m = 0.02
p = 0.4
t = 0.12

=== Control Points ===
0.00000, 0.01850, 0.01850
0.06667, 0.02320, 0.01709
0.13333, 0.02555, 0.01444
0.20000, 0.02585, 0.01085
0.26667, 0.02449, 0.00671
0.66667, 0.01850, 0.00245
0.75000, 0.01166, -0.00153
0.83333, 0.00469, -0.00488
0.91667, -0.00212, -0.00729
1.00000, -0.00855, -0.00855

=== Upper Surface ===
0.00000, 0.01850
-0.00004, 0.01878
-0.00005, 0.01906
-0.00006, 0.01934
-0.00006, 0.01962
-0.00006, 0.01990
-0.00006, 0.02018
-0.00005, 0.02046
-0.00004, 0.02074
-0.00003, 0.02102
-0.00000, 0.02130
0.00002, 0.02158
0.00006, 0.02186
0.00009, 0.02214
0.00014, 0.02242
0.00018, 0.02270
0.00024, 0.02298
0.00029, 0.02326
0.00035, 0.02354
0.00042, 0.02382
0.00049, 0.02410
0.00057, 0.02438
0.00065, 0.02466
0.00074, 0.02494
0.00083, 0.02522
0.00093, 0.02550
0.00103, 0.02578
0.00114, 0.02606
0.00125, 0.02634
0.00137, 0.02662
0.00149, 0.02690
0.00162, 0.02718
0.00175, 0.02746
0.00189, 0.02774
0.00203, 0.02802
0.00218, 0.02830
0.00233, 0.02859
0.00249, 0.02887
0.00266, 0.02915
0.00282, 0.02943
0.00300, 0.02971
0.00317, 0.02999
0.00336, 0.03027
0.00355, 0.03055
0.00374, 0.03083
0.00394, 0.03111
0.00414, 0.03139
0.00435, 0.03167
0.00456, 0.03195
0.00478, 0.03223
0.00500, 0.03252
0.00523, 0.03280
0.00546, 0.03308
0.00570, 0.03336
0.00595, 0.03364
0.00619, 0.03392
0.00645, 0.03420
0.00671, 0.03448
0.00697, 0.03476
0.00724, 0.03504
0.00751, 0.03532
0.00779, 0.03560
0.00808, 0.03588
0.00836, 0.03616
0.00866, 0.03644
0.00896, 0.03672
0.00926, 0.03699
0.00957, 0.03727
0.00988, 0.03755
0.01020, 0.03783
0.01053, 0.03811
0.01086, 0.03839
0.01119, 0.03867
0.01153, 0.03895
0.01187, 0.03922
0.01222, 0.03950
0.01258, 0.03978
0.01294, 0.04006
0.01330, 0.04033
0.01367, 0.04061
0.01404, 0.04089
0.01442, 0.04117
0.01481, 0.04144
0.01520, 0.04172
0.01559, 0.04199
0.01599, 0.04227
0.01639, 0.04255
0.01680, 0.04282
0.01722, 0.04310
0.01763, 0.04337
0.01806, 0.04365
0.01849, 0.04392
0.01892, 0.04420
0.01936, 0.04447
0.01980, 0.04474
0.02025, 0.04502
0.02071, 0.04529
0.02117, 0.04556
0.02163, 0.04583
0.02210, 0.04611
0.02257, 0.04638
0.02305, 0.04665
0.02353, 0.04692
0.02402, 0.04719
0.02452, 0.04746
0.02502, 0.04773
0.02552, 0.04800
0.02603, 0.04827
0.02654, 0.04854
0.02706, 0.04881
0.02758, 0.04908
0.02811, 0.04934
0.02864, 0.04961
0.02918, 0.04988
0.02972, 0.05014
0.03027, 0.05041
0.03082, 0.05067
0.03138, 0.05094
0.03194, 0.05120
0.03251, 0.05147
0.03308, 0.05173
0.03366, 0.05199
0.03424, 0.05226
0.03482, 0.05252
0.03541, 0.05278
0.03601, 0.05304
0.03661, 0.05330
0.03722, 0.05356
0.03783, 0.05382
0.03844, 0.05408
0.03906, 0.05434
0.03969, 0.05460
0.04032, 0.05485
0.04095, 0.05511
0.04159, 0.05537
0.04223, 0.05562
0.04288, 0.05588
0.04354, 0.05613
0.04419, 0.05638
0.04486, 0.05664
0.04552, 0.05689
0.04620, 0.05714
0.04687, 0.05739
0.04756, 0.05764
0.04824, 0.05789
0.04893, 0.05814
0.04963, 0.05839
0.05033, 0.05864
0.05104, 0.05888
0.05175, 0.05913
0.05246, 0.05937
0.05318, 0.05962
0.05390, 0.05986
0.05463, 0.06011
0.05537, 0.06035
0.05611, 0.06059
0.05685, 0.06083
0.05759, 0.06107
0.05835, 0.06131
0.05910, 0.06155
0.05986, 0.06179
0.06063, 0.06202
0.06140, 0.06226
0.06218, 0.06249
0.06295, 0.06273
0.06374, 0.06296
0.06453, 0.06319
0.06532, 0.06343
0.06612, 0.06366
0.06692, 0.06389
0.06773, 0.06412
0.06854, 0.06434
0.06935, 0.06457
0.07017, 0.06480
0.07100, 0.06502
0.07183, 0.06525
0.07266, 0.06547
0.07350, 0.06569
0.07434, 0.06592
0.07519, 0.06614
0.07604, 0.06636
0.07689, 0.06657
0.07775, 0.06679
0.07862, 0.06701
0.07949, 0.06722
0.08036, 0.06744
0.08124, 0.06765
0.08212, 0.06787
0.08301, 0.06808
0.08390, 0.06829
0.08479, 0.06850
0.08569, 0.06871
0.08659, 0.06891
0.08750, 0.06912
0.08841, 0.06933
0.08933, 0.06953
0.09025, 0.06973
0.09117, 0.06993
0.09210, 0.07014
0.09304, 0.07034
0.09397, 0.07053
0.09492, 0.07073
0.09586, 0.07093
0.09681, 0.07112
0.09777, 0.07132
0.09872, 0.07151
0.09969, 0.07170
0.10065, 0.07189
0.10162, 0.07208
0.10260, 0.07227
0.10358, 0.07246
0.10456, 0.07264
0.10555, 0.07283
0.10654, 0.07301
0.10754, 0.07319
0.10853, 0.07337
0.10954, 0.07355
0.11055, 0.07373
0.11156, 0.07391
0.11257, 0.07408
0.11359, 0.07426
0.11462, 0.07443
0.11564, 0.07460
0.11667, 0.07478
0.11771, 0.07494
0.11875, 0.07511
0.11979, 0.07528
0.12084, 0.07545
0.12189, 0.07561
0.12294, 0.07577
0.12400, 0.07593
0.12507, 0.07610
0.12613, 0.07625
0.12720, 0.07641
0.12828, 0.07657
0.12935, 0.07672
0.13043, 0.07688
0.13152, 0.07703
0.13261, 0.07718
0.13370, 0.07733
0.13480, 0.07748
0.13590, 0.07762
0.13700, 0.07777
0.13811, 0.07791
0.13923, 0.07806
0.14034, 0.07820
0.14146, 0.07834
0.14259, 0.07847
0.14371, 0.07861
0.14485, 0.07875
0.14598, 0.07888
0.14712, 0.07901
0.14826, 0.07914
0.14941, 0.07927
0.15056, 0.07940
0.15172, 0.07953
0.15287, 0.07965
0.15404, 0.07978
0.15520, 0.07990
0.15637, 0.08002
0.15754, 0.08014
0.15872, 0.08025
0.15990, 0.08037
0.16109, 0.08048
0.16227, 0.08059
0.16347, 0.08070
0.16466, 0.08081
0.16586, 0.08092
0.16706, 0.08103
0.16827, 0.08113
0.16948, 0.08123
0.17069, 0.08133
0.17191, 0.08143
0.17313, 0.08153
0.17435, 0.08163
0.17558, 0.08172
0.17681, 0.08181
0.17805, 0.08190
0.17928, 0.08199
0.18053, 0.08208
0.18177, 0.08216
0.18302, 0.08225
0.18427, 0.08233
0.18553, 0.08241
0.18679, 0.08249
0.18805, 0.08256
0.18931, 0.08264
0.19058, 0.08271
0.19185, 0.08278
0.19313, 0.08285
0.19441, 0.08292
0.19569, 0.08298
0.19698, 0.08305
0.19827, 0.08311
0.19956, 0.08317
0.20085, 0.08322
0.20215, 0.08328
0.20345, 0.08333
0.20475, 0.08339
0.20606, 0.08344
0.20736, 0.08348
0.20867, 0.08353
0.20998, 0.08358
0.21129, 0.08362
0.21260, 0.08366
0.21392, 0.08370
0.21524, 0.08374
0.21655, 0.08378
0.21787, 0.08381
0.21920, 0.08384
0.22052, 0.08388
0.22184, 0.08391
0.22317, 0.08394
0.22450, 0.08396
0.22583, 0.08399
0.22716, 0.08401
0.22849, 0.08404
0.22983, 0.08406
0.23116, 0.08408
0.23250, 0.08410
0.23384, 0.08412
0.23518, 0.08413
0.23652, 0.08415
0.23786, 0.08416
0.23920, 0.08417
0.24055, 0.08419
0.24189, 0.08420
0.24324, 0.08421
0.24459, 0.08422
0.24594, 0.08422
0.24729, 0.08423
0.24864, 0.08424
0.24999, 0.08424
0.25135, 0.08424
0.25270, 0.08425
0.25406, 0.08425
0.25542, 0.08425
0.25677, 0.08425
0.25813, 0.08425
0.25949, 0.08425
0.26085, 0.08425
0.26221, 0.08425
0.26358, 0.08425
0.26494, 0.08425
0.26630, 0.08424
0.26767, 0.08424
0.26904, 0.08423
0.27041, 0.08423
0.27178, 0.08423
0.27315, 0.08422
0.27453, 0.08421
0.27591, 0.08421
0.27729, 0.08420
0.27867, 0.08419
0.28006, 0.08419
0.28145, 0.08418
0.28284, 0.08417
0.28423, 0.08416
0.28562, 0.08415
0.28702, 0.08414
0.28842, 0.08413
0.28982, 0.08412
0.29123, 0.08411
0.29264, 0.08410
0.29404, 0.08408
0.29546, 0.08407
0.29687, 0.08406
0.29829, 0.08404
0.29970, 0.08403
0.30112, 0.08402
0.30255, 0.08400
0.30397, 0.08399
0.30540, 0.08397
0.30683, 0.08395
0.30826, 0.08394
0.30969, 0.08392
0.31113, 0.08390
0.31256, 0.08388
0.31400, 0.08386
0.31545, 0.08384
0.31689, 0.08382
0.31833, 0.08380
0.31978, 0.08378
0.32123, 0.08376
0.32268, 0.08374
0.32414, 0.08372
0.32560, 0.08369
0.32705, 0.08367
0.32852, 0.08365
0.32998, 0.08362
0.33145, 0.08360
0.33292, 0.08357
0.33439, 0.08354
0.33587, 0.08352
0.33735, 0.08349
0.33883, 0.08346
0.34032, 0.08343
0.34180, 0.08340
0.34329, 0.08337
0.34478, 0.08334
0.34627, 0.08330
0.34776, 0.08327
0.34926, 0.08324
0.35075, 0.08320
0.35225, 0.08317
0.35375, 0.08313
0.35526, 0.08309
0.35676, 0.08305
0.35827, 0.08302
0.35977, 0.08298
0.36128, 0.08293
0.36280, 0.08289
0.36431, 0.08285
0.36582, 0.08281
0.36734, 0.08276
0.36886, 0.08272
0.37038, 0.08267
0.37190, 0.08263
0.37342, 0.08258
0.37495, 0.08253
0.37648, 0.08248
0.37800, 0.08243
0.37953, 0.08238
0.38107, 0.08233
0.38260, 0.08227
0.38413, 0.08222
0.38567, 0.08216
0.38721, 0.08211
0.38875, 0.08205
0.39029, 0.08199
0.39183, 0.08193
0.39337, 0.08187
0.39492, 0.08181
0.39646, 0.08175
0.39801, 0.08169
0.39956, 0.08162
0.40111, 0.08156
0.40266, 0.08149
0.40421, 0.08143
0.40577, 0.08136
0.40732, 0.08129
0.40888, 0.08122
0.41043, 0.08115
0.41199, 0.08107
0.41355, 0.08100
0.41511, 0.08093
0.41668, 0.08085
0.41824, 0.08077
0.41980, 0.08070
0.42137, 0.08062
0.42293, 0.08054
0.42450, 0.08046
0.42607, 0.08037
0.42764, 0.08029
0.42921, 0.08021
0.43078, 0.08012
0.43235, 0.08003
0.43392, 0.07995
0.43549, 0.07986
0.43707, 0.07977
0.43864, 0.07968
0.44022, 0.07959
0.44179, 0.07949
0.44337, 0.07940
0.44494, 0.07930
0.44652, 0.07921
0.44810, 0.07911
0.44968, 0.07901
0.45126, 0.07891
0.45284, 0.07881
0.45442, 0.07871
0.45600, 0.07860
0.45758, 0.07850
0.45916, 0.07839
0.46074, 0.07829
0.46232, 0.07818
0.46391, 0.07807
0.46549, 0.07796
0.46707, 0.07785
0.46866, 0.07774
0.47024, 0.07763
0.47182, 0.07751
0.47341, 0.07740
0.47499, 0.07728
0.47657, 0.07716
0.47816, 0.07704
0.47974, 0.07693
0.48133, 0.07681
0.48291, 0.07668
0.48450, 0.07656
0.48608, 0.07644
0.48766, 0.07631
0.48925, 0.07619
0.49083, 0.07606
0.49242, 0.07593
0.49400, 0.07581
0.49558, 0.07568
0.49717, 0.07555
0.49875, 0.07542
0.50033, 0.07528
0.50192, 0.07515
0.50350, 0.07502
0.50508, 0.07488
0.50666, 0.07475
0.50825, 0.07461
0.50983, 0.07447
0.51141, 0.07433
0.51299, 0.07420
0.51457, 0.07406
0.51615, 0.07392
0.51773, 0.07377
0.51931, 0.07363
0.52089, 0.07349
0.52246, 0.07334
0.52404, 0.07320
0.52562, 0.07305
0.52719, 0.07291
0.52877, 0.07276
0.53035, 0.07261
0.53192, 0.07247
0.53349, 0.07232
0.53507, 0.07217
0.53664, 0.07202
0.53821, 0.07186
0.53979, 0.07171
0.54136, 0.07156
0.54293, 0.07141
0.54450, 0.07125
0.54606, 0.07110
0.54763, 0.07095
0.54920, 0.07079
0.55077, 0.07063
0.55233, 0.07048
0.55390, 0.07032
0.55546, 0.07016
0.55703, 0.07000
0.55859, 0.06985
0.56015, 0.06969
0.56171, 0.06953
0.56327, 0.06937
0.56483, 0.06921
0.56639, 0.06905
0.56795, 0.06888
0.56951, 0.06872
0.57106, 0.06856
0.57262, 0.06840
0.57417, 0.06823
0.57573, 0.06807
0.57728, 0.06791
0.57883, 0.06774
0.58038, 0.06758
0.58193, 0.06741
0.58348, 0.06725
0.58503, 0.06708
0.58658, 0.06691
0.58812, 0.06675
0.58967, 0.06658
0.59122, 0.06641
0.59276, 0.06624
0.59430, 0.06608
0.59584, 0.06591
0.59738, 0.06574
0.59892, 0.06557
0.60046, 0.06540
0.60200, 0.06523
0.60354, 0.06506
0.60507, 0.06489
0.60661, 0.06472
0.60814, 0.06455
0.60968, 0.06438
0.61121, 0.06421
0.61274, 0.06403
0.61427, 0.06386
0.61580, 0.06369
0.61733, 0.06352
0.61885, 0.06334
0.62038, 0.06317
0.62190, 0.06300
0.62343, 0.06282
0.62495, 0.06265
0.62647, 0.06247
0.62799, 0.06230
0.62951, 0.06212
0.63103, 0.06195
0.63255, 0.06177
0.63406, 0.06160
0.63558, 0.06142
0.63709, 0.06124
0.63861, 0.06106
0.64012, 0.06089
0.64163, 0.06071
0.64314, 0.06053
0.64465, 0.06035
0.64616, 0.06017
0.64766, 0.05999
0.64917, 0.05981
0.65067, 0.05963
0.65214, 0.05945
0.65354, 0.05927
0.65472, 0.05911
0.65552, 0.05896
0.65586, 0.05882
0.65604, 0.05870
0.65674, 0.05861
0.65850, 0.05862
0.66128, 0.05865
0.66442, 0.05857
0.66726, 0.05837
0.66954, 0.05812
0.67138, 0.05787
0.67300, 0.05762
0.67452, 0.05738
0.67602, 0.05713
0.67752, 0.05689
0.67901, 0.05664
0.68049, 0.05639
0.68198, 0.05614
0.68346, 0.05589
0.68494, 0.05564
0.68642, 0.05539
0.68789, 0.05514
0.68936, 0.05489
0.69083, 0.05463
0.69230, 0.05438
0.69376, 0.05412
0.69522, 0.05387
0.69668, 0.05361
0.69813, 0.05335
0.69959, 0.05309
0.70104, 0.05284
0.70248, 0.05258
0.70393, 0.05232
0.70537, 0.05206
0.70681, 0.05180
0.70824, 0.05154
0.70968, 0.05128
0.71111, 0.05101
0.71254, 0.05075
0.71396, 0.05049
0.71538, 0.05023
0.71680, 0.04997
0.71822, 0.04970
0.71963, 0.04944
0.72104, 0.04918
0.72245, 0.04891
0.72386, 0.04865
0.72526, 0.04839
0.72666, 0.04812
0.72806, 0.04786
0.72945, 0.04760
0.73085, 0.04733
0.73223, 0.04707
0.73362, 0.04681
0.73500, 0.04654
0.73638, 0.04628
0.73776, 0.04602
0.73914, 0.04576
0.74051, 0.04549
0.74188, 0.04523
0.74324, 0.04497
0.74461, 0.04471
0.74597, 0.04445
0.74733, 0.04419
0.74868, 0.04393
0.75003, 0.04367
0.75138, 0.04341
0.75273, 0.04315
0.75407, 0.04289
0.75541, 0.04263
0.75675, 0.04238
0.75809, 0.04212
0.75942, 0.04186
0.76075, 0.04160
0.76208, 0.04135
0.76341, 0.04109
0.76473, 0.04084
0.76606, 0.04058
0.76738, 0.04033
0.76869, 0.04007
0.77001, 0.03982
0.77132, 0.03957
0.77263, 0.03931
0.77394, 0.03906
0.77524, 0.03881
0.77654, 0.03856
0.77784, 0.03831
0.77914, 0.03806
0.78043, 0.03781
0.78172, 0.03756
0.78301, 0.03731
0.78430, 0.03706
0.78558, 0.03681
0.78686, 0.03656
0.78814, 0.03631
0.78941, 0.03606
0.79068, 0.03582
0.79195, 0.03557
0.79322, 0.03533
0.79448, 0.03508
0.79574, 0.03483
0.79700, 0.03459
0.79826, 0.03434
0.79951, 0.03410
0.80076, 0.03386
0.80201, 0.03361
0.80325, 0.03337
0.80449, 0.03313
0.80573, 0.03289
0.80697, 0.03264
0.80820, 0.03240
0.80943, 0.03216
0.81065, 0.03192
0.81188, 0.03168
0.81310, 0.03144
0.81432, 0.03120
0.81553, 0.03097
0.81674, 0.03073
0.81795, 0.03049
0.81915, 0.03025
0.82036, 0.03002
0.82156, 0.02978
0.82275, 0.02954
0.82395, 0.02931
0.82514, 0.02907
0.82632, 0.02884
0.82751, 0.02860
0.82869, 0.02837
0.82986, 0.02814
0.83104, 0.02790
0.83221, 0.02767
0.83338, 0.02744
0.83454, 0.02721
0.83570, 0.02698
0.83686, 0.02675
0.83801, 0.02652
0.83916, 0.02629
0.84031, 0.02606
0.84146, 0.02583
0.84260, 0.02560
0.84374, 0.02537
0.84487, 0.02515
0.84600, 0.02492
0.84713, 0.02469
0.84825, 0.02447
0.84937, 0.02424
0.85049, 0.02402
0.85161, 0.02379
0.85272, 0.02357
0.85382, 0.02335
0.85493, 0.02312
0.85603, 0.02290
0.85712, 0.02268
0.85822, 0.02246
0.85931, 0.02224
0.86039, 0.02202
0.86147, 0.02180
0.86255, 0.02158
0.86363, 0.02136
0.86470, 0.02114
0.86577, 0.02093
0.86683, 0.02071
0.86789, 0.02050
0.86895, 0.02028
0.87001, 0.02007
0.87106, 0.01985
0.87210, 0.01964
0.87314, 0.01943
0.87418, 0.01921
0.87522, 0.01900
0.87625, 0.01879
0.87728, 0.01858
0.87830, 0.01837
0.87932, 0.01816
0.88034, 0.01795
0.88135, 0.01774
0.88236, 0.01754
0.88337, 0.01733
0.88437, 0.01713
0.88537, 0.01692
0.88636, 0.01672
0.88736, 0.01651
0.88834, 0.01631
0.88933, 0.01611
0.89030, 0.01590
0.89128, 0.01570
0.89225, 0.01550
0.89322, 0.01530
0.89418, 0.01510
0.89514, 0.01491
0.89610, 0.01471
0.89705, 0.01451
0.89800, 0.01431
0.89895, 0.01412
0.89989, 0.01392
0.90082, 0.01373
0.90176, 0.01354
0.90268, 0.01334
0.90361, 0.01315
0.90453, 0.01296
0.90545, 0.01277
0.90636, 0.01258
0.90727, 0.01239
0.90818, 0.01220
0.90908, 0.01201
0.90997, 0.01183
0.91087, 0.01164
0.91176, 0.01146
0.91264, 0.01127
0.91352, 0.01109
0.91440, 0.01090
0.91527, 0.01072
0.91614, 0.01054
0.91701, 0.01036
0.91787, 0.01018
0.91872, 0.01000
0.91958, 0.00982
0.92042, 0.00965
0.92127, 0.00947
0.92211, 0.00929
0.92295, 0.00912
0.92378, 0.00894
0.92461, 0.00877
0.92543, 0.00860
0.92625, 0.00842
0.92706, 0.00825
0.92788, 0.00808
0.92868, 0.00791
0.92949, 0.00774
0.93028, 0.00758
0.93108, 0.00741
0.93187, 0.00724
0.93265, 0.00708
0.93344, 0.00691
0.93421, 0.00675
0.93499, 0.00659
0.93576, 0.00642
0.93652, 0.00626
0.93728, 0.00610
0.93804, 0.00594
0.93879, 0.00579
0.93954, 0.00563
0.94028, 0.00547
0.94102, 0.00531
0.94176, 0.00516
0.94249, 0.00500
0.94321, 0.00485
0.94393, 0.00470
0.94465, 0.00455
0.94537, 0.00440
0.94607, 0.00425
0.94678, 0.00410
0.94748, 0.00395
0.94817, 0.00380
0.94887, 0.00365
0.94955, 0.00351
0.95024, 0.00336
0.95091, 0.00322
0.95159, 0.00308
0.95226, 0.00294
0.95292, 0.00279
0.95358, 0.00265
0.95424, 0.00252
0.95489, 0.00238
0.95554, 0.00224
0.95618, 0.00210
0.95682, 0.00197
0.95745, 0.00183
0.95808, 0.00170
0.95871, 0.00157
0.95933, 0.00143
0.95994, 0.00130
0.96056, 0.00117
0.96116, 0.00104
0.96177, 0.00092
0.96236, 0.00079
0.96296, 0.00066
0.96355, 0.00054
0.96413, 0.00041
0.96471, 0.00029
0.96529, 0.00017
0.96586, 0.00004
0.96642, -0.00008
0.96698, -0.00020
0.96754, -0.00032
0.96809, -0.00043
0.96864, -0.00055
0.96919, -0.00067
0.96972, -0.00078
0.97026, -0.00089
0.97079, -0.00101
0.97131, -0.00112
0.97183, -0.00123
0.97235, -0.00134
0.97286, -0.00145
0.97337, -0.00156
0.97387, -0.00167
0.97437, -0.00177
0.97486, -0.00188
0.97535, -0.00198
0.97583, -0.00209
0.97631, -0.00219
0.97678, -0.00229
0.97725, -0.00239
0.97772, -0.00249
0.97818, -0.00259
0.97863, -0.00269
0.97908, -0.00278
0.97953, -0.00288
0.97997, -0.00297
0.98041, -0.00307
0.98084, -0.00316
0.98127, -0.00325
0.98169, -0.00334
0.98211, -0.00343
0.98252, -0.00352
0.98293, -0.00361
0.98333, -0.00369
0.98373, -0.00378
0.98413, -0.00386
0.98452, -0.00395
0.98490, -0.00403
0.98528, -0.00411
0.98566, -0.00419
0.98603, -0.00427
0.98639, -0.00435
0.98676, -0.00443
0.98711, -0.00450
0.98746, -0.00458
0.98781, -0.00465
0.98815, -0.00473
0.98849, -0.00480
0.98882, -0.00487
0.98915, -0.00494
0.98947, -0.00501
0.98979, -0.00508
0.99011, -0.00514
0.99041, -0.00521
0.99072, -0.00528
0.99102, -0.00534
0.99131, -0.00540
0.99160, -0.00547
0.99188, -0.00553
0.99216, -0.00559
0.99244, -0.00565
0.99271, -0.00570
0.99298, -0.00576
0.99324, -0.00582
0.99349, -0.00587
0.99374, -0.00593
0.99399, -0.00598
0.99423, -0.00603
0.99447, -0.00608
0.99470, -0.00613
0.99492, -0.00618
0.99515, -0.00623
0.99536, -0.00627
0.99558, -0.00632
0.99578, -0.00637
0.99599, -0.00641
0.99618, -0.00645
0.99638, -0.00649
0.99656, -0.00653
0.99675, -0.00657
0.99692, -0.00661
0.99710, -0.00665
0.99727, -0.00668
0.99743, -0.00672
0.99759, -0.00675
0.99774, -0.00679
0.99789, -0.00682
0.99804, -0.00685
0.99818, -0.00688
0.99831, -0.00691
0.99844, -0.00694
0.99856, -0.00696
0.99868, -0.00699
0.99880, -0.00701
0.99891, -0.00704
0.99901, -0.00706
0.99911, -0.00708
0.99921, -0.00710
0.99930, -0.00712
0.99939, -0.00714
0.99947, -0.00716
0.99954, -0.00717
0.99961, -0.00719
0.99968, -0.00720
0.99974, -0.00722
0.99980, -0.00723
0.99985, -0.00724
0.99989, -0.00725
0.99994, -0.00726
0.99997, -0.00727
1.00000, -0.00727
1.00003, -0.00728
1.00005, -0.00728
1.00007, -0.00729
1.00009, -0.00729
1.00014, -0.00730
1.00015, -0.00730

=== Lower Surface ===
0.00000, 0.01850
0.00004, 0.01823
0.00007, 0.01795
0.00010, 0.01767
0.00014, 0.01739
0.00019, 0.01712
0.00024, 0.01684
0.00030, 0.01657
0.00036, 0.01630
0.00043, 0.01603
0.00050, 0.01575
0.00057, 0.01548
0.00066, 0.01522
0.00074, 0.01495
0.00083, 0.01468
0.00093, 0.01441
0.00103, 0.01415
0.00114, 0.01388
0.00125, 0.01362
0.00136, 0.01335
0.00148, 0.01309
0.00161, 0.01283
0.00174, 0.01257
0.00187, 0.01230
0.00201, 0.01205
0.00216, 0.01179
0.00231, 0.01153
0.00246, 0.01127
0.00262, 0.01101
0.00278, 0.01076
0.00295, 0.01050
0.00313, 0.01025
0.00331, 0.01000
0.00349, 0.00975
0.00368, 0.00949
0.00387, 0.00924
0.00407, 0.00899
0.00427, 0.00874
0.00448, 0.00850
0.00469, 0.00825
0.00490, 0.00800
0.00513, 0.00776
0.00535, 0.00751
0.00558, 0.00727
0.00582, 0.00703
0.00606, 0.00678
0.00631, 0.00654
0.00656, 0.00630
0.00681, 0.00606
0.00707, 0.00582
0.00733, 0.00558
0.00760, 0.00535
0.00788, 0.00511
0.00815, 0.00487
0.00844, 0.00464
0.00873, 0.00440
0.00902, 0.00417
0.00932, 0.00394
0.00962, 0.00371
0.00992, 0.00348
0.01024, 0.00325
0.01055, 0.00302
0.01087, 0.00279
0.01120, 0.00256
0.01153, 0.00233
0.01186, 0.00211
0.01220, 0.00188
0.01254, 0.00166
0.01289, 0.00143
0.01325, 0.00121
0.01360, 0.00099
0.01397, 0.00077
0.01433, 0.00055
0.01471, 0.00033
0.01508, 0.00011
0.01546, -0.00011
0.01585, -0.00033
0.01624, -0.00055
0.01663, -0.00076
0.01703, -0.00098
0.01744, -0.00119
0.01785, -0.00140
0.01826, -0.00162
0.01868, -0.00183
0.01910, -0.00204
0.01952, -0.00225
0.01996, -0.00246
0.02039, -0.00267
0.02083, -0.00288
0.02128, -0.00308
0.02173, -0.00329
0.02218, -0.00349
0.02264, -0.00370
0.02310, -0.00390
0.02357, -0.00411
0.02404, -0.00431
0.02452, -0.00451
0.02500, -0.00471
0.02548, -0.00491
0.02597, -0.00511
0.02647, -0.00531
0.02697, -0.00551
0.02747, -0.00570
0.02798, -0.00590
0.02849, -0.00610
0.02901, -0.00629
0.02953, -0.00649
0.03005, -0.00668
0.03058, -0.00687
0.03112, -0.00706
0.03166, -0.00725
0.03220, -0.00744
0.03275, -0.00763
0.03330, -0.00782
0.03385, -0.00801
0.03442, -0.00820
0.03498, -0.00838
0.03555, -0.00857
0.03612, -0.00876
0.03670, -0.00894
0.03728, -0.00912
0.03787, -0.00931
0.03846, -0.00949
0.03906, -0.00967
0.03966, -0.00985
0.04026, -0.01003
0.04087, -0.01021
0.04148, -0.01039
0.04210, -0.01057
0.04272, -0.01074
0.04335, -0.01092
0.04398, -0.01109
0.04461, -0.01127
0.04525, -0.01144
0.04589, -0.01162
0.04654, -0.01179
0.04719, -0.01196
0.04784, -0.01213
0.04850, -0.01230
0.04917, -0.01247
0.04984, -0.01264
0.05051, -0.01281
0.05118, -0.01298
0.05186, -0.01315
0.05255, -0.01331
0.05324, -0.01348
0.05393, -0.01364
0.05463, -0.01381
0.05533, -0.01397
0.05604, -0.01413
0.05675, -0.01430
0.05746, -0.01446
0.05818, -0.01462
0.05890, -0.01478
0.05963, -0.01494
0.06036, -0.01510
0.06109, -0.01525
0.06183, -0.01541
0.06257, -0.01557
0.06332, -0.01572
0.06407, -0.01588
0.06483, -0.01603
0.06559, -0.01619
0.06635, -0.01634
0.06712, -0.01650
0.06789, -0.01665
0.06866, -0.01680
0.06944, -0.01695
0.07023, -0.01710
0.07101, -0.01725
0.07180, -0.01740
0.07260, -0.01755
0.07340, -0.01769
0.07420, -0.01784
0.07501, -0.01799
0.07582, -0.01813
0.07664, -0.01828
0.07746, -0.01842
0.07828, -0.01856
0.07911, -0.01871
0.07994, -0.01885
0.08077, -0.01899
0.08161, -0.01913
0.08245, -0.01927
0.08330, -0.01941
0.08415, -0.01955
0.08501, -0.01969
0.08587, -0.01983
0.08673, -0.01997
0.08759, -0.02010
0.08846, -0.02024
0.08934, -0.02037
0.09022, -0.02051
0.09110, -0.02064
0.09198, -0.02078
0.09287, -0.02091
0.09377, -0.02104
0.09466, -0.02117
0.09557, -0.02131
0.09647, -0.02144
0.09738, -0.02157
0.09829, -0.02170
0.09921, -0.02182
0.10013, -0.02195
0.10105, -0.02208
0.10198, -0.02221
0.10291, -0.02233
0.10384, -0.02246
0.10478, -0.02258
0.10573, -0.02271
0.10667, -0.02283
0.10762, -0.02296
0.10857, -0.02308
0.10953, -0.02320
0.11049, -0.02332
0.11146, -0.02345
0.11243, -0.02357
0.11340, -0.02369
0.11437, -0.02381
0.11535, -0.02392
0.11634, -0.02404
0.11732, -0.02416
0.11831, -0.02428
0.11931, -0.02439
0.12030, -0.02451
0.12131, -0.02463
0.12231, -0.02474
0.12332, -0.02485
0.12433, -0.02497
0.12535, -0.02508
0.12636, -0.02519
0.12739, -0.02531
0.12841, -0.02542
0.12944, -0.02553
0.13048, -0.02564
0.13151, -0.02575
0.13255, -0.02586
0.13360, -0.02597
0.13464, -0.02608
0.13570, -0.02618
0.13675, -0.02629
0.13781, -0.02640
0.13887, -0.02650
0.13993, -0.02661
0.14100, -0.02671
0.14207, -0.02682
0.14314, -0.02692
0.14422, -0.02703
0.14530, -0.02713
0.14638, -0.02723
0.14747, -0.02733
0.14856, -0.02744
0.14965, -0.02754
0.15075, -0.02764
0.15184, -0.02774
0.15295, -0.02784
0.15405, -0.02794
0.15516, -0.02804
0.15627, -0.02813
0.15739, -0.02823
0.15850, -0.02833
0.15963, -0.02843
0.16075, -0.02852
0.16188, -0.02862
0.16301, -0.02872
0.16414, -0.02881
0.16527, -0.02891
0.16641, -0.02900
0.16755, -0.02910
0.16870, -0.02919
0.16985, -0.02929
0.17100, -0.02938
0.17215, -0.02947
0.17331, -0.02957
0.17447, -0.02966
0.17563, -0.02975
0.17679, -0.02984
0.17796, -0.02993
0.17913, -0.03002
0.18031, -0.03012
0.18148, -0.03021
0.18266, -0.03030
0.18385, -0.03039
0.18503, -0.03048
0.18622, -0.03057
0.18741, -0.03066
0.18860, -0.03074
0.18980, -0.03083
0.19100, -0.03092
0.19220, -0.03101
0.19340, -0.03110
0.19461, -0.03119
0.19582, -0.03127
0.19703, -0.03136
0.19825, -0.03145
0.19947, -0.03154
0.20069, -0.03162
0.20192, -0.03171
0.20315, -0.03180
0.20438, -0.03188
0.20562, -0.03197
0.20686, -0.03206
0.20810, -0.03214
0.20935, -0.03223
0.21060, -0.03231
0.21186, -0.03240
0.21312, -0.03248
0.21439, -0.03257
0.21565, -0.03265
0.21693, -0.03273
0.21820, -0.03282
0.21948, -0.03290
0.22077, -0.03298
0.22206, -0.03306
0.22335, -0.03314
0.22465, -0.03322
0.22595, -0.03330
0.22725, -0.03338
0.22856, -0.03346
0.22987, -0.03354
0.23119, -0.03362
0.23251, -0.03369
0.23383, -0.03377
0.23516, -0.03385
0.23649, -0.03392
0.23783, -0.03399
0.23917, -0.03407
0.24051, -0.03414
0.24186, -0.03421
0.24321, -0.03428
0.24456, -0.03435
0.24592, -0.03442
0.24729, -0.03448
0.24865, -0.03455
0.25002, -0.03461
0.25140, -0.03468
0.25278, -0.03474
0.25416, -0.03480
0.25555, -0.03486
0.25694, -0.03492
0.25833, -0.03498
0.25973, -0.03504
0.26113, -0.03509
0.26254, -0.03514
0.26395, -0.03520
0.26536, -0.03525
0.26677, -0.03530
0.26819, -0.03534
0.26961, -0.03539
0.27104, -0.03543
0.27246, -0.03548
0.27389, -0.03552
0.27532, -0.03556
0.27675, -0.03560
0.27818, -0.03563
0.27962, -0.03567
0.28105, -0.03570
0.28249, -0.03574
0.28393, -0.03577
0.28538, -0.03580
0.28682, -0.03583
0.28827, -0.03585
0.28972, -0.03588
0.29117, -0.03590
0.29262, -0.03592
0.29408, -0.03594
0.29553, -0.03596
0.29699, -0.03598
0.29845, -0.03600
0.29991, -0.03601
0.30137, -0.03603
0.30284, -0.03604
0.30431, -0.03605
0.30577, -0.03606
0.30724, -0.03607
0.30872, -0.03607
0.31019, -0.03608
0.31166, -0.03608
0.31314, -0.03608
0.31462, -0.03609
0.31610, -0.03609
0.31758, -0.03608
0.31906, -0.03608
0.32055, -0.03608
0.32203, -0.03607
0.32352, -0.03606
0.32501, -0.03606
0.32650, -0.03605
0.32799, -0.03604
0.32948, -0.03602
0.33097, -0.03601
0.33246, -0.03600
0.33395, -0.03598
0.33544, -0.03597
0.33693, -0.03595
0.33843, -0.03593
0.33992, -0.03591
0.34142, -0.03589
0.34291, -0.03587
0.34441, -0.03585
0.34591, -0.03582
0.34741, -0.03580
0.34891, -0.03577
0.35041, -0.03575
0.35192, -0.03572
0.35342, -0.03569
0.35493, -0.03566
0.35644, -0.03563
0.35794, -0.03560
0.35945, -0.03557
0.36096, -0.03554
0.36247, -0.03550
0.36399, -0.03547
0.36550, -0.03543
0.36701, -0.03540
0.36853, -0.03536
0.37004, -0.03532
0.37156, -0.03529
0.37308, -0.03525
0.37459, -0.03521
0.37611, -0.03517
0.37763, -0.03513
0.37915, -0.03509
0.38068, -0.03504
0.38220, -0.03500
0.38372, -0.03496
0.38525, -0.03491
0.38677, -0.03487
0.38830, -0.03482
0.38982, -0.03478
0.39135, -0.03473
0.39288, -0.03468
0.39440, -0.03464
0.39593, -0.03459
0.39746, -0.03454
0.39899, -0.03449
0.40053, -0.03444
0.40206, -0.03439
0.40359, -0.03434
0.40512, -0.03429
0.40666, -0.03423
0.40819, -0.03418
0.40973, -0.03413
0.41126, -0.03408
0.41280, -0.03402
0.41434, -0.03397
0.41587, -0.03392
0.41741, -0.03386
0.41895, -0.03381
0.42049, -0.03375
0.42203, -0.03369
0.42357, -0.03364
0.42511, -0.03358
0.42665, -0.03352
0.42820, -0.03347
0.42974, -0.03341
0.43128, -0.03335
0.43283, -0.03329
0.43437, -0.03324
0.43592, -0.03318
0.43746, -0.03312
0.43901, -0.03306
0.44055, -0.03300
0.44210, -0.03294
0.44365, -0.03288
0.44520, -0.03282
0.44675, -0.03276
0.44830, -0.03270
0.44985, -0.03264
0.45140, -0.03258
0.45295, -0.03252
0.45450, -0.03246
0.45605, -0.03239
0.45760, -0.03233
0.45915, -0.03227
0.46071, -0.03221
0.46226, -0.03215
0.46381, -0.03208
0.46537, -0.03202
0.46692, -0.03196
0.46848, -0.03190
0.47003, -0.03183
0.47159, -0.03177
0.47314, -0.03171
0.47470, -0.03164
0.47626, -0.03158
0.47782, -0.03152
0.47937, -0.03145
0.48093, -0.03139
0.48249, -0.03132
0.48405, -0.03126
0.48561, -0.03119
0.48717, -0.03113
0.48873, -0.03106
0.49029, -0.03100
0.49185, -0.03093
0.49341, -0.03087
0.49497, -0.03080
0.49653, -0.03074
0.49809, -0.03067
0.49965, -0.03061
0.50122, -0.03054
0.50278, -0.03047
0.50434, -0.03041
0.50590, -0.03034
0.50747, -0.03027
0.50903, -0.03021
0.51059, -0.03014
0.51216, -0.03007
0.51372, -0.03000
0.51529, -0.02994
0.51685, -0.02987
0.51841, -0.02980
0.51998, -0.02973
0.52154, -0.02966
0.52311, -0.02959
0.52467, -0.02952
0.52623, -0.02946
0.52780, -0.02939
0.52936, -0.02932
0.53093, -0.02925
0.53249, -0.02918
0.53406, -0.02911
0.53562, -0.02904
0.53718, -0.02896
0.53875, -0.02889
0.54031, -0.02882
0.54188, -0.02875
0.54344, -0.02868
0.54500, -0.02861
0.54657, -0.02853
0.54813, -0.02846
0.54969, -0.02839
0.55126, -0.02831
0.55282, -0.02824
0.55438, -0.02817
0.55594, -0.02809
0.55750, -0.02802
0.55906, -0.02794
0.56062, -0.02787
0.56218, -0.02779
0.56374, -0.02772
0.56530, -0.02764
0.56686, -0.02756
0.56842, -0.02749
0.56998, -0.02741
0.57154, -0.02733
0.57309, -0.02725
0.57465, -0.02718
0.57620, -0.02710
0.57776, -0.02702
0.57931, -0.02694
0.58087, -0.02686
0.58242, -0.02678
0.58397, -0.02670
0.58552, -0.02662
0.58707, -0.02654
0.58862, -0.02646
0.59017, -0.02638
0.59172, -0.02630
0.59327, -0.02621
0.59481, -0.02613
0.59636, -0.02605
0.59790, -0.02597
0.59945, -0.02588
0.60099, -0.02580
0.60253, -0.02571
0.60407, -0.02563
0.60561, -0.02555
0.60715, -0.02546
0.60868, -0.02538
0.61022, -0.02529
0.61175, -0.02520
0.61329, -0.02512
0.61482, -0.02503
0.61635, -0.02495
0.61788, -0.02486
0.61941, -0.02477
0.62094, -0.02468
0.62246, -0.02460
0.62398, -0.02451
0.62551, -0.02442
0.62703, -0.02433
0.62855, -0.02424
0.63007, -0.02416
0.63158, -0.02407
0.63310, -0.02398
0.63461, -0.02389
0.63612, -0.02380
0.63763, -0.02371
0.63914, -0.02362
0.64065, -0.02353
0.64215, -0.02344
0.64366, -0.02335
0.64516, -0.02327
0.64666, -0.02318
0.64816, -0.02309
0.64969, -0.02300
0.65129, -0.02291
0.65310, -0.02282
0.65529, -0.02271
0.65794, -0.02255
0.66074, -0.02230
0.66302, -0.02200
0.66424, -0.02176
0.66444, -0.02160
0.66427, -0.02147
0.66440, -0.02134
0.66508, -0.02124
0.66620, -0.02117
0.66755, -0.02113
0.66898, -0.02109
0.67043, -0.02105
0.67188, -0.02102
0.67334, -0.02099
0.67479, -0.02096
0.67624, -0.02092
0.67769, -0.02089
0.67915, -0.02086
0.68060, -0.02083
0.68205, -0.02081
0.68349, -0.02078
0.68494, -0.02075
0.68639, -0.02073
0.68783, -0.02070
0.68928, -0.02067
0.69072, -0.02065
0.69216, -0.02063
0.69360, -0.02060
0.69504, -0.02058
0.69648, -0.02056
0.69792, -0.02053
0.69936, -0.02051
0.70079, -0.02049
0.70222, -0.02047
0.70366, -0.02045
0.70509, -0.02043
0.70652, -0.02041
0.70795, -0.02039
0.70937, -0.02037
0.71080, -0.02035
0.71222, -0.02033
0.71364, -0.02031
0.71506, -0.02029
0.71648, -0.02027
0.71790, -0.02025
0.71932, -0.02023
0.72073, -0.02021
0.72214, -0.02019
0.72356, -0.02017
0.72497, -0.02015
0.72637, -0.02013
0.72778, -0.02011
0.72918, -0.02009
0.73059, -0.02007
0.73199, -0.02005
0.73339, -0.02003
0.73478, -0.02001
0.73618, -0.01999
0.73757, -0.01997
0.73896, -0.01995
0.74035, -0.01993
0.74174, -0.01991
0.74313, -0.01989
0.74451, -0.01987
0.74589, -0.01984
0.74727, -0.01982
0.74865, -0.01980
0.75002, -0.01977
0.75140, -0.01975
0.75277, -0.01973
0.75413, -0.01970
0.75550, -0.01968
0.75686, -0.01965
0.75822, -0.01962
0.75957, -0.01960
0.76093, -0.01957
0.76228, -0.01955
0.76362, -0.01952
0.76497, -0.01949
0.76631, -0.01946
0.76765, -0.01943
0.76899, -0.01941
0.77032, -0.01938
0.77165, -0.01935
0.77298, -0.01932
0.77431, -0.01929
0.77563, -0.01926
0.77695, -0.01923
0.77827, -0.01920
0.77958, -0.01917
0.78089, -0.01913
0.78220, -0.01910
0.78351, -0.01907
0.78481, -0.01904
0.78611, -0.01901
0.78741, -0.01897
0.78870, -0.01894
0.78999, -0.01891
0.79128, -0.01887
0.79256, -0.01884
0.79384, -0.01881
0.79512, -0.01877
0.79640, -0.01874
0.79767, -0.01871
0.79894, -0.01867
0.80021, -0.01864
0.80147, -0.01860
0.80273, -0.01857
0.80399, -0.01853
0.80524, -0.01849
0.80649, -0.01846
0.80774, -0.01842
0.80899, -0.01839
0.81023, -0.01835
0.81147, -0.01831
0.81270, -0.01828
0.81393, -0.01824
0.81516, -0.01821
0.81639, -0.01817
0.81761, -0.01813
0.81883, -0.01809
0.82005, -0.01806
0.82126, -0.01802
0.82247, -0.01798
0.82367, -0.01794
0.82488, -0.01791
0.82608, -0.01787
0.82727, -0.01783
0.82847, -0.01779
0.82966, -0.01776
0.83084, -0.01772
0.83203, -0.01768
0.83321, -0.01764
0.83438, -0.01760
0.83556, -0.01756
0.83673, -0.01753
0.83789, -0.01749
0.83905, -0.01745
0.84021, -0.01741
0.84137, -0.01737
0.84252, -0.01733
0.84367, -0.01729
0.84482, -0.01726
0.84596, -0.01722
0.84710, -0.01718
0.84824, -0.01714
0.84937, -0.01710
0.85050, -0.01706
0.85162, -0.01702
0.85275, -0.01698
0.85386, -0.01694
0.85498, -0.01690
0.85609, -0.01686
0.85720, -0.01682
0.85830, -0.01679
0.85940, -0.01675
0.86050, -0.01671
0.86159, -0.01667
0.86268, -0.01663
0.86377, -0.01659
0.86485, -0.01655
0.86593, -0.01651
0.86701, -0.01647
0.86808, -0.01643
0.86915, -0.01639
0.87021, -0.01635
0.87127, -0.01631
0.87233, -0.01627
0.87338, -0.01623
0.87443, -0.01619
0.87548, -0.01615
0.87652, -0.01611
0.87756, -0.01607
0.87859, -0.01603
0.87962, -0.01599
0.88065, -0.01595
0.88167, -0.01591
0.88269, -0.01587
0.88371, -0.01582
0.88472, -0.01578
0.88573, -0.01574
0.88673, -0.01570
0.88773, -0.01566
0.88873, -0.01562
0.88972, -0.01558
0.89071, -0.01554
0.89169, -0.01550
0.89267, -0.01546
0.89365, -0.01542
0.89462, -0.01538
0.89559, -0.01534
0.89656, -0.01530
0.89752, -0.01526
0.89847, -0.01522
0.89943, -0.01518
0.90038, -0.01514
0.90132, -0.01510
0.90226, -0.01506
0.90320, -0.01501
0.90413, -0.01497
0.90506, -0.01493
0.90599, -0.01489
0.90691, -0.01485
0.90782, -0.01481
0.90874, -0.01477
0.90964, -0.01473
0.91055, -0.01469
0.91145, -0.01465
0.91235, -0.01461
0.91324, -0.01457
0.91413, -0.01453
0.91501, -0.01449
0.91589, -0.01445
0.91676, -0.01441
0.91764, -0.01437
0.91850, -0.01433
0.91937, -0.01429
0.92022, -0.01425
0.92108, -0.01421
0.92193, -0.01417
0.92278, -0.01413
0.92362, -0.01409
0.92446, -0.01405
0.92529, -0.01401
0.92612, -0.01397
0.92694, -0.01393
0.92776, -0.01389
0.92858, -0.01385
0.92939, -0.01381
0.93020, -0.01377
0.93100, -0.01374
0.93180, -0.01370
0.93260, -0.01366
0.93339, -0.01362
0.93417, -0.01358
0.93495, -0.01354
0.93573, -0.01350
0.93650, -0.01346
0.93727, -0.01342
0.93804, -0.01339
0.93880, -0.01335
0.93955, -0.01331
0.94030, -0.01327
0.94105, -0.01323
0.94179, -0.01320
0.94253, -0.01316
0.94326, -0.01312
0.94399, -0.01308
0.94472, -0.01304
0.94544, -0.01301
0.94615, -0.01297
0.94686, -0.01293
0.94757, -0.01290
0.94827, -0.01286
0.94897, -0.01282
0.94966, -0.01279
0.95035, -0.01275
0.95104, -0.01271
0.95172, -0.01268
0.95239, -0.01264
0.95306, -0.01260
0.95373, -0.01257
0.95439, -0.01253
0.95505, -0.01250
0.95570, -0.01246
0.95635, -0.01243
0.95699, -0.01239
0.95763, -0.01236
0.95826, -0.01232
0.95889, -0.01229
0.95952, -0.01225
0.96014, -0.01222
0.96075, -0.01218
0.96137, -0.01215
0.96197, -0.01211
0.96257, -0.01208
0.96317, -0.01205
0.96376, -0.01201
0.96435, -0.01198
0.96494, -0.01195
0.96551, -0.01192
0.96609, -0.01188
0.96666, -0.01185
0.96722, -0.01182
0.96778, -0.01179
0.96834, -0.01175
0.96889, -0.01172
0.96943, -0.01169
0.96998, -0.01166
0.97051, -0.01163
0.97104, -0.01160
0.97157, -0.01157
0.97209, -0.01154
0.97261, -0.01151
0.97312, -0.01148
0.97363, -0.01145
0.97414, -0.01142
0.97463, -0.01139
0.97513, -0.01136
0.97562, -0.01133
0.97610, -0.01130
0.97658, -0.01127
0.97706, -0.01124
0.97753, -0.01121
0.97799, -0.01119
0.97845, -0.01116
0.97891, -0.01113
0.97936, -0.01110
0.97981, -0.01108
0.98025, -0.01105
0.98068, -0.01102
0.98112, -0.01100
0.98154, -0.01097
0.98196, -0.01095
0.98238, -0.01092
0.98279, -0.01090
0.98320, -0.01087
0.98360, -0.01085
0.98400, -0.01082
0.98440, -0.01080
0.98478, -0.01077
0.98517, -0.01075
0.98555, -0.01073
0.98592, -0.01070
0.98629, -0.01068
0.98665, -0.01066
0.98701, -0.01063
0.98737, -0.01061
0.98772, -0.01059
0.98806, -0.01057
0.98840, -0.01055
0.98873, -0.01053
0.98906, -0.01051
0.98939, -0.01048
0.98971, -0.01046
0.99002, -0.01044
0.99034, -0.01043
0.99064, -0.01041
0.99094, -0.01039
0.99124, -0.01037
0.99153, -0.01035
0.99181, -0.01033
0.99209, -0.01031
0.99237, -0.01030
0.99264, -0.01028
0.99291, -0.01026
0.99317, -0.01024
0.99342, -0.01023
0.99368, -0.01021
0.99392, -0.01020
0.99416, -0.01018
0.99440, -0.01017
0.99463, -0.01015
0.99486, -0.01014
0.99508, -0.01012
0.99530, -0.01011
0.99551, -0.01009
0.99571, -0.01008
0.99592, -0.01007
0.99611, -0.01005
0.99631, -0.01004
0.99649, -0.01003
0.99667, -0.01002
0.99685, -0.01001
0.99702, -0.01000
0.99719, -0.00998
0.99735, -0.00997
0.99751, -0.00996
0.99766, -0.00995
0.99781, -0.00994
0.99795, -0.00993
0.99809, -0.00993
0.99822, -0.00992
0.99835, -0.00991
0.99847, -0.00990
0.99859, -0.00989
0.99870, -0.00989
0.99881, -0.00988
0.99891, -0.00987
0.99901, -0.00987
0.99910, -0.00986
0.99919, -0.00985
0.99927, -0.00985
0.99935, -0.00984
0.99942, -0.00984
0.99949, -0.00983
0.99955, -0.00983
0.99961, -0.00983
0.99966, -0.00982
0.99971, -0.00982
0.99975, -0.00982
0.99979, -0.00981
0.99982, -0.00981
0.99985, -0.00981
0.99987, -0.00981
0.99988, -0.00981
0.99989, -0.00981
0.99986, -0.00980
0.99985, -0.00980
