=== Airfoil Parameters ===
m = 0.02
p = 0.4
t = 0.12

=== Control Points ===
0.00000, -0.01706, -0.01706
0.06667, -0.00993, -0.01604
0.13333, -0.00305, -0.01416
0.20000, 0.00330, -0.01170
0.26667, 0.00877, -0.00900
0.66667, 0.00967, -0.00638
0.75000, 0.00910, -0.00410
0.83333, 0.00726, -0.00231
0.91667, 0.00406, -0.00111
1.00000, -0.00051, -0.00051

=== Upper Surface ===
0.00000, -0.01706
-0.00004, -0.01678
-0.00006, -0.01650
-0.00007, -0.01622
-0.00008, -0.01594
-0.00009, -0.01566
-0.00009, -0.01539
-0.00009, -0.01511
-0.00008, -0.01483
-0.00007, -0.01455
-0.00005, -0.01427
-0.00003, -0.01399
0.00000, -0.01371
0.00003, -0.01343
0.00007, -0.01315
0.00011, -0.01286
0.00016, -0.01258
0.00021, -0.01230
0.00027, -0.01202
0.00033, -0.01174
0.00040, -0.01146
0.00047, -0.01118
0.00055, -0.01090
0.00063, -0.01061
0.00072, -0.01033
0.00081, -0.01005
0.00091, -0.00977
0.00101, -0.00948
0.00112, -0.00920
0.00123, -0.00892
0.00135, -0.00864
0.00147, -0.00835
0.00160, -0.00807
0.00173, -0.00779
0.00186, -0.00751
0.00201, -0.00722
0.00215, -0.00694
0.00231, -0.00665
0.00246, -0.00637
0.00262, -0.00609
0.00279, -0.00580
0.00296, -0.00552
0.00314, -0.00524
0.00332, -0.00495
0.00351, -0.00467
0.00370, -0.00438
0.00389, -0.00410
0.00409, -0.00381
0.00430, -0.00353
0.00451, -0.00324
0.00473, -0.00296
0.00495, -0.00267
0.00517, -0.00239
0.00541, -0.00210
0.00564, -0.00182
0.00588, -0.00153
0.00613, -0.00125
0.00638, -0.00096
0.00663, -0.00068
0.00689, -0.00039
0.00716, -0.00011
0.00743, 0.00018
0.00770, 0.00047
0.00798, 0.00075
0.00827, 0.00104
0.00856, 0.00132
0.00885, 0.00161
0.00915, 0.00189
0.00946, 0.00218
0.00977, 0.00247
0.01008, 0.00275
0.01040, 0.00304
0.01072, 0.00332
0.01105, 0.00361
0.01138, 0.00390
0.01172, 0.00418
0.01207, 0.00447
0.01241, 0.00476
0.01277, 0.00504
0.01313, 0.00533
0.01349, 0.00562
0.01386, 0.00590
0.01423, 0.00619
0.01461, 0.00647
0.01499, 0.00676
0.01537, 0.00705
0.01577, 0.00733
0.01616, 0.00762
0.01656, 0.00791
0.01697, 0.00819
0.01738, 0.00848
0.01780, 0.00876
0.01822, 0.00905
0.01864, 0.00934
0.01907, 0.00962
0.01951, 0.00991
0.01995, 0.01020
0.02039, 0.01048
0.02084, 0.01077
0.02130, 0.01105
0.02176, 0.01134
0.02222, 0.01162
0.02269, 0.01191
0.02316, 0.01220
0.02364, 0.01248
0.02412, 0.01277
0.02461, 0.01305
0.02510, 0.01334
0.02560, 0.01362
0.02610, 0.01391
0.02661, 0.01419
0.02712, 0.01448
0.02763, 0.01476
0.02816, 0.01505
0.02868, 0.01533
0.02921, 0.01562
0.02975, 0.01590
0.03029, 0.01619
0.03083, 0.01647
0.03138, 0.01676
0.03193, 0.01704
0.03249, 0.01732
0.03305, 0.01761
0.03362, 0.01789
0.03419, 0.01817
0.03477, 0.01846
0.03535, 0.01874
0.03594, 0.01902
0.03653, 0.01931
0.03712, 0.01959
0.03772, 0.01987
0.03833, 0.02015
0.03894, 0.02044
0.03955, 0.02072
0.04017, 0.02100
0.04080, 0.02128
0.04142, 0.02156
0.04206, 0.02184
0.04269, 0.02212
0.04333, 0.02240
0.04398, 0.02269
0.04463, 0.02297
0.04529, 0.02325
0.04595, 0.02353
0.04661, 0.02381
0.04728, 0.02408
0.04795, 0.02436
0.04863, 0.02464
0.04932, 0.02492
0.05000, 0.02520
0.05069, 0.02548
0.05139, 0.02576
0.05209, 0.02603
0.05280, 0.02631
0.05351, 0.02659
0.05422, 0.02686
0.05494, 0.02714
0.05566, 0.02742
0.05639, 0.02769
0.05712, 0.02797
0.05786, 0.02824
0.05860, 0.02852
0.05935, 0.02879
0.06010, 0.02907
0.06085, 0.02934
0.06161, 0.02962
0.06237, 0.02989
0.06314, 0.03016
0.06392, 0.03044
0.06469, 0.03071
0.06547, 0.03098
0.06626, 0.03125
0.06705, 0.03152
0.06784, 0.03179
0.06864, 0.03206
0.06944, 0.03233
0.07025, 0.03260
0.07106, 0.03287
0.07188, 0.03314
0.07270, 0.03341
0.07352, 0.03368
0.07435, 0.03395
0.07519, 0.03421
0.07602, 0.03448
0.07687, 0.03475
0.07771, 0.03501
0.07856, 0.03528
0.07942, 0.03555
0.08028, 0.03581
0.08114, 0.03607
0.08201, 0.03634
0.08288, 0.03660
0.08376, 0.03686
0.08464, 0.03713
0.08552, 0.03739
0.08641, 0.03765
0.08730, 0.03791
0.08820, 0.03817
0.08910, 0.03843
0.09001, 0.03869
0.09092, 0.03895
0.09183, 0.03921
0.09275, 0.03947
0.09367, 0.03972
0.09460, 0.03998
0.09553, 0.04024
0.09647, 0.04049
0.09741, 0.04075
0.09835, 0.04100
0.09930, 0.04126
0.10025, 0.04151
0.10120, 0.04176
0.10216, 0.04202
0.10313, 0.04227
0.10409, 0.04252
0.10507, 0.04277
0.10604, 0.04302
0.10702, 0.04327
0.10800, 0.04352
0.10899, 0.04377
0.10998, 0.04402
0.11098, 0.04426
0.11198, 0.04451
0.11298, 0.04476
0.11399, 0.04500
0.11500, 0.04524
0.11602, 0.04549
0.11704, 0.04573
0.11806, 0.04597
0.11909, 0.04622
0.12012, 0.04646
0.12116, 0.04670
0.12220, 0.04694
0.12324, 0.04718
0.12429, 0.04741
0.12534, 0.04765
0.12640, 0.04789
0.12745, 0.04813
0.12852, 0.04836
0.12958, 0.04860
0.13065, 0.04883
0.13173, 0.04906
0.13281, 0.04930
0.13389, 0.04953
0.13497, 0.04976
0.13606, 0.04999
0.13715, 0.05022
0.13825, 0.05045
0.13935, 0.05068
0.14045, 0.05090
0.14156, 0.05113
0.14267, 0.05135
0.14379, 0.05158
0.14490, 0.05180
0.14603, 0.05203
0.14715, 0.05225
0.14828, 0.05247
0.14941, 0.05269
0.15055, 0.05291
0.15169, 0.05313
0.15283, 0.05335
0.15398, 0.05357
0.15513, 0.05378
0.15628, 0.05400
0.15744, 0.05421
0.15860, 0.05443
0.15976, 0.05464
0.16093, 0.05485
0.16210, 0.05507
0.16327, 0.05528
0.16445, 0.05549
0.16563, 0.05570
0.16681, 0.05591
0.16800, 0.05611
0.16919, 0.05632
0.17039, 0.05653
0.17158, 0.05673
0.17278, 0.05693
0.17399, 0.05714
0.17520, 0.05734
0.17641, 0.05754
0.17762, 0.05774
0.17884, 0.05794
0.18006, 0.05814
0.18128, 0.05834
0.18251, 0.05854
0.18374, 0.05873
0.18497, 0.05893
0.18621, 0.05912
0.18745, 0.05931
0.18869, 0.05951
0.18993, 0.05970
0.19118, 0.05989
0.19243, 0.06008
0.19369, 0.06027
0.19495, 0.06046
0.19621, 0.06064
0.19747, 0.06083
0.19874, 0.06102
0.20002, 0.06120
0.20129, 0.06138
0.20257, 0.06157
0.20386, 0.06175
0.20514, 0.06193
0.20644, 0.06211
0.20773, 0.06229
0.20903, 0.06247
0.21033, 0.06264
0.21164, 0.06282
0.21295, 0.06299
0.21426, 0.06317
0.21558, 0.06334
0.21690, 0.06351
0.21822, 0.06368
0.21955, 0.06385
0.22088, 0.06402
0.22222, 0.06418
0.22356, 0.06435
0.22490, 0.06451
0.22625, 0.06468
0.22759, 0.06484
0.22895, 0.06500
0.23030, 0.06516
0.23167, 0.06531
0.23303, 0.06547
0.23440, 0.06562
0.23577, 0.06578
0.23714, 0.06593
0.23852, 0.06608
0.23990, 0.06623
0.24129, 0.06637
0.24268, 0.06652
0.24407, 0.06666
0.24546, 0.06681
0.24686, 0.06695
0.24826, 0.06709
0.24967, 0.06722
0.25108, 0.06736
0.25249, 0.06749
0.25391, 0.06762
0.25533, 0.06776
0.25675, 0.06788
0.25818, 0.06801
0.25961, 0.06814
0.26104, 0.06826
0.26248, 0.06838
0.26392, 0.06850
0.26536, 0.06861
0.26680, 0.06873
0.26825, 0.06884
0.26969, 0.06895
0.27114, 0.06906
0.27260, 0.06917
0.27405, 0.06927
0.27551, 0.06938
0.27697, 0.06948
0.27843, 0.06958
0.27989, 0.06967
0.28136, 0.06977
0.28283, 0.06986
0.28429, 0.06995
0.28577, 0.07004
0.28724, 0.07013
0.28871, 0.07021
0.29019, 0.07030
0.29167, 0.07038
0.29315, 0.07045
0.29463, 0.07053
0.29612, 0.07061
0.29761, 0.07068
0.29909, 0.07075
0.30058, 0.07082
0.30208, 0.07089
0.30357, 0.07095
0.30507, 0.07101
0.30656, 0.07107
0.30806, 0.07113
0.30956, 0.07119
0.31107, 0.07125
0.31257, 0.07130
0.31408, 0.07135
0.31558, 0.07140
0.31709, 0.07145
0.31860, 0.07149
0.32011, 0.07153
0.32163, 0.07158
0.32314, 0.07162
0.32466, 0.07165
0.32617, 0.07169
0.32768, 0.07172
0.32919, 0.07175
0.33070, 0.07179
0.33221, 0.07181
0.33372, 0.07184
0.33522, 0.07187
0.33673, 0.07189
0.33825, 0.07191
0.33976, 0.07194
0.34127, 0.07196
0.34279, 0.07198
0.34431, 0.07199
0.34583, 0.07201
0.34735, 0.07202
0.34887, 0.07204
0.35040, 0.07205
0.35193, 0.07206
0.35345, 0.07207
0.35498, 0.07208
0.35651, 0.07208
0.35805, 0.07209
0.35958, 0.07209
0.36111, 0.07210
0.36265, 0.07210
0.36419, 0.07210
0.36573, 0.07209
0.36727, 0.07209
0.36881, 0.07209
0.37035, 0.07208
0.37190, 0.07207
0.37344, 0.07206
0.37499, 0.07205
0.37653, 0.07204
0.37808, 0.07203
0.37963, 0.07202
0.38118, 0.07200
0.38273, 0.07198
0.38429, 0.07197
0.38584, 0.07195
0.38739, 0.07192
0.38895, 0.07190
0.39051, 0.07188
0.39206, 0.07185
0.39362, 0.07183
0.39518, 0.07180
0.39674, 0.07177
0.39830, 0.07174
0.39986, 0.07171
0.40142, 0.07168
0.40299, 0.07164
0.40455, 0.07161
0.40611, 0.07157
0.40768, 0.07153
0.40924, 0.07149
0.41081, 0.07145
0.41238, 0.07141
0.41395, 0.07137
0.41551, 0.07133
0.41708, 0.07128
0.41865, 0.07124
0.42022, 0.07119
0.42179, 0.07114
0.42336, 0.07109
0.42493, 0.07104
0.42650, 0.07099
0.42807, 0.07093
0.42965, 0.07088
0.43122, 0.07082
0.43279, 0.07077
0.43437, 0.07071
0.43594, 0.07065
0.43751, 0.07059
0.43909, 0.07053
0.44066, 0.07047
0.44224, 0.07041
0.44381, 0.07034
0.44539, 0.07028
0.44696, 0.07021
0.44854, 0.07015
0.45012, 0.07008
0.45169, 0.07001
0.45327, 0.06994
0.45485, 0.06987
0.45642, 0.06980
0.45800, 0.06973
0.45958, 0.06965
0.46116, 0.06958
0.46273, 0.06950
0.46431, 0.06943
0.46589, 0.06935
0.46747, 0.06927
0.46904, 0.06919
0.47062, 0.06912
0.47220, 0.06904
0.47378, 0.06895
0.47536, 0.06887
0.47693, 0.06879
0.47851, 0.06871
0.48009, 0.06862
0.48167, 0.06854
0.48325, 0.06845
0.48483, 0.06836
0.48640, 0.06828
0.48798, 0.06819
0.48956, 0.06810
0.49114, 0.06801
0.49272, 0.06792
0.49429, 0.06783
0.49587, 0.06774
0.49745, 0.06765
0.49903, 0.06755
0.50060, 0.06746
0.50218, 0.06736
0.50376, 0.06727
0.50534, 0.06717
0.50691, 0.06708
0.50849, 0.06698
0.51007, 0.06688
0.51164, 0.06678
0.51322, 0.06668
0.51479, 0.06659
0.51637, 0.06649
0.51795, 0.06638
0.51952, 0.06628
0.52110, 0.06618
0.52267, 0.06608
0.52425, 0.06597
0.52582, 0.06587
0.52739, 0.06577
0.52897, 0.06566
0.53054, 0.06556
0.53211, 0.06545
0.53369, 0.06534
0.53526, 0.06523
0.53683, 0.06513
0.53840, 0.06502
0.53998, 0.06491
0.54155, 0.06480
0.54312, 0.06469
0.54469, 0.06458
0.54626, 0.06447
0.54783, 0.06435
0.54940, 0.06424
0.55097, 0.06413
0.55253, 0.06402
0.55410, 0.06390
0.55567, 0.06379
0.55724, 0.06367
0.55880, 0.06355
0.56037, 0.06344
0.56193, 0.06332
0.56350, 0.06320
0.56506, 0.06309
0.56663, 0.06297
0.56819, 0.06285
0.56975, 0.06273
0.57131, 0.06261
0.57288, 0.06249
0.57444, 0.06236
0.57600, 0.06224
0.57756, 0.06212
0.57911, 0.06200
0.58067, 0.06187
0.58223, 0.06175
0.58379, 0.06162
0.58534, 0.06150
0.58690, 0.06137
0.58845, 0.06125
0.59001, 0.06112
0.59156, 0.06099
0.59311, 0.06086
0.59466, 0.06073
0.59621, 0.06061
0.59776, 0.06048
0.59931, 0.06035
0.60086, 0.06021
0.60240, 0.06008
0.60395, 0.05995
0.60549, 0.05982
0.60704, 0.05969
0.60858, 0.05955
0.61012, 0.05942
0.61166, 0.05928
0.61320, 0.05915
0.61474, 0.05901
0.61628, 0.05887
0.61781, 0.05874
0.61935, 0.05860
0.62088, 0.05846
0.62242, 0.05832
0.62395, 0.05818
0.62548, 0.05804
0.62701, 0.05790
0.62854, 0.05776
0.63006, 0.05762
0.63159, 0.05748
0.63311, 0.05734
0.63463, 0.05719
0.63616, 0.05705
0.63768, 0.05691
0.63919, 0.05676
0.64071, 0.05662
0.64223, 0.05647
0.64374, 0.05632
0.64525, 0.05618
0.64676, 0.05603
0.64828, 0.05588
0.64981, 0.05573
0.65145, 0.05558
0.65348, 0.05541
0.65651, 0.05515
0.66141, 0.05452
0.66829, 0.05290
0.67536, 0.05010
0.68017, 0.04741
0.68161, 0.04637
0.67969, 0.04718
0.67557, 0.04857
0.67170, 0.04930
0.66982, 0.04938
0.66979, 0.04926
0.67075, 0.04911
0.67209, 0.04896
0.67353, 0.04881
0.67499, 0.04866
0.67645, 0.04851
0.67791, 0.04836
0.67937, 0.04821
0.68083, 0.04806
0.68228, 0.04792
0.68374, 0.04777
0.68519, 0.04762
0.68665, 0.04747
0.68810, 0.04733
0.68955, 0.04718
0.69100, 0.04703
0.69245, 0.04688
0.69390, 0.04674
0.69534, 0.04659
0.69678, 0.04644
0.69823, 0.04629
0.69967, 0.04615
0.70111, 0.04600
0.70254, 0.04585
0.70398, 0.04570
0.70542, 0.04556
0.70685, 0.04541
0.70828, 0.04526
0.70971, 0.04511
0.71114, 0.04496
0.71257, 0.04482
0.71399, 0.04467
0.71541, 0.04452
0.71683, 0.04437
0.71825, 0.04422
0.71967, 0.04407
0.72109, 0.04392
0.72250, 0.04377
0.72391, 0.04362
0.72533, 0.04347
0.72673, 0.04332
0.72814, 0.04317
0.72955, 0.04302
0.73095, 0.04287
0.73235, 0.04271
0.73375, 0.04256
0.73515, 0.04241
0.73654, 0.04225
0.73793, 0.04210
0.73932, 0.04195
0.74071, 0.04179
0.74210, 0.04164
0.74348, 0.04148
0.74487, 0.04133
0.74625, 0.04117
0.74762, 0.04101
0.74900, 0.04086
0.75037, 0.04070
0.75174, 0.04054
0.75311, 0.04038
0.75448, 0.04022
0.75584, 0.04006
0.75720, 0.03990
0.75856, 0.03974
0.75991, 0.03958
0.76126, 0.03942
0.76261, 0.03926
0.76396, 0.03910
0.76530, 0.03893
0.76664, 0.03877
0.76798, 0.03861
0.76932, 0.03844
0.77065, 0.03828
0.77198, 0.03811
0.77330, 0.03795
0.77463, 0.03778
0.77595, 0.03762
0.77727, 0.03745
0.77858, 0.03729
0.77989, 0.03712
0.78120, 0.03695
0.78251, 0.03679
0.78381, 0.03662
0.78511, 0.03645
0.78641, 0.03629
0.78770, 0.03612
0.78899, 0.03595
0.79028, 0.03578
0.79157, 0.03561
0.79285, 0.03544
0.79413, 0.03527
0.79540, 0.03510
0.79668, 0.03493
0.79795, 0.03477
0.79921, 0.03460
0.80048, 0.03443
0.80174, 0.03426
0.80300, 0.03408
0.80425, 0.03391
0.80550, 0.03374
0.80675, 0.03357
0.80799, 0.03340
0.80923, 0.03323
0.81047, 0.03306
0.81171, 0.03289
0.81294, 0.03272
0.81417, 0.03255
0.81539, 0.03238
0.81662, 0.03220
0.81784, 0.03203
0.81905, 0.03186
0.82026, 0.03169
0.82147, 0.03152
0.82268, 0.03135
0.82388, 0.03118
0.82508, 0.03100
0.82628, 0.03083
0.82747, 0.03066
0.82866, 0.03049
0.82985, 0.03032
0.83103, 0.03015
0.83221, 0.02998
0.83338, 0.02980
0.83456, 0.02963
0.83573, 0.02946
0.83689, 0.02929
0.83805, 0.02912
0.83921, 0.02895
0.84037, 0.02878
0.84152, 0.02861
0.84267, 0.02844
0.84381, 0.02827
0.84496, 0.02809
0.84609, 0.02792
0.84723, 0.02775
0.84836, 0.02758
0.84949, 0.02741
0.85061, 0.02724
0.85173, 0.02707
0.85285, 0.02690
0.85397, 0.02673
0.85508, 0.02657
0.85618, 0.02640
0.85729, 0.02623
0.85839, 0.02606
0.85948, 0.02589
0.86058, 0.02572
0.86166, 0.02555
0.86275, 0.02538
0.86383, 0.02522
0.86491, 0.02505
0.86598, 0.02488
0.86705, 0.02471
0.86812, 0.02455
0.86918, 0.02438
0.87024, 0.02421
0.87130, 0.02404
0.87235, 0.02388
0.87340, 0.02371
0.87445, 0.02355
0.87549, 0.02338
0.87652, 0.02321
0.87756, 0.02305
0.87859, 0.02288
0.87961, 0.02272
0.88064, 0.02255
0.88165, 0.02239
0.88267, 0.02223
0.88368, 0.02206
0.88469, 0.02190
0.88569, 0.02174
0.88669, 0.02157
0.88769, 0.02141
0.88868, 0.02125
0.88966, 0.02109
0.89065, 0.02092
0.89163, 0.02076
0.89260, 0.02060
0.89358, 0.02044
0.89454, 0.02028
0.89551, 0.02012
0.89647, 0.01996
0.89743, 0.01980
0.89838, 0.01964
0.89933, 0.01948
0.90027, 0.01933
0.90121, 0.01917
0.90215, 0.01901
0.90308, 0.01885
0.90401, 0.01870
0.90493, 0.01854
0.90585, 0.01838
0.90677, 0.01823
0.90768, 0.01807
0.90859, 0.01792
0.90950, 0.01776
0.91040, 0.01761
0.91129, 0.01746
0.91218, 0.01730
0.91307, 0.01715
0.91395, 0.01700
0.91483, 0.01685
0.91571, 0.01669
0.91658, 0.01654
0.91745, 0.01639
0.91831, 0.01624
0.91917, 0.01609
0.92003, 0.01594
0.92088, 0.01579
0.92172, 0.01565
0.92256, 0.01550
0.92340, 0.01535
0.92424, 0.01520
0.92507, 0.01506
0.92589, 0.01491
0.92671, 0.01477
0.92753, 0.01462
0.92834, 0.01448
0.92915, 0.01433
0.92996, 0.01419
0.93076, 0.01405
0.93155, 0.01391
0.93234, 0.01376
0.93313, 0.01362
0.93391, 0.01348
0.93469, 0.01334
0.93546, 0.01320
0.93623, 0.01306
0.93700, 0.01292
0.93776, 0.01279
0.93852, 0.01265
0.93927, 0.01251
0.94002, 0.01238
0.94076, 0.01224
0.94150, 0.01211
0.94224, 0.01197
0.94297, 0.01184
0.94369, 0.01171
0.94442, 0.01157
0.94513, 0.01144
0.94585, 0.01131
0.94656, 0.01118
0.94726, 0.01105
0.94796, 0.01092
0.94865, 0.01079
0.94935, 0.01066
0.95003, 0.01054
0.95071, 0.01041
0.95139, 0.01028
0.95207, 0.01016
0.95273, 0.01003
0.95340, 0.00991
0.95406, 0.00978
0.95471, 0.00966
0.95536, 0.00954
0.95601, 0.00942
0.95665, 0.00930
0.95729, 0.00918
0.95792, 0.00906
0.95855, 0.00894
0.95917, 0.00882
0.95979, 0.00870
0.96041, 0.00859
0.96102, 0.00847
0.96162, 0.00836
0.96222, 0.00824
0.96282, 0.00813
0.96341, 0.00802
0.96400, 0.00790
0.96458, 0.00779
0.96516, 0.00768
0.96573, 0.00757
0.96630, 0.00746
0.96687, 0.00735
0.96743, 0.00725
0.96798, 0.00714
0.96853, 0.00703
0.96908, 0.00693
0.96962, 0.00682
0.97016, 0.00672
0.97069, 0.00662
0.97121, 0.00651
0.97174, 0.00641
0.97226, 0.00631
0.97277, 0.00621
0.97328, 0.00611
0.97378, 0.00602
0.97428, 0.00592
0.97478, 0.00582
0.97527, 0.00573
0.97575, 0.00563
0.97623, 0.00554
0.97671, 0.00544
0.97718, 0.00535
0.97765, 0.00526
0.97811, 0.00517
0.97856, 0.00508
0.97902, 0.00499
0.97946, 0.00490
0.97991, 0.00481
0.98035, 0.00473
0.98078, 0.00464
0.98121, 0.00456
0.98163, 0.00447
0.98205, 0.00439
0.98247, 0.00431
0.98288, 0.00423
0.98328, 0.00415
0.98368, 0.00407
0.98408, 0.00399
0.98447, 0.00391
0.98485, 0.00383
0.98524, 0.00376
0.98561, 0.00368
0.98598, 0.00361
0.98635, 0.00353
0.98671, 0.00346
0.98707, 0.00339
0.98742, 0.00332
0.98777, 0.00325
0.98811, 0.00318
0.98845, 0.00311
0.98879, 0.00305
0.98911, 0.00298
0.98944, 0.00291
0.98976, 0.00285
0.99007, 0.00279
0.99038, 0.00272
0.99069, 0.00266
0.99099, 0.00260
0.99128, 0.00254
0.99157, 0.00248
0.99186, 0.00243
0.99214, 0.00237
0.99241, 0.00231
0.99268, 0.00226
0.99295, 0.00221
0.99321, 0.00215
0.99347, 0.00210
0.99372, 0.00205
0.99396, 0.00200
0.99421, 0.00195
0.99444, 0.00190
0.99467, 0.00186
0.99490, 0.00181
0.99512, 0.00176
0.99534, 0.00172
0.99555, 0.00168
0.99576, 0.00163
0.99597, 0.00159
0.99616, 0.00155
0.99636, 0.00151
0.99654, 0.00147
0.99673, 0.00144
0.99691, 0.00140
0.99708, 0.00136
0.99725, 0.00133
0.99741, 0.00130
0.99757, 0.00126
0.99773, 0.00123
0.99788, 0.00120
0.99802, 0.00117
0.99816, 0.00114
0.99829, 0.00112
0.99842, 0.00109
0.99855, 0.00106
0.99867, 0.00104
0.99878, 0.00102
0.99889, 0.00099
0.99900, 0.00097
0.99910, 0.00095
0.99920, 0.00093
0.99929, 0.00091
0.99937, 0.00090
0.99945, 0.00088
0.99953, 0.00086
0.99960, 0.00085
0.99967, 0.00083
0.99973, 0.00082
0.99978, 0.00081
0.99984, 0.00080
0.99988, 0.00079
0.99992, 0.00078
0.99996, 0.00077
0.99999, 0.00077
1.00002, 0.00076
1.00004, 0.00076
1.00006, 0.00075
1.00008, 0.00075
1.00012, 0.00075
1.00013, 0.00075

=== Lower Surface ===
0.00000, -0.01706
0.00005, -0.01734
0.00008, -0.01761
0.00011, -0.01789
0.00016, -0.01817
0.00021, -0.01844
0.00027, -0.01871
0.00033, -0.01899
0.00040, -0.01926
0.00047, -0.01953
0.00054, -0.01980
0.00062, -0.02007
0.00071, -0.02034
0.00080, -0.02060
0.00090, -0.02087
0.00100, -0.02114
0.00110, -0.02140
0.00122, -0.02166
0.00133, -0.02193
0.00145, -0.02219
0.00158, -0.02245
0.00171, -0.02271
0.00184, -0.02297
0.00198, -0.02322
0.00213, -0.02348
0.00228, -0.02374
0.00243, -0.02399
0.00259, -0.02425
0.00276, -0.02450
0.00293, -0.02475
0.00310, -0.02501
0.00328, -0.02526
0.00346, -0.02551
0.00365, -0.02575
0.00385, -0.02600
0.00404, -0.02625
0.00425, -0.02649
0.00446, -0.02674
0.00467, -0.02698
0.00489, -0.02723
0.00511, -0.02747
0.00534, -0.02771
0.00557, -0.02795
0.00581, -0.02819
0.00605, -0.02843
0.00630, -0.02867
0.00655, -0.02890
0.00681, -0.02914
0.00707, -0.02937
0.00734, -0.02961
0.00761, -0.02984
0.00788, -0.03007
0.00817, -0.03030
0.00845, -0.03053
0.00874, -0.03076
0.00904, -0.03099
0.00934, -0.03121
0.00964, -0.03144
0.00995, -0.03166
0.01027, -0.03189
0.01059, -0.03211
0.01091, -0.03233
0.01124, -0.03255
0.01158, -0.03277
0.01192, -0.03299
0.01226, -0.03321
0.01261, -0.03343
0.01296, -0.03364
0.01332, -0.03386
0.01368, -0.03407
0.01405, -0.03428
0.01442, -0.03450
0.01480, -0.03471
0.01518, -0.03492
0.01557, -0.03513
0.01596, -0.03533
0.01636, -0.03554
0.01676, -0.03575
0.01717, -0.03595
0.01758, -0.03616
0.01799, -0.03636
0.01841, -0.03656
0.01884, -0.03676
0.01927, -0.03696
0.01970, -0.03716
0.02014, -0.03736
0.02058, -0.03755
0.02103, -0.03775
0.02148, -0.03795
0.02194, -0.03814
0.02240, -0.03833
0.02287, -0.03852
0.02334, -0.03871
0.02382, -0.03890
0.02430, -0.03909
0.02479, -0.03928
0.02528, -0.03946
0.02577, -0.03965
0.02627, -0.03983
0.02678, -0.04002
0.02728, -0.04020
0.02780, -0.04038
0.02832, -0.04056
0.02884, -0.04074
0.02937, -0.04092
0.02990, -0.04109
0.03044, -0.04127
0.03098, -0.04144
0.03152, -0.04162
0.03207, -0.04179
0.03263, -0.04196
0.03319, -0.04213
0.03375, -0.04230
0.03432, -0.04247
0.03489, -0.04263
0.03547, -0.04280
0.03606, -0.04297
0.03664, -0.04313
0.03723, -0.04329
0.03783, -0.04345
0.03843, -0.04361
0.03904, -0.04377
0.03965, -0.04393
0.04026, -0.04409
0.04088, -0.04424
0.04150, -0.04440
0.04213, -0.04455
0.04276, -0.04470
0.04340, -0.04486
0.04404, -0.04501
0.04468, -0.04516
0.04533, -0.04530
0.04599, -0.04545
0.04665, -0.04560
0.04731, -0.04574
0.04798, -0.04588
0.04865, -0.04603
0.04932, -0.04617
0.05001, -0.04631
0.05069, -0.04645
0.05138, -0.04659
0.05207, -0.04672
0.05277, -0.04686
0.05347, -0.04699
0.05418, -0.04712
0.05489, -0.04726
0.05561, -0.04739
0.05633, -0.04752
0.05705, -0.04765
0.05778, -0.04777
0.05851, -0.04790
0.05925, -0.04803
0.05999, -0.04815
0.06074, -0.04827
0.06149, -0.04839
0.06224, -0.04851
0.06300, -0.04863
0.06376, -0.04875
0.06453, -0.04887
0.06530, -0.04899
0.06608, -0.04910
0.06685, -0.04921
0.06764, -0.04933
0.06843, -0.04944
0.06922, -0.04955
0.07001, -0.04966
0.07081, -0.04976
0.07162, -0.04987
0.07243, -0.04998
0.07324, -0.05008
0.07406, -0.05018
0.07488, -0.05028
0.07570, -0.05039
0.07653, -0.05048
0.07737, -0.05058
0.07820, -0.05068
0.07904, -0.05078
0.07989, -0.05087
0.08074, -0.05096
0.08159, -0.05106
0.08245, -0.05115
0.08331, -0.05124
0.08418, -0.05133
0.08505, -0.05141
0.08592, -0.05150
0.08680, -0.05158
0.08768, -0.05167
0.08857, -0.05175
0.08946, -0.05183
0.09035, -0.05191
0.09125, -0.05199
0.09215, -0.05207
0.09305, -0.05215
0.09396, -0.05222
0.09487, -0.05230
0.09579, -0.05237
0.09671, -0.05244
0.09764, -0.05251
0.09857, -0.05258
0.09950, -0.05265
0.10043, -0.05272
0.10137, -0.05279
0.10232, -0.05285
0.10326, -0.05291
0.10422, -0.05298
0.10517, -0.05304
0.10613, -0.05310
0.10709, -0.05316
0.10806, -0.05322
0.10903, -0.05327
0.11000, -0.05333
0.11098, -0.05338
0.11196, -0.05344
0.11295, -0.05349
0.11394, -0.05354
0.11493, -0.05359
0.11592, -0.05364
0.11692, -0.05368
0.11793, -0.05373
0.11893, -0.05377
0.11994, -0.05382
0.12096, -0.05386
0.12197, -0.05390
0.12300, -0.05394
0.12402, -0.05398
0.12505, -0.05402
0.12608, -0.05406
0.12712, -0.05409
0.12816, -0.05413
0.12920, -0.05416
0.13024, -0.05419
0.13129, -0.05422
0.13235, -0.05425
0.13340, -0.05428
0.13446, -0.05431
0.13553, -0.05433
0.13659, -0.05436
0.13766, -0.05438
0.13874, -0.05441
0.13981, -0.05443
0.14089, -0.05445
0.14198, -0.05447
0.14307, -0.05449
0.14416, -0.05450
0.14525, -0.05452
0.14635, -0.05454
0.14745, -0.05455
0.14855, -0.05456
0.14966, -0.05457
0.15077, -0.05458
0.15189, -0.05459
0.15301, -0.05460
0.15413, -0.05461
0.15525, -0.05461
0.15638, -0.05462
0.15751, -0.05462
0.15865, -0.05462
0.15978, -0.05463
0.16093, -0.05463
0.16207, -0.05462
0.16322, -0.05462
0.16437, -0.05462
0.16552, -0.05461
0.16668, -0.05461
0.16784, -0.05460
0.16901, -0.05459
0.17017, -0.05459
0.17135, -0.05458
0.17252, -0.05456
0.17370, -0.05455
0.17488, -0.05454
0.17606, -0.05452
0.17725, -0.05451
0.17844, -0.05449
0.17963, -0.05447
0.18082, -0.05445
0.18202, -0.05443
0.18322, -0.05441
0.18443, -0.05439
0.18564, -0.05437
0.18685, -0.05434
0.18806, -0.05432
0.18928, -0.05429
0.19050, -0.05426
0.19172, -0.05423
0.19295, -0.05420
0.19418, -0.05417
0.19541, -0.05414
0.19665, -0.05410
0.19789, -0.05407
0.19913, -0.05403
0.20037, -0.05400
0.20162, -0.05396
0.20287, -0.05392
0.20412, -0.05388
0.20537, -0.05384
0.20663, -0.05380
0.20789, -0.05375
0.20915, -0.05371
0.21042, -0.05366
0.21169, -0.05362
0.21295, -0.05357
0.21422, -0.05352
0.21550, -0.05347
0.21677, -0.05342
0.21805, -0.05337
0.21933, -0.05332
0.22061, -0.05327
0.22189, -0.05321
0.22318, -0.05316
0.22446, -0.05310
0.22575, -0.05305
0.22704, -0.05299
0.22833, -0.05293
0.22963, -0.05288
0.23092, -0.05282
0.23222, -0.05276
0.23352, -0.05270
0.23482, -0.05264
0.23612, -0.05258
0.23743, -0.05251
0.23873, -0.05245
0.24004, -0.05239
0.24135, -0.05233
0.24266, -0.05226
0.24398, -0.05220
0.24529, -0.05213
0.24661, -0.05207
0.24793, -0.05200
0.24924, -0.05194
0.25057, -0.05187
0.25189, -0.05181
0.25321, -0.05174
0.25454, -0.05167
0.25586, -0.05160
0.25719, -0.05154
0.25852, -0.05147
0.25985, -0.05140
0.26119, -0.05133
0.26252, -0.05127
0.26385, -0.05120
0.26519, -0.05113
0.26653, -0.05106
0.26787, -0.05099
0.26921, -0.05092
0.27055, -0.05086
0.27190, -0.05079
0.27324, -0.05072
0.27459, -0.05065
0.27594, -0.05058
0.27730, -0.05051
0.27865, -0.05044
0.28001, -0.05038
0.28137, -0.05031
0.28273, -0.05024
0.28410, -0.05017
0.28546, -0.05010
0.28683, -0.05003
0.28820, -0.04997
0.28958, -0.04990
0.29095, -0.04983
0.29233, -0.04976
0.29371, -0.04969
0.29509, -0.04962
0.29647, -0.04956
0.29786, -0.04949
0.29925, -0.04942
0.30064, -0.04935
0.30203, -0.04928
0.30343, -0.04921
0.30483, -0.04915
0.30623, -0.04908
0.30763, -0.04901
0.30903, -0.04894
0.31044, -0.04887
0.31184, -0.04880
0.31325, -0.04874
0.31466, -0.04867
0.31608, -0.04860
0.31749, -0.04853
0.31891, -0.04846
0.32033, -0.04840
0.32175, -0.04833
0.32318, -0.04826
0.32460, -0.04819
0.32603, -0.04813
0.32746, -0.04806
0.32889, -0.04799
0.33033, -0.04792
0.33177, -0.04785
0.33322, -0.04779
0.33468, -0.04772
0.33613, -0.04765
0.33760, -0.04758
0.33906, -0.04751
0.34052, -0.04744
0.34199, -0.04737
0.34346, -0.04730
0.34493, -0.04722
0.34640, -0.04715
0.34787, -0.04708
0.34934, -0.04701
0.35082, -0.04693
0.35230, -0.04686
0.35377, -0.04679
0.35525, -0.04671
0.35673, -0.04664
0.35821, -0.04656
0.35970, -0.04649
0.36118, -0.04641
0.36267, -0.04634
0.36416, -0.04626
0.36564, -0.04619
0.36713, -0.04611
0.36863, -0.04603
0.37012, -0.04596
0.37161, -0.04588
0.37311, -0.04580
0.37461, -0.04572
0.37610, -0.04564
0.37760, -0.04557
0.37910, -0.04549
0.38061, -0.04541
0.38211, -0.04533
0.38361, -0.04525
0.38512, -0.04517
0.38663, -0.04509
0.38814, -0.04501
0.38965, -0.04493
0.39116, -0.04485
0.39267, -0.04477
0.39418, -0.04468
0.39570, -0.04460
0.39722, -0.04452
0.39873, -0.04444
0.40025, -0.04436
0.40177, -0.04427
0.40329, -0.04419
0.40482, -0.04411
0.40634, -0.04402
0.40786, -0.04394
0.40939, -0.04386
0.41092, -0.04377
0.41244, -0.04369
0.41397, -0.04360
0.41550, -0.04352
0.41704, -0.04343
0.41857, -0.04335
0.42010, -0.04326
0.42164, -0.04317
0.42317, -0.04309
0.42471, -0.04300
0.42625, -0.04291
0.42779, -0.04283
0.42933, -0.04274
0.43087, -0.04265
0.43241, -0.04256
0.43395, -0.04247
0.43550, -0.04238
0.43704, -0.04229
0.43859, -0.04221
0.44013, -0.04212
0.44168, -0.04202
0.44323, -0.04193
0.44478, -0.04184
0.44633, -0.04175
0.44788, -0.04166
0.44943, -0.04157
0.45099, -0.04148
0.45254, -0.04138
0.45409, -0.04129
0.45565, -0.04120
0.45720, -0.04110
0.45876, -0.04101
0.46032, -0.04091
0.46187, -0.04082
0.46343, -0.04072
0.46499, -0.04063
0.46655, -0.04053
0.46811, -0.04044
0.46967, -0.04034
0.47123, -0.04024
0.47279, -0.04014
0.47436, -0.04005
0.47592, -0.03995
0.47748, -0.03985
0.47905, -0.03975
0.48061, -0.03965
0.48217, -0.03955
0.48374, -0.03945
0.48530, -0.03935
0.48687, -0.03925
0.48843, -0.03915
0.49000, -0.03905
0.49157, -0.03894
0.49313, -0.03884
0.49470, -0.03874
0.49627, -0.03863
0.49783, -0.03853
0.49940, -0.03843
0.50097, -0.03832
0.50254, -0.03822
0.50410, -0.03811
0.50567, -0.03801
0.50724, -0.03790
0.50881, -0.03779
0.51037, -0.03769
0.51194, -0.03758
0.51351, -0.03747
0.51508, -0.03736
0.51664, -0.03725
0.51821, -0.03714
0.51978, -0.03703
0.52135, -0.03692
0.52291, -0.03681
0.52448, -0.03670
0.52604, -0.03659
0.52761, -0.03648
0.52918, -0.03637
0.53074, -0.03626
0.53231, -0.03615
0.53387, -0.03603
0.53544, -0.03592
0.53700, -0.03581
0.53857, -0.03569
0.54013, -0.03558
0.54169, -0.03546
0.54325, -0.03535
0.54482, -0.03523
0.54638, -0.03512
0.54794, -0.03500
0.54950, -0.03489
0.55106, -0.03477
0.55262, -0.03465
0.55418, -0.03454
0.55574, -0.03442
0.55729, -0.03430
0.55885, -0.03419
0.56041, -0.03407
0.56196, -0.03395
0.56352, -0.03383
0.56507, -0.03371
0.56663, -0.03359
0.56818, -0.03347
0.56973, -0.03336
0.57128, -0.03324
0.57283, -0.03312
0.57438, -0.03300
0.57593, -0.03288
0.57748, -0.03276
0.57903, -0.03263
0.58057, -0.03251
0.58212, -0.03239
0.58366, -0.03227
0.58521, -0.03215
0.58675, -0.03203
0.58829, -0.03191
0.58983, -0.03179
0.59137, -0.03167
0.59291, -0.03154
0.59445, -0.03142
0.59599, -0.03130
0.59752, -0.03118
0.59906, -0.03106
0.60059, -0.03093
0.60212, -0.03081
0.60365, -0.03069
0.60519, -0.03057
0.60671, -0.03044
0.60824, -0.03032
0.60977, -0.03020
0.61130, -0.03008
0.61282, -0.02995
0.61434, -0.02983
0.61587, -0.02971
0.61739, -0.02959
0.61891, -0.02946
0.62043, -0.02934
0.62195, -0.02922
0.62346, -0.02910
0.62498, -0.02897
0.62649, -0.02885
0.62800, -0.02873
0.62952, -0.02861
0.63103, -0.02848
0.63254, -0.02836
0.63404, -0.02824
0.63555, -0.02812
0.63705, -0.02799
0.63856, -0.02787
0.64006, -0.02775
0.64156, -0.02763
0.64306, -0.02750
0.64456, -0.02738
0.64606, -0.02726
0.64755, -0.02714
0.64902, -0.02702
0.65038, -0.02690
0.65135, -0.02677
0.65131, -0.02662
0.64940, -0.02626
0.64551, -0.02525
0.64142, -0.02358
0.63959, -0.02252
0.64114, -0.02331
0.64603, -0.02574
0.65312, -0.02825
0.65995, -0.02960
0.66480, -0.02995
0.66779, -0.02993
0.66979, -0.02983
0.67141, -0.02970
0.67292, -0.02958
0.67441, -0.02945
0.67589, -0.02932
0.67737, -0.02920
0.67885, -0.02907
0.68033, -0.02894
0.68180, -0.02881
0.68327, -0.02868
0.68474, -0.02855
0.68621, -0.02842
0.68767, -0.02829
0.68913, -0.02816
0.69059, -0.02802
0.69205, -0.02789
0.69350, -0.02776
0.69496, -0.02763
0.69641, -0.02750
0.69785, -0.02736
0.69930, -0.02723
0.70074, -0.02710
0.70218, -0.02696
0.70362, -0.02683
0.70505, -0.02670
0.70648, -0.02657
0.70791, -0.02643
0.70934, -0.02630
0.71077, -0.02616
0.71219, -0.02603
0.71361, -0.02590
0.71503, -0.02576
0.71644, -0.02563
0.71785, -0.02550
0.71926, -0.02537
0.72067, -0.02523
0.72208, -0.02510
0.72348, -0.02497
0.72488, -0.02483
0.72628, -0.02470
0.72767, -0.02457
0.72906, -0.02444
0.73045, -0.02431
0.73184, -0.02418
0.73322, -0.02405
0.73460, -0.02391
0.73598, -0.02378
0.73736, -0.02365
0.73873, -0.02352
0.74010, -0.02340
0.74147, -0.02327
0.74284, -0.02314
0.74420, -0.02301
0.74556, -0.02288
0.74692, -0.02276
0.74828, -0.02263
0.74963, -0.02250
0.75098, -0.02238
0.75233, -0.02225
0.75367, -0.02213
0.75501, -0.02200
0.75636, -0.02188
0.75769, -0.02176
0.75903, -0.02163
0.76036, -0.02151
0.76169, -0.02139
0.76302, -0.02127
0.76435, -0.02115
0.76567, -0.02103
0.76700, -0.02091
0.76831, -0.02079
0.76963, -0.02067
0.77095, -0.02055
0.77226, -0.02043
0.77357, -0.02032
0.77487, -0.02020
0.77618, -0.02008
0.77748, -0.01997
0.77878, -0.01985
0.78007, -0.01974
0.78137, -0.01962
0.78266, -0.01951
0.78395, -0.01939
0.78523, -0.01928
0.78652, -0.01917
0.78780, -0.01905
0.78908, -0.01894
0.79035, -0.01883
0.79162, -0.01872
0.79289, -0.01861
0.79416, -0.01850
0.79542, -0.01839
0.79669, -0.01828
0.79794, -0.01817
0.79920, -0.01806
0.80045, -0.01795
0.80170, -0.01784
0.80295, -0.01773
0.80420, -0.01762
0.80544, -0.01752
0.80668, -0.01741
0.80791, -0.01730
0.80915, -0.01720
0.81038, -0.01709
0.81160, -0.01699
0.81283, -0.01688
0.81405, -0.01678
0.81527, -0.01667
0.81648, -0.01657
0.81769, -0.01647
0.81890, -0.01636
0.82011, -0.01626
0.82131, -0.01616
0.82251, -0.01606
0.82371, -0.01595
0.82490, -0.01585
0.82609, -0.01575
0.82728, -0.01565
0.82846, -0.01555
0.82965, -0.01545
0.83082, -0.01535
0.83200, -0.01525
0.83317, -0.01515
0.83434, -0.01505
0.83550, -0.01496
0.83667, -0.01486
0.83783, -0.01476
0.83898, -0.01466
0.84013, -0.01457
0.84128, -0.01447
0.84243, -0.01437
0.84357, -0.01428
0.84471, -0.01418
0.84584, -0.01409
0.84698, -0.01399
0.84810, -0.01390
0.84923, -0.01380
0.85035, -0.01371
0.85147, -0.01362
0.85258, -0.01352
0.85370, -0.01343
0.85480, -0.01334
0.85591, -0.01324
0.85701, -0.01315
0.85811, -0.01306
0.85920, -0.01297
0.86029, -0.01288
0.86138, -0.01279
0.86246, -0.01270
0.86354, -0.01261
0.86462, -0.01252
0.86569, -0.01243
0.86676, -0.01234
0.86783, -0.01225
0.86889, -0.01216
0.86995, -0.01208
0.87100, -0.01199
0.87205, -0.01190
0.87310, -0.01182
0.87415, -0.01173
0.87519, -0.01164
0.87622, -0.01156
0.87726, -0.01147
0.87828, -0.01139
0.87931, -0.01130
0.88033, -0.01122
0.88135, -0.01114
0.88236, -0.01105
0.88337, -0.01097
0.88438, -0.01089
0.88538, -0.01080
0.88638, -0.01072
0.88738, -0.01064
0.88837, -0.01056
0.88936, -0.01048
0.89034, -0.01040
0.89132, -0.01032
0.89230, -0.01024
0.89327, -0.01016
0.89424, -0.01008
0.89521, -0.01000
0.89617, -0.00992
0.89712, -0.00984
0.89808, -0.00977
0.89903, -0.00969
0.89997, -0.00961
0.90091, -0.00954
0.90185, -0.00946
0.90278, -0.00938
0.90371, -0.00931
0.90464, -0.00923
0.90556, -0.00916
0.90648, -0.00908
0.90739, -0.00901
0.90830, -0.00894
0.90921, -0.00886
0.91011, -0.00879
0.91101, -0.00872
0.91190, -0.00865
0.91279, -0.00857
0.91368, -0.00850
0.91456, -0.00843
0.91543, -0.00836
0.91631, -0.00829
0.91718, -0.00822
0.91804, -0.00815
0.91890, -0.00808
0.91976, -0.00801
0.92061, -0.00795
0.92146, -0.00788
0.92230, -0.00781
0.92314, -0.00774
0.92398, -0.00768
0.92481, -0.00761
0.92564, -0.00754
0.92646, -0.00748
0.92728, -0.00741
0.92810, -0.00735
0.92891, -0.00728
0.92971, -0.00722
0.93052, -0.00715
0.93132, -0.00709
0.93211, -0.00703
0.93290, -0.00696
0.93368, -0.00690
0.93446, -0.00684
0.93524, -0.00678
0.93601, -0.00672
0.93678, -0.00666
0.93755, -0.00660
0.93831, -0.00654
0.93906, -0.00648
0.93981, -0.00642
0.94056, -0.00636
0.94130, -0.00630
0.94204, -0.00624
0.94277, -0.00618
0.94350, -0.00612
0.94423, -0.00607
0.94495, -0.00601
0.94566, -0.00595
0.94637, -0.00590
0.94708, -0.00584
0.94778, -0.00579
0.94848, -0.00573
0.94917, -0.00568
0.94986, -0.00562
0.95055, -0.00557
0.95123, -0.00552
0.95191, -0.00546
0.95258, -0.00541
0.95324, -0.00536
0.95391, -0.00531
0.95456, -0.00525
0.95522, -0.00520
0.95587, -0.00515
0.95651, -0.00510
0.95715, -0.00505
0.95779, -0.00500
0.95842, -0.00495
0.95904, -0.00490
0.95967, -0.00486
0.96028, -0.00481
0.96090, -0.00476
0.96151, -0.00471
0.96211, -0.00467
0.96271, -0.00462
0.96330, -0.00457
0.96389, -0.00453
0.96448, -0.00448
0.96506, -0.00444
0.96563, -0.00439
0.96621, -0.00435
0.96677, -0.00430
0.96733, -0.00426
0.96789, -0.00422
0.96845, -0.00417
0.96899, -0.00413
0.96954, -0.00409
0.97008, -0.00405
0.97061, -0.00401
0.97114, -0.00397
0.97167, -0.00392
0.97219, -0.00388
0.97270, -0.00384
0.97321, -0.00381
0.97372, -0.00377
0.97422, -0.00373
0.97472, -0.00369
0.97521, -0.00365
0.97570, -0.00361
0.97618, -0.00358
0.97666, -0.00354
0.97713, -0.00350
0.97760, -0.00347
0.97806, -0.00343
0.97852, -0.00340
0.97898, -0.00336
0.97942, -0.00333
0.97987, -0.00329
0.98031, -0.00326
0.98074, -0.00323
0.98117, -0.00319
0.98160, -0.00316
0.98202, -0.00313
0.98244, -0.00310
0.98285, -0.00306
0.98325, -0.00303
0.98366, -0.00300
0.98405, -0.00297
0.98444, -0.00294
0.98483, -0.00291
0.98521, -0.00288
0.98559, -0.00285
0.98596, -0.00283
0.98633, -0.00280
0.98670, -0.00277
0.98705, -0.00274
0.98741, -0.00272
0.98776, -0.00269
0.98810, -0.00266
0.98844, -0.00264
0.98877, -0.00261
0.98910, -0.00259
0.98942, -0.00256
0.98974, -0.00254
0.99006, -0.00251
0.99037, -0.00249
0.99067, -0.00247
0.99097, -0.00244
0.99127, -0.00242
0.99156, -0.00240
0.99184, -0.00238
0.99212, -0.00236
0.99240, -0.00234
0.99267, -0.00231
0.99293, -0.00229
0.99319, -0.00227
0.99345, -0.00226
0.99370, -0.00224
0.99395, -0.00222
0.99419, -0.00220
0.99442, -0.00218
0.99465, -0.00216
0.99488, -0.00215
0.99510, -0.00213
0.99532, -0.00211
0.99553, -0.00210
0.99573, -0.00208
0.99594, -0.00207
0.99613, -0.00205
0.99632, -0.00204
0.99651, -0.00202
0.99669, -0.00201
0.99687, -0.00200
0.99704, -0.00198
0.99721, -0.00197
0.99737, -0.00196
0.99753, -0.00195
0.99768, -0.00193
0.99782, -0.00192
0.99797, -0.00191
0.99810, -0.00190
0.99824, -0.00189
0.99836, -0.00188
0.99848, -0.00187
0.99860, -0.00186
0.99871, -0.00186
0.99882, -0.00185
0.99892, -0.00184
0.99902, -0.00183
0.99911, -0.00183
0.99920, -0.00182
0.99928, -0.00181
0.99936, -0.00181
0.99943, -0.00180
0.99950, -0.00180
0.99956, -0.00179
0.99962, -0.00179
0.99967, -0.00178
0.99972, -0.00178
0.99976, -0.00178
0.99980, -0.00177
0.99983, -0.00177
0.99986, -0.00177
0.99988, -0.00177
0.99990, -0.00177
0.99990, -0.00177
0.99987, -0.00176
0.99987, -0.00176
