=== Airfoil Parameters ===
m = 0.02
p = 0.4
t = 0.12

=== Control Points ===
0.00000, 0.01164, 0.01164
0.06667, 0.01717, 0.01106
0.13333, 0.02109, 0.00998
0.20000, 0.02354, 0.00854
0.26667, 0.02470, 0.00692
0.66667, 0.02137, 0.00532
0.75000, 0.01709, 0.00390
0.83333, 0.01233, 0.00277
0.91667, 0.00717, 0.00200
1.00000, 0.00161, 0.00161

=== Upper Surface ===
0.00000, 0.01164
-0.00004, 0.01192
-0.00005, 0.01220
-0.00006, 0.01248
-0.00007, 0.01276
-0.00007, 0.01304
-0.00007, 0.01332
-0.00007, 0.01360
-0.00005, 0.01388
-0.00004, 0.01416
-0.00002, 0.01444
0.00001, 0.01472
0.00004, 0.01500
0.00007, 0.01528
0.00011, 0.01556
0.00016, 0.01584
0.00021, 0.01612
0.00027, 0.01640
0.00033, 0.01668
0.00039, 0.01696
0.00046, 0.01724
0.00054, 0.01752
0.00062, 0.01780
0.00070, 0.01808
0.00079, 0.01836
0.00089, 0.01864
0.00099, 0.01892
0.00110, 0.01921
0.00121, 0.01949
0.00132, 0.01977
0.00144, 0.02005
0.00157, 0.02033
0.00170, 0.02061
0.00184, 0.02089
0.00198, 0.02118
0.00212, 0.02146
0.00227, 0.02174
0.00243, 0.02202
0.00259, 0.02230
0.00276, 0.02258
0.00293, 0.02287
0.00310, 0.02315
0.00328, 0.02343
0.00347, 0.02371
0.00366, 0.02399
0.00386, 0.02428
0.00406, 0.02456
0.00426, 0.02484
0.00447, 0.02512
0.00469, 0.02540
0.00491, 0.02569
0.00513, 0.02597
0.00537, 0.02625
0.00560, 0.02653
0.00584, 0.02681
0.00609, 0.02710
0.00634, 0.02738
0.00659, 0.02766
0.00686, 0.02794
0.00712, 0.02822
0.00739, 0.02850
0.00767, 0.02879
0.00795, 0.02907
0.00823, 0.02935
0.00853, 0.02963
0.00882, 0.02991
0.00912, 0.03019
0.00943, 0.03048
0.00974, 0.03076
0.01005, 0.03104
0.01037, 0.03132
0.01070, 0.03160
0.01103, 0.03188
0.01137, 0.03216
0.01171, 0.03244
0.01205, 0.03273
0.01240, 0.03301
0.01276, 0.03329
0.01312, 0.03357
0.01348, 0.03385
0.01385, 0.03413
0.01423, 0.03441
0.01461, 0.03469
0.01499, 0.03497
0.01538, 0.03525
0.01578, 0.03553
0.01618, 0.03581
0.01658, 0.03609
0.01699, 0.03636
0.01741, 0.03664
0.01783, 0.03692
0.01825, 0.03720
0.01868, 0.03748
0.01912, 0.03776
0.01955, 0.03803
0.02000, 0.03831
0.02045, 0.03859
0.02090, 0.03887
0.02136, 0.03914
0.02182, 0.03942
0.02229, 0.03970
0.02277, 0.03997
0.02324, 0.04025
0.02373, 0.04053
0.02422, 0.04080
0.02471, 0.04108
0.02521, 0.04135
0.02571, 0.04163
0.02622, 0.04190
0.02673, 0.04218
0.02725, 0.04245
0.02777, 0.04272
0.02830, 0.04300
0.02883, 0.04327
0.02936, 0.04354
0.02991, 0.04382
0.03045, 0.04409
0.03100, 0.04436
0.03156, 0.04463
0.03212, 0.04490
0.03268, 0.04517
0.03326, 0.04544
0.03383, 0.04571
0.03441, 0.04598
0.03499, 0.04625
0.03558, 0.04652
0.03618, 0.04679
0.03678, 0.04706
0.03738, 0.04732
0.03799, 0.04759
0.03860, 0.04786
0.03922, 0.04812
0.03984, 0.04839
0.04047, 0.04865
0.04110, 0.04892
0.04174, 0.04918
0.04238, 0.04945
0.04303, 0.04971
0.04368, 0.04997
0.04433, 0.05024
0.04499, 0.05050
0.04566, 0.05076
0.04633, 0.05102
0.04700, 0.05128
0.04768, 0.05154
0.04836, 0.05180
0.04905, 0.05206
0.04975, 0.05232
0.05044, 0.05258
0.05115, 0.05284
0.05185, 0.05309
0.05256, 0.05335
0.05328, 0.05360
0.05400, 0.05386
0.05473, 0.05411
0.05546, 0.05437
0.05619, 0.05462
0.05693, 0.05487
0.05767, 0.05513
0.05842, 0.05538
0.05917, 0.05563
0.05993, 0.05588
0.06069, 0.05613
0.06146, 0.05638
0.06223, 0.05662
0.06300, 0.05687
0.06378, 0.05712
0.06457, 0.05737
0.06536, 0.05761
0.06615, 0.05786
0.06695, 0.05810
0.06775, 0.05834
0.06856, 0.05859
0.06937, 0.05883
0.07018, 0.05907
0.07100, 0.05931
0.07183, 0.05955
0.07265, 0.05979
0.07349, 0.06003
0.07433, 0.06026
0.07517, 0.06050
0.07601, 0.06074
0.07686, 0.06097
0.07772, 0.06121
0.07858, 0.06144
0.07944, 0.06167
0.08031, 0.06190
0.08118, 0.06214
0.08206, 0.06237
0.08294, 0.06260
0.08383, 0.06282
0.08471, 0.06305
0.08561, 0.06328
0.08651, 0.06350
0.08741, 0.06373
0.08832, 0.06395
0.08923, 0.06418
0.09014, 0.06440
0.09106, 0.06462
0.09198, 0.06484
0.09291, 0.06506
0.09384, 0.06528
0.09478, 0.06550
0.09572, 0.06572
0.09666, 0.06593
0.09761, 0.06615
0.09857, 0.06636
0.09952, 0.06658
0.10048, 0.06679
0.10145, 0.06700
0.10242, 0.06721
0.10339, 0.06742
0.10437, 0.06763
0.10535, 0.06784
0.10633, 0.06804
0.10732, 0.06825
0.10832, 0.06845
0.10932, 0.06866
0.11032, 0.06886
0.11132, 0.06906
0.11233, 0.06926
0.11335, 0.06946
0.11436, 0.06966
0.11538, 0.06985
0.11641, 0.07005
0.11744, 0.07025
0.11847, 0.07044
0.11951, 0.07063
0.12055, 0.07082
0.12160, 0.07102
0.12265, 0.07121
0.12370, 0.07139
0.12475, 0.07158
0.12581, 0.07177
0.12688, 0.07195
0.12795, 0.07214
0.12902, 0.07232
0.13010, 0.07250
0.13117, 0.07268
0.13226, 0.07286
0.13335, 0.07304
0.13444, 0.07322
0.13553, 0.07339
0.13663, 0.07357
0.13773, 0.07374
0.13884, 0.07392
0.13995, 0.07409
0.14106, 0.07426
0.14218, 0.07443
0.14330, 0.07459
0.14443, 0.07476
0.14555, 0.07493
0.14669, 0.07509
0.14782, 0.07525
0.14896, 0.07542
0.15011, 0.07558
0.15125, 0.07574
0.15240, 0.07589
0.15356, 0.07605
0.15471, 0.07621
0.15588, 0.07636
0.15704, 0.07651
0.15821, 0.07666
0.15938, 0.07682
0.16056, 0.07696
0.16174, 0.07711
0.16292, 0.07726
0.16411, 0.07740
0.16530, 0.07755
0.16649, 0.07769
0.16769, 0.07783
0.16889, 0.07797
0.17009, 0.07811
0.17130, 0.07825
0.17251, 0.07838
0.17372, 0.07852
0.17494, 0.07865
0.17616, 0.07878
0.17738, 0.07891
0.17861, 0.07904
0.17984, 0.07917
0.18108, 0.07929
0.18232, 0.07942
0.18356, 0.07954
0.18480, 0.07966
0.18605, 0.07978
0.18730, 0.07990
0.18855, 0.08002
0.18981, 0.08014
0.19107, 0.08025
0.19234, 0.08036
0.19360, 0.08048
0.19487, 0.08059
0.19615, 0.08069
0.19742, 0.08080
0.19870, 0.08091
0.19998, 0.08101
0.20127, 0.08111
0.20256, 0.08122
0.20385, 0.08132
0.20514, 0.08141
0.20644, 0.08151
0.20774, 0.08161
0.20904, 0.08170
0.21034, 0.08179
0.21165, 0.08188
0.21295, 0.08197
0.21427, 0.08206
0.21558, 0.08215
0.21689, 0.08223
0.21821, 0.08232
0.21953, 0.08240
0.22086, 0.08248
0.22218, 0.08256
0.22351, 0.08264
0.22484, 0.08272
0.22617, 0.08279
0.22751, 0.08287
0.22885, 0.08294
0.23018, 0.08301
0.23153, 0.08308
0.23287, 0.08315
0.23422, 0.08322
0.23556, 0.08329
0.23692, 0.08335
0.23827, 0.08342
0.23962, 0.08348
0.24098, 0.08354
0.24234, 0.08360
0.24370, 0.08366
0.24506, 0.08372
0.24643, 0.08377
0.24779, 0.08383
0.24916, 0.08388
0.25054, 0.08394
0.25191, 0.08399
0.25328, 0.08404
0.25466, 0.08409
0.25604, 0.08414
0.25742, 0.08419
0.25880, 0.08423
0.26019, 0.08428
0.26157, 0.08432
0.26296, 0.08436
0.26435, 0.08441
0.26575, 0.08445
0.26714, 0.08449
0.26854, 0.08453
0.26994, 0.08456
0.27134, 0.08460
0.27274, 0.08464
0.27415, 0.08467
0.27556, 0.08471
0.27697, 0.08474
0.27838, 0.08477
0.27979, 0.08480
0.28121, 0.08483
0.28263, 0.08486
0.28405, 0.08489
0.28548, 0.08491
0.28690, 0.08494
0.28833, 0.08496
0.28976, 0.08499
0.29119, 0.08501
0.29263, 0.08503
0.29406, 0.08505
0.29550, 0.08507
0.29694, 0.08509
0.29839, 0.08511
0.29983, 0.08513
0.30128, 0.08514
0.30273, 0.08516
0.30418, 0.08517
0.30563, 0.08518
0.30709, 0.08519
0.30855, 0.08520
0.31001, 0.08521
0.31147, 0.08522
0.31293, 0.08523
0.31440, 0.08523
0.31586, 0.08524
0.31733, 0.08524
0.31880, 0.08525
0.32028, 0.08525
0.32175, 0.08525
0.32323, 0.08525
0.32471, 0.08525
0.32619, 0.08525
0.32767, 0.08525
0.32916, 0.08524
0.33065, 0.08524
0.33215, 0.08523
0.33365, 0.08522
0.33515, 0.08521
0.33665, 0.08520
0.33816, 0.08519
0.33967, 0.08518
0.34118, 0.08516
0.34269, 0.08515
0.34420, 0.08513
0.34572, 0.08511
0.34724, 0.08509
0.34876, 0.08507
0.35028, 0.08505
0.35180, 0.08503
0.35333, 0.08500
0.35485, 0.08497
0.35638, 0.08495
0.35791, 0.08492
0.35944, 0.08489
0.36097, 0.08485
0.36250, 0.08482
0.36404, 0.08478
0.36558, 0.08475
0.36712, 0.08471
0.36866, 0.08467
0.37020, 0.08463
0.37174, 0.08459
0.37328, 0.08454
0.37483, 0.08450
0.37638, 0.08445
0.37792, 0.08440
0.37947, 0.08435
0.38102, 0.08430
0.38258, 0.08425
0.38413, 0.08420
0.38568, 0.08414
0.38724, 0.08408
0.38879, 0.08403
0.39035, 0.08397
0.39191, 0.08391
0.39347, 0.08384
0.39503, 0.08378
0.39659, 0.08371
0.39816, 0.08365
0.39972, 0.08358
0.40129, 0.08351
0.40285, 0.08344
0.40442, 0.08337
0.40598, 0.08329
0.40755, 0.08322
0.40912, 0.08314
0.41069, 0.08306
0.41226, 0.08298
0.41383, 0.08290
0.41541, 0.08282
0.41698, 0.08273
0.41855, 0.08265
0.42013, 0.08256
0.42170, 0.08247
0.42328, 0.08238
0.42485, 0.08229
0.42643, 0.08220
0.42801, 0.08211
0.42958, 0.08201
0.43116, 0.08192
0.43274, 0.08182
0.43432, 0.08172
0.43590, 0.08162
0.43748, 0.08152
0.43906, 0.08142
0.44064, 0.08131
0.44222, 0.08121
0.44380, 0.08110
0.44538, 0.08099
0.44697, 0.08088
0.44855, 0.08077
0.45013, 0.08066
0.45171, 0.08055
0.45329, 0.08044
0.45488, 0.08032
0.45646, 0.08020
0.45804, 0.08009
0.45963, 0.07997
0.46121, 0.07985
0.46279, 0.07973
0.46437, 0.07960
0.46596, 0.07948
0.46754, 0.07936
0.46912, 0.07923
0.47071, 0.07911
0.47229, 0.07898
0.47387, 0.07885
0.47546, 0.07872
0.47704, 0.07859
0.47862, 0.07846
0.48020, 0.07832
0.48178, 0.07819
0.48337, 0.07806
0.48495, 0.07792
0.48653, 0.07778
0.48811, 0.07765
0.48969, 0.07751
0.49127, 0.07737
0.49285, 0.07723
0.49443, 0.07709
0.49601, 0.07695
0.49759, 0.07680
0.49917, 0.07666
0.50075, 0.07652
0.50233, 0.07637
0.50391, 0.07622
0.50548, 0.07608
0.50706, 0.07593
0.50864, 0.07578
0.51021, 0.07563
0.51179, 0.07548
0.51336, 0.07533
0.51494, 0.07518
0.51651, 0.07503
0.51808, 0.07488
0.51966, 0.07473
0.52123, 0.07457
0.52280, 0.07442
0.52437, 0.07426
0.52594, 0.07411
0.52751, 0.07395
0.52908, 0.07380
0.53065, 0.07364
0.53222, 0.07348
0.53379, 0.07332
0.53535, 0.07316
0.53692, 0.07301
0.53848, 0.07285
0.54005, 0.07269
0.54161, 0.07253
0.54318, 0.07237
0.54474, 0.07220
0.54630, 0.07204
0.54786, 0.07188
0.54942, 0.07172
0.55098, 0.07156
0.55254, 0.07139
0.55410, 0.07123
0.55565, 0.07107
0.55721, 0.07090
0.55877, 0.07074
0.56032, 0.07057
0.56188, 0.07041
0.56343, 0.07024
0.56498, 0.07008
0.56653, 0.06991
0.56808, 0.06975
0.56963, 0.06958
0.57118, 0.06942
0.57273, 0.06925
0.57428, 0.06908
0.57582, 0.06892
0.57737, 0.06875
0.57891, 0.06858
0.58046, 0.06841
0.58200, 0.06825
0.58354, 0.06808
0.58508, 0.06791
0.58662, 0.06774
0.58816, 0.06758
0.58970, 0.06741
0.59124, 0.06724
0.59278, 0.06707
0.59431, 0.06690
0.59585, 0.06674
0.59738, 0.06657
0.59891, 0.06640
0.60044, 0.06623
0.60197, 0.06606
0.60350, 0.06589
0.60503, 0.06572
0.60656, 0.06555
0.60809, 0.06539
0.60961, 0.06522
0.61113, 0.06505
0.61266, 0.06488
0.61418, 0.06471
0.61570, 0.06454
0.61722, 0.06437
0.61874, 0.06420
0.62026, 0.06403
0.62178, 0.06386
0.62329, 0.06369
0.62481, 0.06352
0.62632, 0.06336
0.62783, 0.06319
0.62935, 0.06302
0.63086, 0.06285
0.63237, 0.06268
0.63387, 0.06251
0.63538, 0.06234
0.63689, 0.06217
0.63839, 0.06200
0.63989, 0.06183
0.64140, 0.06166
0.64290, 0.06149
0.64440, 0.06132
0.64590, 0.06115
0.64739, 0.06098
0.64889, 0.06081
0.65037, 0.06064
0.65178, 0.06047
0.65298, 0.06031
0.65359, 0.06017
0.65311, 0.06001
0.65136, 0.05969
0.64920, 0.05915
0.64832, 0.05880
0.64997, 0.05918
0.65413, 0.06013
0.65948, 0.06092
0.66431, 0.06116
0.66780, 0.06105
0.67017, 0.06085
0.67195, 0.06064
0.67351, 0.06043
0.67501, 0.06023
0.67649, 0.06002
0.67797, 0.05981
0.67945, 0.05961
0.68092, 0.05940
0.68240, 0.05919
0.68387, 0.05898
0.68533, 0.05877
0.68680, 0.05856
0.68826, 0.05835
0.68973, 0.05814
0.69119, 0.05793
0.69264, 0.05772
0.69410, 0.05751
0.69555, 0.05730
0.69700, 0.05709
0.69845, 0.05687
0.69990, 0.05666
0.70134, 0.05645
0.70279, 0.05623
0.70423, 0.05602
0.70566, 0.05580
0.70710, 0.05559
0.70853, 0.05537
0.70996, 0.05516
0.71139, 0.05494
0.71282, 0.05473
0.71424, 0.05451
0.71566, 0.05430
0.71708, 0.05408
0.71850, 0.05386
0.71991, 0.05365
0.72132, 0.05343
0.72273, 0.05321
0.72414, 0.05300
0.72554, 0.05278
0.72694, 0.05256
0.72834, 0.05234
0.72974, 0.05213
0.73114, 0.05191
0.73253, 0.05169
0.73392, 0.05147
0.73530, 0.05126
0.73669, 0.05104
0.73807, 0.05082
0.73945, 0.05060
0.74083, 0.05038
0.74220, 0.05017
0.74357, 0.04995
0.74494, 0.04973
0.74631, 0.04951
0.74767, 0.04930
0.74904, 0.04908
0.75039, 0.04886
0.75175, 0.04864
0.75310, 0.04843
0.75446, 0.04821
0.75580, 0.04799
0.75715, 0.04778
0.75849, 0.04756
0.75983, 0.04734
0.76117, 0.04713
0.76251, 0.04691
0.76384, 0.04669
0.76517, 0.04648
0.76650, 0.04626
0.76783, 0.04605
0.76915, 0.04583
0.77047, 0.04562
0.77179, 0.04540
0.77310, 0.04519
0.77442, 0.04497
0.77573, 0.04476
0.77703, 0.04454
0.77834, 0.04433
0.77964, 0.04411
0.78094, 0.04390
0.78224, 0.04368
0.78353, 0.04347
0.78482, 0.04326
0.78611, 0.04304
0.78739, 0.04283
0.78868, 0.04261
0.78995, 0.04240
0.79123, 0.04219
0.79251, 0.04198
0.79378, 0.04176
0.79504, 0.04155
0.79631, 0.04134
0.79757, 0.04113
0.79883, 0.04091
0.80009, 0.04070
0.80134, 0.04049
0.80259, 0.04028
0.80384, 0.04007
0.80508, 0.03986
0.80632, 0.03965
0.80756, 0.03944
0.80880, 0.03923
0.81003, 0.03902
0.81126, 0.03881
0.81249, 0.03860
0.81371, 0.03839
0.81493, 0.03818
0.81615, 0.03797
0.81736, 0.03776
0.81857, 0.03755
0.81978, 0.03735
0.82099, 0.03714
0.82219, 0.03693
0.82338, 0.03672
0.82458, 0.03652
0.82577, 0.03631
0.82696, 0.03610
0.82815, 0.03590
0.82933, 0.03569
0.83051, 0.03549
0.83168, 0.03528
0.83286, 0.03508
0.83402, 0.03487
0.83519, 0.03467
0.83635, 0.03446
0.83751, 0.03426
0.83867, 0.03406
0.83982, 0.03385
0.84097, 0.03365
0.84212, 0.03345
0.84326, 0.03324
0.84440, 0.03304
0.84553, 0.03284
0.84667, 0.03264
0.84779, 0.03244
0.84892, 0.03224
0.85004, 0.03204
0.85116, 0.03184
0.85228, 0.03164
0.85339, 0.03144
0.85449, 0.03124
0.85560, 0.03104
0.85670, 0.03084
0.85780, 0.03065
0.85889, 0.03045
0.85998, 0.03025
0.86107, 0.03006
0.86215, 0.02986
0.86323, 0.02967
0.86431, 0.02947
0.86538, 0.02927
0.86645, 0.02908
0.86751, 0.02889
0.86858, 0.02869
0.86963, 0.02850
0.87069, 0.02831
0.87174, 0.02811
0.87279, 0.02792
0.87383, 0.02773
0.87487, 0.02754
0.87590, 0.02735
0.87694, 0.02716
0.87796, 0.02697
0.87899, 0.02678
0.88001, 0.02659
0.88103, 0.02640
0.88204, 0.02622
0.88305, 0.02603
0.88406, 0.02584
0.88506, 0.02566
0.88606, 0.02547
0.88705, 0.02529
0.88804, 0.02510
0.88903, 0.02492
0.89001, 0.02473
0.89099, 0.02455
0.89197, 0.02437
0.89294, 0.02419
0.89391, 0.02400
0.89487, 0.02382
0.89583, 0.02364
0.89679, 0.02346
0.89774, 0.02328
0.89869, 0.02310
0.89963, 0.02293
0.90057, 0.02275
0.90151, 0.02257
0.90244, 0.02239
0.90337, 0.02222
0.90429, 0.02204
0.90521, 0.02187
0.90613, 0.02169
0.90704, 0.02152
0.90795, 0.02135
0.90885, 0.02117
0.90975, 0.02100
0.91065, 0.02083
0.91154, 0.02066
0.91243, 0.02049
0.91331, 0.02032
0.91419, 0.02015
0.91507, 0.01998
0.91594, 0.01982
0.91681, 0.01965
0.91767, 0.01948
0.91853, 0.01932
0.91939, 0.01915
0.92024, 0.01899
0.92109, 0.01882
0.92193, 0.01866
0.92277, 0.01850
0.92360, 0.01834
0.92443, 0.01817
0.92526, 0.01801
0.92608, 0.01785
0.92690, 0.01769
0.92772, 0.01754
0.92852, 0.01738
0.92933, 0.01722
0.93013, 0.01706
0.93093, 0.01691
0.93172, 0.01675
0.93251, 0.01660
0.93329, 0.01645
0.93407, 0.01629
0.93485, 0.01614
0.93562, 0.01599
0.93639, 0.01584
0.93715, 0.01569
0.93791, 0.01554
0.93866, 0.01539
0.93941, 0.01524
0.94016, 0.01509
0.94090, 0.01495
0.94164, 0.01480
0.94237, 0.01466
0.94310, 0.01451
0.94382, 0.01437
0.94454, 0.01423
0.94526, 0.01408
0.94597, 0.01394
0.94667, 0.01380
0.94738, 0.01366
0.94807, 0.01352
0.94877, 0.01339
0.94946, 0.01325
0.95014, 0.01311
0.95082, 0.01298
0.95150, 0.01284
0.95217, 0.01271
0.95283, 0.01257
0.95350, 0.01244
0.95415, 0.01231
0.95481, 0.01218
0.95546, 0.01205
0.95610, 0.01192
0.95674, 0.01179
0.95738, 0.01166
0.95801, 0.01153
0.95863, 0.01141
0.95926, 0.01128
0.95987, 0.01116
0.96049, 0.01104
0.96109, 0.01091
0.96170, 0.01079
0.96230, 0.01067
0.96289, 0.01055
0.96348, 0.01043
0.96407, 0.01031
0.96465, 0.01019
0.96523, 0.01008
0.96580, 0.00996
0.96637, 0.00984
0.96693, 0.00973
0.96749, 0.00962
0.96804, 0.00950
0.96859, 0.00939
0.96913, 0.00928
0.96967, 0.00917
0.97021, 0.00906
0.97074, 0.00895
0.97127, 0.00885
0.97179, 0.00874
0.97230, 0.00863
0.97282, 0.00853
0.97332, 0.00842
0.97383, 0.00832
0.97433, 0.00822
0.97482, 0.00812
0.97531, 0.00802
0.97579, 0.00792
0.97627, 0.00782
0.97675, 0.00772
0.97722, 0.00763
0.97768, 0.00753
0.97814, 0.00744
0.97860, 0.00734
0.97905, 0.00725
0.97950, 0.00716
0.97994, 0.00707
0.98038, 0.00698
0.98081, 0.00689
0.98124, 0.00680
0.98166, 0.00671
0.98208, 0.00662
0.98250, 0.00654
0.98290, 0.00645
0.98331, 0.00637
0.98371, 0.00629
0.98410, 0.00621
0.98449, 0.00612
0.98488, 0.00604
0.98526, 0.00597
0.98564, 0.00589
0.98601, 0.00581
0.98637, 0.00573
0.98674, 0.00566
0.98709, 0.00559
0.98744, 0.00551
0.98779, 0.00544
0.98813, 0.00537
0.98847, 0.00530
0.98880, 0.00523
0.98913, 0.00516
0.98946, 0.00509
0.98978, 0.00503
0.99009, 0.00496
0.99040, 0.00490
0.99070, 0.00483
0.99100, 0.00477
0.99130, 0.00471
0.99159, 0.00465
0.99187, 0.00459
0.99215, 0.00453
0.99243, 0.00447
0.99270, 0.00442
0.99296, 0.00436
0.99322, 0.00431
0.99348, 0.00425
0.99373, 0.00420
0.99398, 0.00415
0.99422, 0.00410
0.99445, 0.00405
0.99469, 0.00400
0.99491, 0.00395
0.99514, 0.00391
0.99535, 0.00386
0.99557, 0.00382
0.99577, 0.00377
0.99598, 0.00373
0.99617, 0.00369
0.99637, 0.00365
0.99655, 0.00361
0.99674, 0.00357
0.99692, 0.00353
0.99709, 0.00350
0.99726, 0.00346
0.99742, 0.00343
0.99758, 0.00339
0.99773, 0.00336
0.99788, 0.00333
0.99803, 0.00330
0.99817, 0.00327
0.99830, 0.00324
0.99843, 0.00322
0.99856, 0.00319
0.99868, 0.00316
0.99879, 0.00314
0.99890, 0.00312
0.99901, 0.00309
0.99911, 0.00307
0.99920, 0.00305
0.99929, 0.00303
0.99938, 0.00302
0.99946, 0.00300
0.99954, 0.00298
0.99961, 0.00297
0.99967, 0.00295
0.99973, 0.00294
0.99979, 0.00293
0.99984, 0.00292
0.99989, 0.00291
0.99993, 0.00290
0.99997, 0.00289
1.00000, 0.00289
1.00003, 0.00288
1.00005, 0.00288
1.00007, 0.00287
1.00008, 0.00287
1.00013, 0.00286
1.00014, 0.00286

=== Lower Surface ===
0.00000, 0.01164
0.00004, 0.01137
0.00007, 0.01109
0.00010, 0.01081
0.00015, 0.01053
0.00020, 0.01026
0.00025, 0.00999
0.00031, 0.00971
0.00037, 0.00944
0.00044, 0.00917
0.00051, 0.00890
0.00059, 0.00863
0.00067, 0.00836
0.00076, 0.00809
0.00086, 0.00782
0.00095, 0.00756
0.00106, 0.00729
0.00116, 0.00703
0.00128, 0.00676
0.00139, 0.00650
0.00151, 0.00624
0.00164, 0.00598
0.00177, 0.00571
0.00191, 0.00545
0.00205, 0.00520
0.00220, 0.00494
0.00235, 0.00468
0.00251, 0.00442
0.00267, 0.00417
0.00283, 0.00392
0.00300, 0.00366
0.00318, 0.00341
0.00336, 0.00316
0.00354, 0.00291
0.00373, 0.00266
0.00393, 0.00241
0.00413, 0.00216
0.00433, 0.00191
0.00454, 0.00166
0.00476, 0.00142
0.00498, 0.00117
0.00520, 0.00093
0.00543, 0.00069
0.00566, 0.00044
0.00590, 0.00020
0.00614, -0.00004
0.00639, -0.00028
0.00664, -0.00052
0.00690, -0.00076
0.00716, -0.00099
0.00743, -0.00123
0.00770, -0.00147
0.00797, -0.00170
0.00826, -0.00193
0.00854, -0.00217
0.00883, -0.00240
0.00913, -0.00263
0.00943, -0.00286
0.00973, -0.00309
0.01004, -0.00332
0.01036, -0.00355
0.01067, -0.00377
0.01100, -0.00400
0.01133, -0.00422
0.01166, -0.00445
0.01200, -0.00467
0.01234, -0.00489
0.01269, -0.00512
0.01304, -0.00534
0.01340, -0.00556
0.01376, -0.00578
0.01412, -0.00599
0.01449, -0.00621
0.01487, -0.00643
0.01525, -0.00664
0.01563, -0.00686
0.01602, -0.00707
0.01642, -0.00728
0.01681, -0.00750
0.01722, -0.00771
0.01763, -0.00792
0.01804, -0.00813
0.01846, -0.00834
0.01888, -0.00854
0.01930, -0.00875
0.01973, -0.00896
0.02017, -0.00916
0.02061, -0.00937
0.02105, -0.00957
0.02150, -0.00977
0.02196, -0.00997
0.02242, -0.01018
0.02288, -0.01038
0.02335, -0.01057
0.02382, -0.01077
0.02430, -0.01097
0.02478, -0.01117
0.02526, -0.01136
0.02575, -0.01156
0.02625, -0.01175
0.02675, -0.01194
0.02725, -0.01214
0.02776, -0.01233
0.02827, -0.01252
0.02879, -0.01271
0.02931, -0.01290
0.02984, -0.01308
0.03037, -0.01327
0.03091, -0.01346
0.03145, -0.01364
0.03199, -0.01383
0.03254, -0.01401
0.03309, -0.01419
0.03365, -0.01437
0.03421, -0.01456
0.03478, -0.01474
0.03535, -0.01491
0.03592, -0.01509
0.03650, -0.01527
0.03709, -0.01545
0.03768, -0.01562
0.03827, -0.01580
0.03887, -0.01597
0.03947, -0.01614
0.04008, -0.01632
0.04069, -0.01649
0.04130, -0.01666
0.04192, -0.01683
0.04255, -0.01700
0.04317, -0.01717
0.04381, -0.01733
0.04444, -0.01750
0.04508, -0.01766
0.04573, -0.01783
0.04638, -0.01799
0.04703, -0.01816
0.04769, -0.01832
0.04835, -0.01848
0.04902, -0.01864
0.04969, -0.01880
0.05037, -0.01896
0.05105, -0.01911
0.05173, -0.01927
0.05242, -0.01943
0.05311, -0.01958
0.05381, -0.01974
0.05451, -0.01989
0.05521, -0.02004
0.05592, -0.02020
0.05664, -0.02035
0.05736, -0.02050
0.05808, -0.02065
0.05880, -0.02079
0.05953, -0.02094
0.06027, -0.02109
0.06101, -0.02123
0.06175, -0.02138
0.06250, -0.02152
0.06325, -0.02167
0.06400, -0.02181
0.06476, -0.02195
0.06553, -0.02209
0.06629, -0.02223
0.06707, -0.02237
0.06784, -0.02251
0.06862, -0.02265
0.06941, -0.02278
0.07019, -0.02292
0.07099, -0.02305
0.07178, -0.02319
0.07258, -0.02332
0.07339, -0.02345
0.07420, -0.02358
0.07501, -0.02372
0.07583, -0.02385
0.07665, -0.02397
0.07747, -0.02410
0.07830, -0.02423
0.07913, -0.02436
0.07997, -0.02448
0.08081, -0.02461
0.08165, -0.02473
0.08250, -0.02486
0.08335, -0.02498
0.08421, -0.02510
0.08507, -0.02522
0.08593, -0.02534
0.08680, -0.02546
0.08767, -0.02558
0.08855, -0.02570
0.08943, -0.02581
0.09031, -0.02593
0.09120, -0.02604
0.09209, -0.02616
0.09299, -0.02627
0.09389, -0.02638
0.09479, -0.02650
0.09570, -0.02661
0.09661, -0.02672
0.09752, -0.02683
0.09844, -0.02693
0.09936, -0.02704
0.10029, -0.02715
0.10122, -0.02726
0.10215, -0.02736
0.10309, -0.02747
0.10403, -0.02757
0.10498, -0.02767
0.10592, -0.02777
0.10688, -0.02788
0.10783, -0.02798
0.10879, -0.02808
0.10976, -0.02818
0.11072, -0.02827
0.11169, -0.02837
0.11267, -0.02847
0.11365, -0.02856
0.11463, -0.02866
0.11561, -0.02875
0.11660, -0.02885
0.11760, -0.02894
0.11859, -0.02903
0.11959, -0.02912
0.12060, -0.02921
0.12160, -0.02930
0.12261, -0.02939
0.12363, -0.02948
0.12465, -0.02957
0.12567, -0.02965
0.12669, -0.02974
0.12772, -0.02982
0.12875, -0.02991
0.12979, -0.02999
0.13083, -0.03007
0.13187, -0.03016
0.13292, -0.03024
0.13397, -0.03032
0.13502, -0.03040
0.13608, -0.03048
0.13714, -0.03055
0.13820, -0.03063
0.13927, -0.03071
0.14034, -0.03078
0.14141, -0.03086
0.14249, -0.03093
0.14357, -0.03101
0.14466, -0.03108
0.14574, -0.03115
0.14683, -0.03122
0.14793, -0.03129
0.14902, -0.03136
0.15012, -0.03143
0.15123, -0.03150
0.15233, -0.03157
0.15344, -0.03164
0.15456, -0.03170
0.15567, -0.03177
0.15679, -0.03183
0.15792, -0.03190
0.15904, -0.03196
0.16017, -0.03202
0.16131, -0.03209
0.16244, -0.03215
0.16358, -0.03221
0.16472, -0.03227
0.16587, -0.03233
0.16702, -0.03239
0.16817, -0.03245
0.16932, -0.03250
0.17048, -0.03256
0.17164, -0.03262
0.17280, -0.03267
0.17397, -0.03273
0.17514, -0.03278
0.17631, -0.03284
0.17749, -0.03289
0.17867, -0.03294
0.17985, -0.03299
0.18103, -0.03304
0.18222, -0.03310
0.18341, -0.03315
0.18461, -0.03319
0.18580, -0.03324
0.18700, -0.03329
0.18820, -0.03334
0.18941, -0.03339
0.19062, -0.03343
0.19183, -0.03348
0.19304, -0.03352
0.19426, -0.03357
0.19548, -0.03361
0.19670, -0.03366
0.19793, -0.03370
0.19915, -0.03374
0.20039, -0.03378
0.20162, -0.03382
0.20286, -0.03387
0.20410, -0.03391
0.20534, -0.03395
0.20659, -0.03398
0.20784, -0.03402
0.20909, -0.03406
0.21035, -0.03410
0.21161, -0.03414
0.21287, -0.03417
0.21413, -0.03421
0.21540, -0.03424
0.21667, -0.03428
0.21795, -0.03431
0.21923, -0.03434
0.22051, -0.03438
0.22179, -0.03441
0.22308, -0.03444
0.22437, -0.03447
0.22567, -0.03450
0.22696, -0.03453
0.22826, -0.03456
0.22957, -0.03458
0.23087, -0.03461
0.23218, -0.03464
0.23350, -0.03466
0.23481, -0.03469
0.23613, -0.03471
0.23745, -0.03474
0.23878, -0.03476
0.24011, -0.03478
0.24144, -0.03480
0.24277, -0.03482
0.24411, -0.03484
0.24545, -0.03486
0.24679, -0.03488
0.24814, -0.03490
0.24948, -0.03491
0.25084, -0.03493
0.25219, -0.03494
0.25355, -0.03496
0.25491, -0.03497
0.25627, -0.03498
0.25764, -0.03500
0.25901, -0.03501
0.26038, -0.03502
0.26175, -0.03502
0.26313, -0.03503
0.26451, -0.03504
0.26590, -0.03505
0.26728, -0.03505
0.26867, -0.03506
0.27006, -0.03506
0.27146, -0.03506
0.27285, -0.03506
0.27425, -0.03506
0.27565, -0.03506
0.27705, -0.03506
0.27846, -0.03506
0.27986, -0.03506
0.28127, -0.03505
0.28268, -0.03505
0.28409, -0.03504
0.28551, -0.03503
0.28693, -0.03503
0.28834, -0.03502
0.28976, -0.03501
0.29119, -0.03500
0.29261, -0.03499
0.29404, -0.03497
0.29547, -0.03496
0.29690, -0.03495
0.29833, -0.03493
0.29977, -0.03492
0.30120, -0.03490
0.30264, -0.03488
0.30408, -0.03487
0.30552, -0.03485
0.30697, -0.03483
0.30841, -0.03481
0.30986, -0.03478
0.31131, -0.03476
0.31276, -0.03474
0.31421, -0.03472
0.31567, -0.03469
0.31712, -0.03467
0.31858, -0.03464
0.32004, -0.03461
0.32150, -0.03458
0.32297, -0.03456
0.32443, -0.03453
0.32590, -0.03450
0.32736, -0.03446
0.32883, -0.03443
0.33030, -0.03440
0.33176, -0.03437
0.33323, -0.03433
0.33470, -0.03430
0.33616, -0.03426
0.33763, -0.03423
0.33910, -0.03419
0.34057, -0.03416
0.34204, -0.03412
0.34351, -0.03409
0.34498, -0.03405
0.34646, -0.03401
0.34794, -0.03397
0.34941, -0.03394
0.35089, -0.03390
0.35237, -0.03386
0.35385, -0.03382
0.35533, -0.03378
0.35682, -0.03374
0.35830, -0.03370
0.35979, -0.03366
0.36128, -0.03362
0.36276, -0.03358
0.36425, -0.03354
0.36575, -0.03349
0.36724, -0.03345
0.36873, -0.03341
0.37022, -0.03337
0.37172, -0.03333
0.37322, -0.03328
0.37471, -0.03324
0.37621, -0.03320
0.37771, -0.03315
0.37922, -0.03311
0.38072, -0.03307
0.38222, -0.03302
0.38373, -0.03298
0.38523, -0.03294
0.38674, -0.03289
0.38825, -0.03285
0.38976, -0.03280
0.39127, -0.03276
0.39278, -0.03271
0.39429, -0.03267
0.39580, -0.03262
0.39732, -0.03258
0.39883, -0.03253
0.40035, -0.03249
0.40187, -0.03244
0.40338, -0.03239
0.40490, -0.03235
0.40642, -0.03230
0.40795, -0.03226
0.40947, -0.03221
0.41099, -0.03216
0.41252, -0.03212
0.41404, -0.03207
0.41557, -0.03203
0.41710, -0.03198
0.41863, -0.03193
0.42016, -0.03189
0.42169, -0.03184
0.42322, -0.03179
0.42475, -0.03175
0.42628, -0.03170
0.42782, -0.03165
0.42935, -0.03160
0.43089, -0.03156
0.43243, -0.03151
0.43396, -0.03146
0.43550, -0.03142
0.43704, -0.03137
0.43858, -0.03132
0.44012, -0.03127
0.44167, -0.03122
0.44321, -0.03118
0.44475, -0.03113
0.44630, -0.03108
0.44784, -0.03103
0.44939, -0.03098
0.45094, -0.03094
0.45249, -0.03089
0.45404, -0.03084
0.45558, -0.03079
0.45714, -0.03074
0.45869, -0.03069
0.46024, -0.03064
0.46179, -0.03060
0.46334, -0.03055
0.46490, -0.03050
0.46645, -0.03045
0.46801, -0.03040
0.46957, -0.03035
0.47112, -0.03030
0.47268, -0.03025
0.47424, -0.03020
0.47580, -0.03015
0.47736, -0.03010
0.47892, -0.03005
0.48048, -0.02999
0.48204, -0.02994
0.48360, -0.02989
0.48516, -0.02984
0.48672, -0.02979
0.48829, -0.02974
0.48985, -0.02968
0.49142, -0.02963
0.49298, -0.02958
0.49455, -0.02953
0.49611, -0.02947
0.49768, -0.02942
0.49925, -0.02937
0.50081, -0.02931
0.50238, -0.02926
0.50395, -0.02920
0.50552, -0.02915
0.50708, -0.02909
0.50865, -0.02904
0.51022, -0.02898
0.51179, -0.02893
0.51336, -0.02887
0.51493, -0.02881
0.51650, -0.02876
0.51807, -0.02870
0.51964, -0.02864
0.52121, -0.02858
0.52278, -0.02852
0.52435, -0.02846
0.52592, -0.02840
0.52749, -0.02834
0.52907, -0.02828
0.53064, -0.02822
0.53221, -0.02816
0.53378, -0.02810
0.53535, -0.02804
0.53692, -0.02798
0.53849, -0.02791
0.54006, -0.02785
0.54163, -0.02779
0.54321, -0.02772
0.54478, -0.02766
0.54635, -0.02759
0.54792, -0.02753
0.54949, -0.02746
0.55106, -0.02739
0.55263, -0.02733
0.55420, -0.02726
0.55576, -0.02719
0.55733, -0.02712
0.55890, -0.02705
0.56047, -0.02698
0.56204, -0.02691
0.56360, -0.02684
0.56517, -0.02677
0.56674, -0.02670
0.56830, -0.02662
0.56987, -0.02655
0.57143, -0.02648
0.57300, -0.02640
0.57456, -0.02633
0.57612, -0.02625
0.57768, -0.02618
0.57925, -0.02610
0.58081, -0.02602
0.58237, -0.02595
0.58393, -0.02587
0.58548, -0.02579
0.58704, -0.02571
0.58860, -0.02563
0.59016, -0.02555
0.59171, -0.02547
0.59327, -0.02539
0.59482, -0.02530
0.59637, -0.02522
0.59792, -0.02514
0.59947, -0.02505
0.60102, -0.02497
0.60257, -0.02488
0.60412, -0.02480
0.60567, -0.02471
0.60721, -0.02463
0.60876, -0.02454
0.61030, -0.02445
0.61184, -0.02436
0.61338, -0.02427
0.61492, -0.02418
0.61646, -0.02409
0.61800, -0.02400
0.61953, -0.02391
0.62107, -0.02382
0.62260, -0.02373
0.62413, -0.02364
0.62567, -0.02354
0.62719, -0.02345
0.62872, -0.02335
0.63025, -0.02326
0.63177, -0.02316
0.63330, -0.02307
0.63482, -0.02297
0.63634, -0.02288
0.63786, -0.02278
0.63938, -0.02268
0.64089, -0.02259
0.64241, -0.02249
0.64392, -0.02239
0.64543, -0.02229
0.64694, -0.02219
0.64846, -0.02209
0.65005, -0.02199
0.65185, -0.02189
0.65423, -0.02177
0.65770, -0.02154
0.66244, -0.02095
0.66759, -0.01986
0.67145, -0.01868
0.67277, -0.01811
0.67159, -0.01825
0.66921, -0.01853
0.66734, -0.01855
0.66682, -0.01843
0.66742, -0.01832
0.66859, -0.01823
0.66999, -0.01815
0.67144, -0.01808
0.67291, -0.01801
0.67437, -0.01794
0.67584, -0.01787
0.67730, -0.01780
0.67876, -0.01773
0.68022, -0.01766
0.68168, -0.01759
0.68314, -0.01752
0.68459, -0.01745
0.68605, -0.01738
0.68750, -0.01731
0.68895, -0.01724
0.69040, -0.01718
0.69185, -0.01711
0.69329, -0.01704
0.69474, -0.01697
0.69618, -0.01691
0.69762, -0.01684
0.69906, -0.01677
0.70050, -0.01670
0.70193, -0.01664
0.70337, -0.01657
0.70480, -0.01650
0.70623, -0.01644
0.70766, -0.01637
0.70909, -0.01631
0.71051, -0.01624
0.71194, -0.01617
0.71336, -0.01611
0.71478, -0.01604
0.71620, -0.01598
0.71761, -0.01591
0.71903, -0.01584
0.72044, -0.01578
0.72185, -0.01571
0.72326, -0.01565
0.72467, -0.01558
0.72607, -0.01552
0.72747, -0.01545
0.72887, -0.01538
0.73027, -0.01532
0.73167, -0.01525
0.73306, -0.01519
0.73445, -0.01512
0.73584, -0.01506
0.73723, -0.01499
0.73861, -0.01493
0.74000, -0.01486
0.74138, -0.01479
0.74276, -0.01473
0.74413, -0.01466
0.74551, -0.01460
0.74688, -0.01453
0.74825, -0.01446
0.74962, -0.01440
0.75098, -0.01433
0.75234, -0.01427
0.75370, -0.01420
0.75506, -0.01413
0.75642, -0.01407
0.75777, -0.01400
0.75912, -0.01393
0.76046, -0.01387
0.76181, -0.01380
0.76315, -0.01373
0.76449, -0.01367
0.76583, -0.01360
0.76716, -0.01353
0.76849, -0.01347
0.76982, -0.01340
0.77114, -0.01333
0.77247, -0.01326
0.77379, -0.01320
0.77511, -0.01313
0.77642, -0.01306
0.77773, -0.01300
0.77904, -0.01293
0.78035, -0.01286
0.78165, -0.01279
0.78295, -0.01273
0.78425, -0.01266
0.78554, -0.01259
0.78684, -0.01253
0.78813, -0.01246
0.78941, -0.01239
0.79070, -0.01232
0.79198, -0.01226
0.79326, -0.01219
0.79453, -0.01212
0.79580, -0.01205
0.79707, -0.01199
0.79834, -0.01192
0.79960, -0.01185
0.80086, -0.01179
0.80212, -0.01172
0.80337, -0.01165
0.80462, -0.01159
0.80587, -0.01152
0.80712, -0.01145
0.80836, -0.01138
0.80960, -0.01132
0.81083, -0.01125
0.81207, -0.01118
0.81329, -0.01112
0.81452, -0.01105
0.81574, -0.01098
0.81696, -0.01092
0.81818, -0.01085
0.81940, -0.01079
0.82061, -0.01072
0.82181, -0.01065
0.82302, -0.01059
0.82422, -0.01052
0.82542, -0.01046
0.82661, -0.01039
0.82780, -0.01032
0.82899, -0.01026
0.83018, -0.01019
0.83136, -0.01013
0.83254, -0.01006
0.83371, -0.01000
0.83488, -0.00993
0.83605, -0.00987
0.83722, -0.00980
0.83838, -0.00974
0.83954, -0.00967
0.84069, -0.00961
0.84184, -0.00954
0.84299, -0.00948
0.84414, -0.00941
0.84528, -0.00935
0.84642, -0.00928
0.84755, -0.00922
0.84868, -0.00916
0.84981, -0.00909
0.85094, -0.00903
0.85206, -0.00896
0.85317, -0.00890
0.85429, -0.00884
0.85540, -0.00877
0.85650, -0.00871
0.85761, -0.00865
0.85871, -0.00859
0.85980, -0.00852
0.86090, -0.00846
0.86199, -0.00840
0.86307, -0.00833
0.86415, -0.00827
0.86523, -0.00821
0.86631, -0.00815
0.86738, -0.00809
0.86845, -0.00802
0.86951, -0.00796
0.87057, -0.00790
0.87163, -0.00784
0.87268, -0.00778
0.87373, -0.00772
0.87477, -0.00766
0.87582, -0.00760
0.87685, -0.00753
0.87789, -0.00747
0.87892, -0.00741
0.87995, -0.00735
0.88097, -0.00729
0.88199, -0.00723
0.88300, -0.00717
0.88401, -0.00711
0.88502, -0.00705
0.88603, -0.00699
0.88703, -0.00693
0.88802, -0.00688
0.88902, -0.00682
0.89000, -0.00676
0.89099, -0.00670
0.89197, -0.00664
0.89295, -0.00658
0.89392, -0.00652
0.89489, -0.00647
0.89586, -0.00641
0.89682, -0.00635
0.89777, -0.00629
0.89873, -0.00623
0.89968, -0.00618
0.90062, -0.00612
0.90156, -0.00606
0.90250, -0.00601
0.90344, -0.00595
0.90437, -0.00589
0.90529, -0.00584
0.90621, -0.00578
0.90713, -0.00573
0.90804, -0.00567
0.90895, -0.00561
0.90986, -0.00556
0.91076, -0.00550
0.91166, -0.00545
0.91255, -0.00539
0.91344, -0.00534
0.91432, -0.00528
0.91521, -0.00523
0.91608, -0.00518
0.91695, -0.00512
0.91782, -0.00507
0.91869, -0.00501
0.91955, -0.00496
0.92040, -0.00491
0.92126, -0.00486
0.92210, -0.00480
0.92295, -0.00475
0.92379, -0.00470
0.92462, -0.00465
0.92545, -0.00459
0.92628, -0.00454
0.92710, -0.00449
0.92792, -0.00444
0.92873, -0.00439
0.92954, -0.00434
0.93035, -0.00429
0.93115, -0.00423
0.93194, -0.00418
0.93274, -0.00413
0.93352, -0.00408
0.93431, -0.00403
0.93509, -0.00399
0.93586, -0.00394
0.93663, -0.00389
0.93740, -0.00384
0.93816, -0.00379
0.93892, -0.00374
0.93967, -0.00369
0.94042, -0.00365
0.94117, -0.00360
0.94191, -0.00355
0.94264, -0.00350
0.94337, -0.00346
0.94410, -0.00341
0.94482, -0.00336
0.94554, -0.00332
0.94626, -0.00327
0.94697, -0.00322
0.94767, -0.00318
0.94837, -0.00313
0.94907, -0.00309
0.94976, -0.00304
0.95045, -0.00300
0.95113, -0.00295
0.95181, -0.00291
0.95248, -0.00287
0.95315, -0.00282
0.95381, -0.00278
0.95447, -0.00274
0.95513, -0.00269
0.95578, -0.00265
0.95642, -0.00261
0.95707, -0.00257
0.95770, -0.00252
0.95834, -0.00248
0.95896, -0.00244
0.95959, -0.00240
0.96021, -0.00236
0.96082, -0.00232
0.96143, -0.00228
0.96204, -0.00224
0.96264, -0.00220
0.96323, -0.00216
0.96382, -0.00212
0.96441, -0.00208
0.96499, -0.00204
0.96557, -0.00200
0.96614, -0.00196
0.96671, -0.00193
0.96728, -0.00189
0.96783, -0.00185
0.96839, -0.00181
0.96894, -0.00178
0.96948, -0.00174
0.97002, -0.00170
0.97056, -0.00167
0.97109, -0.00163
0.97162, -0.00160
0.97214, -0.00156
0.97265, -0.00153
0.97317, -0.00149
0.97367, -0.00146
0.97418, -0.00143
0.97467, -0.00139
0.97517, -0.00136
0.97565, -0.00133
0.97614, -0.00129
0.97662, -0.00126
0.97709, -0.00123
0.97756, -0.00120
0.97803, -0.00116
0.97848, -0.00113
0.97894, -0.00110
0.97939, -0.00107
0.97984, -0.00104
0.98028, -0.00101
0.98071, -0.00098
0.98114, -0.00095
0.98157, -0.00092
0.98199, -0.00089
0.98241, -0.00086
0.98282, -0.00084
0.98323, -0.00081
0.98363, -0.00078
0.98403, -0.00075
0.98442, -0.00073
0.98481, -0.00070
0.98519, -0.00067
0.98557, -0.00065
0.98594, -0.00062
0.98631, -0.00060
0.98667, -0.00057
0.98703, -0.00055
0.98739, -0.00052
0.98773, -0.00050
0.98808, -0.00047
0.98842, -0.00045
0.98875, -0.00043
0.98908, -0.00040
0.98941, -0.00038
0.98973, -0.00036
0.99004, -0.00034
0.99035, -0.00032
0.99066, -0.00030
0.99096, -0.00027
0.99125, -0.00025
0.99154, -0.00023
0.99183, -0.00021
0.99211, -0.00019
0.99238, -0.00018
0.99265, -0.00016
0.99292, -0.00014
0.99318, -0.00012
0.99344, -0.00010
0.99369, -0.00008
0.99393, -0.00007
0.99417, -0.00005
0.99441, -0.00003
0.99464, -0.00002
0.99487, -0.00000
0.99509, 0.00001
0.99531, 0.00003
0.99552, 0.00004
0.99572, 0.00006
0.99593, 0.00007
0.99612, 0.00009
0.99631, 0.00010
0.99650, 0.00011
0.99668, 0.00013
0.99686, 0.00014
0.99703, 0.00015
0.99720, 0.00016
0.99736, 0.00017
0.99752, 0.00018
0.99767, 0.00019
0.99782, 0.00021
0.99796, 0.00022
0.99810, 0.00022
0.99823, 0.00023
0.99835, 0.00024
0.99848, 0.00025
0.99859, 0.00026
0.99871, 0.00027
0.99881, 0.00028
0.99892, 0.00028
0.99901, 0.00029
0.99911, 0.00030
0.99919, 0.00030
0.99927, 0.00031
0.99935, 0.00031
0.99942, 0.00032
0.99949, 0.00032
0.99955, 0.00033
0.99961, 0.00033
0.99966, 0.00034
0.99971, 0.00034
0.99975, 0.00034
0.99979, 0.00034
0.99982, 0.00035
0.99985, 0.00035
0.99987, 0.00035
0.99989, 0.00035
0.99990, 0.00035
0.99987, 0.00036
0.99986, 0.00036
