airfoil_points_1915
1.000000 -0.000408
0.999748 -0.000355
0.998993 -0.000195
0.997736 0.000072
0.995977 0.000443
0.993719 0.000920
0.990964 0.001500
0.987715 0.002182
0.983974 0.002965
0.979746 0.003847
0.975036 0.004826
0.969846 0.005899
0.964184 0.007064
0.958054 0.008318
0.951463 0.009659
0.944418 0.011083
0.936925 0.012587
0.928992 0.014167
0.920627 0.015821
0.911838 0.017543
0.902635 0.019331
0.893027 0.021179
0.883022 0.023084
0.872632 0.025041
0.861867 0.027046
0.850737 0.029093
0.839255 0.031178
0.827430 0.033296
0.815276 0.035443
0.802805 0.037613
0.790028 0.039803
0.776960 0.042009
0.763613 0.044225
0.750000 0.046448
0.736136 0.048671
0.722033 0.050884
0.707708 0.053076
0.693173 0.055234
0.678443 0.057348
0.663534 0.058933
0.648460 0.059902
0.633237 0.061605
0.617879 0.063293
0.602403 0.064965
0.586824 0.066619
0.571157 0.068250
0.555419 0.069849
0.539625 0.071406
0.523791 0.072911
0.507933 0.074350
0.492067 0.075710
0.476209 0.076979
0.460375 0.078144
0.444581 0.079195
0.428843 0.080124
0.413176 0.080923
0.397597 0.081588
0.382121 0.082117
0.366763 0.082510
0.351540 0.082769
0.336466 0.082897
0.321557 0.082901
0.306827 0.082794
0.292292 0.082578
0.277967 0.082252
0.263864 0.081817
0.250000 0.081272
0.236387 0.080606
0.223040 0.079812
0.209972 0.078881
0.197195 0.077809
0.184724 0.076591
0.172570 0.075232
0.160745 0.073738
0.149263 0.072117
0.138133 0.070375
0.127368 0.068519
0.116978 0.066557
0.106973 0.064495
0.097365 0.062338
0.088162 0.060093
0.079373 0.057767
0.071008 0.055365
0.063075 0.052895
0.055582 0.050362
0.048537 0.047774
0.041946 0.045137
0.035816 0.042458
0.030154 0.039742
0.024964 0.036995
0.020254 0.034224
0.016026 0.031434
0.012285 0.028631
0.009036 0.025820
0.006281 0.023007
0.004023 0.020198
0.002264 0.017403
0.001007 0.014645
0.000252 0.012013
0.000000 0.010345
0.000252 0.005623
0.001007 0.003076
0.002264 0.000491
0.004023 -0.002040
0.006281 -0.004496
0.009036 -0.006870
0.012285 -0.009159
0.016026 -0.011359
0.020254 -0.013470
0.024964 -0.015490
0.030154 -0.017419
0.035816 -0.019256
0.041946 -0.021000
0.048537 -0.022651
0.055582 -0.024208
0.063075 -0.025673
0.071008 -0.027044
0.079373 -0.028323
0.088162 -0.029510
0.097365 -0.030605
0.106973 -0.031610
0.116978 -0.032527
0.127368 -0.033355
0.138133 -0.034099
0.149263 -0.034760
0.160745 -0.035342
0.172570 -0.035852
0.184724 -0.036293
0.197195 -0.036671
0.209972 -0.036993
0.223040 -0.037254
0.236387 -0.037451
0.250000 -0.037575
0.263864 -0.037619
0.277967 -0.037576
0.292292 -0.037445
0.306827 -0.037231
0.321557 -0.036937
0.336466 -0.036569
0.351540 -0.036144
0.366763 -0.035676
0.382121 -0.035175
0.397597 -0.034650
0.413176 -0.034105
0.428843 -0.033547
0.444581 -0.032977
0.460375 -0.032395
0.476209 -0.031798
0.492067 -0.031184
0.507933 -0.030545
0.523791 -0.029878
0.539625 -0.029176
0.555419 -0.028433
0.571157 -0.027647
0.586824 -0.026814
0.602403 -0.025934
0.617879 -0.025009
0.633237 -0.024045
0.648460 -0.023048
0.663534 -0.021791
0.678443 -0.020144
0.693173 -0.019459
0.707708 -0.018794
0.722033 -0.018143
0.736136 -0.017502
0.750000 -0.016864
0.763613 -0.016226
0.776960 -0.015590
0.790028 -0.014956
0.802805 -0.014325
0.815276 -0.013700
0.827430 -0.013082
0.839255 -0.012472
0.850737 -0.011872
0.861867 -0.011281
0.872632 -0.010700
0.883022 -0.010132
0.893027 -0.009575
0.902635 -0.009032
0.911838 -0.008504
0.920627 -0.007991
0.928992 -0.007496
0.936925 -0.007018
0.944418 -0.006561
0.951463 -0.006124
0.958054 -0.005710
0.964184 -0.005320
0.969846 -0.004955
0.975036 -0.004617
0.979746 -0.004307
0.983974 -0.004025
0.987715 -0.003774
0.990964 -0.003554
0.993719 -0.003367
0.995977 -0.003212
0.997736 -0.003091
0.998993 -0.003004
0.999748 -0.002952
1.000000 -0.002935
