=== Airfoil Parameters ===
m = 0.02
p = 0.4
t = 0.12

=== Control Points ===
0.00000, -0.02148, -0.02148
0.06667, -0.01405, -0.02016
0.13333, -0.00657, -0.01768
0.20000, 0.00070, -0.01430
0.26667, 0.00739, -0.01039
0.66667, 0.00971, -0.00634
0.75000, 0.01066, -0.00254
0.83333, 0.01023, 0.00067
0.91667, 0.00815, 0.00298
1.00000, 0.00419, 0.00419

=== Upper Surface ===
0.00000, -0.02147
-0.00004, -0.02120
-0.00006, -0.02092
-0.00007, -0.02064
-0.00008, -0.02036
-0.00009, -0.02008
-0.00009, -0.01980
-0.00009, -0.01952
-0.00008, -0.01924
-0.00007, -0.01896
-0.00005, -0.01868
-0.00003, -0.01840
-0.00001, -0.01812
0.00003, -0.01784
0.00006, -0.01756
0.00011, -0.01728
0.00015, -0.01700
0.00020, -0.01672
0.00026, -0.01644
0.00032, -0.01615
0.00039, -0.01587
0.00046, -0.01559
0.00054, -0.01531
0.00062, -0.01503
0.00071, -0.01475
0.00080, -0.01446
0.00089, -0.01418
0.00100, -0.01390
0.00110, -0.01362
0.00121, -0.01333
0.00133, -0.01305
0.00145, -0.01277
0.00158, -0.01248
0.00171, -0.01220
0.00185, -0.01192
0.00199, -0.01163
0.00213, -0.01135
0.00228, -0.01107
0.00244, -0.01078
0.00260, -0.01050
0.00277, -0.01021
0.00294, -0.00993
0.00311, -0.00964
0.00329, -0.00936
0.00348, -0.00907
0.00367, -0.00879
0.00387, -0.00851
0.00407, -0.00822
0.00427, -0.00793
0.00448, -0.00765
0.00470, -0.00736
0.00492, -0.00708
0.00514, -0.00679
0.00537, -0.00651
0.00561, -0.00622
0.00585, -0.00594
0.00609, -0.00565
0.00634, -0.00536
0.00659, -0.00508
0.00685, -0.00479
0.00712, -0.00451
0.00739, -0.00422
0.00766, -0.00393
0.00794, -0.00365
0.00822, -0.00336
0.00851, -0.00307
0.00881, -0.00279
0.00910, -0.00250
0.00941, -0.00221
0.00971, -0.00193
0.01003, -0.00164
0.01035, -0.00135
0.01067, -0.00107
0.01100, -0.00078
0.01133, -0.00049
0.01167, -0.00020
0.01201, 0.00008
0.01235, 0.00037
0.01271, 0.00066
0.01306, 0.00094
0.01342, 0.00123
0.01379, 0.00152
0.01416, 0.00181
0.01454, 0.00209
0.01492, 0.00238
0.01530, 0.00267
0.01569, 0.00296
0.01609, 0.00324
0.01649, 0.00353
0.01689, 0.00382
0.01730, 0.00411
0.01772, 0.00440
0.01813, 0.00468
0.01856, 0.00497
0.01899, 0.00526
0.01942, 0.00555
0.01986, 0.00583
0.02030, 0.00612
0.02075, 0.00641
0.02120, 0.00670
0.02166, 0.00698
0.02212, 0.00727
0.02259, 0.00756
0.02306, 0.00785
0.02353, 0.00813
0.02402, 0.00842
0.02450, 0.00871
0.02499, 0.00899
0.02549, 0.00928
0.02599, 0.00957
0.02649, 0.00986
0.02700, 0.01014
0.02751, 0.01043
0.02803, 0.01072
0.02856, 0.01100
0.02908, 0.01129
0.02962, 0.01158
0.03015, 0.01186
0.03070, 0.01215
0.03124, 0.01244
0.03179, 0.01272
0.03235, 0.01301
0.03291, 0.01330
0.03347, 0.01358
0.03404, 0.01387
0.03462, 0.01415
0.03520, 0.01444
0.03578, 0.01473
0.03637, 0.01501
0.03696, 0.01530
0.03756, 0.01558
0.03816, 0.01587
0.03877, 0.01615
0.03938, 0.01644
0.04000, 0.01672
0.04062, 0.01701
0.04124, 0.01729
0.04187, 0.01758
0.04251, 0.01786
0.04315, 0.01814
0.04379, 0.01843
0.04444, 0.01871
0.04509, 0.01900
0.04575, 0.01928
0.04641, 0.01956
0.04708, 0.01985
0.04775, 0.02013
0.04842, 0.02041
0.04910, 0.02069
0.04979, 0.02098
0.05047, 0.02126
0.05117, 0.02154
0.05187, 0.02182
0.05257, 0.02210
0.05327, 0.02238
0.05399, 0.02267
0.05470, 0.02295
0.05542, 0.02323
0.05615, 0.02351
0.05688, 0.02379
0.05761, 0.02407
0.05835, 0.02435
0.05909, 0.02463
0.05984, 0.02491
0.06059, 0.02518
0.06134, 0.02546
0.06210, 0.02574
0.06287, 0.02602
0.06364, 0.02630
0.06441, 0.02658
0.06519, 0.02685
0.06597, 0.02713
0.06676, 0.02741
0.06755, 0.02768
0.06834, 0.02796
0.06914, 0.02824
0.06994, 0.02851
0.07075, 0.02879
0.07156, 0.02906
0.07238, 0.02934
0.07320, 0.02961
0.07403, 0.02988
0.07486, 0.03016
0.07569, 0.03043
0.07653, 0.03070
0.07737, 0.03098
0.07822, 0.03125
0.07907, 0.03152
0.07993, 0.03179
0.08078, 0.03206
0.08165, 0.03233
0.08252, 0.03260
0.08339, 0.03287
0.08427, 0.03314
0.08515, 0.03341
0.08603, 0.03368
0.08692, 0.03395
0.08781, 0.03422
0.08871, 0.03449
0.08961, 0.03475
0.09052, 0.03502
0.09143, 0.03529
0.09234, 0.03555
0.09326, 0.03582
0.09418, 0.03608
0.09511, 0.03635
0.09604, 0.03661
0.09698, 0.03687
0.09791, 0.03714
0.09886, 0.03740
0.09980, 0.03766
0.10076, 0.03792
0.10171, 0.03819
0.10267, 0.03845
0.10363, 0.03871
0.10460, 0.03897
0.10557, 0.03923
0.10655, 0.03948
0.10753, 0.03974
0.10851, 0.04000
0.10950, 0.04026
0.11049, 0.04051
0.11149, 0.04077
0.11249, 0.04103
0.11349, 0.04128
0.11450, 0.04154
0.11551, 0.04179
0.11653, 0.04204
0.11754, 0.04230
0.11857, 0.04255
0.11960, 0.04280
0.12063, 0.04305
0.12166, 0.04330
0.12270, 0.04355
0.12374, 0.04380
0.12479, 0.04405
0.12584, 0.04430
0.12690, 0.04455
0.12795, 0.04479
0.12902, 0.04504
0.13008, 0.04528
0.13115, 0.04553
0.13222, 0.04577
0.13330, 0.04602
0.13438, 0.04626
0.13546, 0.04650
0.13655, 0.04675
0.13764, 0.04699
0.13874, 0.04723
0.13984, 0.04747
0.14094, 0.04771
0.14204, 0.04794
0.14315, 0.04818
0.14426, 0.04842
0.14538, 0.04866
0.14650, 0.04889
0.14762, 0.04913
0.14875, 0.04936
0.14988, 0.04959
0.15101, 0.04983
0.15215, 0.05006
0.15329, 0.05029
0.15443, 0.05052
0.15558, 0.05075
0.15673, 0.05098
0.15788, 0.05121
0.15904, 0.05144
0.16020, 0.05167
0.16136, 0.05190
0.16253, 0.05212
0.16370, 0.05235
0.16487, 0.05257
0.16605, 0.05280
0.16723, 0.05302
0.16841, 0.05324
0.16959, 0.05346
0.17078, 0.05369
0.17198, 0.05391
0.17317, 0.05413
0.17437, 0.05435
0.17557, 0.05457
0.17678, 0.05478
0.17799, 0.05500
0.17920, 0.05522
0.18041, 0.05543
0.18163, 0.05565
0.18285, 0.05586
0.18407, 0.05608
0.18530, 0.05629
0.18653, 0.05650
0.18776, 0.05672
0.18900, 0.05693
0.19024, 0.05714
0.19148, 0.05735
0.19273, 0.05756
0.19397, 0.05777
0.19523, 0.05798
0.19648, 0.05818
0.19774, 0.05839
0.19901, 0.05860
0.20027, 0.05880
0.20155, 0.05901
0.20282, 0.05921
0.20410, 0.05941
0.20539, 0.05962
0.20667, 0.05982
0.20797, 0.06002
0.20926, 0.06022
0.21056, 0.06042
0.21187, 0.06062
0.21318, 0.06082
0.21449, 0.06101
0.21581, 0.06121
0.21713, 0.06141
0.21846, 0.06160
0.21978, 0.06179
0.22112, 0.06198
0.22246, 0.06217
0.22380, 0.06236
0.22514, 0.06255
0.22649, 0.06274
0.22785, 0.06293
0.22921, 0.06311
0.23057, 0.06329
0.23193, 0.06348
0.23330, 0.06366
0.23468, 0.06383
0.23606, 0.06401
0.23744, 0.06419
0.23882, 0.06436
0.24022, 0.06454
0.24161, 0.06471
0.24301, 0.06488
0.24441, 0.06505
0.24582, 0.06521
0.24723, 0.06538
0.24864, 0.06554
0.25006, 0.06570
0.25148, 0.06586
0.25291, 0.06602
0.25434, 0.06617
0.25577, 0.06633
0.25721, 0.06648
0.25865, 0.06663
0.26010, 0.06677
0.26155, 0.06692
0.26300, 0.06706
0.26445, 0.06720
0.26591, 0.06734
0.26737, 0.06747
0.26883, 0.06761
0.27030, 0.06774
0.27176, 0.06787
0.27323, 0.06799
0.27470, 0.06812
0.27617, 0.06824
0.27765, 0.06836
0.27913, 0.06847
0.28060, 0.06859
0.28208, 0.06870
0.28357, 0.06881
0.28505, 0.06892
0.28654, 0.06902
0.28803, 0.06912
0.28952, 0.06923
0.29101, 0.06932
0.29250, 0.06942
0.29400, 0.06951
0.29549, 0.06960
0.29699, 0.06969
0.29849, 0.06978
0.30000, 0.06986
0.30150, 0.06995
0.30301, 0.07003
0.30451, 0.07010
0.30602, 0.07018
0.30754, 0.07025
0.30905, 0.07032
0.31056, 0.07039
0.31208, 0.07046
0.31360, 0.07052
0.31511, 0.07058
0.31663, 0.07064
0.31816, 0.07070
0.31968, 0.07075
0.32120, 0.07081
0.32273, 0.07086
0.32426, 0.07091
0.32578, 0.07095
0.32730, 0.07100
0.32882, 0.07104
0.33034, 0.07108
0.33186, 0.07112
0.33337, 0.07115
0.33489, 0.07119
0.33641, 0.07122
0.33793, 0.07125
0.33945, 0.07128
0.34097, 0.07131
0.34250, 0.07134
0.34403, 0.07136
0.34555, 0.07139
0.34708, 0.07141
0.34862, 0.07143
0.35015, 0.07145
0.35168, 0.07147
0.35322, 0.07148
0.35476, 0.07150
0.35629, 0.07151
0.35783, 0.07152
0.35938, 0.07153
0.36092, 0.07154
0.36246, 0.07154
0.36401, 0.07155
0.36555, 0.07155
0.36710, 0.07155
0.36865, 0.07155
0.37020, 0.07155
0.37175, 0.07155
0.37330, 0.07154
0.37485, 0.07153
0.37641, 0.07153
0.37796, 0.07152
0.37952, 0.07151
0.38107, 0.07149
0.38263, 0.07148
0.38419, 0.07146
0.38575, 0.07145
0.38731, 0.07143
0.38887, 0.07141
0.39043, 0.07139
0.39199, 0.07136
0.39355, 0.07134
0.39512, 0.07131
0.39668, 0.07129
0.39825, 0.07126
0.39981, 0.07123
0.40138, 0.07120
0.40294, 0.07116
0.40451, 0.07113
0.40608, 0.07110
0.40765, 0.07106
0.40922, 0.07102
0.41078, 0.07098
0.41235, 0.07094
0.41392, 0.07090
0.41550, 0.07086
0.41707, 0.07081
0.41864, 0.07076
0.42021, 0.07072
0.42178, 0.07067
0.42335, 0.07062
0.42493, 0.07057
0.42650, 0.07052
0.42807, 0.07046
0.42965, 0.07041
0.43122, 0.07036
0.43279, 0.07030
0.43437, 0.07024
0.43594, 0.07018
0.43752, 0.07012
0.43909, 0.07006
0.44067, 0.07000
0.44224, 0.06994
0.44382, 0.06987
0.44540, 0.06981
0.44697, 0.06974
0.44855, 0.06968
0.45012, 0.06961
0.45170, 0.06954
0.45328, 0.06947
0.45485, 0.06940
0.45643, 0.06933
0.45801, 0.06925
0.45958, 0.06918
0.46116, 0.06911
0.46274, 0.06903
0.46431, 0.06896
0.46589, 0.06888
0.46747, 0.06880
0.46904, 0.06872
0.47062, 0.06864
0.47220, 0.06856
0.47377, 0.06848
0.47535, 0.06840
0.47693, 0.06832
0.47850, 0.06824
0.48008, 0.06815
0.48165, 0.06807
0.48323, 0.06798
0.48481, 0.06790
0.48638, 0.06781
0.48796, 0.06772
0.48954, 0.06763
0.49111, 0.06754
0.49269, 0.06745
0.49426, 0.06736
0.49584, 0.06727
0.49741, 0.06718
0.49899, 0.06709
0.50057, 0.06700
0.50214, 0.06690
0.50372, 0.06681
0.50529, 0.06672
0.50687, 0.06662
0.50844, 0.06653
0.51001, 0.06643
0.51159, 0.06633
0.51316, 0.06624
0.51474, 0.06614
0.51631, 0.06604
0.51788, 0.06594
0.51946, 0.06584
0.52103, 0.06574
0.52260, 0.06564
0.52417, 0.06554
0.52575, 0.06544
0.52732, 0.06533
0.52889, 0.06523
0.53046, 0.06513
0.53203, 0.06502
0.53360, 0.06492
0.53517, 0.06482
0.53675, 0.06471
0.53832, 0.06460
0.53988, 0.06450
0.54145, 0.06439
0.54302, 0.06428
0.54459, 0.06418
0.54616, 0.06407
0.54773, 0.06396
0.54930, 0.06385
0.55086, 0.06374
0.55243, 0.06363
0.55400, 0.06352
0.55556, 0.06341
0.55713, 0.06329
0.55869, 0.06318
0.56026, 0.06307
0.56182, 0.06296
0.56338, 0.06284
0.56495, 0.06273
0.56651, 0.06261
0.56807, 0.06250
0.56963, 0.06238
0.57119, 0.06227
0.57275, 0.06215
0.57431, 0.06203
0.57587, 0.06191
0.57743, 0.06179
0.57899, 0.06168
0.58054, 0.06156
0.58210, 0.06144
0.58365, 0.06132
0.58521, 0.06119
0.58676, 0.06107
0.58832, 0.06095
0.58987, 0.06083
0.59142, 0.06071
0.59297, 0.06058
0.59452, 0.06046
0.59607, 0.06033
0.59762, 0.06021
0.59917, 0.06008
0.60071, 0.05996
0.60226, 0.05983
0.60380, 0.05970
0.60535, 0.05958
0.60689, 0.05945
0.60843, 0.05932
0.60997, 0.05919
0.61151, 0.05906
0.61305, 0.05893
0.61459, 0.05880
0.61612, 0.05867
0.61766, 0.05854
0.61919, 0.05840
0.62072, 0.05827
0.62226, 0.05814
0.62379, 0.05800
0.62532, 0.05787
0.62684, 0.05774
0.62837, 0.05760
0.62989, 0.05747
0.63142, 0.05733
0.63294, 0.05719
0.63446, 0.05706
0.63598, 0.05692
0.63750, 0.05678
0.63902, 0.05664
0.64053, 0.05650
0.64204, 0.05636
0.64356, 0.05623
0.64507, 0.05609
0.64658, 0.05595
0.64809, 0.05580
0.64962, 0.05566
0.65126, 0.05552
0.65328, 0.05536
0.65632, 0.05512
0.66123, 0.05450
0.66813, 0.05291
0.67522, 0.05014
0.68003, 0.04747
0.68142, 0.04646
0.67941, 0.04730
0.67517, 0.04870
0.67120, 0.04940
0.66927, 0.04946
0.66922, 0.04934
0.67017, 0.04920
0.67150, 0.04907
0.67293, 0.04895
0.67438, 0.04882
0.67583, 0.04869
0.67729, 0.04857
0.67874, 0.04844
0.68020, 0.04832
0.68165, 0.04819
0.68310, 0.04807
0.68455, 0.04795
0.68600, 0.04782
0.68745, 0.04770
0.68890, 0.04758
0.69034, 0.04746
0.69179, 0.04734
0.69323, 0.04721
0.69467, 0.04709
0.69612, 0.04697
0.69756, 0.04685
0.69899, 0.04673
0.70043, 0.04661
0.70187, 0.04649
0.70330, 0.04637
0.70474, 0.04625
0.70617, 0.04612
0.70760, 0.04600
0.70903, 0.04588
0.71046, 0.04576
0.71189, 0.04564
0.71331, 0.04552
0.71474, 0.04540
0.71616, 0.04528
0.71758, 0.04515
0.71900, 0.04503
0.72042, 0.04491
0.72183, 0.04479
0.72325, 0.04467
0.72466, 0.04454
0.72607, 0.04442
0.72748, 0.04430
0.72889, 0.04417
0.73029, 0.04405
0.73170, 0.04392
0.73310, 0.04380
0.73450, 0.04367
0.73590, 0.04355
0.73729, 0.04342
0.73869, 0.04329
0.74008, 0.04316
0.74147, 0.04304
0.74286, 0.04291
0.74425, 0.04278
0.74563, 0.04265
0.74701, 0.04252
0.74839, 0.04239
0.74977, 0.04226
0.75115, 0.04212
0.75252, 0.04199
0.75389, 0.04186
0.75526, 0.04172
0.75662, 0.04159
0.75799, 0.04145
0.75934, 0.04132
0.76070, 0.04118
0.76206, 0.04105
0.76341, 0.04091
0.76475, 0.04077
0.76610, 0.04063
0.76744, 0.04049
0.76878, 0.04035
0.77012, 0.04021
0.77145, 0.04007
0.77278, 0.03993
0.77411, 0.03979
0.77544, 0.03965
0.77676, 0.03951
0.77808, 0.03936
0.77939, 0.03922
0.78071, 0.03908
0.78202, 0.03893
0.78332, 0.03879
0.78463, 0.03864
0.78593, 0.03850
0.78723, 0.03835
0.78852, 0.03820
0.78982, 0.03806
0.79110, 0.03791
0.79239, 0.03776
0.79367, 0.03762
0.79495, 0.03747
0.79623, 0.03732
0.79750, 0.03717
0.79877, 0.03702
0.80004, 0.03688
0.80131, 0.03673
0.80257, 0.03658
0.80382, 0.03643
0.80508, 0.03628
0.80633, 0.03613
0.80758, 0.03598
0.80882, 0.03583
0.81007, 0.03567
0.81131, 0.03552
0.81254, 0.03537
0.81377, 0.03522
0.81500, 0.03507
0.81623, 0.03492
0.81745, 0.03477
0.81867, 0.03461
0.81988, 0.03446
0.82110, 0.03431
0.82231, 0.03416
0.82351, 0.03400
0.82472, 0.03385
0.82591, 0.03370
0.82711, 0.03354
0.82830, 0.03339
0.82949, 0.03324
0.83068, 0.03309
0.83186, 0.03293
0.83304, 0.03278
0.83421, 0.03263
0.83539, 0.03247
0.83656, 0.03232
0.83772, 0.03217
0.83888, 0.03201
0.84004, 0.03186
0.84120, 0.03170
0.84235, 0.03155
0.84350, 0.03140
0.84464, 0.03124
0.84578, 0.03109
0.84692, 0.03094
0.84805, 0.03078
0.84919, 0.03063
0.85031, 0.03048
0.85144, 0.03032
0.85256, 0.03017
0.85367, 0.03002
0.85479, 0.02986
0.85590, 0.02971
0.85700, 0.02956
0.85811, 0.02940
0.85921, 0.02925
0.86030, 0.02910
0.86139, 0.02894
0.86248, 0.02879
0.86356, 0.02864
0.86465, 0.02849
0.86572, 0.02833
0.86680, 0.02818
0.86787, 0.02803
0.86893, 0.02788
0.87000, 0.02772
0.87105, 0.02757
0.87211, 0.02742
0.87316, 0.02727
0.87421, 0.02711
0.87525, 0.02696
0.87629, 0.02681
0.87733, 0.02666
0.87836, 0.02651
0.87939, 0.02636
0.88041, 0.02621
0.88143, 0.02606
0.88245, 0.02590
0.88347, 0.02575
0.88447, 0.02560
0.88548, 0.02545
0.88648, 0.02530
0.88748, 0.02515
0.88847, 0.02500
0.88946, 0.02485
0.89045, 0.02470
0.89143, 0.02456
0.89241, 0.02441
0.89339, 0.02426
0.89436, 0.02411
0.89532, 0.02396
0.89629, 0.02381
0.89725, 0.02367
0.89820, 0.02352
0.89915, 0.02337
0.90010, 0.02322
0.90104, 0.02308
0.90198, 0.02293
0.90291, 0.02278
0.90384, 0.02264
0.90477, 0.02249
0.90569, 0.02235
0.90661, 0.02220
0.90753, 0.02206
0.90844, 0.02191
0.90934, 0.02177
0.91025, 0.02163
0.91114, 0.02148
0.91204, 0.02134
0.91293, 0.02120
0.91381, 0.02105
0.91470, 0.02091
0.91557, 0.02077
0.91645, 0.02063
0.91732, 0.02049
0.91818, 0.02035
0.91904, 0.02020
0.91990, 0.02006
0.92075, 0.01992
0.92160, 0.01979
0.92244, 0.01965
0.92328, 0.01951
0.92412, 0.01937
0.92495, 0.01923
0.92578, 0.01909
0.92660, 0.01896
0.92742, 0.01882
0.92823, 0.01868
0.92904, 0.01855
0.92985, 0.01841
0.93065, 0.01828
0.93145, 0.01814
0.93224, 0.01801
0.93303, 0.01788
0.93381, 0.01774
0.93459, 0.01761
0.93537, 0.01748
0.93614, 0.01735
0.93691, 0.01722
0.93767, 0.01708
0.93843, 0.01695
0.93918, 0.01682
0.93993, 0.01669
0.94068, 0.01657
0.94142, 0.01644
0.94216, 0.01631
0.94289, 0.01618
0.94362, 0.01606
0.94434, 0.01593
0.94506, 0.01580
0.94577, 0.01568
0.94648, 0.01555
0.94719, 0.01543
0.94789, 0.01531
0.94859, 0.01518
0.94928, 0.01506
0.94997, 0.01494
0.95065, 0.01482
0.95133, 0.01470
0.95200, 0.01458
0.95267, 0.01446
0.95334, 0.01434
0.95400, 0.01422
0.95465, 0.01410
0.95531, 0.01399
0.95595, 0.01387
0.95660, 0.01375
0.95724, 0.01364
0.95787, 0.01352
0.95850, 0.01341
0.95912, 0.01330
0.95974, 0.01318
0.96036, 0.01307
0.96097, 0.01296
0.96158, 0.01285
0.96218, 0.01274
0.96278, 0.01263
0.96337, 0.01252
0.96396, 0.01241
0.96454, 0.01231
0.96512, 0.01220
0.96569, 0.01209
0.96626, 0.01199
0.96683, 0.01188
0.96739, 0.01178
0.96794, 0.01168
0.96850, 0.01157
0.96904, 0.01147
0.96958, 0.01137
0.97012, 0.01127
0.97065, 0.01117
0.97118, 0.01107
0.97170, 0.01097
0.97222, 0.01088
0.97274, 0.01078
0.97325, 0.01068
0.97375, 0.01059
0.97425, 0.01049
0.97475, 0.01040
0.97524, 0.01031
0.97572, 0.01022
0.97620, 0.01012
0.97668, 0.01003
0.97715, 0.00994
0.97762, 0.00986
0.97808, 0.00977
0.97854, 0.00968
0.97899, 0.00959
0.97944, 0.00951
0.97989, 0.00942
0.98032, 0.00934
0.98076, 0.00925
0.98119, 0.00917
0.98161, 0.00909
0.98203, 0.00901
0.98245, 0.00893
0.98286, 0.00885
0.98326, 0.00877
0.98366, 0.00869
0.98406, 0.00862
0.98445, 0.00854
0.98484, 0.00847
0.98522, 0.00839
0.98560, 0.00832
0.98597, 0.00825
0.98634, 0.00818
0.98670, 0.00810
0.98706, 0.00803
0.98741, 0.00797
0.98776, 0.00790
0.98810, 0.00783
0.98844, 0.00776
0.98877, 0.00770
0.98910, 0.00763
0.98943, 0.00757
0.98975, 0.00751
0.99006, 0.00745
0.99037, 0.00738
0.99067, 0.00732
0.99097, 0.00726
0.99127, 0.00721
0.99156, 0.00715
0.99185, 0.00709
0.99213, 0.00704
0.99240, 0.00698
0.99267, 0.00693
0.99294, 0.00688
0.99320, 0.00682
0.99346, 0.00677
0.99371, 0.00672
0.99396, 0.00667
0.99420, 0.00663
0.99443, 0.00658
0.99467, 0.00653
0.99489, 0.00649
0.99512, 0.00644
0.99533, 0.00640
0.99555, 0.00636
0.99576, 0.00632
0.99596, 0.00627
0.99616, 0.00623
0.99635, 0.00620
0.99654, 0.00616
0.99672, 0.00612
0.99690, 0.00609
0.99707, 0.00605
0.99724, 0.00602
0.99741, 0.00598
0.99757, 0.00595
0.99772, 0.00592
0.99787, 0.00589
0.99801, 0.00586
0.99815, 0.00583
0.99829, 0.00581
0.99842, 0.00578
0.99854, 0.00576
0.99866, 0.00573
0.99878, 0.00571
0.99889, 0.00569
0.99899, 0.00566
0.99910, 0.00564
0.99919, 0.00563
0.99928, 0.00561
0.99937, 0.00559
0.99945, 0.00557
0.99952, 0.00556
0.99960, 0.00554
0.99966, 0.00553
0.99972, 0.00552
0.99978, 0.00551
0.99983, 0.00550
0.99988, 0.00549
0.99992, 0.00548
0.99996, 0.00547
0.99999, 0.00546
1.00001, 0.00546
1.00004, 0.00545
1.00006, 0.00545
1.00007, 0.00545
1.00011, 0.00544
1.00013, 0.00544

=== Lower Surface ===
0.00000, -0.02147
0.00005, -0.02175
0.00008, -0.02203
0.00012, -0.02231
0.00016, -0.02258
0.00021, -0.02285
0.00027, -0.02313
0.00033, -0.02340
0.00040, -0.02367
0.00047, -0.02394
0.00055, -0.02421
0.00063, -0.02448
0.00072, -0.02475
0.00081, -0.02502
0.00091, -0.02528
0.00101, -0.02555
0.00111, -0.02581
0.00122, -0.02608
0.00134, -0.02634
0.00146, -0.02660
0.00159, -0.02686
0.00172, -0.02712
0.00185, -0.02738
0.00199, -0.02764
0.00214, -0.02789
0.00229, -0.02815
0.00245, -0.02840
0.00261, -0.02866
0.00277, -0.02891
0.00294, -0.02916
0.00312, -0.02941
0.00330, -0.02966
0.00348, -0.02991
0.00367, -0.03016
0.00386, -0.03041
0.00406, -0.03066
0.00427, -0.03090
0.00448, -0.03115
0.00469, -0.03139
0.00491, -0.03163
0.00513, -0.03187
0.00536, -0.03211
0.00560, -0.03235
0.00583, -0.03259
0.00608, -0.03283
0.00633, -0.03307
0.00658, -0.03330
0.00684, -0.03354
0.00710, -0.03377
0.00737, -0.03400
0.00764, -0.03424
0.00792, -0.03447
0.00820, -0.03470
0.00849, -0.03493
0.00878, -0.03515
0.00907, -0.03538
0.00938, -0.03561
0.00968, -0.03583
0.00999, -0.03606
0.01031, -0.03628
0.01063, -0.03650
0.01096, -0.03672
0.01129, -0.03694
0.01162, -0.03716
0.01196, -0.03738
0.01231, -0.03760
0.01266, -0.03781
0.01301, -0.03803
0.01337, -0.03824
0.01373, -0.03845
0.01410, -0.03867
0.01448, -0.03888
0.01486, -0.03909
0.01524, -0.03930
0.01563, -0.03950
0.01602, -0.03971
0.01642, -0.03992
0.01682, -0.04012
0.01723, -0.04032
0.01764, -0.04053
0.01806, -0.04073
0.01848, -0.04093
0.01890, -0.04113
0.01933, -0.04133
0.01977, -0.04152
0.02021, -0.04172
0.02066, -0.04191
0.02111, -0.04211
0.02156, -0.04230
0.02202, -0.04249
0.02248, -0.04268
0.02295, -0.04287
0.02343, -0.04306
0.02390, -0.04325
0.02439, -0.04344
0.02487, -0.04362
0.02537, -0.04381
0.02586, -0.04399
0.02636, -0.04417
0.02687, -0.04435
0.02738, -0.04453
0.02790, -0.04471
0.02842, -0.04489
0.02894, -0.04507
0.02947, -0.04524
0.03001, -0.04542
0.03054, -0.04559
0.03109, -0.04576
0.03164, -0.04593
0.03219, -0.04610
0.03275, -0.04627
0.03331, -0.04644
0.03387, -0.04661
0.03444, -0.04677
0.03502, -0.04694
0.03560, -0.04710
0.03619, -0.04726
0.03677, -0.04742
0.03737, -0.04758
0.03797, -0.04774
0.03857, -0.04790
0.03918, -0.04805
0.03979, -0.04821
0.04041, -0.04836
0.04103, -0.04852
0.04165, -0.04867
0.04228, -0.04882
0.04292, -0.04897
0.04356, -0.04912
0.04420, -0.04926
0.04485, -0.04941
0.04550, -0.04955
0.04616, -0.04970
0.04682, -0.04984
0.04748, -0.04998
0.04815, -0.05012
0.04883, -0.05026
0.04951, -0.05040
0.05019, -0.05053
0.05088, -0.05067
0.05157, -0.05080
0.05227, -0.05093
0.05297, -0.05106
0.05367, -0.05119
0.05438, -0.05132
0.05510, -0.05145
0.05582, -0.05158
0.05654, -0.05170
0.05727, -0.05183
0.05800, -0.05195
0.05873, -0.05207
0.05947, -0.05219
0.06022, -0.05231
0.06097, -0.05243
0.06172, -0.05255
0.06248, -0.05266
0.06324, -0.05278
0.06400, -0.05289
0.06477, -0.05300
0.06555, -0.05311
0.06633, -0.05322
0.06711, -0.05333
0.06790, -0.05344
0.06869, -0.05354
0.06948, -0.05365
0.07028, -0.05375
0.07109, -0.05385
0.07189, -0.05395
0.07271, -0.05405
0.07352, -0.05415
0.07434, -0.05425
0.07517, -0.05434
0.07600, -0.05444
0.07683, -0.05453
0.07767, -0.05462
0.07851, -0.05471
0.07935, -0.05480
0.08020, -0.05489
0.08105, -0.05498
0.08191, -0.05506
0.08277, -0.05515
0.08364, -0.05523
0.08451, -0.05531
0.08538, -0.05539
0.08626, -0.05547
0.08714, -0.05555
0.08803, -0.05563
0.08891, -0.05570
0.08981, -0.05578
0.09071, -0.05585
0.09161, -0.05592
0.09251, -0.05599
0.09342, -0.05606
0.09433, -0.05613
0.09525, -0.05619
0.09617, -0.05626
0.09710, -0.05632
0.09803, -0.05638
0.09896, -0.05645
0.09989, -0.05651
0.10083, -0.05657
0.10178, -0.05662
0.10273, -0.05668
0.10368, -0.05673
0.10463, -0.05679
0.10559, -0.05684
0.10656, -0.05689
0.10752, -0.05694
0.10849, -0.05699
0.10947, -0.05704
0.11044, -0.05708
0.11143, -0.05713
0.11241, -0.05717
0.11340, -0.05721
0.11439, -0.05725
0.11539, -0.05729
0.11639, -0.05733
0.11739, -0.05737
0.11840, -0.05741
0.11941, -0.05744
0.12043, -0.05747
0.12145, -0.05750
0.12247, -0.05754
0.12349, -0.05757
0.12452, -0.05759
0.12556, -0.05762
0.12659, -0.05765
0.12763, -0.05767
0.12868, -0.05769
0.12972, -0.05772
0.13077, -0.05774
0.13183, -0.05776
0.13288, -0.05777
0.13394, -0.05779
0.13501, -0.05781
0.13608, -0.05782
0.13715, -0.05783
0.13822, -0.05785
0.13930, -0.05786
0.14038, -0.05787
0.14147, -0.05787
0.14256, -0.05788
0.14365, -0.05789
0.14474, -0.05789
0.14584, -0.05789
0.14695, -0.05790
0.14805, -0.05790
0.14916, -0.05790
0.15027, -0.05789
0.15139, -0.05789
0.15251, -0.05789
0.15364, -0.05788
0.15476, -0.05787
0.15589, -0.05787
0.15703, -0.05786
0.15816, -0.05785
0.15930, -0.05783
0.16045, -0.05782
0.16160, -0.05780
0.16275, -0.05779
0.16390, -0.05777
0.16506, -0.05775
0.16622, -0.05773
0.16738, -0.05771
0.16855, -0.05769
0.16972, -0.05767
0.17090, -0.05764
0.17208, -0.05761
0.17326, -0.05759
0.17444, -0.05756
0.17563, -0.05753
0.17682, -0.05749
0.17801, -0.05746
0.17921, -0.05743
0.18041, -0.05739
0.18161, -0.05735
0.18282, -0.05732
0.18403, -0.05728
0.18525, -0.05724
0.18646, -0.05719
0.18768, -0.05715
0.18890, -0.05710
0.19013, -0.05706
0.19136, -0.05701
0.19259, -0.05696
0.19383, -0.05691
0.19507, -0.05686
0.19631, -0.05681
0.19755, -0.05675
0.19880, -0.05670
0.20005, -0.05664
0.20130, -0.05658
0.20256, -0.05652
0.20382, -0.05646
0.20508, -0.05640
0.20635, -0.05633
0.20762, -0.05627
0.20889, -0.05620
0.21016, -0.05613
0.21143, -0.05607
0.21271, -0.05600
0.21398, -0.05592
0.21526, -0.05585
0.21654, -0.05578
0.21782, -0.05571
0.21911, -0.05563
0.22039, -0.05555
0.22168, -0.05548
0.22296, -0.05540
0.22425, -0.05532
0.22555, -0.05524
0.22684, -0.05516
0.22813, -0.05508
0.22943, -0.05500
0.23072, -0.05492
0.23202, -0.05483
0.23332, -0.05475
0.23462, -0.05466
0.23592, -0.05458
0.23723, -0.05449
0.23853, -0.05441
0.23984, -0.05432
0.24114, -0.05423
0.24245, -0.05415
0.24376, -0.05406
0.24507, -0.05397
0.24638, -0.05388
0.24769, -0.05379
0.24901, -0.05370
0.25032, -0.05361
0.25164, -0.05352
0.25295, -0.05343
0.25427, -0.05334
0.25559, -0.05325
0.25691, -0.05316
0.25823, -0.05307
0.25955, -0.05298
0.26087, -0.05289
0.26220, -0.05280
0.26352, -0.05271
0.26484, -0.05262
0.26617, -0.05253
0.26750, -0.05244
0.26882, -0.05235
0.27015, -0.05227
0.27148, -0.05218
0.27281, -0.05209
0.27415, -0.05200
0.27548, -0.05191
0.27682, -0.05183
0.27816, -0.05174
0.27950, -0.05165
0.28084, -0.05157
0.28219, -0.05148
0.28354, -0.05139
0.28489, -0.05131
0.28624, -0.05122
0.28760, -0.05114
0.28896, -0.05105
0.29032, -0.05097
0.29168, -0.05088
0.29304, -0.05080
0.29441, -0.05071
0.29578, -0.05063
0.29715, -0.05055
0.29852, -0.05046
0.29990, -0.05038
0.30128, -0.05030
0.30266, -0.05022
0.30404, -0.05013
0.30543, -0.05005
0.30681, -0.04997
0.30820, -0.04989
0.30959, -0.04981
0.31099, -0.04973
0.31238, -0.04965
0.31378, -0.04957
0.31518, -0.04949
0.31658, -0.04941
0.31799, -0.04933
0.31939, -0.04925
0.32080, -0.04917
0.32221, -0.04909
0.32362, -0.04902
0.32504, -0.04894
0.32645, -0.04886
0.32787, -0.04878
0.32930, -0.04871
0.33072, -0.04863
0.33216, -0.04855
0.33359, -0.04848
0.33504, -0.04840
0.33649, -0.04832
0.33794, -0.04824
0.33939, -0.04816
0.34085, -0.04809
0.34231, -0.04801
0.34377, -0.04793
0.34523, -0.04785
0.34669, -0.04777
0.34815, -0.04769
0.34962, -0.04761
0.35109, -0.04753
0.35255, -0.04745
0.35402, -0.04737
0.35549, -0.04729
0.35697, -0.04721
0.35844, -0.04713
0.35992, -0.04705
0.36139, -0.04697
0.36287, -0.04689
0.36435, -0.04681
0.36583, -0.04673
0.36732, -0.04665
0.36880, -0.04657
0.37029, -0.04649
0.37177, -0.04641
0.37326, -0.04632
0.37475, -0.04624
0.37624, -0.04616
0.37774, -0.04608
0.37923, -0.04600
0.38073, -0.04592
0.38223, -0.04583
0.38372, -0.04575
0.38522, -0.04567
0.38673, -0.04559
0.38823, -0.04550
0.38973, -0.04542
0.39124, -0.04534
0.39275, -0.04525
0.39426, -0.04517
0.39577, -0.04509
0.39728, -0.04500
0.39879, -0.04492
0.40031, -0.04484
0.40182, -0.04475
0.40334, -0.04467
0.40486, -0.04458
0.40638, -0.04450
0.40790, -0.04441
0.40942, -0.04433
0.41095, -0.04425
0.41247, -0.04416
0.41400, -0.04407
0.41552, -0.04399
0.41705, -0.04390
0.41858, -0.04382
0.42012, -0.04373
0.42165, -0.04364
0.42318, -0.04356
0.42472, -0.04347
0.42625, -0.04338
0.42779, -0.04329
0.42933, -0.04321
0.43087, -0.04312
0.43241, -0.04303
0.43395, -0.04294
0.43549, -0.04285
0.43704, -0.04276
0.43858, -0.04267
0.44013, -0.04258
0.44168, -0.04249
0.44322, -0.04240
0.44477, -0.04231
0.44632, -0.04222
0.44787, -0.04213
0.44943, -0.04204
0.45098, -0.04195
0.45253, -0.04185
0.45409, -0.04176
0.45564, -0.04167
0.45720, -0.04157
0.45876, -0.04148
0.46031, -0.04139
0.46187, -0.04129
0.46343, -0.04120
0.46499, -0.04110
0.46655, -0.04100
0.46811, -0.04091
0.46967, -0.04081
0.47124, -0.04071
0.47280, -0.04062
0.47436, -0.04052
0.47593, -0.04042
0.47749, -0.04032
0.47906, -0.04022
0.48062, -0.04012
0.48219, -0.04002
0.48376, -0.03992
0.48532, -0.03982
0.48689, -0.03972
0.48846, -0.03962
0.49002, -0.03951
0.49159, -0.03941
0.49316, -0.03931
0.49473, -0.03920
0.49630, -0.03910
0.49787, -0.03899
0.49944, -0.03889
0.50101, -0.03878
0.50258, -0.03868
0.50415, -0.03857
0.50572, -0.03846
0.50729, -0.03835
0.50886, -0.03825
0.51043, -0.03814
0.51199, -0.03803
0.51356, -0.03792
0.51513, -0.03781
0.51670, -0.03770
0.51827, -0.03759
0.51984, -0.03748
0.52141, -0.03736
0.52298, -0.03725
0.52455, -0.03714
0.52612, -0.03703
0.52769, -0.03691
0.52925, -0.03680
0.53082, -0.03668
0.53239, -0.03657
0.53396, -0.03645
0.53552, -0.03634
0.53709, -0.03622
0.53865, -0.03611
0.54022, -0.03599
0.54179, -0.03587
0.54335, -0.03575
0.54491, -0.03564
0.54648, -0.03552
0.54804, -0.03540
0.54960, -0.03528
0.55116, -0.03516
0.55272, -0.03504
0.55429, -0.03492
0.55585, -0.03480
0.55740, -0.03468
0.55896, -0.03456
0.56052, -0.03444
0.56208, -0.03431
0.56363, -0.03419
0.56519, -0.03407
0.56675, -0.03395
0.56830, -0.03382
0.56985, -0.03370
0.57141, -0.03358
0.57296, -0.03345
0.57451, -0.03333
0.57606, -0.03321
0.57761, -0.03308
0.57916, -0.03296
0.58070, -0.03283
0.58225, -0.03271
0.58380, -0.03258
0.58534, -0.03246
0.58688, -0.03233
0.58843, -0.03220
0.58997, -0.03208
0.59151, -0.03195
0.59305, -0.03183
0.59459, -0.03170
0.59613, -0.03157
0.59766, -0.03145
0.59920, -0.03132
0.60073, -0.03119
0.60227, -0.03106
0.60380, -0.03094
0.60533, -0.03081
0.60686, -0.03068
0.60839, -0.03055
0.60992, -0.03043
0.61145, -0.03030
0.61297, -0.03017
0.61450, -0.03004
0.61602, -0.02992
0.61755, -0.02979
0.61907, -0.02966
0.62059, -0.02953
0.62211, -0.02940
0.62362, -0.02928
0.62514, -0.02915
0.62666, -0.02902
0.62817, -0.02889
0.62968, -0.02876
0.63120, -0.02863
0.63271, -0.02851
0.63422, -0.02838
0.63572, -0.02825
0.63723, -0.02812
0.63874, -0.02799
0.64024, -0.02786
0.64174, -0.02773
0.64325, -0.02761
0.64475, -0.02748
0.64625, -0.02735
0.64774, -0.02722
0.64921, -0.02709
0.65057, -0.02696
0.65155, -0.02684
0.65150, -0.02669
0.64958, -0.02633
0.64567, -0.02534
0.64156, -0.02368
0.63973, -0.02262
0.64132, -0.02343
0.64631, -0.02587
0.65352, -0.02836
0.66046, -0.02964
0.66535, -0.02993
0.66837, -0.02987
0.67037, -0.02973
0.67200, -0.02959
0.67352, -0.02944
0.67502, -0.02929
0.67651, -0.02914
0.67799, -0.02899
0.67948, -0.02883
0.68096, -0.02868
0.68244, -0.02853
0.68391, -0.02837
0.68539, -0.02822
0.68686, -0.02806
0.68832, -0.02791
0.68979, -0.02775
0.69125, -0.02759
0.69271, -0.02744
0.69417, -0.02728
0.69562, -0.02712
0.69707, -0.02696
0.69852, -0.02680
0.69997, -0.02664
0.70141, -0.02648
0.70286, -0.02632
0.70429, -0.02616
0.70573, -0.02600
0.70716, -0.02584
0.70859, -0.02568
0.71002, -0.02552
0.71145, -0.02536
0.71287, -0.02520
0.71429, -0.02504
0.71570, -0.02488
0.71712, -0.02472
0.71853, -0.02456
0.71994, -0.02440
0.72134, -0.02424
0.72275, -0.02408
0.72415, -0.02392
0.72555, -0.02376
0.72694, -0.02360
0.72833, -0.02344
0.72972, -0.02328
0.73111, -0.02312
0.73249, -0.02296
0.73387, -0.02281
0.73525, -0.02265
0.73663, -0.02249
0.73800, -0.02233
0.73937, -0.02218
0.74074, -0.02202
0.74210, -0.02187
0.74346, -0.02171
0.74482, -0.02156
0.74618, -0.02141
0.74753, -0.02125
0.74888, -0.02110
0.75023, -0.02095
0.75157, -0.02080
0.75292, -0.02065
0.75426, -0.02050
0.75560, -0.02035
0.75693, -0.02020
0.75827, -0.02005
0.75960, -0.01990
0.76093, -0.01976
0.76225, -0.01961
0.76358, -0.01946
0.76490, -0.01932
0.76622, -0.01917
0.76753, -0.01903
0.76885, -0.01889
0.77016, -0.01875
0.77147, -0.01860
0.77278, -0.01846
0.77408, -0.01832
0.77539, -0.01818
0.77669, -0.01804
0.77798, -0.01790
0.77928, -0.01776
0.78057, -0.01763
0.78186, -0.01749
0.78315, -0.01735
0.78443, -0.01722
0.78571, -0.01708
0.78699, -0.01694
0.78827, -0.01681
0.78954, -0.01668
0.79081, -0.01654
0.79208, -0.01641
0.79335, -0.01628
0.79461, -0.01614
0.79587, -0.01601
0.79713, -0.01588
0.79838, -0.01575
0.79964, -0.01562
0.80089, -0.01549
0.80213, -0.01536
0.80338, -0.01523
0.80462, -0.01511
0.80586, -0.01498
0.80709, -0.01485
0.80832, -0.01473
0.80955, -0.01460
0.81078, -0.01447
0.81200, -0.01435
0.81322, -0.01422
0.81444, -0.01410
0.81566, -0.01398
0.81687, -0.01385
0.81808, -0.01373
0.81928, -0.01361
0.82048, -0.01349
0.82168, -0.01337
0.82288, -0.01324
0.82408, -0.01312
0.82527, -0.01300
0.82645, -0.01288
0.82764, -0.01277
0.82882, -0.01265
0.83000, -0.01253
0.83117, -0.01241
0.83234, -0.01229
0.83351, -0.01218
0.83468, -0.01206
0.83584, -0.01194
0.83700, -0.01183
0.83816, -0.01171
0.83931, -0.01160
0.84046, -0.01148
0.84160, -0.01137
0.84275, -0.01126
0.84388, -0.01114
0.84502, -0.01103
0.84615, -0.01092
0.84728, -0.01081
0.84841, -0.01070
0.84953, -0.01059
0.85065, -0.01047
0.85176, -0.01037
0.85288, -0.01026
0.85398, -0.01015
0.85509, -0.01004
0.85619, -0.00993
0.85729, -0.00982
0.85838, -0.00971
0.85948, -0.00961
0.86056, -0.00950
0.86165, -0.00940
0.86273, -0.00929
0.86381, -0.00919
0.86488, -0.00908
0.86595, -0.00898
0.86702, -0.00887
0.86808, -0.00877
0.86914, -0.00867
0.87019, -0.00857
0.87125, -0.00846
0.87229, -0.00836
0.87334, -0.00826
0.87438, -0.00816
0.87542, -0.00806
0.87645, -0.00796
0.87748, -0.00786
0.87851, -0.00776
0.87953, -0.00767
0.88055, -0.00757
0.88157, -0.00747
0.88258, -0.00738
0.88359, -0.00728
0.88459, -0.00718
0.88559, -0.00709
0.88659, -0.00699
0.88758, -0.00690
0.88857, -0.00680
0.88956, -0.00671
0.89054, -0.00662
0.89152, -0.00653
0.89249, -0.00643
0.89346, -0.00634
0.89443, -0.00625
0.89539, -0.00616
0.89635, -0.00607
0.89730, -0.00598
0.89825, -0.00589
0.89920, -0.00580
0.90014, -0.00572
0.90108, -0.00563
0.90202, -0.00554
0.90295, -0.00545
0.90388, -0.00537
0.90480, -0.00528
0.90572, -0.00520
0.90663, -0.00511
0.90755, -0.00503
0.90845, -0.00494
0.90936, -0.00486
0.91026, -0.00478
0.91115, -0.00469
0.91204, -0.00461
0.91293, -0.00453
0.91381, -0.00445
0.91469, -0.00437
0.91557, -0.00429
0.91644, -0.00421
0.91731, -0.00413
0.91817, -0.00405
0.91903, -0.00397
0.91988, -0.00389
0.92073, -0.00382
0.92158, -0.00374
0.92242, -0.00366
0.92326, -0.00359
0.92410, -0.00351
0.92493, -0.00344
0.92575, -0.00336
0.92657, -0.00329
0.92739, -0.00321
0.92820, -0.00314
0.92901, -0.00307
0.92982, -0.00300
0.93062, -0.00292
0.93142, -0.00285
0.93221, -0.00278
0.93300, -0.00271
0.93378, -0.00264
0.93456, -0.00257
0.93533, -0.00250
0.93611, -0.00243
0.93687, -0.00237
0.93763, -0.00230
0.93839, -0.00223
0.93915, -0.00217
0.93990, -0.00210
0.94064, -0.00203
0.94138, -0.00197
0.94212, -0.00190
0.94285, -0.00184
0.94358, -0.00177
0.94430, -0.00171
0.94502, -0.00165
0.94573, -0.00159
0.94644, -0.00152
0.94715, -0.00146
0.94785, -0.00140
0.94855, -0.00134
0.94924, -0.00128
0.94993, -0.00122
0.95061, -0.00116
0.95129, -0.00110
0.95197, -0.00104
0.95264, -0.00099
0.95330, -0.00093
0.95397, -0.00087
0.95462, -0.00081
0.95527, -0.00076
0.95592, -0.00070
0.95657, -0.00065
0.95720, -0.00059
0.95784, -0.00054
0.95847, -0.00048
0.95909, -0.00043
0.95972, -0.00038
0.96033, -0.00032
0.96094, -0.00027
0.96155, -0.00022
0.96215, -0.00017
0.96275, -0.00012
0.96335, -0.00007
0.96393, -0.00002
0.96452, 0.00003
0.96510, 0.00008
0.96567, 0.00013
0.96624, 0.00018
0.96681, 0.00023
0.96737, 0.00027
0.96793, 0.00032
0.96848, 0.00037
0.96903, 0.00041
0.96957, 0.00046
0.97011, 0.00050
0.97064, 0.00055
0.97117, 0.00059
0.97170, 0.00064
0.97222, 0.00068
0.97273, 0.00072
0.97324, 0.00076
0.97375, 0.00081
0.97425, 0.00085
0.97474, 0.00089
0.97524, 0.00093
0.97572, 0.00097
0.97620, 0.00101
0.97668, 0.00105
0.97715, 0.00109
0.97762, 0.00113
0.97809, 0.00117
0.97854, 0.00120
0.97900, 0.00124
0.97945, 0.00128
0.97989, 0.00132
0.98033, 0.00135
0.98076, 0.00139
0.98119, 0.00142
0.98162, 0.00146
0.98204, 0.00149
0.98246, 0.00153
0.98287, 0.00156
0.98327, 0.00159
0.98367, 0.00163
0.98407, 0.00166
0.98446, 0.00169
0.98485, 0.00172
0.98523, 0.00175
0.98561, 0.00178
0.98598, 0.00181
0.98635, 0.00184
0.98671, 0.00187
0.98707, 0.00190
0.98742, 0.00193
0.98777, 0.00196
0.98811, 0.00199
0.98845, 0.00201
0.98878, 0.00204
0.98911, 0.00207
0.98944, 0.00209
0.98976, 0.00212
0.99007, 0.00214
0.99038, 0.00217
0.99068, 0.00219
0.99098, 0.00222
0.99128, 0.00224
0.99157, 0.00227
0.99185, 0.00229
0.99213, 0.00231
0.99241, 0.00233
0.99268, 0.00235
0.99294, 0.00238
0.99320, 0.00240
0.99346, 0.00242
0.99371, 0.00244
0.99395, 0.00246
0.99419, 0.00248
0.99443, 0.00249
0.99466, 0.00251
0.99489, 0.00253
0.99511, 0.00255
0.99532, 0.00257
0.99553, 0.00258
0.99574, 0.00260
0.99594, 0.00262
0.99614, 0.00263
0.99633, 0.00265
0.99652, 0.00266
0.99670, 0.00268
0.99687, 0.00269
0.99705, 0.00270
0.99721, 0.00272
0.99737, 0.00273
0.99753, 0.00274
0.99768, 0.00275
0.99783, 0.00277
0.99797, 0.00278
0.99811, 0.00279
0.99824, 0.00280
0.99837, 0.00281
0.99849, 0.00282
0.99861, 0.00283
0.99872, 0.00284
0.99883, 0.00284
0.99893, 0.00285
0.99902, 0.00286
0.99912, 0.00287
0.99920, 0.00287
0.99929, 0.00288
0.99936, 0.00289
0.99944, 0.00289
0.99950, 0.00290
0.99957, 0.00290
0.99962, 0.00291
0.99967, 0.00291
0.99972, 0.00292
0.99976, 0.00292
0.99980, 0.00292
0.99983, 0.00292
0.99986, 0.00293
0.99988, 0.00293
0.99990, 0.00293
0.99991, 0.00293
0.99988, 0.00293
0.99987, 0.00294
