airfoil_points_268
1.000000 0.014379
0.999748 0.014433
0.998993 0.014593
0.997736 0.014860
0.995977 0.015234
0.993719 0.015712
0.990964 0.016295
0.987715 0.016981
0.983974 0.017768
0.979746 0.018656
0.975036 0.019641
0.969846 0.020723
0.964184 0.021898
0.958054 0.023164
0.951463 0.024519
0.944418 0.025960
0.936925 0.027483
0.928992 0.029085
0.920627 0.030763
0.911838 0.032514
0.902635 0.034332
0.893027 0.036216
0.883022 0.038160
0.872632 0.040159
0.861867 0.042211
0.850737 0.044309
0.839255 0.046450
0.827430 0.048628
0.815276 0.050840
0.802805 0.053082
0.790028 0.055352
0.776960 0.057647
0.763613 0.059963
0.750000 0.062297
0.736136 0.064643
0.722033 0.066986
0.707708 0.069308
0.693173 0.071593
0.678443 0.073822
0.663534 0.074854
0.648460 0.066621
0.633237 0.068518
0.617879 0.070500
0.602403 0.072563
0.586824 0.074698
0.571157 0.076889
0.555419 0.079115
0.539625 0.081351
0.523791 0.083569
0.507933 0.085739
0.492067 0.087832
0.476209 0.089818
0.460375 0.091671
0.444581 0.093367
0.428843 0.094887
0.413176 0.096215
0.397597 0.097339
0.382121 0.098252
0.366763 0.098950
0.351540 0.099435
0.336466 0.099710
0.321557 0.099801
0.306827 0.099789
0.292292 0.099686
0.277967 0.099491
0.263864 0.099207
0.250000 0.098828
0.236387 0.098340
0.223040 0.097727
0.209972 0.096978
0.197195 0.096080
0.184724 0.095029
0.172570 0.093826
0.160745 0.092480
0.149263 0.090998
0.138133 0.089386
0.127368 0.087653
0.116978 0.085805
0.106973 0.083849
0.097365 0.081791
0.088162 0.079637
0.079373 0.077394
0.071008 0.075068
0.063075 0.072667
0.055582 0.070196
0.048537 0.067662
0.041946 0.065074
0.035816 0.062436
0.030154 0.059757
0.024964 0.057043
0.020254 0.054299
0.016026 0.051532
0.012285 0.048748
0.009036 0.045952
0.006281 0.043152
0.004023 0.040352
0.002264 0.037564
0.001007 0.034809
0.000252 0.032169
0.000000 0.030478
0.000252 0.025821
0.001007 0.023263
0.002264 0.020672
0.004023 0.018134
0.006281 0.015669
0.009036 0.013283
0.012285 0.010981
0.016026 0.008763
0.020254 0.006632
0.024964 0.004587
0.030154 0.002630
0.035816 0.000759
0.041946 -0.001024
0.048537 -0.002720
0.055582 -0.004329
0.063075 -0.005852
0.071008 -0.007290
0.079373 -0.008642
0.088162 -0.009910
0.097365 -0.011095
0.106973 -0.012198
0.116978 -0.013220
0.127368 -0.014164
0.138133 -0.015031
0.149263 -0.015824
0.160745 -0.016548
0.172570 -0.017208
0.184724 -0.017810
0.197195 -0.018359
0.209972 -0.018862
0.223040 -0.019310
0.236387 -0.019693
0.250000 -0.019999
0.263864 -0.020213
0.277967 -0.020322
0.292292 -0.020326
0.306827 -0.020226
0.321557 -0.020029
0.336466 -0.019749
0.351540 -0.019474
0.366763 -0.019244
0.382121 -0.019068
0.397597 -0.018952
0.413176 -0.018898
0.428843 -0.018903
0.444581 -0.018958
0.460375 -0.019052
0.476209 -0.019168
0.492067 -0.019286
0.507933 -0.019386
0.523791 -0.019445
0.539625 -0.019441
0.555419 -0.019354
0.571157 -0.019165
0.586824 -0.018861
0.602403 -0.018430
0.617879 -0.017867
0.633237 -0.017172
0.648460 -0.016357
0.663534 -0.014602
0.678443 -0.008462
0.693173 -0.003136
0.707708 -0.002599
0.722033 -0.002080
0.736136 -0.001566
0.750000 -0.001048
0.763613 -0.000518
0.776960 0.000023
0.790028 0.000571
0.802805 0.001125
0.815276 0.001680
0.827430 0.002234
0.839255 0.002785
0.850737 0.003332
0.861867 0.003873
0.872632 0.004408
0.883022 0.004935
0.893027 0.005454
0.902635 0.005963
0.911838 0.006461
0.920627 0.006946
0.928992 0.007418
0.936925 0.007874
0.944418 0.008313
0.951463 0.008734
0.958054 0.009134
0.964184 0.009512
0.969846 0.009868
0.975036 0.010198
0.979746 0.010501
0.983974 0.010777
0.987715 0.011024
0.990964 0.011240
0.993719 0.011425
0.995977 0.011578
0.997736 0.011698
0.998993 0.011784
0.999748 0.011835
1.000000 0.011852
