=== Airfoil Parameters ===
m = 0.02
p = 0.4
t = 0.12

=== Control Points ===
0.00000, 0.01068, 0.01068
0.06667, 0.01555, 0.00944
0.13333, 0.01810, 0.00699
0.20000, 0.01845, 0.00345
0.26667, 0.01682, -0.00096
0.66667, 0.01014, -0.00591
0.75000, 0.00227, -0.01093
0.83333, -0.00587, -0.01543
0.91667, -0.01368, -0.01885
1.00000, -0.02070, -0.02070

=== Upper Surface ===
0.00000, 0.01068
-0.00004, 0.01096
-0.00005, 0.01124
-0.00006, 0.01152
-0.00006, 0.01180
-0.00007, 0.01208
-0.00006, 0.01236
-0.00006, 0.01264
-0.00005, 0.01292
-0.00003, 0.01319
-0.00001, 0.01347
0.00002, 0.01375
0.00005, 0.01403
0.00009, 0.01431
0.00013, 0.01459
0.00018, 0.01487
0.00023, 0.01515
0.00029, 0.01543
0.00035, 0.01571
0.00041, 0.01599
0.00049, 0.01628
0.00056, 0.01656
0.00064, 0.01684
0.00073, 0.01712
0.00082, 0.01740
0.00092, 0.01768
0.00102, 0.01796
0.00113, 0.01824
0.00124, 0.01852
0.00136, 0.01880
0.00148, 0.01908
0.00161, 0.01936
0.00174, 0.01964
0.00188, 0.01992
0.00202, 0.02020
0.00217, 0.02049
0.00232, 0.02077
0.00248, 0.02105
0.00264, 0.02133
0.00281, 0.02161
0.00298, 0.02189
0.00316, 0.02217
0.00334, 0.02245
0.00353, 0.02273
0.00372, 0.02301
0.00392, 0.02330
0.00412, 0.02358
0.00433, 0.02386
0.00454, 0.02414
0.00476, 0.02442
0.00498, 0.02470
0.00521, 0.02498
0.00544, 0.02526
0.00568, 0.02554
0.00592, 0.02582
0.00617, 0.02610
0.00642, 0.02639
0.00668, 0.02667
0.00694, 0.02695
0.00721, 0.02723
0.00748, 0.02751
0.00776, 0.02779
0.00805, 0.02807
0.00833, 0.02835
0.00863, 0.02863
0.00893, 0.02891
0.00923, 0.02919
0.00954, 0.02947
0.00985, 0.02975
0.01017, 0.03003
0.01049, 0.03031
0.01082, 0.03058
0.01115, 0.03086
0.01149, 0.03114
0.01183, 0.03142
0.01218, 0.03170
0.01254, 0.03198
0.01289, 0.03226
0.01326, 0.03253
0.01363, 0.03281
0.01400, 0.03309
0.01438, 0.03337
0.01476, 0.03365
0.01515, 0.03392
0.01554, 0.03420
0.01594, 0.03448
0.01634, 0.03475
0.01675, 0.03503
0.01717, 0.03531
0.01758, 0.03558
0.01801, 0.03586
0.01844, 0.03613
0.01887, 0.03641
0.01931, 0.03668
0.01975, 0.03696
0.02020, 0.03723
0.02065, 0.03751
0.02111, 0.03778
0.02157, 0.03805
0.02204, 0.03833
0.02251, 0.03860
0.02299, 0.03887
0.02347, 0.03914
0.02396, 0.03941
0.02445, 0.03969
0.02495, 0.03996
0.02545, 0.04023
0.02596, 0.04050
0.02647, 0.04077
0.02699, 0.04104
0.02751, 0.04131
0.02804, 0.04158
0.02857, 0.04184
0.02911, 0.04211
0.02965, 0.04238
0.03019, 0.04265
0.03074, 0.04291
0.03130, 0.04318
0.03186, 0.04345
0.03243, 0.04371
0.03300, 0.04398
0.03357, 0.04424
0.03415, 0.04451
0.03474, 0.04477
0.03533, 0.04503
0.03592, 0.04530
0.03652, 0.04556
0.03713, 0.04582
0.03774, 0.04608
0.03835, 0.04634
0.03897, 0.04660
0.03959, 0.04686
0.04022, 0.04712
0.04086, 0.04738
0.04149, 0.04763
0.04214, 0.04789
0.04279, 0.04815
0.04344, 0.04840
0.04409, 0.04866
0.04476, 0.04891
0.04542, 0.04917
0.04609, 0.04942
0.04677, 0.04968
0.04745, 0.04993
0.04814, 0.05018
0.04883, 0.05043
0.04952, 0.05068
0.05022, 0.05093
0.05093, 0.05118
0.05164, 0.05143
0.05235, 0.05167
0.05307, 0.05192
0.05379, 0.05217
0.05452, 0.05241
0.05525, 0.05266
0.05599, 0.05290
0.05673, 0.05314
0.05748, 0.05339
0.05823, 0.05363
0.05898, 0.05387
0.05974, 0.05411
0.06051, 0.05435
0.06128, 0.05459
0.06205, 0.05482
0.06283, 0.05506
0.06361, 0.05530
0.06440, 0.05553
0.06519, 0.05577
0.06599, 0.05600
0.06679, 0.05623
0.06760, 0.05646
0.06841, 0.05669
0.06922, 0.05692
0.07004, 0.05715
0.07086, 0.05738
0.07169, 0.05761
0.07252, 0.05784
0.07336, 0.05806
0.07420, 0.05828
0.07505, 0.05851
0.07590, 0.05873
0.07675, 0.05895
0.07761, 0.05917
0.07848, 0.05939
0.07934, 0.05961
0.08022, 0.05983
0.08109, 0.06005
0.08198, 0.06026
0.08286, 0.06048
0.08375, 0.06069
0.08465, 0.06090
0.08554, 0.06111
0.08645, 0.06132
0.08735, 0.06153
0.08827, 0.06174
0.08918, 0.06195
0.09010, 0.06215
0.09103, 0.06236
0.09195, 0.06256
0.09289, 0.06277
0.09382, 0.06297
0.09477, 0.06317
0.09571, 0.06337
0.09666, 0.06357
0.09762, 0.06376
0.09857, 0.06396
0.09954, 0.06415
0.10050, 0.06435
0.10147, 0.06454
0.10245, 0.06473
0.10343, 0.06492
0.10441, 0.06511
0.10540, 0.06530
0.10639, 0.06548
0.10738, 0.06567
0.10838, 0.06585
0.10939, 0.06604
0.11039, 0.06622
0.11141, 0.06640
0.11242, 0.06658
0.11344, 0.06676
0.11447, 0.06693
0.11549, 0.06711
0.11652, 0.06728
0.11756, 0.06745
0.11860, 0.06763
0.11964, 0.06780
0.12069, 0.06796
0.12174, 0.06813
0.12280, 0.06830
0.12386, 0.06846
0.12492, 0.06863
0.12599, 0.06879
0.12706, 0.06895
0.12813, 0.06911
0.12921, 0.06927
0.13029, 0.06942
0.13138, 0.06958
0.13247, 0.06973
0.13356, 0.06988
0.13466, 0.07003
0.13577, 0.07018
0.13687, 0.07033
0.13798, 0.07048
0.13910, 0.07062
0.14021, 0.07077
0.14134, 0.07091
0.14246, 0.07105
0.14359, 0.07119
0.14473, 0.07133
0.14586, 0.07147
0.14700, 0.07160
0.14815, 0.07173
0.14930, 0.07187
0.15045, 0.07200
0.15161, 0.07212
0.15277, 0.07225
0.15394, 0.07238
0.15511, 0.07250
0.15628, 0.07262
0.15746, 0.07274
0.15864, 0.07286
0.15982, 0.07298
0.16101, 0.07310
0.16220, 0.07321
0.16340, 0.07332
0.16460, 0.07343
0.16580, 0.07354
0.16701, 0.07365
0.16822, 0.07375
0.16943, 0.07386
0.17065, 0.07396
0.17187, 0.07406
0.17310, 0.07416
0.17433, 0.07425
0.17556, 0.07435
0.17680, 0.07444
0.17804, 0.07453
0.17928, 0.07462
0.18053, 0.07471
0.18178, 0.07479
0.18304, 0.07487
0.18430, 0.07496
0.18556, 0.07503
0.18682, 0.07511
0.18809, 0.07519
0.18937, 0.07526
0.19064, 0.07533
0.19192, 0.07540
0.19321, 0.07547
0.19449, 0.07553
0.19579, 0.07560
0.19708, 0.07566
0.19838, 0.07572
0.19968, 0.07577
0.20098, 0.07583
0.20229, 0.07588
0.20360, 0.07593
0.20491, 0.07598
0.20622, 0.07603
0.20753, 0.07607
0.20885, 0.07611
0.21016, 0.07616
0.21148, 0.07619
0.21280, 0.07623
0.21412, 0.07627
0.21545, 0.07630
0.21677, 0.07633
0.21810, 0.07636
0.21943, 0.07639
0.22076, 0.07642
0.22209, 0.07644
0.22342, 0.07646
0.22475, 0.07649
0.22608, 0.07651
0.22742, 0.07652
0.22876, 0.07654
0.23009, 0.07656
0.23143, 0.07657
0.23277, 0.07658
0.23411, 0.07659
0.23546, 0.07661
0.23680, 0.07661
0.23814, 0.07662
0.23949, 0.07663
0.24083, 0.07663
0.24218, 0.07664
0.24353, 0.07664
0.24488, 0.07664
0.24623, 0.07664
0.24758, 0.07664
0.24893, 0.07664
0.25028, 0.07664
0.25163, 0.07664
0.25299, 0.07664
0.25434, 0.07663
0.25570, 0.07663
0.25705, 0.07662
0.25841, 0.07662
0.25976, 0.07661
0.26112, 0.07660
0.26248, 0.07659
0.26384, 0.07659
0.26520, 0.07658
0.26656, 0.07657
0.26792, 0.07656
0.26928, 0.07655
0.27065, 0.07654
0.27201, 0.07653
0.27338, 0.07652
0.27475, 0.07651
0.27613, 0.07650
0.27750, 0.07649
0.27888, 0.07647
0.28026, 0.07646
0.28164, 0.07645
0.28303, 0.07644
0.28442, 0.07642
0.28581, 0.07641
0.28720, 0.07639
0.28860, 0.07638
0.28999, 0.07637
0.29139, 0.07635
0.29280, 0.07633
0.29420, 0.07632
0.29561, 0.07630
0.29702, 0.07629
0.29843, 0.07627
0.29984, 0.07625
0.30126, 0.07623
0.30267, 0.07622
0.30409, 0.07620
0.30552, 0.07618
0.30694, 0.07616
0.30837, 0.07614
0.30980, 0.07612
0.31123, 0.07610
0.31266, 0.07608
0.31410, 0.07606
0.31554, 0.07604
0.31698, 0.07601
0.31842, 0.07599
0.31986, 0.07597
0.32131, 0.07595
0.32276, 0.07592
0.32421, 0.07590
0.32566, 0.07587
0.32711, 0.07585
0.32857, 0.07582
0.33002, 0.07580
0.33147, 0.07577
0.33293, 0.07574
0.33438, 0.07572
0.33584, 0.07569
0.33730, 0.07566
0.33876, 0.07564
0.34022, 0.07561
0.34168, 0.07558
0.34315, 0.07555
0.34461, 0.07553
0.34608, 0.07550
0.34756, 0.07547
0.34903, 0.07544
0.35050, 0.07541
0.35198, 0.07538
0.35346, 0.07535
0.35494, 0.07532
0.35643, 0.07529
0.35791, 0.07526
0.35940, 0.07523
0.36089, 0.07520
0.36238, 0.07517
0.36387, 0.07514
0.36537, 0.07511
0.36686, 0.07508
0.36836, 0.07504
0.36986, 0.07501
0.37137, 0.07498
0.37287, 0.07494
0.37438, 0.07491
0.37589, 0.07487
0.37739, 0.07484
0.37891, 0.07480
0.38042, 0.07477
0.38194, 0.07473
0.38345, 0.07470
0.38497, 0.07466
0.38649, 0.07462
0.38801, 0.07458
0.38954, 0.07454
0.39106, 0.07450
0.39259, 0.07446
0.39412, 0.07442
0.39565, 0.07438
0.39718, 0.07434
0.39871, 0.07430
0.40025, 0.07426
0.40179, 0.07422
0.40333, 0.07417
0.40487, 0.07413
0.40641, 0.07408
0.40795, 0.07404
0.40949, 0.07399
0.41104, 0.07394
0.41259, 0.07390
0.41413, 0.07385
0.41568, 0.07380
0.41724, 0.07375
0.41879, 0.07370
0.42034, 0.07365
0.42190, 0.07360
0.42345, 0.07354
0.42501, 0.07349
0.42657, 0.07344
0.42813, 0.07338
0.42969, 0.07333
0.43125, 0.07327
0.43282, 0.07321
0.43438, 0.07315
0.43595, 0.07309
0.43752, 0.07303
0.43908, 0.07297
0.44065, 0.07291
0.44222, 0.07285
0.44379, 0.07279
0.44536, 0.07272
0.44694, 0.07266
0.44851, 0.07259
0.45008, 0.07253
0.45166, 0.07246
0.45323, 0.07239
0.45481, 0.07232
0.45639, 0.07225
0.45797, 0.07218
0.45954, 0.07211
0.46112, 0.07203
0.46270, 0.07196
0.46428, 0.07188
0.46587, 0.07181
0.46745, 0.07173
0.46903, 0.07165
0.47061, 0.07157
0.47220, 0.07149
0.47378, 0.07141
0.47536, 0.07133
0.47695, 0.07125
0.47853, 0.07116
0.48012, 0.07108
0.48170, 0.07099
0.48329, 0.07091
0.48488, 0.07082
0.48646, 0.07073
0.48805, 0.07064
0.48964, 0.07055
0.49122, 0.07046
0.49281, 0.07036
0.49440, 0.07027
0.49598, 0.07017
0.49757, 0.07008
0.49916, 0.06998
0.50075, 0.06988
0.50233, 0.06979
0.50392, 0.06969
0.50551, 0.06958
0.50710, 0.06948
0.50868, 0.06938
0.51027, 0.06928
0.51186, 0.06917
0.51345, 0.06907
0.51503, 0.06896
0.51662, 0.06885
0.51821, 0.06874
0.51979, 0.06863
0.52138, 0.06852
0.52296, 0.06841
0.52455, 0.06830
0.52613, 0.06819
0.52772, 0.06807
0.52930, 0.06796
0.53089, 0.06784
0.53247, 0.06772
0.53405, 0.06760
0.53564, 0.06748
0.53722, 0.06737
0.53880, 0.06724
0.54038, 0.06712
0.54196, 0.06700
0.54354, 0.06688
0.54512, 0.06675
0.54670, 0.06663
0.54828, 0.06650
0.54986, 0.06637
0.55144, 0.06625
0.55301, 0.06612
0.55459, 0.06599
0.55617, 0.06586
0.55774, 0.06572
0.55932, 0.06559
0.56089, 0.06546
0.56246, 0.06532
0.56403, 0.06519
0.56561, 0.06505
0.56718, 0.06492
0.56875, 0.06478
0.57032, 0.06464
0.57189, 0.06450
0.57345, 0.06436
0.57502, 0.06422
0.57659, 0.06408
0.57815, 0.06394
0.57972, 0.06380
0.58128, 0.06365
0.58285, 0.06351
0.58441, 0.06336
0.58597, 0.06322
0.58753, 0.06307
0.58909, 0.06292
0.59065, 0.06277
0.59221, 0.06262
0.59377, 0.06247
0.59532, 0.06232
0.59688, 0.06217
0.59844, 0.06202
0.59999, 0.06186
0.60154, 0.06171
0.60309, 0.06155
0.60465, 0.06140
0.60620, 0.06124
0.60774, 0.06108
0.60929, 0.06093
0.61084, 0.06077
0.61239, 0.06061
0.61393, 0.06045
0.61548, 0.06029
0.61702, 0.06012
0.61856, 0.05996
0.62010, 0.05980
0.62164, 0.05963
0.62318, 0.05947
0.62472, 0.05930
0.62626, 0.05913
0.62780, 0.05896
0.62933, 0.05879
0.63087, 0.05862
0.63240, 0.05845
0.63393, 0.05828
0.63546, 0.05811
0.63699, 0.05794
0.63852, 0.05776
0.64005, 0.05759
0.64158, 0.05741
0.64310, 0.05723
0.64463, 0.05705
0.64615, 0.05687
0.64767, 0.05669
0.64920, 0.05651
0.65074, 0.05633
0.65238, 0.05614
0.65436, 0.05593
0.65724, 0.05562
0.66180, 0.05496
0.66816, 0.05342
0.67482, 0.05085
0.67952, 0.04832
0.68117, 0.04720
0.67983, 0.04770
0.67662, 0.04881
0.67362, 0.04946
0.67228, 0.04956
0.67249, 0.04941
0.67356, 0.04918
0.67495, 0.04893
0.67643, 0.04867
0.67792, 0.04841
0.67941, 0.04815
0.68090, 0.04788
0.68239, 0.04762
0.68387, 0.04735
0.68536, 0.04709
0.68684, 0.04682
0.68831, 0.04655
0.68979, 0.04628
0.69126, 0.04601
0.69273, 0.04574
0.69419, 0.04546
0.69565, 0.04519
0.69711, 0.04492
0.69857, 0.04464
0.70002, 0.04437
0.70147, 0.04409
0.70292, 0.04381
0.70437, 0.04354
0.70581, 0.04326
0.70725, 0.04298
0.70869, 0.04270
0.71012, 0.04242
0.71155, 0.04214
0.71298, 0.04186
0.71441, 0.04158
0.71583, 0.04130
0.71725, 0.04102
0.71867, 0.04074
0.72008, 0.04046
0.72150, 0.04017
0.72290, 0.03989
0.72431, 0.03961
0.72571, 0.03933
0.72711, 0.03905
0.72851, 0.03876
0.72990, 0.03848
0.73130, 0.03820
0.73268, 0.03792
0.73407, 0.03764
0.73545, 0.03735
0.73683, 0.03707
0.73821, 0.03679
0.73958, 0.03651
0.74095, 0.03623
0.74232, 0.03595
0.74369, 0.03567
0.74505, 0.03539
0.74641, 0.03511
0.74777, 0.03483
0.74912, 0.03455
0.75047, 0.03427
0.75182, 0.03399
0.75316, 0.03371
0.75451, 0.03344
0.75585, 0.03316
0.75718, 0.03288
0.75852, 0.03261
0.75985, 0.03233
0.76118, 0.03206
0.76251, 0.03178
0.76383, 0.03151
0.76516, 0.03123
0.76648, 0.03096
0.76779, 0.03069
0.76911, 0.03041
0.77042, 0.03014
0.77173, 0.02987
0.77304, 0.02960
0.77434, 0.02933
0.77565, 0.02906
0.77694, 0.02879
0.77824, 0.02852
0.77954, 0.02825
0.78083, 0.02798
0.78212, 0.02771
0.78340, 0.02744
0.78469, 0.02718
0.78597, 0.02691
0.78725, 0.02664
0.78852, 0.02638
0.78980, 0.02611
0.79107, 0.02585
0.79233, 0.02558
0.79360, 0.02532
0.79486, 0.02506
0.79612, 0.02479
0.79737, 0.02453
0.79863, 0.02427
0.79988, 0.02401
0.80113, 0.02375
0.80237, 0.02349
0.80361, 0.02323
0.80485, 0.02297
0.80609, 0.02271
0.80732, 0.02245
0.80855, 0.02219
0.80978, 0.02193
0.81100, 0.02167
0.81222, 0.02142
0.81344, 0.02116
0.81466, 0.02091
0.81587, 0.02065
0.81708, 0.02040
0.81828, 0.02014
0.81949, 0.01989
0.82069, 0.01963
0.82188, 0.01938
0.82308, 0.01913
0.82427, 0.01888
0.82545, 0.01863
0.82664, 0.01837
0.82782, 0.01812
0.82900, 0.01787
0.83017, 0.01763
0.83135, 0.01738
0.83251, 0.01713
0.83368, 0.01688
0.83484, 0.01663
0.83600, 0.01639
0.83716, 0.01614
0.83831, 0.01589
0.83946, 0.01565
0.84060, 0.01541
0.84174, 0.01516
0.84288, 0.01492
0.84402, 0.01468
0.84515, 0.01443
0.84628, 0.01419
0.84740, 0.01395
0.84853, 0.01371
0.84964, 0.01347
0.85076, 0.01323
0.85187, 0.01299
0.85298, 0.01275
0.85408, 0.01252
0.85519, 0.01228
0.85628, 0.01204
0.85738, 0.01181
0.85847, 0.01157
0.85955, 0.01134
0.86064, 0.01110
0.86172, 0.01087
0.86280, 0.01064
0.86387, 0.01041
0.86494, 0.01018
0.86600, 0.00995
0.86707, 0.00972
0.86812, 0.00949
0.86918, 0.00926
0.87023, 0.00903
0.87128, 0.00880
0.87232, 0.00858
0.87336, 0.00835
0.87440, 0.00813
0.87543, 0.00790
0.87646, 0.00768
0.87749, 0.00746
0.87851, 0.00723
0.87953, 0.00701
0.88054, 0.00679
0.88156, 0.00657
0.88256, 0.00635
0.88357, 0.00613
0.88457, 0.00592
0.88556, 0.00570
0.88655, 0.00548
0.88754, 0.00527
0.88853, 0.00505
0.88951, 0.00484
0.89049, 0.00463
0.89146, 0.00441
0.89243, 0.00420
0.89339, 0.00399
0.89436, 0.00378
0.89531, 0.00357
0.89627, 0.00336
0.89722, 0.00316
0.89817, 0.00295
0.89911, 0.00274
0.90005, 0.00254
0.90098, 0.00233
0.90191, 0.00213
0.90284, 0.00193
0.90376, 0.00172
0.90468, 0.00152
0.90560, 0.00132
0.90651, 0.00112
0.90742, 0.00092
0.90832, 0.00073
0.90922, 0.00053
0.91011, 0.00033
0.91100, 0.00014
0.91189, -0.00006
0.91277, -0.00025
0.91365, -0.00044
0.91453, -0.00064
0.91540, -0.00083
0.91627, -0.00102
0.91713, -0.00121
0.91799, -0.00140
0.91884, -0.00158
0.91970, -0.00177
0.92054, -0.00196
0.92139, -0.00214
0.92222, -0.00232
0.92306, -0.00251
0.92389, -0.00269
0.92471, -0.00287
0.92554, -0.00305
0.92636, -0.00323
0.92717, -0.00341
0.92798, -0.00359
0.92878, -0.00377
0.92959, -0.00394
0.93038, -0.00412
0.93118, -0.00429
0.93196, -0.00447
0.93275, -0.00464
0.93353, -0.00481
0.93431, -0.00498
0.93508, -0.00515
0.93585, -0.00532
0.93661, -0.00549
0.93737, -0.00565
0.93812, -0.00582
0.93887, -0.00599
0.93962, -0.00615
0.94036, -0.00631
0.94110, -0.00648
0.94183, -0.00664
0.94256, -0.00680
0.94329, -0.00696
0.94401, -0.00712
0.94472, -0.00727
0.94544, -0.00743
0.94614, -0.00759
0.94685, -0.00774
0.94755, -0.00789
0.94824, -0.00805
0.94893, -0.00820
0.94962, -0.00835
0.95030, -0.00850
0.95098, -0.00865
0.95165, -0.00880
0.95232, -0.00894
0.95298, -0.00909
0.95364, -0.00924
0.95430, -0.00938
0.95495, -0.00952
0.95559, -0.00967
0.95623, -0.00981
0.95687, -0.00995
0.95750, -0.01009
0.95813, -0.01022
0.95876, -0.01036
0.95938, -0.01050
0.95999, -0.01063
0.96060, -0.01077
0.96121, -0.01090
0.96181, -0.01103
0.96241, -0.01117
0.96300, -0.01130
0.96359, -0.01142
0.96417, -0.01155
0.96475, -0.01168
0.96533, -0.01181
0.96590, -0.01193
0.96646, -0.01206
0.96702, -0.01218
0.96758, -0.01230
0.96813, -0.01242
0.96868, -0.01254
0.96922, -0.01266
0.96976, -0.01278
0.97029, -0.01290
0.97082, -0.01302
0.97135, -0.01313
0.97186, -0.01325
0.97238, -0.01336
0.97289, -0.01347
0.97340, -0.01358
0.97390, -0.01369
0.97439, -0.01380
0.97489, -0.01391
0.97537, -0.01402
0.97586, -0.01412
0.97634, -0.01423
0.97681, -0.01433
0.97728, -0.01444
0.97774, -0.01454
0.97820, -0.01464
0.97866, -0.01474
0.97911, -0.01484
0.97955, -0.01494
0.97999, -0.01503
0.98043, -0.01513
0.98086, -0.01522
0.98129, -0.01532
0.98171, -0.01541
0.98213, -0.01550
0.98254, -0.01559
0.98295, -0.01568
0.98335, -0.01577
0.98375, -0.01586
0.98415, -0.01594
0.98453, -0.01603
0.98492, -0.01611
0.98530, -0.01620
0.98567, -0.01628
0.98604, -0.01636
0.98641, -0.01644
0.98677, -0.01652
0.98713, -0.01660
0.98748, -0.01668
0.98782, -0.01675
0.98817, -0.01683
0.98850, -0.01690
0.98884, -0.01697
0.98916, -0.01705
0.98949, -0.01712
0.98980, -0.01719
0.99012, -0.01725
0.99043, -0.01732
0.99073, -0.01739
0.99103, -0.01745
0.99132, -0.01752
0.99161, -0.01758
0.99189, -0.01764
0.99217, -0.01771
0.99245, -0.01777
0.99272, -0.01782
0.99298, -0.01788
0.99324, -0.01794
0.99350, -0.01800
0.99375, -0.01805
0.99400, -0.01810
0.99424, -0.01816
0.99447, -0.01821
0.99471, -0.01826
0.99493, -0.01831
0.99515, -0.01836
0.99537, -0.01841
0.99558, -0.01845
0.99579, -0.01850
0.99599, -0.01854
0.99619, -0.01859
0.99638, -0.01863
0.99657, -0.01867
0.99675, -0.01871
0.99693, -0.01875
0.99710, -0.01879
0.99727, -0.01882
0.99744, -0.01886
0.99759, -0.01889
0.99775, -0.01893
0.99790, -0.01896
0.99804, -0.01899
0.99818, -0.01902
0.99831, -0.01905
0.99844, -0.01908
0.99857, -0.01911
0.99869, -0.01913
0.99880, -0.01916
0.99891, -0.01918
0.99902, -0.01920
0.99912, -0.01923
0.99921, -0.01925
0.99930, -0.01927
0.99939, -0.01929
0.99947, -0.01930
0.99955, -0.01932
0.99962, -0.01934
0.99968, -0.01935
0.99974, -0.01936
0.99980, -0.01938
0.99985, -0.01939
0.99990, -0.01940
0.99994, -0.01941
0.99998, -0.01941
1.00001, -0.01942
1.00004, -0.01943
1.00006, -0.01943
1.00008, -0.01944
1.00010, -0.01944
1.00014, -0.01945
1.00016, -0.01945

=== Lower Surface ===
0.00000, 0.01068
0.00004, 0.01040
0.00007, 0.01013
0.00010, 0.00985
0.00014, 0.00957
0.00019, 0.00930
0.00024, 0.00902
0.00030, 0.00875
0.00036, 0.00848
0.00043, 0.00820
0.00050, 0.00793
0.00058, 0.00766
0.00066, 0.00739
0.00075, 0.00713
0.00084, 0.00686
0.00094, 0.00659
0.00104, 0.00632
0.00114, 0.00606
0.00125, 0.00579
0.00137, 0.00553
0.00149, 0.00527
0.00162, 0.00501
0.00175, 0.00475
0.00188, 0.00449
0.00202, 0.00423
0.00217, 0.00397
0.00232, 0.00371
0.00247, 0.00345
0.00263, 0.00320
0.00280, 0.00294
0.00297, 0.00269
0.00314, 0.00243
0.00332, 0.00218
0.00350, 0.00193
0.00369, 0.00168
0.00388, 0.00143
0.00408, 0.00118
0.00429, 0.00093
0.00449, 0.00068
0.00471, 0.00043
0.00492, 0.00019
0.00514, -0.00006
0.00537, -0.00030
0.00560, -0.00055
0.00584, -0.00079
0.00608, -0.00103
0.00633, -0.00127
0.00658, -0.00151
0.00683, -0.00175
0.00709, -0.00199
0.00736, -0.00223
0.00763, -0.00246
0.00790, -0.00270
0.00818, -0.00294
0.00846, -0.00317
0.00875, -0.00340
0.00904, -0.00364
0.00934, -0.00387
0.00964, -0.00410
0.00995, -0.00433
0.01026, -0.00456
0.01058, -0.00479
0.01090, -0.00502
0.01123, -0.00524
0.01156, -0.00547
0.01189, -0.00570
0.01223, -0.00592
0.01258, -0.00614
0.01293, -0.00637
0.01328, -0.00659
0.01364, -0.00681
0.01400, -0.00703
0.01437, -0.00725
0.01474, -0.00747
0.01512, -0.00769
0.01550, -0.00791
0.01589, -0.00812
0.01628, -0.00834
0.01667, -0.00855
0.01707, -0.00877
0.01748, -0.00898
0.01789, -0.00919
0.01830, -0.00941
0.01872, -0.00962
0.01914, -0.00983
0.01957, -0.01004
0.02000, -0.01024
0.02044, -0.01045
0.02088, -0.01066
0.02133, -0.01086
0.02178, -0.01107
0.02223, -0.01127
0.02269, -0.01148
0.02316, -0.01168
0.02362, -0.01188
0.02410, -0.01208
0.02457, -0.01229
0.02506, -0.01249
0.02554, -0.01268
0.02603, -0.01288
0.02653, -0.01308
0.02703, -0.01328
0.02753, -0.01347
0.02804, -0.01367
0.02855, -0.01386
0.02907, -0.01406
0.02959, -0.01425
0.03012, -0.01444
0.03065, -0.01463
0.03119, -0.01482
0.03173, -0.01501
0.03227, -0.01520
0.03282, -0.01539
0.03337, -0.01558
0.03393, -0.01576
0.03449, -0.01595
0.03506, -0.01613
0.03563, -0.01632
0.03620, -0.01650
0.03678, -0.01668
0.03736, -0.01687
0.03795, -0.01705
0.03854, -0.01723
0.03914, -0.01741
0.03974, -0.01759
0.04035, -0.01776
0.04096, -0.01794
0.04157, -0.01812
0.04219, -0.01829
0.04281, -0.01847
0.04344, -0.01864
0.04407, -0.01882
0.04470, -0.01899
0.04534, -0.01916
0.04599, -0.01934
0.04663, -0.01951
0.04729, -0.01968
0.04794, -0.01985
0.04860, -0.02001
0.04927, -0.02018
0.04994, -0.02035
0.05061, -0.02052
0.05129, -0.02068
0.05197, -0.02085
0.05266, -0.02101
0.05335, -0.02117
0.05404, -0.02134
0.05474, -0.02150
0.05544, -0.02166
0.05615, -0.02182
0.05686, -0.02198
0.05757, -0.02214
0.05829, -0.02230
0.05902, -0.02246
0.05974, -0.02261
0.06047, -0.02277
0.06121, -0.02293
0.06195, -0.02308
0.06269, -0.02324
0.06344, -0.02339
0.06419, -0.02354
0.06495, -0.02370
0.06571, -0.02385
0.06647, -0.02400
0.06724, -0.02415
0.06801, -0.02430
0.06879, -0.02445
0.06957, -0.02460
0.07035, -0.02474
0.07114, -0.02489
0.07194, -0.02504
0.07273, -0.02518
0.07353, -0.02533
0.07434, -0.02547
0.07514, -0.02561
0.07596, -0.02576
0.07677, -0.02590
0.07759, -0.02604
0.07842, -0.02618
0.07924, -0.02632
0.08008, -0.02646
0.08091, -0.02660
0.08175, -0.02674
0.08260, -0.02688
0.08344, -0.02701
0.08429, -0.02715
0.08515, -0.02729
0.08601, -0.02742
0.08687, -0.02756
0.08774, -0.02769
0.08861, -0.02782
0.08948, -0.02796
0.09036, -0.02809
0.09125, -0.02822
0.09213, -0.02835
0.09302, -0.02848
0.09392, -0.02861
0.09481, -0.02874
0.09571, -0.02887
0.09662, -0.02899
0.09753, -0.02912
0.09844, -0.02925
0.09936, -0.02937
0.10028, -0.02950
0.10120, -0.02962
0.10213, -0.02975
0.10306, -0.02987
0.10400, -0.02999
0.10493, -0.03012
0.10588, -0.03024
0.10682, -0.03036
0.10777, -0.03048
0.10873, -0.03060
0.10968, -0.03072
0.11064, -0.03084
0.11161, -0.03095
0.11258, -0.03107
0.11355, -0.03119
0.11452, -0.03131
0.11550, -0.03142
0.11649, -0.03154
0.11747, -0.03165
0.11846, -0.03177
0.11946, -0.03188
0.12045, -0.03199
0.12145, -0.03211
0.12246, -0.03222
0.12347, -0.03233
0.12448, -0.03244
0.12549, -0.03255
0.12651, -0.03266
0.12753, -0.03277
0.12856, -0.03288
0.12959, -0.03299
0.13062, -0.03309
0.13165, -0.03320
0.13269, -0.03331
0.13374, -0.03341
0.13478, -0.03352
0.13583, -0.03362
0.13689, -0.03373
0.13794, -0.03383
0.13900, -0.03393
0.14006, -0.03404
0.14113, -0.03414
0.14220, -0.03424
0.14327, -0.03434
0.14434, -0.03444
0.14542, -0.03455
0.14650, -0.03465
0.14759, -0.03475
0.14867, -0.03484
0.14976, -0.03494
0.15086, -0.03504
0.15195, -0.03514
0.15305, -0.03524
0.15415, -0.03534
0.15526, -0.03543
0.15637, -0.03553
0.15748, -0.03562
0.15859, -0.03572
0.15971, -0.03582
0.16083, -0.03591
0.16195, -0.03601
0.16308, -0.03610
0.16421, -0.03620
0.16534, -0.03629
0.16647, -0.03638
0.16761, -0.03648
0.16875, -0.03657
0.16989, -0.03666
0.17104, -0.03675
0.17219, -0.03685
0.17334, -0.03694
0.17449, -0.03703
0.17565, -0.03712
0.17681, -0.03721
0.17797, -0.03731
0.17913, -0.03740
0.18030, -0.03749
0.18147, -0.03758
0.18265, -0.03767
0.18382, -0.03776
0.18500, -0.03785
0.18618, -0.03794
0.18736, -0.03803
0.18855, -0.03812
0.18974, -0.03821
0.19093, -0.03830
0.19212, -0.03839
0.19332, -0.03848
0.19452, -0.03857
0.19572, -0.03866
0.19692, -0.03875
0.19813, -0.03884
0.19934, -0.03893
0.20055, -0.03902
0.20177, -0.03911
0.20299, -0.03920
0.20422, -0.03929
0.20545, -0.03938
0.20668, -0.03947
0.20792, -0.03956
0.20916, -0.03965
0.21040, -0.03974
0.21165, -0.03983
0.21291, -0.03991
0.21417, -0.04000
0.21543, -0.04009
0.21670, -0.04018
0.21797, -0.04027
0.21924, -0.04036
0.22052, -0.04044
0.22181, -0.04053
0.22309, -0.04062
0.22439, -0.04070
0.22568, -0.04079
0.22698, -0.04087
0.22829, -0.04096
0.22960, -0.04104
0.23091, -0.04112
0.23223, -0.04121
0.23355, -0.04129
0.23487, -0.04137
0.23620, -0.04145
0.23754, -0.04153
0.23888, -0.04161
0.24022, -0.04169
0.24157, -0.04177
0.24292, -0.04184
0.24427, -0.04192
0.24563, -0.04199
0.24700, -0.04207
0.24837, -0.04214
0.24974, -0.04221
0.25112, -0.04228
0.25250, -0.04235
0.25388, -0.04242
0.25527, -0.04249
0.25666, -0.04255
0.25806, -0.04262
0.25946, -0.04268
0.26087, -0.04274
0.26228, -0.04280
0.26369, -0.04286
0.26511, -0.04291
0.26653, -0.04297
0.26795, -0.04302
0.26938, -0.04307
0.27081, -0.04313
0.27224, -0.04317
0.27367, -0.04322
0.27510, -0.04327
0.27654, -0.04331
0.27798, -0.04335
0.27942, -0.04339
0.28086, -0.04343
0.28231, -0.04347
0.28375, -0.04350
0.28520, -0.04354
0.28665, -0.04357
0.28810, -0.04360
0.28955, -0.04363
0.29101, -0.04366
0.29247, -0.04368
0.29393, -0.04371
0.29539, -0.04373
0.29685, -0.04375
0.29831, -0.04377
0.29978, -0.04379
0.30125, -0.04381
0.30272, -0.04382
0.30419, -0.04384
0.30566, -0.04385
0.30713, -0.04386
0.30861, -0.04387
0.31009, -0.04388
0.31156, -0.04388
0.31305, -0.04389
0.31453, -0.04389
0.31601, -0.04389
0.31750, -0.04389
0.31898, -0.04389
0.32047, -0.04389
0.32196, -0.04389
0.32345, -0.04388
0.32494, -0.04388
0.32644, -0.04387
0.32794, -0.04386
0.32944, -0.04385
0.33094, -0.04384
0.33245, -0.04382
0.33396, -0.04381
0.33547, -0.04379
0.33699, -0.04377
0.33850, -0.04375
0.34002, -0.04373
0.34154, -0.04371
0.34305, -0.04368
0.34457, -0.04366
0.34610, -0.04363
0.34762, -0.04360
0.34914, -0.04357
0.35066, -0.04354
0.35219, -0.04350
0.35372, -0.04347
0.35524, -0.04343
0.35677, -0.04339
0.35830, -0.04335
0.35983, -0.04331
0.36136, -0.04327
0.36289, -0.04322
0.36442, -0.04318
0.36595, -0.04313
0.36749, -0.04309
0.36902, -0.04304
0.37056, -0.04299
0.37209, -0.04293
0.37363, -0.04288
0.37517, -0.04283
0.37670, -0.04277
0.37824, -0.04272
0.37978, -0.04266
0.38132, -0.04260
0.38286, -0.04254
0.38440, -0.04248
0.38594, -0.04242
0.38749, -0.04235
0.38903, -0.04229
0.39057, -0.04222
0.39211, -0.04216
0.39366, -0.04209
0.39520, -0.04202
0.39675, -0.04195
0.39829, -0.04188
0.39984, -0.04181
0.40138, -0.04174
0.40293, -0.04166
0.40448, -0.04159
0.40602, -0.04151
0.40757, -0.04144
0.40912, -0.04136
0.41067, -0.04128
0.41222, -0.04120
0.41377, -0.04112
0.41531, -0.04104
0.41686, -0.04096
0.41841, -0.04088
0.41996, -0.04080
0.42151, -0.04072
0.42307, -0.04063
0.42462, -0.04055
0.42617, -0.04046
0.42772, -0.04038
0.42927, -0.04029
0.43082, -0.04021
0.43238, -0.04012
0.43393, -0.04003
0.43548, -0.03994
0.43703, -0.03985
0.43859, -0.03976
0.44014, -0.03967
0.44169, -0.03958
0.44325, -0.03949
0.44480, -0.03940
0.44636, -0.03931
0.44791, -0.03921
0.44946, -0.03912
0.45102, -0.03903
0.45257, -0.03894
0.45413, -0.03884
0.45568, -0.03875
0.45724, -0.03865
0.45879, -0.03856
0.46035, -0.03846
0.46191, -0.03837
0.46346, -0.03827
0.46502, -0.03817
0.46657, -0.03808
0.46813, -0.03798
0.46969, -0.03788
0.47124, -0.03778
0.47280, -0.03769
0.47436, -0.03759
0.47591, -0.03749
0.47747, -0.03739
0.47903, -0.03729
0.48058, -0.03720
0.48214, -0.03710
0.48370, -0.03700
0.48525, -0.03690
0.48681, -0.03680
0.48837, -0.03670
0.48992, -0.03660
0.49148, -0.03650
0.49304, -0.03640
0.49460, -0.03630
0.49615, -0.03620
0.49771, -0.03610
0.49927, -0.03600
0.50083, -0.03590
0.50238, -0.03580
0.50394, -0.03570
0.50550, -0.03559
0.50705, -0.03549
0.50861, -0.03539
0.51017, -0.03529
0.51172, -0.03519
0.51328, -0.03509
0.51484, -0.03499
0.51639, -0.03489
0.51795, -0.03479
0.51951, -0.03468
0.52106, -0.03458
0.52262, -0.03448
0.52418, -0.03438
0.52573, -0.03428
0.52729, -0.03418
0.52884, -0.03407
0.53040, -0.03397
0.53195, -0.03387
0.53351, -0.03377
0.53506, -0.03367
0.53662, -0.03357
0.53817, -0.03346
0.53972, -0.03336
0.54128, -0.03326
0.54283, -0.03316
0.54438, -0.03306
0.54594, -0.03296
0.54749, -0.03285
0.54904, -0.03275
0.55059, -0.03265
0.55214, -0.03255
0.55369, -0.03245
0.55524, -0.03235
0.55679, -0.03224
0.55834, -0.03214
0.55989, -0.03204
0.56144, -0.03194
0.56298, -0.03184
0.56453, -0.03174
0.56608, -0.03164
0.56762, -0.03153
0.56917, -0.03143
0.57071, -0.03133
0.57225, -0.03123
0.57380, -0.03113
0.57534, -0.03103
0.57688, -0.03093
0.57842, -0.03083
0.57996, -0.03073
0.58150, -0.03063
0.58304, -0.03052
0.58458, -0.03042
0.58612, -0.03032
0.58765, -0.03022
0.58919, -0.03012
0.59072, -0.03002
0.59225, -0.02992
0.59379, -0.02982
0.59532, -0.02972
0.59685, -0.02962
0.59838, -0.02952
0.59991, -0.02942
0.60143, -0.02932
0.60296, -0.02923
0.60448, -0.02913
0.60601, -0.02903
0.60753, -0.02893
0.60905, -0.02883
0.61057, -0.02873
0.61209, -0.02864
0.61361, -0.02854
0.61513, -0.02844
0.61664, -0.02834
0.61815, -0.02825
0.61967, -0.02815
0.62118, -0.02805
0.62269, -0.02796
0.62420, -0.02786
0.62570, -0.02777
0.62721, -0.02767
0.62871, -0.02758
0.63021, -0.02748
0.63172, -0.02739
0.63321, -0.02729
0.63471, -0.02720
0.63621, -0.02711
0.63770, -0.02702
0.63920, -0.02692
0.64069, -0.02683
0.64218, -0.02674
0.64366, -0.02665
0.64515, -0.02656
0.64663, -0.02647
0.64809, -0.02638
0.64945, -0.02629
0.65047, -0.02619
0.65058, -0.02605
0.64901, -0.02571
0.64564, -0.02480
0.64196, -0.02333
0.64024, -0.02235
0.64157, -0.02298
0.64589, -0.02508
0.65207, -0.02737
0.65803, -0.02876
0.66234, -0.02930
0.66509, -0.02946
0.66698, -0.02948
0.66855, -0.02947
0.67002, -0.02945
0.67148, -0.02943
0.67293, -0.02942
0.67438, -0.02940
0.67583, -0.02938
0.67728, -0.02937
0.67873, -0.02935
0.68018, -0.02934
0.68162, -0.02933
0.68307, -0.02932
0.68452, -0.02931
0.68596, -0.02930
0.68740, -0.02929
0.68885, -0.02928
0.69029, -0.02927
0.69173, -0.02926
0.69317, -0.02925
0.69460, -0.02925
0.69604, -0.02924
0.69748, -0.02924
0.69891, -0.02923
0.70035, -0.02923
0.70178, -0.02922
0.70321, -0.02922
0.70464, -0.02922
0.70607, -0.02922
0.70750, -0.02921
0.70892, -0.02921
0.71035, -0.02921
0.71177, -0.02921
0.71319, -0.02921
0.71461, -0.02921
0.71603, -0.02920
0.71745, -0.02920
0.71887, -0.02920
0.72028, -0.02920
0.72169, -0.02920
0.72311, -0.02920
0.72452, -0.02920
0.72592, -0.02920
0.72733, -0.02920
0.72874, -0.02920
0.73014, -0.02920
0.73154, -0.02920
0.73294, -0.02920
0.73434, -0.02920
0.73573, -0.02919
0.73713, -0.02919
0.73852, -0.02919
0.73991, -0.02919
0.74130, -0.02919
0.74269, -0.02918
0.74407, -0.02918
0.74546, -0.02918
0.74684, -0.02918
0.74822, -0.02917
0.74959, -0.02917
0.75097, -0.02916
0.75234, -0.02916
0.75370, -0.02915
0.75507, -0.02915
0.75643, -0.02914
0.75779, -0.02913
0.75915, -0.02913
0.76051, -0.02912
0.76186, -0.02911
0.76321, -0.02910
0.76456, -0.02909
0.76590, -0.02908
0.76724, -0.02907
0.76858, -0.02906
0.76992, -0.02905
0.77125, -0.02904
0.77258, -0.02903
0.77391, -0.02902
0.77523, -0.02901
0.77655, -0.02900
0.77787, -0.02899
0.77919, -0.02897
0.78050, -0.02896
0.78181, -0.02895
0.78312, -0.02893
0.78443, -0.02892
0.78573, -0.02891
0.78703, -0.02889
0.78832, -0.02888
0.78961, -0.02886
0.79090, -0.02885
0.79219, -0.02883
0.79347, -0.02882
0.79476, -0.02880
0.79603, -0.02878
0.79731, -0.02877
0.79858, -0.02875
0.79985, -0.02873
0.80111, -0.02872
0.80238, -0.02870
0.80364, -0.02868
0.80489, -0.02866
0.80615, -0.02865
0.80740, -0.02863
0.80864, -0.02861
0.80989, -0.02859
0.81113, -0.02857
0.81237, -0.02855
0.81360, -0.02853
0.81483, -0.02851
0.81606, -0.02849
0.81728, -0.02847
0.81851, -0.02845
0.81972, -0.02843
0.82094, -0.02841
0.82215, -0.02839
0.82336, -0.02837
0.82456, -0.02835
0.82577, -0.02833
0.82697, -0.02830
0.82816, -0.02828
0.82935, -0.02826
0.83054, -0.02824
0.83173, -0.02822
0.83291, -0.02819
0.83409, -0.02817
0.83526, -0.02815
0.83644, -0.02813
0.83760, -0.02810
0.83877, -0.02808
0.83993, -0.02806
0.84109, -0.02803
0.84225, -0.02801
0.84340, -0.02799
0.84455, -0.02796
0.84569, -0.02794
0.84683, -0.02792
0.84797, -0.02789
0.84911, -0.02787
0.85024, -0.02784
0.85137, -0.02782
0.85249, -0.02779
0.85361, -0.02777
0.85473, -0.02775
0.85584, -0.02772
0.85695, -0.02770
0.85806, -0.02767
0.85916, -0.02764
0.86026, -0.02762
0.86136, -0.02759
0.86245, -0.02757
0.86354, -0.02754
0.86462, -0.02752
0.86570, -0.02749
0.86678, -0.02746
0.86785, -0.02744
0.86893, -0.02741
0.86999, -0.02738
0.87105, -0.02736
0.87211, -0.02733
0.87317, -0.02730
0.87422, -0.02727
0.87527, -0.02725
0.87631, -0.02722
0.87735, -0.02719
0.87839, -0.02716
0.87942, -0.02714
0.88045, -0.02711
0.88148, -0.02708
0.88250, -0.02705
0.88352, -0.02702
0.88453, -0.02700
0.88554, -0.02697
0.88655, -0.02694
0.88755, -0.02691
0.88855, -0.02688
0.88954, -0.02685
0.89053, -0.02682
0.89152, -0.02679
0.89250, -0.02676
0.89348, -0.02673
0.89446, -0.02670
0.89543, -0.02668
0.89639, -0.02665
0.89736, -0.02662
0.89832, -0.02659
0.89927, -0.02656
0.90022, -0.02653
0.90117, -0.02650
0.90211, -0.02647
0.90305, -0.02644
0.90399, -0.02641
0.90492, -0.02637
0.90584, -0.02634
0.90677, -0.02631
0.90768, -0.02628
0.90860, -0.02625
0.90951, -0.02622
0.91042, -0.02619
0.91132, -0.02616
0.91222, -0.02613
0.91311, -0.02610
0.91400, -0.02607
0.91488, -0.02604
0.91577, -0.02600
0.91664, -0.02597
0.91752, -0.02594
0.91838, -0.02591
0.91925, -0.02588
0.92011, -0.02585
0.92097, -0.02582
0.92182, -0.02578
0.92267, -0.02575
0.92351, -0.02572
0.92435, -0.02569
0.92518, -0.02566
0.92601, -0.02563
0.92684, -0.02559
0.92766, -0.02556
0.92848, -0.02553
0.92929, -0.02550
0.93010, -0.02547
0.93091, -0.02544
0.93171, -0.02540
0.93250, -0.02537
0.93330, -0.02534
0.93408, -0.02531
0.93487, -0.02528
0.93565, -0.02525
0.93642, -0.02521
0.93719, -0.02518
0.93796, -0.02515
0.93872, -0.02512
0.93947, -0.02509
0.94023, -0.02505
0.94097, -0.02502
0.94172, -0.02499
0.94246, -0.02496
0.94319, -0.02493
0.94392, -0.02490
0.94465, -0.02486
0.94537, -0.02483
0.94609, -0.02480
0.94680, -0.02477
0.94751, -0.02474
0.94821, -0.02471
0.94891, -0.02468
0.94960, -0.02465
0.95029, -0.02461
0.95098, -0.02458
0.95166, -0.02455
0.95233, -0.02452
0.95301, -0.02449
0.95367, -0.02446
0.95434, -0.02443
0.95499, -0.02440
0.95565, -0.02437
0.95630, -0.02434
0.95694, -0.02431
0.95758, -0.02428
0.95822, -0.02425
0.95885, -0.02421
0.95947, -0.02418
0.96009, -0.02415
0.96071, -0.02412
0.96132, -0.02410
0.96193, -0.02407
0.96253, -0.02404
0.96313, -0.02401
0.96372, -0.02398
0.96431, -0.02395
0.96490, -0.02392
0.96548, -0.02389
0.96605, -0.02386
0.96662, -0.02383
0.96719, -0.02380
0.96775, -0.02377
0.96830, -0.02375
0.96885, -0.02372
0.96940, -0.02369
0.96994, -0.02366
0.97048, -0.02363
0.97101, -0.02361
0.97154, -0.02358
0.97206, -0.02355
0.97258, -0.02352
0.97310, -0.02350
0.97360, -0.02347
0.97411, -0.02344
0.97461, -0.02342
0.97510, -0.02339
0.97559, -0.02336
0.97608, -0.02334
0.97656, -0.02331
0.97703, -0.02329
0.97750, -0.02326
0.97797, -0.02324
0.97843, -0.02321
0.97889, -0.02319
0.97934, -0.02316
0.97978, -0.02314
0.98023, -0.02311
0.98066, -0.02309
0.98110, -0.02306
0.98152, -0.02304
0.98195, -0.02302
0.98236, -0.02299
0.98278, -0.02297
0.98318, -0.02295
0.98359, -0.02292
0.98399, -0.02290
0.98438, -0.02288
0.98477, -0.02286
0.98515, -0.02284
0.98553, -0.02281
0.98591, -0.02279
0.98627, -0.02277
0.98664, -0.02275
0.98700, -0.02273
0.98735, -0.02271
0.98770, -0.02269
0.98805, -0.02267
0.98839, -0.02265
0.98872, -0.02263
0.98905, -0.02261
0.98938, -0.02259
0.98970, -0.02257
0.99001, -0.02255
0.99032, -0.02254
0.99063, -0.02252
0.99093, -0.02250
0.99123, -0.02248
0.99152, -0.02246
0.99180, -0.02245
0.99208, -0.02243
0.99236, -0.02241
0.99263, -0.02240
0.99290, -0.02238
0.99316, -0.02237
0.99342, -0.02235
0.99367, -0.02234
0.99391, -0.02232
0.99416, -0.02231
0.99439, -0.02229
0.99462, -0.02228
0.99485, -0.02226
0.99507, -0.02225
0.99529, -0.02224
0.99550, -0.02223
0.99571, -0.02221
0.99591, -0.02220
0.99611, -0.02219
0.99630, -0.02218
0.99649, -0.02217
0.99667, -0.02215
0.99684, -0.02214
0.99702, -0.02213
0.99718, -0.02212
0.99735, -0.02211
0.99750, -0.02210
0.99766, -0.02209
0.99780, -0.02208
0.99795, -0.02208
0.99808, -0.02207
0.99821, -0.02206
0.99834, -0.02205
0.99846, -0.02204
0.99858, -0.02204
0.99869, -0.02203
0.99880, -0.02202
0.99890, -0.02202
0.99900, -0.02201
0.99909, -0.02200
0.99918, -0.02200
0.99926, -0.02199
0.99934, -0.02199
0.99941, -0.02198
0.99948, -0.02198
0.99954, -0.02198
0.99960, -0.02197
0.99965, -0.02197
0.99970, -0.02197
0.99974, -0.02196
0.99978, -0.02196
0.99981, -0.02196
0.99984, -0.02196
0.99986, -0.02196
0.99988, -0.02195
0.99988, -0.02195
0.99985, -0.02195
0.99984, -0.02195
