airfoil_points_1087
1.000000 0.002606
0.999748 0.002659
0.998993 0.002818
0.997736 0.003082
0.995977 0.003450
0.993719 0.003922
0.990964 0.004496
0.987715 0.005171
0.983974 0.005945
0.979746 0.006815
0.975036 0.007780
0.969846 0.008837
0.964184 0.009982
0.958054 0.011214
0.951463 0.012529
0.944418 0.013923
0.936925 0.015393
0.928992 0.016935
0.920627 0.018545
0.911838 0.020219
0.902635 0.021953
0.893027 0.023742
0.883022 0.025583
0.872632 0.027471
0.861867 0.029400
0.850737 0.031367
0.839255 0.033366
0.827430 0.035393
0.815276 0.037443
0.802805 0.039512
0.790028 0.041594
0.776960 0.043685
0.763613 0.045781
0.750000 0.047876
0.736136 0.049966
0.722033 0.052043
0.707708 0.054100
0.693173 0.056131
0.678443 0.058126
0.663534 0.059556
0.648460 0.060140
0.633237 0.061820
0.617879 0.063491
0.602403 0.065154
0.586824 0.066805
0.571157 0.068438
0.555419 0.070045
0.539625 0.071617
0.523791 0.073140
0.507933 0.074602
0.492067 0.075989
0.476209 0.077287
0.460375 0.078482
0.444581 0.079563
0.428843 0.080517
0.413176 0.081337
0.397597 0.082016
0.382121 0.082550
0.366763 0.082938
0.351540 0.083178
0.336466 0.083276
0.321557 0.083236
0.306827 0.083073
0.292292 0.082788
0.277967 0.082381
0.263864 0.081851
0.250000 0.081199
0.236387 0.080420
0.223040 0.079510
0.209972 0.078468
0.197195 0.077291
0.184724 0.075980
0.172570 0.074538
0.160745 0.072970
0.149263 0.071282
0.138133 0.069480
0.127368 0.067570
0.116978 0.065559
0.106973 0.063451
0.097365 0.061254
0.088162 0.058972
0.079373 0.056613
0.071008 0.054182
0.063075 0.051686
0.055582 0.049130
0.048537 0.046522
0.041946 0.043867
0.035816 0.041172
0.030154 0.038443
0.024964 0.035685
0.020254 0.032905
0.016026 0.030107
0.012285 0.027297
0.009036 0.024480
0.006281 0.021663
0.004023 0.018851
0.002264 0.016054
0.001007 0.013294
0.000252 0.010665
0.000000 0.009001
0.000252 0.004262
0.001007 0.001718
0.002264 -0.000865
0.004023 -0.003393
0.006281 -0.005847
0.009036 -0.008217
0.012285 -0.010501
0.016026 -0.012696
0.020254 -0.014800
0.024964 -0.016811
0.030154 -0.018730
0.035816 -0.020555
0.041946 -0.022285
0.048537 -0.023919
0.055582 -0.025458
0.063075 -0.026901
0.071008 -0.028248
0.079373 -0.029499
0.088162 -0.030655
0.097365 -0.031715
0.106973 -0.032681
0.116978 -0.033553
0.127368 -0.034334
0.138133 -0.035024
0.149263 -0.035626
0.160745 -0.036143
0.172570 -0.036579
0.184724 -0.036937
0.197195 -0.037222
0.209972 -0.037438
0.223040 -0.037586
0.236387 -0.037664
0.250000 -0.037671
0.263864 -0.037605
0.277967 -0.037463
0.292292 -0.037247
0.306827 -0.036961
0.321557 -0.036608
0.336466 -0.036194
0.351540 -0.035736
0.366763 -0.035249
0.382121 -0.034742
0.397597 -0.034221
0.413176 -0.033692
0.428843 -0.033156
0.444581 -0.032613
0.460375 -0.032060
0.476209 -0.031494
0.492067 -0.030908
0.507933 -0.030297
0.523791 -0.029652
0.539625 -0.028968
0.555419 -0.028238
0.571157 -0.027459
0.586824 -0.026628
0.602403 -0.025744
0.617879 -0.024809
0.633237 -0.023828
0.648460 -0.022806
0.663534 -0.021507
0.678443 -0.019341
0.693173 -0.018534
0.707708 -0.017738
0.722033 -0.016952
0.736136 -0.016174
0.750000 -0.015404
0.763613 -0.014640
0.776960 -0.013885
0.790028 -0.013138
0.802805 -0.012402
0.815276 -0.011677
0.827430 -0.010964
0.839255 -0.010264
0.850737 -0.009579
0.861867 -0.008909
0.872632 -0.008256
0.883022 -0.007619
0.893027 -0.006999
0.902635 -0.006399
0.911838 -0.005819
0.920627 -0.005259
0.928992 -0.004721
0.936925 -0.004206
0.944418 -0.003716
0.951463 -0.003250
0.958054 -0.002811
0.964184 -0.002399
0.969846 -0.002015
0.975036 -0.001661
0.979746 -0.001337
0.983974 -0.001045
0.987715 -0.000785
0.990964 -0.000557
0.993719 -0.000364
0.995977 -0.000205
0.997736 -0.000081
0.998993 0.000009
0.999748 0.000062
1.000000 0.000079
