airfoil_points_0175
1.000000 0.000431
0.999748 0.000484
0.998993 0.000640
0.997736 0.000900
0.995977 0.001263
0.993719 0.001727
0.990964 0.002291
0.987715 0.002952
0.983974 0.003710
0.979746 0.004561
0.975036 0.005502
0.969846 0.006530
0.964184 0.007642
0.958054 0.008835
0.951463 0.010104
0.944418 0.011447
0.936925 0.012858
0.928992 0.014335
0.920627 0.015873
0.911838 0.017468
0.902635 0.019116
0.893027 0.020813
0.883022 0.022555
0.872632 0.024337
0.861867 0.026156
0.850737 0.028008
0.839255 0.029890
0.827430 0.031797
0.815276 0.033725
0.802805 0.035672
0.790028 0.037632
0.776960 0.039601
0.763613 0.041577
0.750000 0.043554
0.736136 0.045528
0.722033 0.047494
0.707708 0.049444
0.693173 0.051374
0.678443 0.053275
0.663534 0.056363
0.648460 0.058118
0.633237 0.059720
0.617879 0.061284
0.602403 0.062809
0.586824 0.064295
0.571157 0.065737
0.555419 0.067132
0.539625 0.068474
0.523791 0.069756
0.507933 0.070970
0.492067 0.072110
0.476209 0.073166
0.460375 0.074131
0.444581 0.074997
0.428843 0.075759
0.413176 0.076410
0.397597 0.076949
0.382121 0.077371
0.366763 0.077678
0.351540 0.077870
0.336466 0.077949
0.321557 0.077916
0.306827 0.077762
0.292292 0.077484
0.277967 0.077083
0.263864 0.076557
0.250000 0.075910
0.236387 0.075151
0.223040 0.074292
0.209972 0.073342
0.197195 0.072311
0.184724 0.071206
0.172570 0.070031
0.160745 0.068783
0.149263 0.067465
0.138133 0.066075
0.127368 0.064615
0.116978 0.063084
0.106973 0.061477
0.097365 0.059787
0.088162 0.058009
0.079373 0.056141
0.071008 0.054183
0.063075 0.052136
0.055582 0.050002
0.048537 0.047785
0.041946 0.045489
0.035816 0.043120
0.030154 0.040684
0.024964 0.038186
0.020254 0.035634
0.016026 0.033034
0.012285 0.030392
0.009036 0.027716
0.006281 0.025012
0.004023 0.022285
0.002264 0.019544
0.001007 0.016803
0.000252 0.014111
0.000000 0.012188
0.000252 0.008109
0.001007 0.005458
0.002264 0.002806
0.004023 0.000204
0.006281 -0.002339
0.009036 -0.004819
0.012285 -0.007237
0.016026 -0.009591
0.020254 -0.011884
0.024964 -0.014114
0.030154 -0.016284
0.035816 -0.018394
0.041946 -0.020443
0.048537 -0.022432
0.055582 -0.024359
0.063075 -0.026223
0.071008 -0.028021
0.079373 -0.029749
0.088162 -0.031401
0.097365 -0.032973
0.106973 -0.034455
0.116978 -0.035840
0.127368 -0.037116
0.138133 -0.038272
0.149263 -0.039304
0.160745 -0.040209
0.172570 -0.040986
0.184724 -0.041632
0.197195 -0.042146
0.209972 -0.042528
0.223040 -0.042784
0.236387 -0.042923
0.250000 -0.042957
0.263864 -0.042898
0.277967 -0.042760
0.292292 -0.042550
0.306827 -0.042271
0.321557 -0.041927
0.336466 -0.041521
0.351540 -0.041048
0.366763 -0.040513
0.382121 -0.039925
0.397597 -0.039291
0.413176 -0.038617
0.428843 -0.037907
0.444581 -0.037166
0.460375 -0.036394
0.476209 -0.035592
0.492067 -0.034761
0.507933 -0.033900
0.523791 -0.033007
0.539625 -0.032082
0.555419 -0.031125
0.571157 -0.030136
0.586824 -0.029117
0.602403 -0.028072
0.617879 -0.027003
0.633237 -0.025918
0.648460 -0.024820
0.663534 -0.024883
0.678443 -0.024174
0.693173 -0.023272
0.707708 -0.022373
0.722033 -0.021479
0.736136 -0.020589
0.750000 -0.019702
0.763613 -0.018820
0.776960 -0.017944
0.790028 -0.017076
0.802805 -0.016217
0.815276 -0.015370
0.827430 -0.014537
0.839255 -0.013718
0.850737 -0.012916
0.861867 -0.012132
0.872632 -0.011370
0.883022 -0.010629
0.893027 -0.009912
0.902635 -0.009220
0.911838 -0.008555
0.920627 -0.007918
0.928992 -0.007310
0.936925 -0.006731
0.944418 -0.006184
0.951463 -0.005668
0.958054 -0.005185
0.964184 -0.004734
0.969846 -0.004318
0.975036 -0.003936
0.979746 -0.003589
0.983974 -0.003277
0.987715 -0.003001
0.990964 -0.002762
0.993719 -0.002558
0.995977 -0.002391
0.997736 -0.002261
0.998993 -0.002169
0.999748 -0.002113
1.000000 -0.002096
