=== Airfoil Parameters ===
m = 0.02
p = 0.4
t = 0.12

=== Control Points ===
0.00000, -0.00123, -0.00123
0.06667, 0.00500, -0.00111
0.13333, 0.01018, -0.00093
0.20000, 0.01420, -0.00080
0.26667, 0.01697, -0.00081
0.66667, 0.01504, -0.00101
0.75000, 0.01181, -0.00139
0.83333, 0.00771, -0.00185
0.91667, 0.00289, -0.00228
1.00000, -0.00252, -0.00252

=== Upper Surface ===
0.00000, -0.00123
-0.00004, -0.00095
-0.00005, -0.00067
-0.00006, -0.00039
-0.00007, -0.00011
-0.00008, 0.00017
-0.00008, 0.00045
-0.00007, 0.00073
-0.00007, 0.00101
-0.00005, 0.00128
-0.00003, 0.00156
-0.00001, 0.00184
0.00002, 0.00212
0.00006, 0.00241
0.00009, 0.00269
0.00014, 0.00297
0.00019, 0.00325
0.00024, 0.00353
0.00030, 0.00381
0.00037, 0.00409
0.00043, 0.00437
0.00051, 0.00465
0.00059, 0.00493
0.00067, 0.00521
0.00076, 0.00549
0.00086, 0.00578
0.00095, 0.00606
0.00106, 0.00634
0.00117, 0.00662
0.00128, 0.00690
0.00140, 0.00719
0.00152, 0.00747
0.00165, 0.00775
0.00179, 0.00803
0.00193, 0.00831
0.00207, 0.00860
0.00222, 0.00888
0.00237, 0.00916
0.00253, 0.00944
0.00270, 0.00973
0.00287, 0.01001
0.00304, 0.01029
0.00322, 0.01058
0.00340, 0.01086
0.00359, 0.01114
0.00378, 0.01142
0.00398, 0.01171
0.00419, 0.01199
0.00440, 0.01227
0.00461, 0.01256
0.00483, 0.01284
0.00505, 0.01312
0.00528, 0.01341
0.00551, 0.01369
0.00575, 0.01397
0.00600, 0.01426
0.00625, 0.01454
0.00650, 0.01482
0.00676, 0.01511
0.00702, 0.01539
0.00729, 0.01567
0.00756, 0.01596
0.00784, 0.01624
0.00812, 0.01652
0.00841, 0.01681
0.00870, 0.01709
0.00900, 0.01738
0.00931, 0.01766
0.00961, 0.01794
0.00993, 0.01823
0.01024, 0.01851
0.01057, 0.01879
0.01089, 0.01908
0.01123, 0.01936
0.01156, 0.01964
0.01191, 0.01993
0.01225, 0.02021
0.01261, 0.02049
0.01296, 0.02078
0.01332, 0.02106
0.01369, 0.02134
0.01406, 0.02162
0.01444, 0.02191
0.01482, 0.02219
0.01521, 0.02247
0.01560, 0.02275
0.01600, 0.02304
0.01640, 0.02332
0.01680, 0.02360
0.01721, 0.02388
0.01763, 0.02417
0.01805, 0.02445
0.01848, 0.02473
0.01891, 0.02501
0.01934, 0.02529
0.01978, 0.02557
0.02023, 0.02586
0.02068, 0.02614
0.02113, 0.02642
0.02159, 0.02670
0.02206, 0.02698
0.02253, 0.02726
0.02300, 0.02754
0.02348, 0.02782
0.02396, 0.02810
0.02445, 0.02838
0.02494, 0.02866
0.02544, 0.02894
0.02594, 0.02922
0.02645, 0.02950
0.02697, 0.02978
0.02748, 0.03006
0.02800, 0.03033
0.02853, 0.03061
0.02906, 0.03089
0.02960, 0.03117
0.03014, 0.03145
0.03069, 0.03172
0.03124, 0.03200
0.03179, 0.03228
0.03235, 0.03255
0.03292, 0.03283
0.03349, 0.03311
0.03406, 0.03338
0.03464, 0.03366
0.03523, 0.03393
0.03582, 0.03421
0.03641, 0.03448
0.03701, 0.03476
0.03761, 0.03503
0.03822, 0.03530
0.03883, 0.03558
0.03945, 0.03585
0.04007, 0.03612
0.04069, 0.03640
0.04133, 0.03667
0.04196, 0.03694
0.04260, 0.03721
0.04325, 0.03748
0.04390, 0.03775
0.04455, 0.03802
0.04521, 0.03829
0.04587, 0.03856
0.04654, 0.03883
0.04721, 0.03910
0.04789, 0.03937
0.04857, 0.03964
0.04926, 0.03990
0.04995, 0.04017
0.05065, 0.04044
0.05135, 0.04070
0.05205, 0.04097
0.05276, 0.04124
0.05348, 0.04150
0.05419, 0.04176
0.05492, 0.04203
0.05564, 0.04229
0.05638, 0.04256
0.05711, 0.04282
0.05786, 0.04308
0.05860, 0.04334
0.05935, 0.04360
0.06011, 0.04386
0.06087, 0.04412
0.06163, 0.04438
0.06240, 0.04464
0.06317, 0.04490
0.06395, 0.04516
0.06473, 0.04542
0.06552, 0.04567
0.06631, 0.04593
0.06710, 0.04618
0.06790, 0.04644
0.06871, 0.04669
0.06951, 0.04695
0.07033, 0.04720
0.07114, 0.04745
0.07197, 0.04771
0.07279, 0.04796
0.07362, 0.04821
0.07446, 0.04846
0.07530, 0.04871
0.07614, 0.04896
0.07699, 0.04921
0.07784, 0.04946
0.07870, 0.04970
0.07956, 0.04995
0.08042, 0.05020
0.08129, 0.05044
0.08216, 0.05069
0.08304, 0.05093
0.08392, 0.05117
0.08481, 0.05142
0.08570, 0.05166
0.08660, 0.05190
0.08750, 0.05214
0.08840, 0.05238
0.08931, 0.05262
0.09022, 0.05286
0.09114, 0.05309
0.09206, 0.05333
0.09298, 0.05357
0.09391, 0.05380
0.09484, 0.05404
0.09578, 0.05427
0.09672, 0.05450
0.09767, 0.05474
0.09862, 0.05497
0.09957, 0.05520
0.10053, 0.05543
0.10149, 0.05566
0.10246, 0.05588
0.10343, 0.05611
0.10440, 0.05634
0.10538, 0.05656
0.10636, 0.05679
0.10735, 0.05701
0.10834, 0.05724
0.10933, 0.05746
0.11033, 0.05768
0.11133, 0.05790
0.11234, 0.05812
0.11335, 0.05834
0.11437, 0.05856
0.11538, 0.05877
0.11641, 0.05899
0.11743, 0.05921
0.11846, 0.05942
0.11950, 0.05963
0.12054, 0.05985
0.12158, 0.06006
0.12263, 0.06027
0.12368, 0.06048
0.12473, 0.06069
0.12579, 0.06089
0.12685, 0.06110
0.12791, 0.06131
0.12898, 0.06151
0.13006, 0.06172
0.13113, 0.06192
0.13222, 0.06212
0.13330, 0.06232
0.13439, 0.06252
0.13548, 0.06272
0.13658, 0.06292
0.13768, 0.06312
0.13878, 0.06331
0.13989, 0.06351
0.14100, 0.06370
0.14212, 0.06389
0.14323, 0.06409
0.14436, 0.06428
0.14548, 0.06447
0.14661, 0.06465
0.14775, 0.06484
0.14888, 0.06503
0.15002, 0.06521
0.15117, 0.06540
0.15232, 0.06558
0.15347, 0.06576
0.15462, 0.06594
0.15578, 0.06612
0.15695, 0.06630
0.15811, 0.06648
0.15928, 0.06666
0.16045, 0.06683
0.16163, 0.06700
0.16281, 0.06718
0.16400, 0.06735
0.16518, 0.06752
0.16637, 0.06769
0.16757, 0.06786
0.16877, 0.06802
0.16997, 0.06819
0.17117, 0.06835
0.17238, 0.06852
0.17359, 0.06868
0.17481, 0.06884
0.17603, 0.06900
0.17725, 0.06916
0.17847, 0.06932
0.17970, 0.06947
0.18094, 0.06963
0.18217, 0.06978
0.18341, 0.06993
0.18465, 0.07008
0.18590, 0.07023
0.18715, 0.07038
0.18840, 0.07053
0.18965, 0.07068
0.19091, 0.07082
0.19217, 0.07096
0.19344, 0.07110
0.19471, 0.07125
0.19598, 0.07138
0.19725, 0.07152
0.19853, 0.07166
0.19981, 0.07179
0.20110, 0.07193
0.20238, 0.07206
0.20367, 0.07219
0.20496, 0.07232
0.20626, 0.07245
0.20756, 0.07258
0.20886, 0.07270
0.21017, 0.07283
0.21147, 0.07295
0.21278, 0.07307
0.21410, 0.07319
0.21541, 0.07331
0.21673, 0.07343
0.21805, 0.07355
0.21938, 0.07366
0.22070, 0.07378
0.22203, 0.07389
0.22336, 0.07400
0.22470, 0.07411
0.22604, 0.07422
0.22738, 0.07432
0.22872, 0.07443
0.23007, 0.07453
0.23142, 0.07463
0.23277, 0.07474
0.23412, 0.07484
0.23548, 0.07493
0.23684, 0.07503
0.23820, 0.07513
0.23956, 0.07522
0.24093, 0.07531
0.24230, 0.07541
0.24367, 0.07550
0.24505, 0.07559
0.24642, 0.07567
0.24780, 0.07576
0.24918, 0.07584
0.25057, 0.07593
0.25196, 0.07601
0.25334, 0.07609
0.25474, 0.07617
0.25613, 0.07625
0.25753, 0.07632
0.25892, 0.07640
0.26033, 0.07647
0.26173, 0.07655
0.26313, 0.07662
0.26454, 0.07669
0.26595, 0.07676
0.26736, 0.07682
0.26878, 0.07689
0.27020, 0.07695
0.27162, 0.07702
0.27304, 0.07708
0.27446, 0.07714
0.27589, 0.07720
0.27732, 0.07725
0.27875, 0.07731
0.28018, 0.07736
0.28161, 0.07742
0.28305, 0.07747
0.28449, 0.07752
0.28593, 0.07757
0.28737, 0.07762
0.28882, 0.07767
0.29027, 0.07771
0.29172, 0.07776
0.29317, 0.07780
0.29462, 0.07784
0.29608, 0.07788
0.29754, 0.07792
0.29900, 0.07795
0.30046, 0.07799
0.30192, 0.07803
0.30339, 0.07806
0.30486, 0.07809
0.30633, 0.07812
0.30780, 0.07815
0.30927, 0.07818
0.31075, 0.07820
0.31222, 0.07823
0.31370, 0.07825
0.31518, 0.07828
0.31667, 0.07830
0.31815, 0.07832
0.31964, 0.07833
0.32113, 0.07835
0.32262, 0.07837
0.32411, 0.07838
0.32560, 0.07839
0.32709, 0.07841
0.32859, 0.07842
0.33008, 0.07843
0.33158, 0.07843
0.33308, 0.07844
0.33458, 0.07845
0.33608, 0.07845
0.33758, 0.07845
0.33909, 0.07845
0.34060, 0.07845
0.34210, 0.07845
0.34361, 0.07845
0.34513, 0.07845
0.34664, 0.07844
0.34816, 0.07844
0.34967, 0.07843
0.35119, 0.07842
0.35271, 0.07841
0.35423, 0.07840
0.35576, 0.07839
0.35728, 0.07838
0.35881, 0.07836
0.36034, 0.07834
0.36187, 0.07833
0.36340, 0.07831
0.36493, 0.07829
0.36647, 0.07827
0.36800, 0.07824
0.36954, 0.07822
0.37108, 0.07820
0.37262, 0.07817
0.37416, 0.07814
0.37570, 0.07811
0.37725, 0.07808
0.37879, 0.07805
0.38034, 0.07802
0.38189, 0.07798
0.38344, 0.07795
0.38499, 0.07791
0.38654, 0.07787
0.38809, 0.07783
0.38964, 0.07779
0.39120, 0.07775
0.39275, 0.07771
0.39431, 0.07766
0.39587, 0.07762
0.39743, 0.07757
0.39899, 0.07752
0.40055, 0.07747
0.40211, 0.07742
0.40367, 0.07737
0.40523, 0.07731
0.40680, 0.07726
0.40836, 0.07720
0.40993, 0.07714
0.41150, 0.07708
0.41306, 0.07702
0.41463, 0.07696
0.41620, 0.07690
0.41777, 0.07684
0.41934, 0.07677
0.42091, 0.07671
0.42248, 0.07664
0.42405, 0.07657
0.42563, 0.07650
0.42720, 0.07643
0.42877, 0.07636
0.43035, 0.07628
0.43192, 0.07621
0.43350, 0.07613
0.43507, 0.07605
0.43665, 0.07598
0.43823, 0.07590
0.43980, 0.07582
0.44138, 0.07573
0.44296, 0.07565
0.44454, 0.07557
0.44611, 0.07548
0.44769, 0.07540
0.44927, 0.07531
0.45085, 0.07522
0.45243, 0.07513
0.45401, 0.07504
0.45559, 0.07495
0.45717, 0.07486
0.45875, 0.07476
0.46033, 0.07467
0.46191, 0.07457
0.46349, 0.07448
0.46507, 0.07438
0.46665, 0.07428
0.46824, 0.07418
0.46982, 0.07408
0.47140, 0.07398
0.47298, 0.07387
0.47456, 0.07377
0.47614, 0.07367
0.47772, 0.07356
0.47930, 0.07345
0.48088, 0.07335
0.48247, 0.07324
0.48405, 0.07313
0.48563, 0.07302
0.48721, 0.07291
0.48879, 0.07280
0.49037, 0.07268
0.49195, 0.07257
0.49353, 0.07246
0.49511, 0.07234
0.49669, 0.07223
0.49827, 0.07211
0.49985, 0.07199
0.50143, 0.07187
0.50301, 0.07175
0.50458, 0.07163
0.50616, 0.07151
0.50774, 0.07139
0.50932, 0.07127
0.51090, 0.07115
0.51247, 0.07102
0.51405, 0.07090
0.51563, 0.07077
0.51720, 0.07065
0.51878, 0.07052
0.52035, 0.07040
0.52193, 0.07027
0.52350, 0.07014
0.52508, 0.07001
0.52665, 0.06988
0.52822, 0.06975
0.52980, 0.06962
0.53137, 0.06949
0.53294, 0.06936
0.53451, 0.06923
0.53608, 0.06909
0.53765, 0.06896
0.53922, 0.06883
0.54079, 0.06869
0.54236, 0.06856
0.54393, 0.06842
0.54550, 0.06828
0.54706, 0.06815
0.54863, 0.06801
0.55019, 0.06787
0.55176, 0.06773
0.55332, 0.06759
0.55489, 0.06746
0.55645, 0.06732
0.55801, 0.06718
0.55958, 0.06703
0.56114, 0.06689
0.56270, 0.06675
0.56426, 0.06661
0.56582, 0.06647
0.56738, 0.06632
0.56893, 0.06618
0.57049, 0.06604
0.57205, 0.06589
0.57360, 0.06575
0.57516, 0.06560
0.57671, 0.06546
0.57827, 0.06531
0.57982, 0.06516
0.58137, 0.06502
0.58292, 0.06487
0.58447, 0.06472
0.58602, 0.06458
0.58757, 0.06443
0.58912, 0.06428
0.59066, 0.06413
0.59221, 0.06398
0.59375, 0.06383
0.59530, 0.06368
0.59684, 0.06353
0.59838, 0.06338
0.59992, 0.06323
0.60146, 0.06308
0.60300, 0.06292
0.60454, 0.06277
0.60608, 0.06262
0.60762, 0.06247
0.60915, 0.06231
0.61069, 0.06216
0.61222, 0.06201
0.61375, 0.06185
0.61528, 0.06170
0.61681, 0.06154
0.61834, 0.06139
0.61987, 0.06123
0.62140, 0.06107
0.62292, 0.06092
0.62445, 0.06076
0.62597, 0.06060
0.62749, 0.06045
0.62901, 0.06029
0.63053, 0.06013
0.63205, 0.05997
0.63357, 0.05981
0.63509, 0.05965
0.63660, 0.05949
0.63812, 0.05933
0.63963, 0.05917
0.64114, 0.05901
0.64265, 0.05885
0.64416, 0.05869
0.64567, 0.05853
0.64717, 0.05837
0.64868, 0.05820
0.65019, 0.05804
0.65173, 0.05788
0.65337, 0.05771
0.65529, 0.05752
0.65773, 0.05728
0.66081, 0.05691
0.66416, 0.05638
0.66698, 0.05577
0.66856, 0.05534
0.66888, 0.05513
0.66865, 0.05503
0.66865, 0.05489
0.66924, 0.05473
0.67033, 0.05455
0.67167, 0.05436
0.67312, 0.05417
0.67459, 0.05398
0.67606, 0.05379
0.67754, 0.05360
0.67901, 0.05341
0.68048, 0.05322
0.68195, 0.05303
0.68341, 0.05284
0.68488, 0.05265
0.68634, 0.05246
0.68780, 0.05227
0.68926, 0.05207
0.69072, 0.05188
0.69217, 0.05169
0.69363, 0.05150
0.69508, 0.05130
0.69653, 0.05111
0.69797, 0.05092
0.69942, 0.05072
0.70086, 0.05053
0.70231, 0.05033
0.70374, 0.05014
0.70518, 0.04994
0.70662, 0.04975
0.70805, 0.04955
0.70948, 0.04935
0.71091, 0.04916
0.71234, 0.04896
0.71376, 0.04876
0.71519, 0.04857
0.71661, 0.04837
0.71803, 0.04817
0.71944, 0.04798
0.72086, 0.04778
0.72227, 0.04758
0.72368, 0.04738
0.72509, 0.04718
0.72649, 0.04698
0.72790, 0.04679
0.72930, 0.04659
0.73069, 0.04639
0.73209, 0.04619
0.73348, 0.04599
0.73488, 0.04579
0.73627, 0.04559
0.73765, 0.04539
0.73904, 0.04519
0.74042, 0.04499
0.74180, 0.04479
0.74318, 0.04459
0.74455, 0.04438
0.74592, 0.04418
0.74729, 0.04398
0.74866, 0.04378
0.75003, 0.04358
0.75139, 0.04338
0.75275, 0.04318
0.75411, 0.04297
0.75546, 0.04277
0.75681, 0.04257
0.75816, 0.04237
0.75951, 0.04217
0.76085, 0.04196
0.76219, 0.04176
0.76353, 0.04156
0.76487, 0.04136
0.76620, 0.04115
0.76753, 0.04095
0.76886, 0.04075
0.77019, 0.04054
0.77151, 0.04034
0.77283, 0.04014
0.77415, 0.03993
0.77546, 0.03973
0.77678, 0.03953
0.77808, 0.03933
0.77939, 0.03912
0.78069, 0.03892
0.78199, 0.03872
0.78329, 0.03851
0.78459, 0.03831
0.78588, 0.03811
0.78717, 0.03790
0.78845, 0.03770
0.78974, 0.03750
0.79102, 0.03729
0.79229, 0.03709
0.79357, 0.03689
0.79484, 0.03669
0.79611, 0.03648
0.79738, 0.03628
0.79864, 0.03608
0.79990, 0.03587
0.80115, 0.03567
0.80241, 0.03547
0.80366, 0.03527
0.80491, 0.03507
0.80615, 0.03486
0.80739, 0.03466
0.80863, 0.03446
0.80986, 0.03426
0.81110, 0.03406
0.81233, 0.03385
0.81355, 0.03365
0.81477, 0.03345
0.81599, 0.03325
0.81721, 0.03305
0.81842, 0.03285
0.81963, 0.03265
0.82084, 0.03245
0.82204, 0.03225
0.82324, 0.03205
0.82444, 0.03185
0.82564, 0.03165
0.82683, 0.03145
0.82801, 0.03125
0.82920, 0.03105
0.83038, 0.03085
0.83156, 0.03065
0.83273, 0.03045
0.83390, 0.03026
0.83507, 0.03006
0.83623, 0.02986
0.83739, 0.02966
0.83855, 0.02946
0.83971, 0.02927
0.84086, 0.02907
0.84200, 0.02887
0.84315, 0.02868
0.84429, 0.02848
0.84542, 0.02829
0.84656, 0.02809
0.84769, 0.02790
0.84882, 0.02770
0.84994, 0.02751
0.85106, 0.02731
0.85218, 0.02712
0.85329, 0.02692
0.85440, 0.02673
0.85550, 0.02654
0.85661, 0.02634
0.85770, 0.02615
0.85880, 0.02596
0.85989, 0.02577
0.86098, 0.02558
0.86206, 0.02539
0.86314, 0.02519
0.86422, 0.02500
0.86530, 0.02481
0.86637, 0.02462
0.86743, 0.02444
0.86849, 0.02425
0.86955, 0.02406
0.87061, 0.02387
0.87166, 0.02368
0.87271, 0.02349
0.87375, 0.02331
0.87479, 0.02312
0.87583, 0.02294
0.87686, 0.02275
0.87789, 0.02256
0.87892, 0.02238
0.87994, 0.02219
0.88096, 0.02201
0.88197, 0.02183
0.88299, 0.02164
0.88399, 0.02146
0.88500, 0.02128
0.88599, 0.02110
0.88699, 0.02092
0.88798, 0.02073
0.88897, 0.02055
0.88995, 0.02037
0.89093, 0.02019
0.89191, 0.02002
0.89288, 0.01984
0.89385, 0.01966
0.89482, 0.01948
0.89578, 0.01930
0.89673, 0.01913
0.89769, 0.01895
0.89863, 0.01878
0.89958, 0.01860
0.90052, 0.01843
0.90146, 0.01825
0.90239, 0.01808
0.90332, 0.01791
0.90425, 0.01773
0.90517, 0.01756
0.90608, 0.01739
0.90700, 0.01722
0.90791, 0.01705
0.90881, 0.01688
0.90971, 0.01671
0.91061, 0.01654
0.91150, 0.01637
0.91239, 0.01621
0.91328, 0.01604
0.91416, 0.01587
0.91503, 0.01571
0.91591, 0.01554
0.91677, 0.01538
0.91764, 0.01521
0.91850, 0.01505
0.91935, 0.01489
0.92021, 0.01472
0.92105, 0.01456
0.92190, 0.01440
0.92274, 0.01424
0.92357, 0.01408
0.92440, 0.01392
0.92523, 0.01377
0.92605, 0.01361
0.92687, 0.01345
0.92769, 0.01329
0.92850, 0.01314
0.92930, 0.01298
0.93010, 0.01283
0.93090, 0.01267
0.93170, 0.01252
0.93248, 0.01237
0.93327, 0.01222
0.93405, 0.01207
0.93483, 0.01192
0.93560, 0.01177
0.93637, 0.01162
0.93713, 0.01147
0.93789, 0.01132
0.93864, 0.01117
0.93939, 0.01103
0.94014, 0.01088
0.94088, 0.01074
0.94162, 0.01059
0.94235, 0.01045
0.94308, 0.01031
0.94380, 0.01016
0.94452, 0.01002
0.94524, 0.00988
0.94595, 0.00974
0.94666, 0.00960
0.94736, 0.00947
0.94806, 0.00933
0.94875, 0.00919
0.94944, 0.00905
0.95013, 0.00892
0.95081, 0.00878
0.95148, 0.00865
0.95215, 0.00852
0.95282, 0.00839
0.95348, 0.00825
0.95414, 0.00812
0.95479, 0.00799
0.95544, 0.00786
0.95609, 0.00774
0.95673, 0.00761
0.95736, 0.00748
0.95800, 0.00736
0.95862, 0.00723
0.95924, 0.00711
0.95986, 0.00698
0.96048, 0.00686
0.96108, 0.00674
0.96169, 0.00662
0.96229, 0.00650
0.96288, 0.00638
0.96347, 0.00626
0.96406, 0.00614
0.96464, 0.00602
0.96522, 0.00591
0.96579, 0.00579
0.96636, 0.00568
0.96692, 0.00556
0.96748, 0.00545
0.96803, 0.00534
0.96858, 0.00523
0.96913, 0.00512
0.96967, 0.00501
0.97020, 0.00490
0.97073, 0.00479
0.97126, 0.00469
0.97178, 0.00458
0.97230, 0.00448
0.97281, 0.00437
0.97332, 0.00427
0.97382, 0.00417
0.97432, 0.00406
0.97481, 0.00396
0.97530, 0.00386
0.97579, 0.00376
0.97627, 0.00367
0.97674, 0.00357
0.97721, 0.00347
0.97768, 0.00338
0.97814, 0.00328
0.97860, 0.00319
0.97905, 0.00310
0.97949, 0.00301
0.97994, 0.00292
0.98037, 0.00283
0.98081, 0.00274
0.98124, 0.00265
0.98166, 0.00256
0.98208, 0.00248
0.98249, 0.00239
0.98290, 0.00231
0.98331, 0.00222
0.98371, 0.00214
0.98410, 0.00206
0.98449, 0.00198
0.98488, 0.00190
0.98526, 0.00182
0.98563, 0.00174
0.98600, 0.00167
0.98637, 0.00159
0.98673, 0.00152
0.98709, 0.00144
0.98744, 0.00137
0.98779, 0.00130
0.98813, 0.00123
0.98847, 0.00116
0.98880, 0.00109
0.98913, 0.00102
0.98945, 0.00095
0.98977, 0.00089
0.99009, 0.00082
0.99040, 0.00076
0.99070, 0.00069
0.99100, 0.00063
0.99129, 0.00057
0.99158, 0.00051
0.99187, 0.00045
0.99215, 0.00039
0.99242, 0.00034
0.99270, 0.00028
0.99296, 0.00022
0.99322, 0.00017
0.99348, 0.00012
0.99373, 0.00006
0.99398, 0.00001
0.99422, -0.00004
0.99445, -0.00009
0.99469, -0.00014
0.99491, -0.00018
0.99513, -0.00023
0.99535, -0.00027
0.99556, -0.00032
0.99577, -0.00036
0.99597, -0.00041
0.99617, -0.00045
0.99637, -0.00049
0.99655, -0.00053
0.99674, -0.00056
0.99692, -0.00060
0.99709, -0.00064
0.99726, -0.00067
0.99742, -0.00071
0.99758, -0.00074
0.99773, -0.00077
0.99788, -0.00080
0.99803, -0.00083
0.99817, -0.00086
0.99830, -0.00089
0.99843, -0.00092
0.99856, -0.00095
0.99868, -0.00097
0.99879, -0.00100
0.99890, -0.00102
0.99901, -0.00104
0.99911, -0.00106
0.99920, -0.00108
0.99929, -0.00110
0.99938, -0.00112
0.99946, -0.00114
0.99953, -0.00115
0.99961, -0.00117
0.99967, -0.00118
0.99973, -0.00119
0.99979, -0.00120
0.99984, -0.00122
0.99989, -0.00123
0.99993, -0.00123
0.99997, -0.00124
1.00000, -0.00125
1.00002, -0.00125
1.00005, -0.00126
1.00007, -0.00126
1.00008, -0.00127
1.00013, -0.00127
1.00014, -0.00127

=== Lower Surface ===
0.00000, -0.00123
0.00005, -0.00150
0.00007, -0.00178
0.00011, -0.00206
0.00015, -0.00234
0.00020, -0.00261
0.00026, -0.00288
0.00032, -0.00316
0.00038, -0.00343
0.00045, -0.00370
0.00053, -0.00397
0.00061, -0.00424
0.00069, -0.00451
0.00078, -0.00478
0.00087, -0.00504
0.00097, -0.00531
0.00108, -0.00558
0.00119, -0.00584
0.00130, -0.00610
0.00142, -0.00637
0.00154, -0.00663
0.00167, -0.00689
0.00180, -0.00715
0.00194, -0.00741
0.00209, -0.00766
0.00223, -0.00792
0.00239, -0.00818
0.00254, -0.00843
0.00271, -0.00869
0.00287, -0.00894
0.00305, -0.00919
0.00322, -0.00945
0.00341, -0.00970
0.00359, -0.00995
0.00378, -0.01020
0.00398, -0.01044
0.00418, -0.01069
0.00439, -0.01094
0.00460, -0.01118
0.00481, -0.01143
0.00504, -0.01167
0.00526, -0.01191
0.00549, -0.01216
0.00573, -0.01240
0.00597, -0.01264
0.00621, -0.01288
0.00646, -0.01312
0.00672, -0.01335
0.00697, -0.01359
0.00724, -0.01382
0.00751, -0.01406
0.00778, -0.01429
0.00806, -0.01453
0.00834, -0.01476
0.00863, -0.01499
0.00892, -0.01522
0.00922, -0.01545
0.00952, -0.01568
0.00983, -0.01590
0.01014, -0.01613
0.01046, -0.01636
0.01078, -0.01658
0.01111, -0.01681
0.01144, -0.01703
0.01177, -0.01725
0.01211, -0.01747
0.01246, -0.01769
0.01281, -0.01791
0.01316, -0.01813
0.01352, -0.01835
0.01389, -0.01856
0.01426, -0.01878
0.01463, -0.01899
0.01501, -0.01921
0.01539, -0.01942
0.01578, -0.01963
0.01617, -0.01984
0.01657, -0.02005
0.01697, -0.02026
0.01738, -0.02047
0.01779, -0.02067
0.01820, -0.02088
0.01862, -0.02109
0.01905, -0.02129
0.01948, -0.02149
0.01991, -0.02170
0.02035, -0.02190
0.02080, -0.02210
0.02124, -0.02230
0.02170, -0.02250
0.02215, -0.02269
0.02262, -0.02289
0.02308, -0.02309
0.02356, -0.02328
0.02403, -0.02348
0.02451, -0.02367
0.02500, -0.02386
0.02549, -0.02405
0.02598, -0.02424
0.02648, -0.02443
0.02698, -0.02462
0.02749, -0.02481
0.02801, -0.02499
0.02852, -0.02518
0.02904, -0.02536
0.02957, -0.02555
0.03010, -0.02573
0.03064, -0.02591
0.03118, -0.02609
0.03172, -0.02627
0.03227, -0.02645
0.03282, -0.02663
0.03338, -0.02680
0.03395, -0.02698
0.03451, -0.02715
0.03508, -0.02733
0.03566, -0.02750
0.03624, -0.02767
0.03683, -0.02784
0.03741, -0.02801
0.03801, -0.02818
0.03861, -0.02835
0.03921, -0.02852
0.03982, -0.02868
0.04043, -0.02885
0.04104, -0.02901
0.04167, -0.02918
0.04229, -0.02934
0.04292, -0.02950
0.04355, -0.02966
0.04419, -0.02982
0.04483, -0.02998
0.04548, -0.03014
0.04613, -0.03029
0.04679, -0.03045
0.04745, -0.03060
0.04811, -0.03076
0.04878, -0.03091
0.04945, -0.03106
0.05013, -0.03121
0.05081, -0.03136
0.05150, -0.03151
0.05219, -0.03166
0.05288, -0.03180
0.05358, -0.03195
0.05428, -0.03209
0.05499, -0.03224
0.05570, -0.03238
0.05642, -0.03252
0.05714, -0.03266
0.05786, -0.03280
0.05859, -0.03294
0.05932, -0.03308
0.06006, -0.03322
0.06080, -0.03335
0.06155, -0.03349
0.06230, -0.03362
0.06305, -0.03375
0.06381, -0.03389
0.06457, -0.03402
0.06533, -0.03415
0.06611, -0.03428
0.06688, -0.03440
0.06766, -0.03453
0.06844, -0.03466
0.06923, -0.03478
0.07002, -0.03491
0.07081, -0.03503
0.07161, -0.03515
0.07242, -0.03527
0.07322, -0.03539
0.07404, -0.03551
0.07485, -0.03563
0.07567, -0.03575
0.07649, -0.03586
0.07732, -0.03598
0.07815, -0.03609
0.07899, -0.03621
0.07983, -0.03632
0.08067, -0.03643
0.08152, -0.03654
0.08237, -0.03665
0.08323, -0.03676
0.08409, -0.03687
0.08495, -0.03697
0.08582, -0.03708
0.08669, -0.03718
0.08756, -0.03729
0.08844, -0.03739
0.08933, -0.03749
0.09021, -0.03759
0.09110, -0.03769
0.09200, -0.03779
0.09290, -0.03789
0.09380, -0.03799
0.09471, -0.03808
0.09562, -0.03818
0.09653, -0.03827
0.09745, -0.03836
0.09837, -0.03846
0.09930, -0.03855
0.10023, -0.03864
0.10116, -0.03873
0.10210, -0.03882
0.10304, -0.03890
0.10398, -0.03899
0.10493, -0.03907
0.10588, -0.03916
0.10684, -0.03924
0.10780, -0.03933
0.10876, -0.03941
0.10973, -0.03949
0.11070, -0.03957
0.11167, -0.03965
0.11265, -0.03972
0.11363, -0.03980
0.11462, -0.03988
0.11561, -0.03995
0.11660, -0.04003
0.11759, -0.04010
0.11859, -0.04017
0.11960, -0.04024
0.12060, -0.04031
0.12161, -0.04038
0.12263, -0.04045
0.12365, -0.04052
0.12467, -0.04058
0.12569, -0.04065
0.12672, -0.04071
0.12775, -0.04078
0.12879, -0.04084
0.12983, -0.04090
0.13087, -0.04096
0.13191, -0.04102
0.13296, -0.04108
0.13402, -0.04114
0.13507, -0.04120
0.13613, -0.04126
0.13720, -0.04131
0.13826, -0.04137
0.13933, -0.04142
0.14041, -0.04147
0.14148, -0.04153
0.14256, -0.04158
0.14365, -0.04163
0.14473, -0.04168
0.14582, -0.04172
0.14692, -0.04177
0.14801, -0.04182
0.14911, -0.04186
0.15022, -0.04191
0.15132, -0.04195
0.15243, -0.04200
0.15354, -0.04204
0.15466, -0.04208
0.15578, -0.04212
0.15690, -0.04216
0.15803, -0.04220
0.15916, -0.04224
0.16029, -0.04228
0.16143, -0.04231
0.16256, -0.04235
0.16371, -0.04238
0.16485, -0.04242
0.16600, -0.04245
0.16715, -0.04248
0.16830, -0.04252
0.16946, -0.04255
0.17062, -0.04258
0.17178, -0.04261
0.17295, -0.04263
0.17412, -0.04266
0.17529, -0.04269
0.17647, -0.04271
0.17765, -0.04274
0.17883, -0.04276
0.18001, -0.04279
0.18120, -0.04281
0.18239, -0.04283
0.18358, -0.04286
0.18478, -0.04288
0.18598, -0.04290
0.18718, -0.04292
0.18839, -0.04293
0.18959, -0.04295
0.19080, -0.04297
0.19202, -0.04298
0.19323, -0.04300
0.19445, -0.04302
0.19568, -0.04303
0.19690, -0.04304
0.19813, -0.04306
0.19936, -0.04307
0.20059, -0.04308
0.20183, -0.04309
0.20307, -0.04310
0.20431, -0.04311
0.20555, -0.04312
0.20680, -0.04313
0.20805, -0.04313
0.20931, -0.04314
0.21056, -0.04314
0.21182, -0.04315
0.21308, -0.04315
0.21435, -0.04316
0.21561, -0.04316
0.21688, -0.04316
0.21816, -0.04317
0.21943, -0.04317
0.22071, -0.04317
0.22199, -0.04317
0.22328, -0.04317
0.22456, -0.04317
0.22585, -0.04316
0.22715, -0.04316
0.22844, -0.04316
0.22974, -0.04315
0.23104, -0.04315
0.23234, -0.04314
0.23365, -0.04314
0.23496, -0.04313
0.23627, -0.04312
0.23758, -0.04311
0.23890, -0.04311
0.24021, -0.04310
0.24154, -0.04309
0.24286, -0.04308
0.24419, -0.04306
0.24551, -0.04305
0.24685, -0.04304
0.24818, -0.04303
0.24952, -0.04301
0.25086, -0.04300
0.25220, -0.04298
0.25354, -0.04297
0.25489, -0.04295
0.25624, -0.04294
0.25759, -0.04292
0.25894, -0.04290
0.26030, -0.04288
0.26166, -0.04286
0.26302, -0.04284
0.26438, -0.04282
0.26575, -0.04280
0.26712, -0.04278
0.26849, -0.04276
0.26986, -0.04273
0.27124, -0.04271
0.27261, -0.04268
0.27399, -0.04266
0.27538, -0.04263
0.27676, -0.04261
0.27815, -0.04258
0.27953, -0.04255
0.28092, -0.04253
0.28232, -0.04250
0.28371, -0.04247
0.28511, -0.04244
0.28651, -0.04241
0.28791, -0.04238
0.28931, -0.04235
0.29072, -0.04232
0.29213, -0.04228
0.29354, -0.04225
0.29495, -0.04222
0.29636, -0.04218
0.29778, -0.04215
0.29920, -0.04211
0.30062, -0.04208
0.30204, -0.04204
0.30346, -0.04200
0.30489, -0.04197
0.30631, -0.04193
0.30774, -0.04189
0.30917, -0.04185
0.31061, -0.04181
0.31204, -0.04177
0.31348, -0.04173
0.31492, -0.04169
0.31636, -0.04165
0.31780, -0.04161
0.31925, -0.04157
0.32069, -0.04152
0.32214, -0.04148
0.32359, -0.04144
0.32504, -0.04139
0.32650, -0.04135
0.32795, -0.04130
0.32941, -0.04126
0.33087, -0.04121
0.33233, -0.04116
0.33380, -0.04111
0.33526, -0.04107
0.33673, -0.04102
0.33820, -0.04097
0.33967, -0.04092
0.34115, -0.04087
0.34262, -0.04082
0.34410, -0.04077
0.34557, -0.04072
0.34705, -0.04066
0.34853, -0.04061
0.35001, -0.04056
0.35150, -0.04050
0.35298, -0.04045
0.35446, -0.04040
0.35595, -0.04034
0.35744, -0.04029
0.35893, -0.04023
0.36042, -0.04017
0.36191, -0.04012
0.36340, -0.04006
0.36489, -0.04000
0.36639, -0.03995
0.36788, -0.03989
0.36938, -0.03983
0.37088, -0.03977
0.37238, -0.03971
0.37388, -0.03965
0.37538, -0.03959
0.37688, -0.03953
0.37839, -0.03947
0.37989, -0.03941
0.38140, -0.03935
0.38291, -0.03929
0.38442, -0.03923
0.38593, -0.03916
0.38744, -0.03910
0.38895, -0.03904
0.39046, -0.03898
0.39198, -0.03891
0.39349, -0.03885
0.39501, -0.03879
0.39653, -0.03872
0.39805, -0.03866
0.39957, -0.03859
0.40109, -0.03853
0.40261, -0.03846
0.40413, -0.03840
0.40565, -0.03833
0.40718, -0.03827
0.40871, -0.03820
0.41023, -0.03814
0.41176, -0.03807
0.41329, -0.03800
0.41482, -0.03794
0.41635, -0.03787
0.41788, -0.03780
0.41941, -0.03773
0.42095, -0.03767
0.42248, -0.03760
0.42402, -0.03753
0.42555, -0.03746
0.42709, -0.03739
0.42863, -0.03732
0.43017, -0.03725
0.43171, -0.03718
0.43325, -0.03712
0.43479, -0.03705
0.43633, -0.03698
0.43788, -0.03691
0.43942, -0.03683
0.44097, -0.03676
0.44251, -0.03669
0.44406, -0.03662
0.44561, -0.03655
0.44715, -0.03648
0.44870, -0.03641
0.45025, -0.03634
0.45180, -0.03626
0.45335, -0.03619
0.45490, -0.03612
0.45646, -0.03605
0.45801, -0.03597
0.45956, -0.03590
0.46112, -0.03583
0.46267, -0.03575
0.46423, -0.03568
0.46579, -0.03560
0.46734, -0.03553
0.46890, -0.03545
0.47046, -0.03538
0.47202, -0.03530
0.47357, -0.03523
0.47513, -0.03515
0.47669, -0.03508
0.47826, -0.03500
0.47982, -0.03492
0.48138, -0.03485
0.48294, -0.03477
0.48450, -0.03469
0.48606, -0.03461
0.48763, -0.03454
0.48919, -0.03446
0.49076, -0.03438
0.49232, -0.03430
0.49388, -0.03422
0.49545, -0.03414
0.49701, -0.03406
0.49858, -0.03398
0.50014, -0.03390
0.50171, -0.03382
0.50328, -0.03374
0.50484, -0.03366
0.50641, -0.03358
0.50798, -0.03349
0.50954, -0.03341
0.51111, -0.03333
0.51268, -0.03325
0.51424, -0.03316
0.51581, -0.03308
0.51738, -0.03300
0.51895, -0.03291
0.52051, -0.03283
0.52208, -0.03274
0.52365, -0.03266
0.52521, -0.03257
0.52678, -0.03249
0.52835, -0.03240
0.52992, -0.03231
0.53148, -0.03223
0.53305, -0.03214
0.53462, -0.03205
0.53618, -0.03196
0.53775, -0.03187
0.53931, -0.03179
0.54088, -0.03170
0.54244, -0.03161
0.54401, -0.03152
0.54557, -0.03143
0.54714, -0.03134
0.54870, -0.03125
0.55027, -0.03116
0.55183, -0.03106
0.55339, -0.03097
0.55495, -0.03088
0.55652, -0.03079
0.55808, -0.03069
0.55964, -0.03060
0.56120, -0.03051
0.56276, -0.03041
0.56432, -0.03032
0.56588, -0.03022
0.56744, -0.03013
0.56899, -0.03003
0.57055, -0.02994
0.57211, -0.02984
0.57366, -0.02975
0.57522, -0.02965
0.57677, -0.02955
0.57832, -0.02946
0.57988, -0.02936
0.58143, -0.02926
0.58298, -0.02916
0.58453, -0.02906
0.58608, -0.02896
0.58763, -0.02886
0.58918, -0.02876
0.59072, -0.02867
0.59227, -0.02856
0.59381, -0.02846
0.59536, -0.02836
0.59690, -0.02826
0.59844, -0.02816
0.59998, -0.02806
0.60152, -0.02796
0.60306, -0.02786
0.60460, -0.02775
0.60614, -0.02765
0.60767, -0.02755
0.60921, -0.02744
0.61074, -0.02734
0.61227, -0.02724
0.61380, -0.02713
0.61533, -0.02703
0.61686, -0.02693
0.61839, -0.02682
0.61991, -0.02672
0.62144, -0.02661
0.62296, -0.02651
0.62449, -0.02640
0.62601, -0.02630
0.62753, -0.02619
0.62904, -0.02608
0.63056, -0.02598
0.63208, -0.02587
0.63359, -0.02577
0.63510, -0.02566
0.63661, -0.02555
0.63812, -0.02545
0.63963, -0.02534
0.64114, -0.02523
0.64264, -0.02513
0.64415, -0.02502
0.64565, -0.02491
0.64715, -0.02481
0.64864, -0.02470
0.65010, -0.02459
0.65145, -0.02448
0.65253, -0.02438
0.65308, -0.02426
0.65299, -0.02411
0.65262, -0.02393
0.65278, -0.02383
0.65419, -0.02395
0.65683, -0.02427
0.66004, -0.02454
0.66301, -0.02467
0.66538, -0.02467
0.66726, -0.02461
0.66887, -0.02453
0.67038, -0.02444
0.67186, -0.02436
0.67334, -0.02427
0.67481, -0.02418
0.67628, -0.02410
0.67774, -0.02401
0.67921, -0.02392
0.68067, -0.02384
0.68214, -0.02375
0.68360, -0.02366
0.68506, -0.02358
0.68651, -0.02349
0.68797, -0.02340
0.68942, -0.02332
0.69087, -0.02323
0.69232, -0.02314
0.69377, -0.02306
0.69522, -0.02297
0.69666, -0.02289
0.69810, -0.02280
0.69954, -0.02271
0.70098, -0.02263
0.70242, -0.02254
0.70385, -0.02246
0.70528, -0.02237
0.70671, -0.02229
0.70814, -0.02220
0.70957, -0.02211
0.71099, -0.02203
0.71241, -0.02194
0.71383, -0.02186
0.71525, -0.02177
0.71667, -0.02169
0.71808, -0.02160
0.71949, -0.02152
0.72090, -0.02143
0.72231, -0.02135
0.72371, -0.02127
0.72511, -0.02118
0.72651, -0.02110
0.72791, -0.02101
0.72931, -0.02093
0.73070, -0.02085
0.73209, -0.02076
0.73348, -0.02068
0.73487, -0.02059
0.73626, -0.02051
0.73764, -0.02043
0.73902, -0.02034
0.74040, -0.02026
0.74177, -0.02018
0.74314, -0.02010
0.74451, -0.02001
0.74588, -0.01993
0.74725, -0.01985
0.74861, -0.01977
0.74997, -0.01969
0.75133, -0.01960
0.75269, -0.01952
0.75404, -0.01944
0.75539, -0.01936
0.75674, -0.01928
0.75809, -0.01920
0.75943, -0.01912
0.76077, -0.01904
0.76211, -0.01895
0.76345, -0.01887
0.76478, -0.01879
0.76611, -0.01871
0.76744, -0.01863
0.76877, -0.01855
0.77009, -0.01847
0.77141, -0.01839
0.77273, -0.01832
0.77405, -0.01824
0.77536, -0.01816
0.77667, -0.01808
0.77798, -0.01800
0.77928, -0.01792
0.78058, -0.01784
0.78188, -0.01776
0.78318, -0.01769
0.78448, -0.01761
0.78577, -0.01753
0.78705, -0.01745
0.78834, -0.01737
0.78962, -0.01730
0.79090, -0.01722
0.79218, -0.01714
0.79346, -0.01707
0.79473, -0.01699
0.79600, -0.01691
0.79726, -0.01684
0.79852, -0.01676
0.79978, -0.01668
0.80104, -0.01661
0.80230, -0.01653
0.80355, -0.01646
0.80479, -0.01638
0.80604, -0.01631
0.80728, -0.01623
0.80852, -0.01615
0.80976, -0.01608
0.81099, -0.01600
0.81222, -0.01593
0.81345, -0.01586
0.81467, -0.01578
0.81589, -0.01571
0.81711, -0.01563
0.81833, -0.01556
0.81954, -0.01549
0.82075, -0.01541
0.82195, -0.01534
0.82316, -0.01527
0.82435, -0.01519
0.82555, -0.01512
0.82674, -0.01505
0.82793, -0.01497
0.82912, -0.01490
0.83030, -0.01483
0.83148, -0.01476
0.83266, -0.01469
0.83383, -0.01461
0.83500, -0.01454
0.83617, -0.01447
0.83733, -0.01440
0.83849, -0.01433
0.83965, -0.01426
0.84080, -0.01419
0.84195, -0.01412
0.84310, -0.01405
0.84424, -0.01398
0.84538, -0.01390
0.84652, -0.01383
0.84765, -0.01377
0.84878, -0.01370
0.84991, -0.01363
0.85103, -0.01356
0.85215, -0.01349
0.85327, -0.01342
0.85438, -0.01335
0.85549, -0.01328
0.85660, -0.01321
0.85770, -0.01314
0.85880, -0.01308
0.85989, -0.01301
0.86098, -0.01294
0.86207, -0.01287
0.86316, -0.01281
0.86424, -0.01274
0.86531, -0.01267
0.86639, -0.01260
0.86746, -0.01254
0.86852, -0.01247
0.86959, -0.01240
0.87065, -0.01234
0.87170, -0.01227
0.87275, -0.01221
0.87380, -0.01214
0.87485, -0.01208
0.87589, -0.01201
0.87692, -0.01195
0.87796, -0.01188
0.87899, -0.01182
0.88001, -0.01175
0.88103, -0.01169
0.88205, -0.01162
0.88307, -0.01156
0.88408, -0.01150
0.88508, -0.01143
0.88609, -0.01137
0.88709, -0.01131
0.88808, -0.01124
0.88907, -0.01118
0.89006, -0.01112
0.89105, -0.01106
0.89203, -0.01099
0.89300, -0.01093
0.89397, -0.01087
0.89494, -0.01081
0.89591, -0.01075
0.89687, -0.01069
0.89782, -0.01062
0.89878, -0.01056
0.89973, -0.01050
0.90067, -0.01044
0.90161, -0.01038
0.90255, -0.01032
0.90348, -0.01026
0.90441, -0.01020
0.90533, -0.01014
0.90626, -0.01009
0.90717, -0.01003
0.90809, -0.00997
0.90899, -0.00991
0.90990, -0.00985
0.91080, -0.00979
0.91170, -0.00974
0.91259, -0.00968
0.91348, -0.00962
0.91436, -0.00956
0.91524, -0.00951
0.91612, -0.00945
0.91699, -0.00939
0.91786, -0.00934
0.91872, -0.00928
0.91958, -0.00923
0.92044, -0.00917
0.92129, -0.00911
0.92213, -0.00906
0.92298, -0.00900
0.92382, -0.00895
0.92465, -0.00890
0.92548, -0.00884
0.92631, -0.00879
0.92713, -0.00873
0.92795, -0.00868
0.92876, -0.00863
0.92957, -0.00857
0.93037, -0.00852
0.93117, -0.00847
0.93197, -0.00842
0.93276, -0.00836
0.93355, -0.00831
0.93433, -0.00826
0.93511, -0.00821
0.93589, -0.00816
0.93666, -0.00811
0.93742, -0.00806
0.93818, -0.00801
0.93894, -0.00796
0.93969, -0.00791
0.94044, -0.00786
0.94119, -0.00781
0.94193, -0.00776
0.94266, -0.00771
0.94339, -0.00766
0.94412, -0.00761
0.94484, -0.00757
0.94556, -0.00752
0.94627, -0.00747
0.94698, -0.00742
0.94769, -0.00738
0.94839, -0.00733
0.94908, -0.00728
0.94977, -0.00724
0.95046, -0.00719
0.95114, -0.00714
0.95182, -0.00710
0.95249, -0.00705
0.95316, -0.00701
0.95383, -0.00696
0.95449, -0.00692
0.95514, -0.00688
0.95579, -0.00683
0.95644, -0.00679
0.95708, -0.00675
0.95772, -0.00670
0.95835, -0.00666
0.95898, -0.00662
0.95960, -0.00658
0.96022, -0.00653
0.96083, -0.00649
0.96144, -0.00645
0.96205, -0.00641
0.96265, -0.00637
0.96324, -0.00633
0.96383, -0.00629
0.96442, -0.00625
0.96500, -0.00621
0.96558, -0.00617
0.96615, -0.00613
0.96672, -0.00609
0.96728, -0.00605
0.96784, -0.00602
0.96840, -0.00598
0.96895, -0.00594
0.96949, -0.00590
0.97003, -0.00587
0.97057, -0.00583
0.97110, -0.00579
0.97162, -0.00576
0.97214, -0.00572
0.97266, -0.00569
0.97317, -0.00565
0.97368, -0.00562
0.97418, -0.00558
0.97468, -0.00555
0.97517, -0.00551
0.97566, -0.00548
0.97614, -0.00545
0.97662, -0.00541
0.97710, -0.00538
0.97757, -0.00535
0.97803, -0.00532
0.97849, -0.00528
0.97894, -0.00525
0.97939, -0.00522
0.97984, -0.00519
0.98028, -0.00516
0.98072, -0.00513
0.98115, -0.00510
0.98157, -0.00507
0.98199, -0.00504
0.98241, -0.00501
0.98282, -0.00498
0.98323, -0.00495
0.98363, -0.00493
0.98403, -0.00490
0.98442, -0.00487
0.98481, -0.00484
0.98519, -0.00482
0.98557, -0.00479
0.98594, -0.00477
0.98631, -0.00474
0.98668, -0.00471
0.98703, -0.00469
0.98739, -0.00466
0.98774, -0.00464
0.98808, -0.00462
0.98842, -0.00459
0.98875, -0.00457
0.98908, -0.00455
0.98941, -0.00452
0.98973, -0.00450
0.99004, -0.00448
0.99035, -0.00446
0.99066, -0.00444
0.99096, -0.00441
0.99125, -0.00439
0.99154, -0.00437
0.99183, -0.00435
0.99211, -0.00433
0.99238, -0.00431
0.99266, -0.00430
0.99292, -0.00428
0.99318, -0.00426
0.99344, -0.00424
0.99369, -0.00422
0.99393, -0.00420
0.99418, -0.00419
0.99441, -0.00417
0.99464, -0.00415
0.99487, -0.00414
0.99509, -0.00412
0.99531, -0.00411
0.99552, -0.00409
0.99573, -0.00408
0.99593, -0.00406
0.99612, -0.00405
0.99631, -0.00404
0.99650, -0.00402
0.99668, -0.00401
0.99686, -0.00400
0.99703, -0.00399
0.99720, -0.00397
0.99736, -0.00396
0.99752, -0.00395
0.99767, -0.00394
0.99782, -0.00393
0.99796, -0.00392
0.99810, -0.00391
0.99823, -0.00390
0.99836, -0.00389
0.99848, -0.00388
0.99859, -0.00387
0.99871, -0.00387
0.99881, -0.00386
0.99892, -0.00385
0.99901, -0.00385
0.99911, -0.00384
0.99919, -0.00383
0.99928, -0.00383
0.99935, -0.00382
0.99943, -0.00382
0.99949, -0.00381
0.99955, -0.00381
0.99961, -0.00380
0.99966, -0.00380
0.99971, -0.00380
0.99975, -0.00379
0.99979, -0.00379
0.99982, -0.00379
0.99985, -0.00379
0.99987, -0.00378
0.99989, -0.00378
0.99990, -0.00378
0.99987, -0.00378
0.99986, -0.00378
