=== Airfoil Parameters ===
m = 0.02
p = 0.4
t = 0.12

=== Control Points ===
0.00000, -0.00946, -0.00946
0.06667, -0.00333, -0.00944
0.13333, 0.00165, -0.00946
0.20000, 0.00536, -0.00964
0.26667, 0.00771, -0.01007
0.66667, 0.00526, -0.01079
0.75000, 0.00147, -0.01173
0.83333, -0.00315, -0.01272
0.91667, -0.00839, -0.01356
1.00000, -0.01404, -0.01404

=== Upper Surface ===
0.00000, -0.00946
-0.00004, -0.00919
-0.00005, -0.00891
-0.00006, -0.00863
-0.00007, -0.00835
-0.00008, -0.00807
-0.00008, -0.00779
-0.00007, -0.00751
-0.00006, -0.00723
-0.00005, -0.00695
-0.00003, -0.00667
-0.00001, -0.00639
0.00002, -0.00611
0.00006, -0.00583
0.00010, -0.00555
0.00014, -0.00527
0.00019, -0.00499
0.00025, -0.00471
0.00030, -0.00443
0.00037, -0.00415
0.00044, -0.00387
0.00051, -0.00358
0.00059, -0.00330
0.00068, -0.00302
0.00077, -0.00274
0.00086, -0.00246
0.00096, -0.00218
0.00106, -0.00190
0.00117, -0.00161
0.00129, -0.00133
0.00141, -0.00105
0.00153, -0.00077
0.00166, -0.00049
0.00179, -0.00020
0.00193, 0.00008
0.00208, 0.00036
0.00223, 0.00064
0.00238, 0.00093
0.00254, 0.00121
0.00270, 0.00149
0.00287, 0.00177
0.00305, 0.00206
0.00323, 0.00234
0.00341, 0.00262
0.00360, 0.00290
0.00379, 0.00319
0.00399, 0.00347
0.00420, 0.00375
0.00441, 0.00404
0.00462, 0.00432
0.00484, 0.00460
0.00506, 0.00489
0.00529, 0.00517
0.00553, 0.00545
0.00576, 0.00573
0.00601, 0.00602
0.00626, 0.00630
0.00651, 0.00658
0.00677, 0.00687
0.00703, 0.00715
0.00730, 0.00743
0.00758, 0.00772
0.00785, 0.00800
0.00814, 0.00828
0.00843, 0.00857
0.00872, 0.00885
0.00902, 0.00913
0.00932, 0.00942
0.00963, 0.00970
0.00994, 0.00998
0.01026, 0.01027
0.01058, 0.01055
0.01091, 0.01083
0.01124, 0.01112
0.01158, 0.01140
0.01192, 0.01168
0.01227, 0.01197
0.01263, 0.01225
0.01298, 0.01253
0.01335, 0.01281
0.01371, 0.01310
0.01408, 0.01338
0.01446, 0.01366
0.01484, 0.01394
0.01523, 0.01423
0.01562, 0.01451
0.01602, 0.01479
0.01642, 0.01507
0.01683, 0.01535
0.01724, 0.01564
0.01766, 0.01592
0.01808, 0.01620
0.01850, 0.01648
0.01893, 0.01676
0.01937, 0.01704
0.01981, 0.01732
0.02026, 0.01760
0.02071, 0.01789
0.02116, 0.01817
0.02162, 0.01845
0.02209, 0.01873
0.02256, 0.01901
0.02303, 0.01929
0.02351, 0.01957
0.02400, 0.01985
0.02448, 0.02012
0.02498, 0.02040
0.02548, 0.02068
0.02598, 0.02096
0.02649, 0.02124
0.02700, 0.02152
0.02752, 0.02180
0.02804, 0.02207
0.02857, 0.02235
0.02910, 0.02263
0.02964, 0.02291
0.03018, 0.02318
0.03073, 0.02346
0.03128, 0.02374
0.03184, 0.02401
0.03240, 0.02429
0.03296, 0.02456
0.03354, 0.02484
0.03411, 0.02511
0.03469, 0.02539
0.03528, 0.02566
0.03586, 0.02594
0.03646, 0.02621
0.03706, 0.02648
0.03766, 0.02676
0.03827, 0.02703
0.03888, 0.02730
0.03950, 0.02757
0.04012, 0.02785
0.04075, 0.02812
0.04138, 0.02839
0.04202, 0.02866
0.04266, 0.02893
0.04331, 0.02920
0.04396, 0.02947
0.04461, 0.02974
0.04527, 0.03001
0.04594, 0.03027
0.04661, 0.03054
0.04728, 0.03081
0.04796, 0.03108
0.04864, 0.03134
0.04933, 0.03161
0.05002, 0.03188
0.05072, 0.03214
0.05142, 0.03241
0.05212, 0.03267
0.05283, 0.03293
0.05355, 0.03320
0.05427, 0.03346
0.05499, 0.03372
0.05572, 0.03399
0.05646, 0.03425
0.05719, 0.03451
0.05794, 0.03477
0.05868, 0.03503
0.05943, 0.03529
0.06019, 0.03555
0.06095, 0.03581
0.06172, 0.03606
0.06249, 0.03632
0.06326, 0.03658
0.06404, 0.03683
0.06482, 0.03709
0.06561, 0.03734
0.06640, 0.03760
0.06720, 0.03785
0.06800, 0.03811
0.06880, 0.03836
0.06961, 0.03861
0.07043, 0.03886
0.07124, 0.03911
0.07207, 0.03936
0.07289, 0.03961
0.07373, 0.03986
0.07456, 0.04011
0.07540, 0.04036
0.07625, 0.04061
0.07710, 0.04085
0.07795, 0.04110
0.07881, 0.04134
0.07967, 0.04159
0.08054, 0.04183
0.08141, 0.04208
0.08228, 0.04232
0.08316, 0.04256
0.08405, 0.04280
0.08493, 0.04304
0.08583, 0.04328
0.08672, 0.04352
0.08762, 0.04376
0.08853, 0.04399
0.08944, 0.04423
0.09035, 0.04447
0.09127, 0.04470
0.09219, 0.04494
0.09312, 0.04517
0.09405, 0.04540
0.09498, 0.04563
0.09592, 0.04586
0.09686, 0.04609
0.09781, 0.04632
0.09876, 0.04655
0.09971, 0.04678
0.10067, 0.04701
0.10164, 0.04723
0.10261, 0.04746
0.10358, 0.04768
0.10455, 0.04791
0.10553, 0.04813
0.10652, 0.04835
0.10750, 0.04857
0.10850, 0.04879
0.10949, 0.04901
0.11049, 0.04923
0.11150, 0.04945
0.11250, 0.04966
0.11352, 0.04988
0.11453, 0.05009
0.11555, 0.05031
0.11658, 0.05052
0.11761, 0.05073
0.11864, 0.05094
0.11967, 0.05115
0.12071, 0.05136
0.12176, 0.05157
0.12280, 0.05178
0.12386, 0.05198
0.12491, 0.05219
0.12597, 0.05239
0.12703, 0.05259
0.12810, 0.05280
0.12917, 0.05300
0.13025, 0.05320
0.13133, 0.05340
0.13241, 0.05360
0.13350, 0.05379
0.13459, 0.05399
0.13568, 0.05418
0.13678, 0.05438
0.13788, 0.05457
0.13899, 0.05476
0.14009, 0.05495
0.14121, 0.05514
0.14232, 0.05533
0.14345, 0.05552
0.14457, 0.05570
0.14570, 0.05589
0.14683, 0.05607
0.14797, 0.05626
0.14910, 0.05644
0.15025, 0.05662
0.15139, 0.05680
0.15254, 0.05698
0.15370, 0.05715
0.15486, 0.05733
0.15602, 0.05750
0.15718, 0.05768
0.15835, 0.05785
0.15952, 0.05802
0.16070, 0.05819
0.16188, 0.05836
0.16306, 0.05853
0.16425, 0.05869
0.16544, 0.05886
0.16663, 0.05902
0.16783, 0.05919
0.16903, 0.05935
0.17024, 0.05951
0.17144, 0.05967
0.17265, 0.05982
0.17387, 0.05998
0.17509, 0.06013
0.17631, 0.06029
0.17753, 0.06044
0.17876, 0.06059
0.18000, 0.06074
0.18123, 0.06089
0.18247, 0.06104
0.18371, 0.06118
0.18496, 0.06133
0.18621, 0.06147
0.18746, 0.06161
0.18871, 0.06175
0.18997, 0.06189
0.19124, 0.06203
0.19250, 0.06217
0.19377, 0.06230
0.19504, 0.06243
0.19632, 0.06257
0.19760, 0.06270
0.19888, 0.06282
0.20016, 0.06295
0.20145, 0.06308
0.20274, 0.06320
0.20403, 0.06333
0.20533, 0.06345
0.20663, 0.06357
0.20793, 0.06369
0.20923, 0.06381
0.21054, 0.06392
0.21185, 0.06404
0.21316, 0.06415
0.21448, 0.06426
0.21579, 0.06437
0.21711, 0.06448
0.21844, 0.06459
0.21976, 0.06470
0.22109, 0.06480
0.22242, 0.06490
0.22375, 0.06501
0.22509, 0.06511
0.22643, 0.06521
0.22777, 0.06530
0.22911, 0.06540
0.23046, 0.06549
0.23181, 0.06559
0.23316, 0.06568
0.23451, 0.06577
0.23587, 0.06586
0.23723, 0.06595
0.23859, 0.06604
0.23995, 0.06612
0.24132, 0.06621
0.24268, 0.06629
0.24405, 0.06637
0.24543, 0.06645
0.24680, 0.06653
0.24818, 0.06661
0.24956, 0.06668
0.25094, 0.06676
0.25232, 0.06683
0.25371, 0.06690
0.25509, 0.06697
0.25648, 0.06704
0.25788, 0.06711
0.25927, 0.06718
0.26067, 0.06724
0.26207, 0.06731
0.26347, 0.06737
0.26487, 0.06743
0.26628, 0.06749
0.26768, 0.06755
0.26909, 0.06761
0.27051, 0.06767
0.27192, 0.06772
0.27334, 0.06778
0.27476, 0.06783
0.27618, 0.06788
0.27760, 0.06793
0.27903, 0.06798
0.28045, 0.06803
0.28188, 0.06808
0.28332, 0.06812
0.28475, 0.06817
0.28619, 0.06821
0.28763, 0.06825
0.28907, 0.06829
0.29051, 0.06833
0.29196, 0.06837
0.29340, 0.06841
0.29485, 0.06844
0.29630, 0.06848
0.29776, 0.06851
0.29921, 0.06854
0.30067, 0.06857
0.30213, 0.06860
0.30359, 0.06863
0.30505, 0.06866
0.30652, 0.06868
0.30799, 0.06871
0.30946, 0.06873
0.31093, 0.06875
0.31240, 0.06877
0.31388, 0.06879
0.31535, 0.06881
0.31683, 0.06883
0.31831, 0.06884
0.31979, 0.06886
0.32128, 0.06887
0.32276, 0.06888
0.32425, 0.06889
0.32574, 0.06890
0.32722, 0.06891
0.32870, 0.06892
0.33018, 0.06892
0.33166, 0.06893
0.33313, 0.06893
0.33461, 0.06894
0.33608, 0.06894
0.33756, 0.06894
0.33904, 0.06894
0.34052, 0.06895
0.34200, 0.06895
0.34349, 0.06895
0.34497, 0.06895
0.34646, 0.06895
0.34795, 0.06894
0.34944, 0.06894
0.35093, 0.06894
0.35243, 0.06894
0.35392, 0.06893
0.35542, 0.06893
0.35692, 0.06892
0.35842, 0.06892
0.35993, 0.06891
0.36143, 0.06890
0.36294, 0.06890
0.36445, 0.06889
0.36596, 0.06888
0.36747, 0.06887
0.36898, 0.06886
0.37050, 0.06885
0.37201, 0.06884
0.37353, 0.06883
0.37505, 0.06881
0.37657, 0.06880
0.37810, 0.06879
0.37962, 0.06877
0.38114, 0.06875
0.38267, 0.06874
0.38420, 0.06872
0.38573, 0.06870
0.38726, 0.06869
0.38879, 0.06867
0.39033, 0.06865
0.39186, 0.06863
0.39340, 0.06861
0.39494, 0.06858
0.39647, 0.06856
0.39801, 0.06854
0.39956, 0.06851
0.40110, 0.06849
0.40264, 0.06846
0.40419, 0.06844
0.40573, 0.06841
0.40728, 0.06838
0.40883, 0.06836
0.41038, 0.06833
0.41193, 0.06830
0.41348, 0.06827
0.41504, 0.06824
0.41659, 0.06820
0.41814, 0.06817
0.41970, 0.06814
0.42126, 0.06810
0.42282, 0.06807
0.42437, 0.06803
0.42593, 0.06799
0.42750, 0.06796
0.42906, 0.06792
0.43062, 0.06788
0.43218, 0.06784
0.43375, 0.06780
0.43531, 0.06776
0.43688, 0.06772
0.43844, 0.06767
0.44001, 0.06763
0.44158, 0.06759
0.44315, 0.06754
0.44472, 0.06749
0.44629, 0.06745
0.44786, 0.06740
0.44943, 0.06735
0.45100, 0.06730
0.45258, 0.06725
0.45415, 0.06720
0.45573, 0.06715
0.45730, 0.06710
0.45888, 0.06704
0.46045, 0.06699
0.46203, 0.06693
0.46360, 0.06688
0.46518, 0.06682
0.46676, 0.06676
0.46834, 0.06671
0.46992, 0.06665
0.47150, 0.06659
0.47308, 0.06653
0.47466, 0.06646
0.47624, 0.06640
0.47782, 0.06634
0.47940, 0.06628
0.48098, 0.06621
0.48256, 0.06614
0.48414, 0.06608
0.48572, 0.06601
0.48731, 0.06594
0.48889, 0.06587
0.49047, 0.06580
0.49205, 0.06573
0.49364, 0.06566
0.49522, 0.06559
0.49680, 0.06552
0.49839, 0.06544
0.49997, 0.06537
0.50156, 0.06529
0.50314, 0.06522
0.50472, 0.06514
0.50631, 0.06506
0.50789, 0.06498
0.50948, 0.06490
0.51106, 0.06482
0.51264, 0.06474
0.51423, 0.06466
0.51581, 0.06458
0.51740, 0.06449
0.51898, 0.06441
0.52056, 0.06432
0.52215, 0.06424
0.52373, 0.06415
0.52531, 0.06406
0.52690, 0.06397
0.52848, 0.06388
0.53006, 0.06379
0.53164, 0.06370
0.53323, 0.06361
0.53481, 0.06351
0.53639, 0.06342
0.53797, 0.06332
0.53955, 0.06323
0.54113, 0.06313
0.54271, 0.06303
0.54429, 0.06294
0.54587, 0.06284
0.54745, 0.06274
0.54903, 0.06264
0.55061, 0.06253
0.55219, 0.06243
0.55377, 0.06233
0.55535, 0.06222
0.55692, 0.06212
0.55850, 0.06201
0.56008, 0.06191
0.56165, 0.06180
0.56323, 0.06169
0.56480, 0.06158
0.56638, 0.06147
0.56795, 0.06136
0.56952, 0.06125
0.57110, 0.06113
0.57267, 0.06102
0.57424, 0.06090
0.57581, 0.06079
0.57738, 0.06067
0.57895, 0.06056
0.58052, 0.06044
0.58208, 0.06032
0.58365, 0.06020
0.58522, 0.06008
0.58678, 0.05995
0.58835, 0.05983
0.58991, 0.05971
0.59148, 0.05958
0.59304, 0.05946
0.59460, 0.05933
0.59616, 0.05920
0.59772, 0.05908
0.59928, 0.05895
0.60084, 0.05882
0.60240, 0.05868
0.60395, 0.05855
0.60551, 0.05842
0.60706, 0.05829
0.60862, 0.05815
0.61017, 0.05802
0.61172, 0.05788
0.61327, 0.05774
0.61482, 0.05760
0.61637, 0.05746
0.61792, 0.05732
0.61946, 0.05718
0.62101, 0.05704
0.62255, 0.05690
0.62410, 0.05675
0.62564, 0.05661
0.62718, 0.05646
0.62872, 0.05631
0.63026, 0.05616
0.63179, 0.05601
0.63333, 0.05586
0.63486, 0.05571
0.63640, 0.05556
0.63793, 0.05541
0.63946, 0.05525
0.64099, 0.05510
0.64252, 0.05494
0.64404, 0.05479
0.64557, 0.05463
0.64709, 0.05447
0.64862, 0.05431
0.65019, 0.05415
0.65192, 0.05398
0.65424, 0.05377
0.65814, 0.05336
0.66484, 0.05212
0.67396, 0.04885
0.68227, 0.04380
0.68723, 0.03950
0.68870, 0.03789
0.68675, 0.03926
0.68162, 0.04217
0.67575, 0.04419
0.67222, 0.04475
0.67139, 0.04471
0.67209, 0.04454
0.67337, 0.04435
0.67481, 0.04416
0.67628, 0.04396
0.67776, 0.04376
0.67923, 0.04356
0.68071, 0.04336
0.68218, 0.04316
0.68364, 0.04296
0.68511, 0.04276
0.68657, 0.04256
0.68804, 0.04236
0.68950, 0.04216
0.69096, 0.04196
0.69241, 0.04176
0.69387, 0.04155
0.69532, 0.04135
0.69677, 0.04115
0.69822, 0.04094
0.69967, 0.04074
0.70111, 0.04054
0.70255, 0.04033
0.70399, 0.04013
0.70543, 0.03992
0.70687, 0.03972
0.70830, 0.03951
0.70973, 0.03930
0.71116, 0.03910
0.71259, 0.03889
0.71401, 0.03868
0.71544, 0.03848
0.71686, 0.03827
0.71827, 0.03806
0.71969, 0.03785
0.72110, 0.03765
0.72252, 0.03744
0.72392, 0.03723
0.72533, 0.03702
0.72674, 0.03681
0.72814, 0.03660
0.72954, 0.03640
0.73094, 0.03619
0.73233, 0.03598
0.73372, 0.03577
0.73511, 0.03556
0.73650, 0.03535
0.73789, 0.03514
0.73927, 0.03493
0.74065, 0.03472
0.74203, 0.03451
0.74341, 0.03430
0.74478, 0.03408
0.74615, 0.03387
0.74752, 0.03366
0.74888, 0.03345
0.75025, 0.03324
0.75161, 0.03303
0.75297, 0.03282
0.75432, 0.03261
0.75568, 0.03240
0.75703, 0.03218
0.75837, 0.03197
0.75972, 0.03176
0.76106, 0.03155
0.76240, 0.03134
0.76374, 0.03113
0.76507, 0.03091
0.76641, 0.03070
0.76774, 0.03049
0.76906, 0.03028
0.77039, 0.03007
0.77171, 0.02985
0.77303, 0.02964
0.77434, 0.02943
0.77565, 0.02922
0.77696, 0.02901
0.77827, 0.02880
0.77958, 0.02858
0.78088, 0.02837
0.78218, 0.02816
0.78347, 0.02795
0.78477, 0.02774
0.78606, 0.02753
0.78735, 0.02732
0.78863, 0.02710
0.78991, 0.02689
0.79119, 0.02668
0.79247, 0.02647
0.79374, 0.02626
0.79501, 0.02605
0.79628, 0.02584
0.79754, 0.02563
0.79880, 0.02542
0.80006, 0.02521
0.80132, 0.02500
0.80257, 0.02479
0.80382, 0.02458
0.80506, 0.02437
0.80631, 0.02416
0.80755, 0.02395
0.80878, 0.02374
0.81002, 0.02353
0.81125, 0.02332
0.81248, 0.02311
0.81370, 0.02290
0.81492, 0.02269
0.81614, 0.02248
0.81736, 0.02228
0.81857, 0.02207
0.81978, 0.02186
0.82098, 0.02165
0.82218, 0.02145
0.82338, 0.02124
0.82458, 0.02103
0.82577, 0.02083
0.82696, 0.02062
0.82815, 0.02041
0.82933, 0.02021
0.83051, 0.02000
0.83169, 0.01980
0.83286, 0.01959
0.83403, 0.01939
0.83520, 0.01918
0.83636, 0.01898
0.83752, 0.01877
0.83867, 0.01857
0.83983, 0.01836
0.84098, 0.01816
0.84212, 0.01796
0.84327, 0.01776
0.84441, 0.01755
0.84554, 0.01735
0.84667, 0.01715
0.84780, 0.01695
0.84893, 0.01675
0.85005, 0.01655
0.85117, 0.01635
0.85229, 0.01615
0.85340, 0.01595
0.85451, 0.01575
0.85561, 0.01555
0.85671, 0.01535
0.85781, 0.01515
0.85890, 0.01495
0.85999, 0.01475
0.86108, 0.01456
0.86216, 0.01436
0.86324, 0.01416
0.86432, 0.01397
0.86539, 0.01377
0.86646, 0.01358
0.86753, 0.01338
0.86859, 0.01319
0.86965, 0.01299
0.87070, 0.01280
0.87175, 0.01261
0.87280, 0.01241
0.87384, 0.01222
0.87488, 0.01203
0.87592, 0.01184
0.87695, 0.01165
0.87798, 0.01146
0.87900, 0.01127
0.88003, 0.01108
0.88104, 0.01089
0.88206, 0.01070
0.88307, 0.01051
0.88407, 0.01032
0.88507, 0.01014
0.88607, 0.00995
0.88707, 0.00976
0.88806, 0.00958
0.88905, 0.00939
0.89003, 0.00921
0.89101, 0.00903
0.89198, 0.00884
0.89295, 0.00866
0.89392, 0.00848
0.89489, 0.00829
0.89585, 0.00811
0.89680, 0.00793
0.89775, 0.00775
0.89870, 0.00757
0.89965, 0.00739
0.90059, 0.00721
0.90152, 0.00703
0.90245, 0.00686
0.90338, 0.00668
0.90431, 0.00650
0.90523, 0.00633
0.90614, 0.00615
0.90706, 0.00598
0.90796, 0.00580
0.90887, 0.00563
0.90977, 0.00546
0.91066, 0.00528
0.91156, 0.00511
0.91244, 0.00494
0.91333, 0.00477
0.91421, 0.00460
0.91508, 0.00443
0.91596, 0.00426
0.91682, 0.00409
0.91769, 0.00393
0.91855, 0.00376
0.91940, 0.00359
0.92025, 0.00343
0.92110, 0.00326
0.92194, 0.00310
0.92278, 0.00294
0.92362, 0.00277
0.92445, 0.00261
0.92527, 0.00245
0.92610, 0.00229
0.92691, 0.00213
0.92773, 0.00197
0.92854, 0.00181
0.92934, 0.00165
0.93014, 0.00149
0.93094, 0.00134
0.93173, 0.00118
0.93252, 0.00103
0.93331, 0.00087
0.93409, 0.00072
0.93486, 0.00056
0.93563, 0.00041
0.93640, 0.00026
0.93716, 0.00011
0.93792, -0.00004
0.93868, -0.00019
0.93942, -0.00034
0.94017, -0.00049
0.94091, -0.00063
0.94165, -0.00078
0.94238, -0.00093
0.94311, -0.00107
0.94383, -0.00122
0.94455, -0.00136
0.94527, -0.00150
0.94598, -0.00165
0.94668, -0.00179
0.94739, -0.00193
0.94808, -0.00207
0.94878, -0.00221
0.94947, -0.00234
0.95015, -0.00248
0.95083, -0.00262
0.95151, -0.00275
0.95218, -0.00289
0.95284, -0.00302
0.95351, -0.00316
0.95416, -0.00329
0.95482, -0.00342
0.95546, -0.00355
0.95611, -0.00368
0.95675, -0.00381
0.95738, -0.00394
0.95802, -0.00407
0.95864, -0.00420
0.95926, -0.00432
0.95988, -0.00445
0.96049, -0.00457
0.96110, -0.00469
0.96171, -0.00482
0.96230, -0.00494
0.96290, -0.00506
0.96349, -0.00518
0.96408, -0.00530
0.96466, -0.00542
0.96523, -0.00554
0.96580, -0.00565
0.96637, -0.00577
0.96694, -0.00588
0.96749, -0.00600
0.96805, -0.00611
0.96860, -0.00622
0.96914, -0.00634
0.96968, -0.00645
0.97022, -0.00656
0.97075, -0.00666
0.97127, -0.00677
0.97179, -0.00688
0.97231, -0.00699
0.97282, -0.00709
0.97333, -0.00720
0.97383, -0.00730
0.97433, -0.00740
0.97482, -0.00750
0.97531, -0.00760
0.97580, -0.00770
0.97628, -0.00780
0.97675, -0.00790
0.97722, -0.00800
0.97769, -0.00809
0.97815, -0.00819
0.97861, -0.00828
0.97906, -0.00838
0.97950, -0.00847
0.97995, -0.00856
0.98038, -0.00865
0.98082, -0.00874
0.98124, -0.00883
0.98167, -0.00892
0.98209, -0.00901
0.98250, -0.00909
0.98291, -0.00918
0.98331, -0.00926
0.98371, -0.00934
0.98411, -0.00943
0.98450, -0.00951
0.98488, -0.00959
0.98526, -0.00967
0.98564, -0.00974
0.98601, -0.00982
0.98638, -0.00990
0.98674, -0.00997
0.98710, -0.01005
0.98745, -0.01012
0.98779, -0.01019
0.98814, -0.01027
0.98847, -0.01034
0.98881, -0.01041
0.98914, -0.01047
0.98946, -0.01054
0.98978, -0.01061
0.99009, -0.01067
0.99040, -0.01074
0.99070, -0.01080
0.99100, -0.01087
0.99130, -0.01093
0.99159, -0.01099
0.99187, -0.01105
0.99215, -0.01111
0.99243, -0.01116
0.99270, -0.01122
0.99296, -0.01128
0.99323, -0.01133
0.99348, -0.01139
0.99373, -0.01144
0.99398, -0.01149
0.99422, -0.01154
0.99446, -0.01159
0.99469, -0.01164
0.99492, -0.01169
0.99514, -0.01173
0.99535, -0.01178
0.99557, -0.01182
0.99577, -0.01187
0.99598, -0.01191
0.99617, -0.01195
0.99637, -0.01199
0.99656, -0.01203
0.99674, -0.01207
0.99692, -0.01211
0.99709, -0.01214
0.99726, -0.01218
0.99742, -0.01221
0.99758, -0.01225
0.99774, -0.01228
0.99789, -0.01231
0.99803, -0.01234
0.99817, -0.01237
0.99830, -0.01240
0.99843, -0.01243
0.99856, -0.01245
0.99868, -0.01248
0.99879, -0.01250
0.99890, -0.01253
0.99901, -0.01255
0.99911, -0.01257
0.99920, -0.01259
0.99929, -0.01261
0.99938, -0.01263
0.99946, -0.01265
0.99954, -0.01266
0.99961, -0.01268
0.99967, -0.01269
0.99973, -0.01270
0.99979, -0.01271
0.99984, -0.01273
0.99989, -0.01274
0.99993, -0.01274
0.99997, -0.01275
1.00000, -0.01276
1.00003, -0.01276
1.00005, -0.01277
1.00007, -0.01277
1.00009, -0.01278
1.00013, -0.01278
1.00015, -0.01278

=== Lower Surface ===
0.00000, -0.00946
0.00005, -0.00974
0.00007, -0.01002
0.00011, -0.01030
0.00015, -0.01057
0.00020, -0.01085
0.00026, -0.01112
0.00032, -0.01139
0.00038, -0.01166
0.00045, -0.01194
0.00052, -0.01221
0.00060, -0.01248
0.00069, -0.01274
0.00078, -0.01301
0.00087, -0.01328
0.00097, -0.01355
0.00107, -0.01381
0.00118, -0.01408
0.00130, -0.01434
0.00142, -0.01460
0.00154, -0.01486
0.00167, -0.01512
0.00180, -0.01538
0.00194, -0.01564
0.00208, -0.01590
0.00223, -0.01616
0.00238, -0.01641
0.00254, -0.01667
0.00270, -0.01692
0.00287, -0.01718
0.00304, -0.01743
0.00322, -0.01768
0.00340, -0.01793
0.00359, -0.01818
0.00378, -0.01843
0.00397, -0.01868
0.00418, -0.01893
0.00438, -0.01918
0.00459, -0.01942
0.00481, -0.01967
0.00503, -0.01991
0.00525, -0.02015
0.00548, -0.02039
0.00572, -0.02064
0.00596, -0.02088
0.00620, -0.02112
0.00645, -0.02135
0.00671, -0.02159
0.00697, -0.02183
0.00723, -0.02206
0.00750, -0.02230
0.00777, -0.02253
0.00805, -0.02277
0.00833, -0.02300
0.00862, -0.02323
0.00891, -0.02346
0.00921, -0.02369
0.00951, -0.02392
0.00982, -0.02415
0.01013, -0.02437
0.01045, -0.02460
0.01077, -0.02482
0.01109, -0.02505
0.01142, -0.02527
0.01176, -0.02549
0.01210, -0.02571
0.01244, -0.02593
0.01279, -0.02615
0.01315, -0.02637
0.01351, -0.02659
0.01387, -0.02681
0.01424, -0.02702
0.01461, -0.02724
0.01499, -0.02745
0.01537, -0.02766
0.01576, -0.02788
0.01615, -0.02809
0.01655, -0.02830
0.01695, -0.02851
0.01736, -0.02872
0.01777, -0.02892
0.01818, -0.02913
0.01860, -0.02934
0.01903, -0.02954
0.01946, -0.02974
0.01989, -0.02995
0.02033, -0.03015
0.02077, -0.03035
0.02122, -0.03055
0.02167, -0.03075
0.02213, -0.03095
0.02259, -0.03115
0.02306, -0.03134
0.02353, -0.03154
0.02400, -0.03173
0.02448, -0.03192
0.02497, -0.03212
0.02546, -0.03231
0.02595, -0.03250
0.02645, -0.03269
0.02695, -0.03288
0.02746, -0.03307
0.02797, -0.03325
0.02849, -0.03344
0.02901, -0.03362
0.02954, -0.03381
0.03007, -0.03399
0.03060, -0.03417
0.03114, -0.03436
0.03169, -0.03454
0.03223, -0.03472
0.03279, -0.03489
0.03334, -0.03507
0.03391, -0.03525
0.03447, -0.03542
0.03504, -0.03560
0.03562, -0.03577
0.03620, -0.03594
0.03678, -0.03612
0.03737, -0.03629
0.03796, -0.03646
0.03856, -0.03663
0.03916, -0.03679
0.03977, -0.03696
0.04038, -0.03713
0.04100, -0.03729
0.04162, -0.03746
0.04224, -0.03762
0.04287, -0.03778
0.04350, -0.03794
0.04414, -0.03810
0.04478, -0.03826
0.04543, -0.03842
0.04608, -0.03858
0.04673, -0.03874
0.04739, -0.03889
0.04805, -0.03905
0.04872, -0.03920
0.04939, -0.03935
0.05007, -0.03951
0.05075, -0.03966
0.05143, -0.03981
0.05212, -0.03996
0.05282, -0.04010
0.05351, -0.04025
0.05422, -0.04040
0.05492, -0.04054
0.05563, -0.04069
0.05635, -0.04083
0.05707, -0.04097
0.05779, -0.04111
0.05852, -0.04125
0.05925, -0.04139
0.05998, -0.04153
0.06072, -0.04167
0.06147, -0.04181
0.06222, -0.04194
0.06297, -0.04208
0.06373, -0.04221
0.06449, -0.04234
0.06525, -0.04247
0.06602, -0.04260
0.06679, -0.04273
0.06757, -0.04286
0.06835, -0.04299
0.06914, -0.04312
0.06993, -0.04324
0.07072, -0.04337
0.07152, -0.04349
0.07232, -0.04362
0.07313, -0.04374
0.07394, -0.04386
0.07475, -0.04398
0.07557, -0.04410
0.07639, -0.04422
0.07722, -0.04434
0.07805, -0.04445
0.07889, -0.04457
0.07972, -0.04468
0.08057, -0.04480
0.08141, -0.04491
0.08226, -0.04502
0.08312, -0.04513
0.08398, -0.04524
0.08484, -0.04535
0.08570, -0.04546
0.08657, -0.04556
0.08745, -0.04567
0.08833, -0.04578
0.08921, -0.04588
0.09009, -0.04598
0.09098, -0.04609
0.09188, -0.04619
0.09277, -0.04629
0.09368, -0.04639
0.09458, -0.04649
0.09549, -0.04658
0.09640, -0.04668
0.09732, -0.04678
0.09824, -0.04687
0.09916, -0.04696
0.10009, -0.04706
0.10102, -0.04715
0.10196, -0.04724
0.10290, -0.04733
0.10384, -0.04742
0.10479, -0.04751
0.10574, -0.04759
0.10669, -0.04768
0.10765, -0.04777
0.10861, -0.04785
0.10958, -0.04794
0.11055, -0.04802
0.11152, -0.04810
0.11250, -0.04818
0.11348, -0.04826
0.11446, -0.04834
0.11545, -0.04842
0.11644, -0.04850
0.11743, -0.04857
0.11843, -0.04865
0.11943, -0.04872
0.12044, -0.04880
0.12145, -0.04887
0.12246, -0.04894
0.12348, -0.04901
0.12450, -0.04908
0.12552, -0.04915
0.12655, -0.04922
0.12758, -0.04929
0.12861, -0.04935
0.12965, -0.04942
0.13069, -0.04948
0.13173, -0.04955
0.13278, -0.04961
0.13383, -0.04967
0.13489, -0.04974
0.13594, -0.04980
0.13701, -0.04986
0.13807, -0.04991
0.13914, -0.04997
0.14021, -0.05003
0.14129, -0.05009
0.14236, -0.05014
0.14345, -0.05020
0.14453, -0.05025
0.14562, -0.05030
0.14671, -0.05035
0.14780, -0.05041
0.14890, -0.05046
0.15000, -0.05051
0.15111, -0.05055
0.15222, -0.05060
0.15333, -0.05065
0.15444, -0.05070
0.15556, -0.05074
0.15668, -0.05079
0.15780, -0.05083
0.15893, -0.05087
0.16006, -0.05091
0.16119, -0.05096
0.16233, -0.05100
0.16347, -0.05104
0.16461, -0.05108
0.16576, -0.05111
0.16690, -0.05115
0.16806, -0.05119
0.16921, -0.05123
0.17037, -0.05126
0.17153, -0.05130
0.17269, -0.05133
0.17386, -0.05136
0.17503, -0.05140
0.17620, -0.05143
0.17738, -0.05146
0.17855, -0.05149
0.17974, -0.05152
0.18092, -0.05155
0.18211, -0.05158
0.18330, -0.05160
0.18449, -0.05163
0.18569, -0.05166
0.18689, -0.05168
0.18809, -0.05171
0.18929, -0.05173
0.19050, -0.05176
0.19171, -0.05178
0.19292, -0.05180
0.19414, -0.05182
0.19536, -0.05184
0.19658, -0.05187
0.19780, -0.05189
0.19903, -0.05190
0.20026, -0.05192
0.20149, -0.05194
0.20273, -0.05196
0.20396, -0.05198
0.20521, -0.05199
0.20645, -0.05201
0.20770, -0.05202
0.20895, -0.05204
0.21020, -0.05205
0.21146, -0.05206
0.21271, -0.05208
0.21398, -0.05209
0.21524, -0.05210
0.21651, -0.05211
0.21778, -0.05212
0.21905, -0.05213
0.22033, -0.05214
0.22161, -0.05215
0.22289, -0.05216
0.22418, -0.05216
0.22547, -0.05217
0.22676, -0.05218
0.22805, -0.05218
0.22935, -0.05218
0.23065, -0.05219
0.23195, -0.05219
0.23326, -0.05219
0.23456, -0.05220
0.23587, -0.05220
0.23719, -0.05220
0.23851, -0.05220
0.23982, -0.05220
0.24115, -0.05220
0.24247, -0.05220
0.24380, -0.05219
0.24513, -0.05219
0.24646, -0.05219
0.24780, -0.05218
0.24914, -0.05218
0.25048, -0.05217
0.25182, -0.05216
0.25317, -0.05216
0.25452, -0.05215
0.25587, -0.05214
0.25723, -0.05213
0.25858, -0.05212
0.25994, -0.05211
0.26131, -0.05210
0.26267, -0.05209
0.26404, -0.05207
0.26541, -0.05206
0.26678, -0.05205
0.26816, -0.05203
0.26954, -0.05201
0.27092, -0.05200
0.27230, -0.05198
0.27368, -0.05196
0.27507, -0.05194
0.27646, -0.05193
0.27785, -0.05191
0.27924, -0.05189
0.28064, -0.05186
0.28204, -0.05184
0.28344, -0.05182
0.28484, -0.05180
0.28624, -0.05177
0.28765, -0.05175
0.28906, -0.05172
0.29047, -0.05170
0.29188, -0.05167
0.29329, -0.05164
0.29471, -0.05161
0.29613, -0.05159
0.29755, -0.05156
0.29897, -0.05153
0.30040, -0.05150
0.30182, -0.05146
0.30325, -0.05143
0.30468, -0.05140
0.30611, -0.05137
0.30755, -0.05133
0.30898, -0.05130
0.31042, -0.05126
0.31186, -0.05123
0.31330, -0.05119
0.31474, -0.05116
0.31619, -0.05112
0.31763, -0.05108
0.31908, -0.05104
0.32053, -0.05100
0.32198, -0.05096
0.32344, -0.05092
0.32489, -0.05088
0.32635, -0.05084
0.32781, -0.05080
0.32928, -0.05076
0.33075, -0.05071
0.33223, -0.05067
0.33372, -0.05062
0.33521, -0.05058
0.33670, -0.05053
0.33820, -0.05048
0.33970, -0.05043
0.34120, -0.05038
0.34270, -0.05032
0.34420, -0.05027
0.34570, -0.05022
0.34721, -0.05016
0.34871, -0.05010
0.35022, -0.05004
0.35173, -0.04998
0.35324, -0.04992
0.35475, -0.04986
0.35626, -0.04980
0.35777, -0.04974
0.35929, -0.04967
0.36080, -0.04960
0.36232, -0.04954
0.36384, -0.04947
0.36536, -0.04940
0.36687, -0.04933
0.36839, -0.04926
0.36992, -0.04919
0.37144, -0.04911
0.37296, -0.04904
0.37449, -0.04896
0.37601, -0.04889
0.37754, -0.04881
0.37907, -0.04873
0.38059, -0.04865
0.38212, -0.04857
0.38365, -0.04849
0.38518, -0.04841
0.38672, -0.04833
0.38825, -0.04825
0.38978, -0.04816
0.39132, -0.04808
0.39285, -0.04799
0.39439, -0.04790
0.39592, -0.04782
0.39746, -0.04773
0.39900, -0.04764
0.40054, -0.04755
0.40208, -0.04746
0.40362, -0.04737
0.40516, -0.04727
0.40670, -0.04718
0.40824, -0.04709
0.40979, -0.04699
0.41133, -0.04690
0.41288, -0.04680
0.41442, -0.04670
0.41597, -0.04660
0.41751, -0.04651
0.41906, -0.04641
0.42061, -0.04631
0.42216, -0.04621
0.42371, -0.04611
0.42526, -0.04600
0.42681, -0.04590
0.42836, -0.04580
0.42991, -0.04570
0.43146, -0.04559
0.43301, -0.04549
0.43456, -0.04538
0.43612, -0.04528
0.43767, -0.04517
0.43922, -0.04506
0.44078, -0.04495
0.44233, -0.04485
0.44389, -0.04474
0.44544, -0.04463
0.44700, -0.04452
0.44856, -0.04441
0.45011, -0.04430
0.45167, -0.04418
0.45323, -0.04407
0.45479, -0.04396
0.45634, -0.04385
0.45790, -0.04373
0.45946, -0.04362
0.46102, -0.04351
0.46258, -0.04339
0.46414, -0.04328
0.46570, -0.04316
0.46726, -0.04304
0.46882, -0.04293
0.47038, -0.04281
0.47194, -0.04269
0.47350, -0.04258
0.47506, -0.04246
0.47662, -0.04234
0.47818, -0.04222
0.47974, -0.04210
0.48130, -0.04198
0.48286, -0.04186
0.48443, -0.04174
0.48599, -0.04162
0.48755, -0.04150
0.48911, -0.04138
0.49067, -0.04126
0.49223, -0.04114
0.49379, -0.04101
0.49536, -0.04089
0.49692, -0.04077
0.49848, -0.04065
0.50004, -0.04052
0.50160, -0.04040
0.50316, -0.04028
0.50472, -0.04015
0.50628, -0.04003
0.50784, -0.03990
0.50940, -0.03978
0.51096, -0.03965
0.51252, -0.03953
0.51408, -0.03940
0.51564, -0.03928
0.51720, -0.03915
0.51876, -0.03903
0.52032, -0.03890
0.52188, -0.03878
0.52344, -0.03865
0.52499, -0.03852
0.52655, -0.03840
0.52811, -0.03827
0.52967, -0.03814
0.53122, -0.03802
0.53278, -0.03789
0.53433, -0.03776
0.53589, -0.03764
0.53744, -0.03751
0.53900, -0.03738
0.54055, -0.03725
0.54211, -0.03713
0.54366, -0.03700
0.54521, -0.03687
0.54676, -0.03674
0.54831, -0.03662
0.54986, -0.03649
0.55141, -0.03636
0.55296, -0.03623
0.55451, -0.03611
0.55606, -0.03598
0.55761, -0.03585
0.55915, -0.03572
0.56070, -0.03560
0.56225, -0.03547
0.56379, -0.03534
0.56533, -0.03522
0.56688, -0.03509
0.56842, -0.03496
0.56996, -0.03484
0.57150, -0.03471
0.57304, -0.03458
0.57458, -0.03446
0.57612, -0.03433
0.57766, -0.03420
0.57919, -0.03408
0.58073, -0.03395
0.58227, -0.03382
0.58380, -0.03370
0.58533, -0.03357
0.58686, -0.03345
0.58840, -0.03332
0.58993, -0.03320
0.59146, -0.03307
0.59298, -0.03295
0.59451, -0.03283
0.59604, -0.03270
0.59756, -0.03258
0.59909, -0.03246
0.60061, -0.03233
0.60213, -0.03221
0.60365, -0.03209
0.60517, -0.03196
0.60669, -0.03184
0.60821, -0.03172
0.60972, -0.03160
0.61124, -0.03148
0.61275, -0.03136
0.61427, -0.03124
0.61578, -0.03112
0.61729, -0.03100
0.61880, -0.03088
0.62030, -0.03076
0.62181, -0.03064
0.62332, -0.03053
0.62482, -0.03041
0.62632, -0.03029
0.62782, -0.03018
0.62932, -0.03006
0.63082, -0.02994
0.63232, -0.02983
0.63381, -0.02971
0.63531, -0.02960
0.63680, -0.02949
0.63829, -0.02937
0.63978, -0.02926
0.64127, -0.02915
0.64276, -0.02904
0.64424, -0.02893
0.64573, -0.02881
0.64720, -0.02870
0.64864, -0.02859
0.64991, -0.02848
0.65058, -0.02836
0.64968, -0.02814
0.64597, -0.02734
0.63983, -0.02505
0.63451, -0.02177
0.63253, -0.02004
0.63405, -0.02133
0.63897, -0.02529
0.64707, -0.03002
0.65591, -0.03307
0.66241, -0.03413
0.66619, -0.03433
0.66845, -0.03431
0.67012, -0.03424
0.67164, -0.03417
0.67311, -0.03409
0.67458, -0.03401
0.67605, -0.03393
0.67752, -0.03385
0.67898, -0.03377
0.68044, -0.03370
0.68190, -0.03362
0.68336, -0.03354
0.68482, -0.03346
0.68627, -0.03339
0.68773, -0.03331
0.68918, -0.03323
0.69063, -0.03315
0.69208, -0.03308
0.69353, -0.03300
0.69497, -0.03292
0.69641, -0.03285
0.69786, -0.03277
0.69930, -0.03269
0.70073, -0.03262
0.70217, -0.03254
0.70360, -0.03247
0.70503, -0.03239
0.70646, -0.03232
0.70789, -0.03224
0.70932, -0.03216
0.71074, -0.03209
0.71216, -0.03201
0.71358, -0.03194
0.71500, -0.03186
0.71642, -0.03179
0.71783, -0.03171
0.71924, -0.03164
0.72065, -0.03156
0.72206, -0.03149
0.72347, -0.03142
0.72487, -0.03134
0.72627, -0.03127
0.72767, -0.03119
0.72907, -0.03112
0.73046, -0.03105
0.73186, -0.03097
0.73325, -0.03090
0.73463, -0.03082
0.73602, -0.03075
0.73740, -0.03068
0.73879, -0.03060
0.74016, -0.03053
0.74154, -0.03046
0.74292, -0.03039
0.74429, -0.03031
0.74566, -0.03024
0.74703, -0.03017
0.74839, -0.03009
0.74975, -0.03002
0.75111, -0.02995
0.75247, -0.02988
0.75383, -0.02981
0.75518, -0.02973
0.75653, -0.02966
0.75788, -0.02959
0.75922, -0.02952
0.76057, -0.02945
0.76191, -0.02938
0.76325, -0.02930
0.76458, -0.02923
0.76591, -0.02916
0.76724, -0.02909
0.76857, -0.02902
0.76990, -0.02895
0.77122, -0.02888
0.77254, -0.02881
0.77386, -0.02874
0.77517, -0.02867
0.77648, -0.02860
0.77779, -0.02853
0.77910, -0.02846
0.78040, -0.02839
0.78170, -0.02832
0.78300, -0.02825
0.78430, -0.02818
0.78559, -0.02811
0.78688, -0.02804
0.78817, -0.02797
0.78945, -0.02790
0.79073, -0.02783
0.79201, -0.02776
0.79329, -0.02769
0.79456, -0.02762
0.79583, -0.02756
0.79710, -0.02749
0.79836, -0.02742
0.79962, -0.02735
0.80088, -0.02728
0.80214, -0.02721
0.80339, -0.02715
0.80464, -0.02708
0.80589, -0.02701
0.80713, -0.02694
0.80837, -0.02687
0.80961, -0.02681
0.81084, -0.02674
0.81207, -0.02667
0.81330, -0.02661
0.81453, -0.02654
0.81575, -0.02647
0.81697, -0.02640
0.81819, -0.02634
0.81940, -0.02627
0.82061, -0.02621
0.82181, -0.02614
0.82302, -0.02607
0.82422, -0.02601
0.82542, -0.02594
0.82661, -0.02588
0.82780, -0.02581
0.82899, -0.02574
0.83017, -0.02568
0.83135, -0.02561
0.83253, -0.02555
0.83371, -0.02548
0.83488, -0.02542
0.83605, -0.02535
0.83721, -0.02529
0.83837, -0.02522
0.83953, -0.02516
0.84068, -0.02510
0.84184, -0.02503
0.84298, -0.02497
0.84413, -0.02490
0.84527, -0.02484
0.84641, -0.02478
0.84754, -0.02471
0.84867, -0.02465
0.84980, -0.02459
0.85092, -0.02452
0.85204, -0.02446
0.85316, -0.02440
0.85428, -0.02433
0.85539, -0.02427
0.85649, -0.02421
0.85760, -0.02415
0.85870, -0.02408
0.85979, -0.02402
0.86088, -0.02396
0.86197, -0.02390
0.86306, -0.02384
0.86414, -0.02377
0.86522, -0.02371
0.86629, -0.02365
0.86736, -0.02359
0.86843, -0.02353
0.86949, -0.02347
0.87056, -0.02341
0.87161, -0.02335
0.87266, -0.02329
0.87371, -0.02323
0.87476, -0.02317
0.87580, -0.02311
0.87684, -0.02305
0.87787, -0.02299
0.87890, -0.02293
0.87993, -0.02287
0.88095, -0.02281
0.88197, -0.02275
0.88299, -0.02269
0.88400, -0.02263
0.88501, -0.02257
0.88601, -0.02251
0.88701, -0.02246
0.88801, -0.02240
0.88900, -0.02234
0.88999, -0.02228
0.89097, -0.02222
0.89195, -0.02217
0.89293, -0.02211
0.89390, -0.02205
0.89487, -0.02200
0.89584, -0.02194
0.89680, -0.02188
0.89776, -0.02182
0.89871, -0.02177
0.89966, -0.02171
0.90061, -0.02166
0.90155, -0.02160
0.90249, -0.02154
0.90342, -0.02149
0.90435, -0.02143
0.90528, -0.02138
0.90620, -0.02132
0.90711, -0.02127
0.90803, -0.02121
0.90894, -0.02116
0.90984, -0.02110
0.91075, -0.02105
0.91164, -0.02100
0.91254, -0.02094
0.91342, -0.02089
0.91431, -0.02084
0.91519, -0.02078
0.91607, -0.02073
0.91694, -0.02068
0.91781, -0.02062
0.91867, -0.02057
0.91953, -0.02052
0.92039, -0.02047
0.92124, -0.02041
0.92209, -0.02036
0.92293, -0.02031
0.92377, -0.02026
0.92461, -0.02021
0.92544, -0.02016
0.92626, -0.02011
0.92709, -0.02006
0.92791, -0.02001
0.92872, -0.01996
0.92953, -0.01991
0.93033, -0.01986
0.93114, -0.01981
0.93193, -0.01976
0.93272, -0.01971
0.93351, -0.01966
0.93430, -0.01961
0.93508, -0.01956
0.93585, -0.01951
0.93662, -0.01947
0.93739, -0.01942
0.93815, -0.01937
0.93891, -0.01932
0.93966, -0.01927
0.94041, -0.01923
0.94116, -0.01918
0.94190, -0.01913
0.94263, -0.01909
0.94336, -0.01904
0.94409, -0.01900
0.94481, -0.01895
0.94553, -0.01890
0.94625, -0.01886
0.94696, -0.01881
0.94766, -0.01877
0.94836, -0.01873
0.94906, -0.01868
0.94975, -0.01864
0.95044, -0.01859
0.95112, -0.01855
0.95180, -0.01851
0.95247, -0.01846
0.95314, -0.01842
0.95380, -0.01838
0.95446, -0.01833
0.95512, -0.01829
0.95577, -0.01825
0.95642, -0.01821
0.95706, -0.01817
0.95770, -0.01813
0.95833, -0.01809
0.95896, -0.01804
0.95958, -0.01800
0.96020, -0.01796
0.96081, -0.01792
0.96142, -0.01788
0.96203, -0.01785
0.96263, -0.01781
0.96323, -0.01777
0.96382, -0.01773
0.96440, -0.01769
0.96499, -0.01765
0.96556, -0.01761
0.96614, -0.01758
0.96671, -0.01754
0.96727, -0.01750
0.96783, -0.01747
0.96838, -0.01743
0.96893, -0.01739
0.96948, -0.01736
0.97002, -0.01732
0.97055, -0.01729
0.97108, -0.01725
0.97161, -0.01722
0.97213, -0.01718
0.97265, -0.01715
0.97316, -0.01711
0.97367, -0.01708
0.97417, -0.01705
0.97467, -0.01701
0.97516, -0.01698
0.97565, -0.01695
0.97613, -0.01692
0.97661, -0.01688
0.97709, -0.01685
0.97756, -0.01682
0.97802, -0.01679
0.97848, -0.01676
0.97894, -0.01673
0.97939, -0.01670
0.97983, -0.01667
0.98027, -0.01664
0.98071, -0.01661
0.98114, -0.01658
0.98157, -0.01655
0.98199, -0.01652
0.98240, -0.01649
0.98282, -0.01647
0.98322, -0.01644
0.98363, -0.01641
0.98402, -0.01638
0.98442, -0.01636
0.98480, -0.01633
0.98519, -0.01631
0.98556, -0.01628
0.98594, -0.01625
0.98631, -0.01623
0.98667, -0.01620
0.98703, -0.01618
0.98738, -0.01616
0.98773, -0.01613
0.98808, -0.01611
0.98842, -0.01609
0.98875, -0.01606
0.98908, -0.01604
0.98940, -0.01602
0.98972, -0.01600
0.99004, -0.01597
0.99035, -0.01595
0.99065, -0.01593
0.99095, -0.01591
0.99125, -0.01589
0.99154, -0.01587
0.99182, -0.01585
0.99211, -0.01583
0.99238, -0.01581
0.99265, -0.01580
0.99292, -0.01578
0.99318, -0.01576
0.99343, -0.01574
0.99369, -0.01572
0.99393, -0.01571
0.99417, -0.01569
0.99441, -0.01567
0.99464, -0.01566
0.99487, -0.01564
0.99509, -0.01563
0.99530, -0.01561
0.99552, -0.01560
0.99572, -0.01558
0.99592, -0.01557
0.99612, -0.01556
0.99631, -0.01554
0.99650, -0.01553
0.99668, -0.01552
0.99686, -0.01550
0.99703, -0.01549
0.99720, -0.01548
0.99736, -0.01547
0.99752, -0.01546
0.99767, -0.01545
0.99781, -0.01544
0.99796, -0.01543
0.99809, -0.01542
0.99823, -0.01541
0.99835, -0.01540
0.99848, -0.01539
0.99859, -0.01538
0.99871, -0.01538
0.99881, -0.01537
0.99891, -0.01536
0.99901, -0.01535
0.99910, -0.01535
0.99919, -0.01534
0.99927, -0.01534
0.99935, -0.01533
0.99942, -0.01533
0.99949, -0.01532
0.99955, -0.01532
0.99961, -0.01531
0.99966, -0.01531
0.99971, -0.01531
0.99975, -0.01530
0.99979, -0.01530
0.99982, -0.01530
0.99985, -0.01530
0.99987, -0.01529
0.99989, -0.01529
0.99989, -0.01529
0.99986, -0.01529
0.99985, -0.01529
