=== Airfoil Parameters ===
m = 0.02
p = 0.4
t = 0.12

=== Control Points ===
0.00000, 0.02240, 0.02240
0.06667, 0.02726, 0.02114
0.13333, 0.02986, 0.01875
0.20000, 0.03043, 0.01543
0.26667, 0.02929, 0.01151
0.66667, 0.02340, 0.00735
0.75000, 0.01654, 0.00335
0.83333, 0.00947, -0.00010
0.91667, 0.00255, -0.00262
1.00000, -0.00396, -0.00396

=== Upper Surface ===
0.00000, 0.02240
-0.00004, 0.02268
-0.00005, 0.02296
-0.00006, 0.02324
-0.00006, 0.02352
-0.00007, 0.02380
-0.00006, 0.02408
-0.00006, 0.02436
-0.00004, 0.02464
-0.00003, 0.02492
-0.00001, 0.02520
0.00002, 0.02548
0.00005, 0.02575
0.00009, 0.02603
0.00013, 0.02631
0.00018, 0.02659
0.00023, 0.02687
0.00029, 0.02715
0.00035, 0.02744
0.00042, 0.02772
0.00049, 0.02800
0.00056, 0.02828
0.00065, 0.02856
0.00073, 0.02884
0.00083, 0.02912
0.00092, 0.02940
0.00103, 0.02968
0.00113, 0.02996
0.00124, 0.03024
0.00136, 0.03052
0.00148, 0.03080
0.00161, 0.03108
0.00174, 0.03136
0.00188, 0.03164
0.00202, 0.03193
0.00217, 0.03221
0.00232, 0.03249
0.00248, 0.03277
0.00264, 0.03305
0.00281, 0.03333
0.00298, 0.03361
0.00316, 0.03389
0.00334, 0.03417
0.00353, 0.03445
0.00372, 0.03473
0.00392, 0.03502
0.00412, 0.03530
0.00433, 0.03558
0.00454, 0.03586
0.00476, 0.03614
0.00498, 0.03642
0.00521, 0.03670
0.00544, 0.03698
0.00568, 0.03726
0.00593, 0.03754
0.00617, 0.03782
0.00643, 0.03810
0.00669, 0.03838
0.00695, 0.03866
0.00722, 0.03895
0.00749, 0.03923
0.00777, 0.03951
0.00805, 0.03979
0.00834, 0.04007
0.00863, 0.04035
0.00893, 0.04063
0.00923, 0.04091
0.00954, 0.04118
0.00986, 0.04146
0.01017, 0.04174
0.01050, 0.04202
0.01083, 0.04230
0.01116, 0.04258
0.01150, 0.04286
0.01184, 0.04314
0.01219, 0.04342
0.01254, 0.04370
0.01290, 0.04397
0.01326, 0.04425
0.01363, 0.04453
0.01401, 0.04481
0.01438, 0.04508
0.01477, 0.04536
0.01516, 0.04564
0.01555, 0.04592
0.01595, 0.04619
0.01635, 0.04647
0.01676, 0.04674
0.01717, 0.04702
0.01759, 0.04730
0.01801, 0.04757
0.01844, 0.04785
0.01888, 0.04812
0.01931, 0.04840
0.01976, 0.04867
0.02020, 0.04895
0.02066, 0.04922
0.02112, 0.04949
0.02158, 0.04977
0.02205, 0.05004
0.02252, 0.05031
0.02300, 0.05058
0.02348, 0.05086
0.02397, 0.05113
0.02446, 0.05140
0.02496, 0.05167
0.02546, 0.05194
0.02597, 0.05221
0.02648, 0.05248
0.02700, 0.05275
0.02752, 0.05302
0.02804, 0.05329
0.02858, 0.05356
0.02911, 0.05382
0.02965, 0.05409
0.03020, 0.05436
0.03075, 0.05463
0.03131, 0.05489
0.03187, 0.05516
0.03243, 0.05542
0.03300, 0.05569
0.03358, 0.05595
0.03416, 0.05622
0.03475, 0.05648
0.03534, 0.05674
0.03593, 0.05701
0.03653, 0.05727
0.03713, 0.05753
0.03774, 0.05779
0.03836, 0.05805
0.03898, 0.05831
0.03960, 0.05857
0.04023, 0.05883
0.04086, 0.05909
0.04150, 0.05934
0.04214, 0.05960
0.04279, 0.05986
0.04344, 0.06011
0.04410, 0.06037
0.04476, 0.06062
0.04543, 0.06088
0.04610, 0.06113
0.04677, 0.06138
0.04745, 0.06164
0.04814, 0.06189
0.04883, 0.06214
0.04952, 0.06239
0.05022, 0.06264
0.05093, 0.06289
0.05164, 0.06314
0.05235, 0.06338
0.05307, 0.06363
0.05379, 0.06388
0.05452, 0.06412
0.05525, 0.06437
0.05599, 0.06461
0.05673, 0.06485
0.05747, 0.06509
0.05823, 0.06534
0.05898, 0.06558
0.05974, 0.06582
0.06050, 0.06606
0.06127, 0.06629
0.06205, 0.06653
0.06282, 0.06677
0.06361, 0.06701
0.06439, 0.06724
0.06519, 0.06747
0.06598, 0.06771
0.06678, 0.06794
0.06759, 0.06817
0.06840, 0.06840
0.06921, 0.06863
0.07003, 0.06886
0.07085, 0.06909
0.07168, 0.06932
0.07251, 0.06954
0.07335, 0.06977
0.07419, 0.06999
0.07504, 0.07022
0.07589, 0.07044
0.07674, 0.07066
0.07760, 0.07088
0.07846, 0.07110
0.07933, 0.07132
0.08020, 0.07154
0.08108, 0.07176
0.08196, 0.07197
0.08284, 0.07219
0.08373, 0.07240
0.08463, 0.07261
0.08552, 0.07283
0.08643, 0.07304
0.08733, 0.07325
0.08824, 0.07346
0.08916, 0.07366
0.09008, 0.07387
0.09100, 0.07408
0.09193, 0.07428
0.09286, 0.07448
0.09380, 0.07469
0.09474, 0.07489
0.09568, 0.07509
0.09663, 0.07529
0.09758, 0.07548
0.09854, 0.07568
0.09950, 0.07588
0.10047, 0.07607
0.10144, 0.07626
0.10241, 0.07646
0.10339, 0.07665
0.10437, 0.07684
0.10536, 0.07702
0.10635, 0.07721
0.10734, 0.07740
0.10834, 0.07758
0.10934, 0.07777
0.11035, 0.07795
0.11136, 0.07813
0.11237, 0.07831
0.11339, 0.07849
0.11441, 0.07867
0.11544, 0.07884
0.11647, 0.07902
0.11750, 0.07919
0.11854, 0.07936
0.11958, 0.07954
0.12063, 0.07971
0.12168, 0.07987
0.12273, 0.08004
0.12379, 0.08021
0.12485, 0.08037
0.12592, 0.08054
0.12699, 0.08070
0.12806, 0.08086
0.12914, 0.08102
0.13022, 0.08118
0.13130, 0.08133
0.13239, 0.08149
0.13348, 0.08164
0.13458, 0.08180
0.13568, 0.08195
0.13678, 0.08210
0.13789, 0.08225
0.13900, 0.08239
0.14012, 0.08254
0.14124, 0.08268
0.14236, 0.08283
0.14349, 0.08297
0.14462, 0.08311
0.14576, 0.08325
0.14689, 0.08338
0.14804, 0.08352
0.14918, 0.08365
0.15033, 0.08379
0.15149, 0.08392
0.15265, 0.08405
0.15381, 0.08417
0.15497, 0.08430
0.15614, 0.08443
0.15732, 0.08455
0.15849, 0.08467
0.15967, 0.08479
0.16086, 0.08491
0.16204, 0.08503
0.16324, 0.08514
0.16443, 0.08526
0.16563, 0.08537
0.16683, 0.08548
0.16804, 0.08559
0.16925, 0.08570
0.17046, 0.08580
0.17168, 0.08591
0.17290, 0.08601
0.17412, 0.08611
0.17535, 0.08621
0.17658, 0.08631
0.17782, 0.08640
0.17906, 0.08650
0.18030, 0.08659
0.18154, 0.08668
0.18279, 0.08677
0.18404, 0.08685
0.18530, 0.08694
0.18656, 0.08702
0.18782, 0.08710
0.18909, 0.08718
0.19036, 0.08726
0.19163, 0.08734
0.19291, 0.08741
0.19419, 0.08748
0.19547, 0.08755
0.19676, 0.08762
0.19805, 0.08769
0.19934, 0.08775
0.20064, 0.08781
0.20194, 0.08787
0.20324, 0.08793
0.20454, 0.08799
0.20584, 0.08805
0.20715, 0.08810
0.20846, 0.08815
0.20977, 0.08820
0.21108, 0.08825
0.21240, 0.08829
0.21371, 0.08834
0.21503, 0.08838
0.21635, 0.08842
0.21767, 0.08846
0.21900, 0.08850
0.22032, 0.08854
0.22165, 0.08857
0.22297, 0.08861
0.22430, 0.08864
0.22563, 0.08867
0.22697, 0.08870
0.22830, 0.08872
0.22964, 0.08875
0.23097, 0.08877
0.23231, 0.08880
0.23365, 0.08882
0.23499, 0.08884
0.23633, 0.08886
0.23768, 0.08888
0.23902, 0.08890
0.24037, 0.08891
0.24171, 0.08893
0.24306, 0.08894
0.24441, 0.08895
0.24576, 0.08896
0.24712, 0.08898
0.24847, 0.08898
0.24982, 0.08899
0.25118, 0.08900
0.25254, 0.08901
0.25389, 0.08901
0.25525, 0.08902
0.25661, 0.08902
0.25797, 0.08903
0.25933, 0.08903
0.26069, 0.08903
0.26206, 0.08904
0.26342, 0.08904
0.26479, 0.08904
0.26615, 0.08904
0.26752, 0.08904
0.26889, 0.08904
0.27026, 0.08904
0.27163, 0.08903
0.27301, 0.08903
0.27439, 0.08903
0.27577, 0.08903
0.27715, 0.08902
0.27854, 0.08902
0.27992, 0.08901
0.28131, 0.08901
0.28271, 0.08900
0.28410, 0.08900
0.28550, 0.08899
0.28690, 0.08898
0.28830, 0.08898
0.28970, 0.08897
0.29111, 0.08896
0.29252, 0.08895
0.29393, 0.08894
0.29534, 0.08893
0.29675, 0.08892
0.29817, 0.08891
0.29959, 0.08890
0.30101, 0.08889
0.30244, 0.08888
0.30386, 0.08886
0.30529, 0.08885
0.30672, 0.08884
0.30815, 0.08882
0.30959, 0.08881
0.31103, 0.08879
0.31246, 0.08877
0.31391, 0.08876
0.31535, 0.08874
0.31679, 0.08872
0.31824, 0.08870
0.31969, 0.08869
0.32114, 0.08867
0.32260, 0.08865
0.32405, 0.08863
0.32551, 0.08861
0.32697, 0.08858
0.32844, 0.08856
0.32991, 0.08854
0.33138, 0.08852
0.33287, 0.08849
0.33435, 0.08847
0.33584, 0.08844
0.33734, 0.08841
0.33883, 0.08838
0.34033, 0.08835
0.34183, 0.08832
0.34333, 0.08829
0.34483, 0.08826
0.34633, 0.08822
0.34784, 0.08819
0.34935, 0.08815
0.35086, 0.08812
0.35237, 0.08808
0.35388, 0.08804
0.35540, 0.08800
0.35692, 0.08795
0.35843, 0.08791
0.35996, 0.08787
0.36148, 0.08782
0.36300, 0.08777
0.36453, 0.08773
0.36606, 0.08768
0.36758, 0.08763
0.36912, 0.08758
0.37065, 0.08752
0.37218, 0.08747
0.37372, 0.08741
0.37525, 0.08736
0.37679, 0.08730
0.37833, 0.08724
0.37987, 0.08718
0.38142, 0.08712
0.38296, 0.08706
0.38451, 0.08699
0.38606, 0.08693
0.38760, 0.08686
0.38916, 0.08679
0.39071, 0.08672
0.39226, 0.08665
0.39381, 0.08658
0.39537, 0.08651
0.39693, 0.08643
0.39848, 0.08636
0.40004, 0.08628
0.40160, 0.08620
0.40316, 0.08612
0.40473, 0.08604
0.40629, 0.08596
0.40785, 0.08588
0.40942, 0.08579
0.41099, 0.08571
0.41255, 0.08562
0.41412, 0.08553
0.41569, 0.08544
0.41726, 0.08535
0.41883, 0.08526
0.42040, 0.08516
0.42198, 0.08507
0.42355, 0.08497
0.42513, 0.08487
0.42670, 0.08477
0.42828, 0.08467
0.42985, 0.08457
0.43143, 0.08446
0.43301, 0.08436
0.43459, 0.08425
0.43617, 0.08414
0.43775, 0.08404
0.43933, 0.08393
0.44091, 0.08381
0.44249, 0.08370
0.44407, 0.08359
0.44565, 0.08347
0.44724, 0.08336
0.44882, 0.08324
0.45040, 0.08312
0.45199, 0.08300
0.45357, 0.08288
0.45515, 0.08275
0.45674, 0.08263
0.45832, 0.08250
0.45991, 0.08238
0.46149, 0.08225
0.46308, 0.08212
0.46466, 0.08199
0.46625, 0.08186
0.46783, 0.08172
0.46942, 0.08159
0.47100, 0.08145
0.47259, 0.08132
0.47417, 0.08118
0.47576, 0.08104
0.47735, 0.08090
0.47893, 0.08076
0.48052, 0.08062
0.48210, 0.08048
0.48369, 0.08033
0.48527, 0.08019
0.48685, 0.08004
0.48844, 0.07989
0.49002, 0.07975
0.49161, 0.07960
0.49319, 0.07945
0.49477, 0.07930
0.49635, 0.07914
0.49794, 0.07899
0.49952, 0.07884
0.50110, 0.07868
0.50268, 0.07853
0.50426, 0.07837
0.50584, 0.07821
0.50742, 0.07805
0.50900, 0.07789
0.51058, 0.07773
0.51216, 0.07757
0.51373, 0.07741
0.51531, 0.07725
0.51689, 0.07709
0.51846, 0.07692
0.52004, 0.07676
0.52161, 0.07659
0.52319, 0.07643
0.52476, 0.07626
0.52633, 0.07609
0.52790, 0.07593
0.52947, 0.07576
0.53104, 0.07559
0.53261, 0.07542
0.53418, 0.07525
0.53575, 0.07508
0.53732, 0.07491
0.53889, 0.07473
0.54045, 0.07456
0.54202, 0.07439
0.54358, 0.07421
0.54514, 0.07404
0.54671, 0.07387
0.54827, 0.07369
0.54983, 0.07352
0.55139, 0.07334
0.55295, 0.07317
0.55451, 0.07299
0.55606, 0.07281
0.55762, 0.07264
0.55918, 0.07246
0.56073, 0.07228
0.56228, 0.07210
0.56384, 0.07192
0.56539, 0.07175
0.56694, 0.07157
0.56849, 0.07139
0.57004, 0.07121
0.57159, 0.07103
0.57314, 0.07085
0.57468, 0.07067
0.57623, 0.07049
0.57777, 0.07031
0.57932, 0.07013
0.58086, 0.06995
0.58240, 0.06977
0.58394, 0.06959
0.58548, 0.06941
0.58702, 0.06923
0.58856, 0.06905
0.59009, 0.06887
0.59163, 0.06869
0.59316, 0.06850
0.59470, 0.06832
0.59623, 0.06814
0.59776, 0.06796
0.59929, 0.06778
0.60082, 0.06760
0.60235, 0.06742
0.60388, 0.06724
0.60541, 0.06705
0.60693, 0.06687
0.60846, 0.06669
0.60998, 0.06651
0.61150, 0.06633
0.61303, 0.06615
0.61455, 0.06596
0.61607, 0.06578
0.61759, 0.06560
0.61910, 0.06542
0.62062, 0.06524
0.62214, 0.06506
0.62365, 0.06487
0.62516, 0.06469
0.62668, 0.06451
0.62819, 0.06433
0.62970, 0.06415
0.63121, 0.06397
0.63272, 0.06378
0.63422, 0.06360
0.63573, 0.06342
0.63724, 0.06324
0.63874, 0.06306
0.64024, 0.06287
0.64175, 0.06269
0.64325, 0.06251
0.64475, 0.06233
0.64625, 0.06214
0.64774, 0.06196
0.64924, 0.06178
0.65071, 0.06160
0.65209, 0.06142
0.65314, 0.06126
0.65332, 0.06111
0.65188, 0.06088
0.64861, 0.06025
0.64498, 0.05910
0.64335, 0.05834
0.64509, 0.05901
0.65018, 0.06086
0.65719, 0.06252
0.66365, 0.06312
0.66814, 0.06304
0.67096, 0.06278
0.67290, 0.06252
0.67451, 0.06227
0.67603, 0.06203
0.67752, 0.06178
0.67901, 0.06154
0.68050, 0.06129
0.68198, 0.06104
0.68346, 0.06079
0.68494, 0.06054
0.68642, 0.06029
0.68789, 0.06003
0.68937, 0.05978
0.69083, 0.05953
0.69230, 0.05927
0.69376, 0.05902
0.69522, 0.05876
0.69668, 0.05850
0.69814, 0.05825
0.69959, 0.05799
0.70104, 0.05773
0.70249, 0.05747
0.70393, 0.05721
0.70537, 0.05695
0.70681, 0.05669
0.70825, 0.05643
0.70968, 0.05617
0.71111, 0.05590
0.71254, 0.05564
0.71397, 0.05538
0.71539, 0.05512
0.71681, 0.05486
0.71823, 0.05459
0.71964, 0.05433
0.72105, 0.05407
0.72246, 0.05380
0.72387, 0.05354
0.72527, 0.05327
0.72667, 0.05301
0.72807, 0.05275
0.72946, 0.05248
0.73086, 0.05222
0.73225, 0.05196
0.73363, 0.05169
0.73502, 0.05143
0.73640, 0.05117
0.73778, 0.05090
0.73915, 0.05064
0.74052, 0.05038
0.74189, 0.05011
0.74326, 0.04985
0.74462, 0.04959
0.74598, 0.04933
0.74734, 0.04907
0.74870, 0.04881
0.75005, 0.04854
0.75140, 0.04828
0.75275, 0.04802
0.75409, 0.04776
0.75544, 0.04751
0.75677, 0.04725
0.75811, 0.04699
0.75945, 0.04673
0.76078, 0.04647
0.76211, 0.04622
0.76344, 0.04596
0.76476, 0.04570
0.76608, 0.04545
0.76740, 0.04519
0.76872, 0.04493
0.77004, 0.04468
0.77135, 0.04443
0.77266, 0.04417
0.77396, 0.04392
0.77527, 0.04366
0.77657, 0.04341
0.77787, 0.04316
0.77917, 0.04291
0.78046, 0.04265
0.78175, 0.04240
0.78304, 0.04215
0.78433, 0.04190
0.78561, 0.04165
0.78689, 0.04140
0.78817, 0.04115
0.78944, 0.04090
0.79072, 0.04065
0.79199, 0.04041
0.79325, 0.04016
0.79452, 0.03991
0.79578, 0.03966
0.79704, 0.03942
0.79829, 0.03917
0.79954, 0.03893
0.80079, 0.03868
0.80204, 0.03844
0.80329, 0.03819
0.80453, 0.03795
0.80576, 0.03770
0.80700, 0.03746
0.80823, 0.03722
0.80946, 0.03698
0.81069, 0.03673
0.81191, 0.03649
0.81313, 0.03625
0.81435, 0.03601
0.81556, 0.03577
0.81678, 0.03553
0.81798, 0.03529
0.81919, 0.03505
0.82039, 0.03481
0.82159, 0.03457
0.82279, 0.03434
0.82398, 0.03410
0.82517, 0.03386
0.82636, 0.03363
0.82754, 0.03339
0.82872, 0.03316
0.82990, 0.03292
0.83107, 0.03269
0.83224, 0.03245
0.83341, 0.03222
0.83457, 0.03198
0.83573, 0.03175
0.83689, 0.03152
0.83805, 0.03129
0.83920, 0.03106
0.84034, 0.03083
0.84149, 0.03060
0.84263, 0.03037
0.84377, 0.03014
0.84490, 0.02991
0.84603, 0.02968
0.84716, 0.02945
0.84828, 0.02922
0.84940, 0.02900
0.85052, 0.02877
0.85164, 0.02854
0.85275, 0.02832
0.85385, 0.02809
0.85496, 0.02787
0.85606, 0.02765
0.85715, 0.02742
0.85824, 0.02720
0.85933, 0.02698
0.86042, 0.02676
0.86150, 0.02654
0.86258, 0.02632
0.86366, 0.02610
0.86473, 0.02588
0.86579, 0.02566
0.86686, 0.02544
0.86792, 0.02522
0.86898, 0.02501
0.87003, 0.02479
0.87108, 0.02458
0.87213, 0.02436
0.87317, 0.02415
0.87421, 0.02393
0.87524, 0.02372
0.87628, 0.02351
0.87730, 0.02330
0.87833, 0.02308
0.87935, 0.02287
0.88036, 0.02266
0.88138, 0.02245
0.88239, 0.02225
0.88339, 0.02204
0.88439, 0.02183
0.88539, 0.02162
0.88639, 0.02142
0.88738, 0.02121
0.88836, 0.02101
0.88935, 0.02081
0.89033, 0.02060
0.89130, 0.02040
0.89227, 0.02020
0.89324, 0.02000
0.89420, 0.01980
0.89516, 0.01960
0.89612, 0.01940
0.89707, 0.01920
0.89802, 0.01900
0.89896, 0.01880
0.89990, 0.01861
0.90084, 0.01841
0.90177, 0.01822
0.90270, 0.01802
0.90363, 0.01783
0.90455, 0.01764
0.90547, 0.01745
0.90638, 0.01726
0.90729, 0.01707
0.90819, 0.01688
0.90909, 0.01669
0.90999, 0.01650
0.91088, 0.01631
0.91177, 0.01613
0.91266, 0.01594
0.91354, 0.01576
0.91441, 0.01557
0.91529, 0.01539
0.91616, 0.01521
0.91702, 0.01502
0.91788, 0.01484
0.91874, 0.01466
0.91959, 0.01448
0.92044, 0.01430
0.92128, 0.01413
0.92212, 0.01395
0.92296, 0.01377
0.92379, 0.01360
0.92462, 0.01342
0.92544, 0.01325
0.92626, 0.01308
0.92708, 0.01290
0.92789, 0.01273
0.92869, 0.01256
0.92950, 0.01239
0.93030, 0.01222
0.93109, 0.01206
0.93188, 0.01189
0.93267, 0.01172
0.93345, 0.01156
0.93423, 0.01139
0.93500, 0.01123
0.93577, 0.01107
0.93653, 0.01090
0.93729, 0.01074
0.93805, 0.01058
0.93880, 0.01042
0.93955, 0.01026
0.94029, 0.01011
0.94103, 0.00995
0.94177, 0.00979
0.94250, 0.00964
0.94322, 0.00948
0.94394, 0.00933
0.94466, 0.00918
0.94537, 0.00903
0.94608, 0.00888
0.94679, 0.00873
0.94749, 0.00858
0.94818, 0.00843
0.94887, 0.00828
0.94956, 0.00814
0.95024, 0.00799
0.95092, 0.00785
0.95160, 0.00770
0.95226, 0.00756
0.95293, 0.00742
0.95359, 0.00728
0.95425, 0.00714
0.95490, 0.00700
0.95555, 0.00686
0.95619, 0.00672
0.95683, 0.00659
0.95746, 0.00645
0.95809, 0.00632
0.95871, 0.00618
0.95933, 0.00605
0.95995, 0.00592
0.96056, 0.00579
0.96117, 0.00566
0.96177, 0.00553
0.96237, 0.00540
0.96296, 0.00528
0.96355, 0.00515
0.96414, 0.00503
0.96472, 0.00490
0.96529, 0.00478
0.96586, 0.00466
0.96643, 0.00454
0.96699, 0.00441
0.96755, 0.00430
0.96810, 0.00418
0.96865, 0.00406
0.96919, 0.00394
0.96973, 0.00383
0.97026, 0.00371
0.97079, 0.00360
0.97132, 0.00349
0.97184, 0.00338
0.97235, 0.00327
0.97286, 0.00316
0.97337, 0.00305
0.97387, 0.00294
0.97437, 0.00283
0.97486, 0.00273
0.97535, 0.00262
0.97583, 0.00252
0.97631, 0.00242
0.97679, 0.00231
0.97726, 0.00221
0.97772, 0.00211
0.97818, 0.00201
0.97864, 0.00192
0.97909, 0.00182
0.97953, 0.00172
0.97998, 0.00163
0.98041, 0.00154
0.98084, 0.00144
0.98127, 0.00135
0.98169, 0.00126
0.98211, 0.00117
0.98253, 0.00108
0.98293, 0.00099
0.98334, 0.00091
0.98374, 0.00082
0.98413, 0.00074
0.98452, 0.00065
0.98491, 0.00057
0.98529, 0.00049
0.98566, 0.00041
0.98603, 0.00033
0.98640, 0.00025
0.98676, 0.00017
0.98711, 0.00009
0.98747, 0.00002
0.98781, -0.00006
0.98815, -0.00013
0.98849, -0.00020
0.98882, -0.00027
0.98915, -0.00035
0.98948, -0.00041
0.98979, -0.00048
0.99011, -0.00055
0.99042, -0.00062
0.99072, -0.00068
0.99102, -0.00075
0.99131, -0.00081
0.99160, -0.00087
0.99189, -0.00093
0.99217, -0.00099
0.99244, -0.00105
0.99271, -0.00111
0.99298, -0.00117
0.99324, -0.00123
0.99349, -0.00128
0.99374, -0.00133
0.99399, -0.00139
0.99423, -0.00144
0.99447, -0.00149
0.99470, -0.00154
0.99493, -0.00159
0.99515, -0.00164
0.99536, -0.00168
0.99558, -0.00173
0.99578, -0.00177
0.99599, -0.00182
0.99618, -0.00186
0.99638, -0.00190
0.99656, -0.00194
0.99675, -0.00198
0.99693, -0.00202
0.99710, -0.00206
0.99727, -0.00209
0.99743, -0.00213
0.99759, -0.00216
0.99774, -0.00220
0.99789, -0.00223
0.99804, -0.00226
0.99818, -0.00229
0.99831, -0.00232
0.99844, -0.00235
0.99856, -0.00237
0.99868, -0.00240
0.99880, -0.00243
0.99891, -0.00245
0.99901, -0.00247
0.99911, -0.00249
0.99921, -0.00251
0.99930, -0.00253
0.99939, -0.00255
0.99947, -0.00257
0.99954, -0.00259
0.99961, -0.00260
0.99968, -0.00262
0.99974, -0.00263
0.99980, -0.00264
0.99985, -0.00265
0.99989, -0.00266
0.99994, -0.00267
0.99997, -0.00268
1.00000, -0.00269
1.00003, -0.00269
1.00005, -0.00270
1.00007, -0.00270
1.00009, -0.00270
1.00014, -0.00271
1.00015, -0.00271

=== Lower Surface ===
0.00000, 0.02240
0.00004, 0.02212
0.00007, 0.02185
0.00010, 0.02157
0.00014, 0.02129
0.00019, 0.02102
0.00024, 0.02074
0.00030, 0.02047
0.00036, 0.02020
0.00043, 0.01993
0.00050, 0.01965
0.00058, 0.01938
0.00066, 0.01911
0.00075, 0.01885
0.00084, 0.01858
0.00093, 0.01831
0.00104, 0.01804
0.00114, 0.01778
0.00125, 0.01752
0.00137, 0.01725
0.00149, 0.01699
0.00161, 0.01673
0.00175, 0.01647
0.00188, 0.01621
0.00202, 0.01595
0.00217, 0.01569
0.00232, 0.01543
0.00247, 0.01517
0.00263, 0.01492
0.00279, 0.01466
0.00296, 0.01441
0.00314, 0.01415
0.00332, 0.01390
0.00350, 0.01365
0.00369, 0.01340
0.00388, 0.01315
0.00408, 0.01290
0.00428, 0.01265
0.00449, 0.01240
0.00470, 0.01215
0.00492, 0.01191
0.00514, 0.01166
0.00537, 0.01142
0.00560, 0.01117
0.00584, 0.01093
0.00608, 0.01069
0.00632, 0.01045
0.00657, 0.01021
0.00683, 0.00997
0.00709, 0.00973
0.00735, 0.00949
0.00762, 0.00925
0.00790, 0.00902
0.00817, 0.00878
0.00846, 0.00855
0.00875, 0.00831
0.00904, 0.00808
0.00934, 0.00785
0.00964, 0.00762
0.00995, 0.00739
0.01026, 0.00716
0.01058, 0.00693
0.01090, 0.00670
0.01122, 0.00647
0.01155, 0.00625
0.01189, 0.00602
0.01223, 0.00580
0.01257, 0.00557
0.01292, 0.00535
0.01328, 0.00513
0.01363, 0.00491
0.01400, 0.00468
0.01437, 0.00446
0.01474, 0.00425
0.01511, 0.00403
0.01550, 0.00381
0.01588, 0.00359
0.01627, 0.00338
0.01667, 0.00316
0.01707, 0.00295
0.01747, 0.00273
0.01788, 0.00252
0.01830, 0.00231
0.01871, 0.00210
0.01914, 0.00189
0.01957, 0.00168
0.02000, 0.00147
0.02043, 0.00126
0.02087, 0.00106
0.02132, 0.00085
0.02177, 0.00064
0.02223, 0.00044
0.02268, 0.00024
0.02315, 0.00003
0.02362, -0.00017
0.02409, -0.00037
0.02457, -0.00057
0.02505, -0.00077
0.02554, -0.00097
0.02603, -0.00117
0.02652, -0.00137
0.02702, -0.00156
0.02753, -0.00176
0.02803, -0.00196
0.02855, -0.00215
0.02906, -0.00234
0.02959, -0.00254
0.03011, -0.00273
0.03064, -0.00292
0.03118, -0.00311
0.03172, -0.00330
0.03226, -0.00349
0.03281, -0.00368
0.03336, -0.00386
0.03392, -0.00405
0.03448, -0.00424
0.03505, -0.00442
0.03562, -0.00461
0.03620, -0.00479
0.03677, -0.00497
0.03736, -0.00516
0.03795, -0.00534
0.03854, -0.00552
0.03913, -0.00570
0.03974, -0.00588
0.04034, -0.00605
0.04095, -0.00623
0.04156, -0.00641
0.04218, -0.00659
0.04280, -0.00676
0.04343, -0.00694
0.04406, -0.00711
0.04470, -0.00728
0.04534, -0.00745
0.04598, -0.00763
0.04663, -0.00780
0.04728, -0.00797
0.04794, -0.00814
0.04860, -0.00831
0.04926, -0.00847
0.04993, -0.00864
0.05061, -0.00881
0.05128, -0.00897
0.05197, -0.00914
0.05265, -0.00930
0.05334, -0.00947
0.05404, -0.00963
0.05474, -0.00979
0.05544, -0.00995
0.05615, -0.01011
0.05686, -0.01027
0.05757, -0.01043
0.05829, -0.01059
0.05902, -0.01075
0.05974, -0.01091
0.06047, -0.01106
0.06121, -0.01122
0.06195, -0.01137
0.06270, -0.01153
0.06344, -0.01168
0.06420, -0.01183
0.06495, -0.01199
0.06571, -0.01214
0.06648, -0.01229
0.06725, -0.01244
0.06802, -0.01259
0.06879, -0.01274
0.06958, -0.01289
0.07036, -0.01303
0.07115, -0.01318
0.07194, -0.01333
0.07274, -0.01347
0.07354, -0.01362
0.07434, -0.01376
0.07515, -0.01390
0.07597, -0.01405
0.07678, -0.01419
0.07760, -0.01433
0.07843, -0.01447
0.07926, -0.01461
0.08009, -0.01475
0.08093, -0.01489
0.08177, -0.01503
0.08261, -0.01516
0.08346, -0.01530
0.08431, -0.01544
0.08517, -0.01557
0.08603, -0.01571
0.08689, -0.01584
0.08776, -0.01597
0.08863, -0.01611
0.08951, -0.01624
0.09038, -0.01637
0.09127, -0.01650
0.09215, -0.01663
0.09305, -0.01676
0.09394, -0.01689
0.09484, -0.01702
0.09574, -0.01715
0.09665, -0.01727
0.09756, -0.01740
0.09847, -0.01753
0.09939, -0.01765
0.10031, -0.01778
0.10123, -0.01790
0.10216, -0.01802
0.10309, -0.01815
0.10403, -0.01827
0.10497, -0.01839
0.10591, -0.01851
0.10686, -0.01863
0.10781, -0.01875
0.10877, -0.01887
0.10973, -0.01899
0.11069, -0.01911
0.11165, -0.01922
0.11262, -0.01934
0.11360, -0.01946
0.11457, -0.01957
0.11555, -0.01969
0.11654, -0.01980
0.11753, -0.01991
0.11852, -0.02003
0.11951, -0.02014
0.12051, -0.02025
0.12151, -0.02036
0.12252, -0.02047
0.12353, -0.02058
0.12454, -0.02069
0.12556, -0.02080
0.12658, -0.02091
0.12760, -0.02102
0.12863, -0.02113
0.12966, -0.02123
0.13069, -0.02134
0.13173, -0.02144
0.13277, -0.02155
0.13381, -0.02165
0.13486, -0.02176
0.13591, -0.02186
0.13697, -0.02196
0.13803, -0.02207
0.13909, -0.02217
0.14015, -0.02227
0.14122, -0.02237
0.14229, -0.02247
0.14337, -0.02257
0.14444, -0.02267
0.14552, -0.02277
0.14661, -0.02286
0.14769, -0.02296
0.14878, -0.02306
0.14988, -0.02315
0.15097, -0.02325
0.15207, -0.02335
0.15317, -0.02344
0.15428, -0.02354
0.15539, -0.02363
0.15650, -0.02372
0.15762, -0.02382
0.15873, -0.02391
0.15985, -0.02400
0.16098, -0.02410
0.16211, -0.02419
0.16324, -0.02428
0.16437, -0.02437
0.16550, -0.02446
0.16664, -0.02455
0.16778, -0.02464
0.16893, -0.02473
0.17008, -0.02482
0.17123, -0.02491
0.17238, -0.02500
0.17354, -0.02508
0.17470, -0.02517
0.17586, -0.02526
0.17702, -0.02535
0.17819, -0.02543
0.17936, -0.02552
0.18054, -0.02561
0.18171, -0.02569
0.18289, -0.02578
0.18407, -0.02586
0.18526, -0.02595
0.18644, -0.02603
0.18763, -0.02612
0.18883, -0.02620
0.19002, -0.02629
0.19122, -0.02637
0.19242, -0.02645
0.19362, -0.02654
0.19483, -0.02662
0.19604, -0.02670
0.19725, -0.02679
0.19847, -0.02687
0.19968, -0.02695
0.20091, -0.02703
0.20213, -0.02712
0.20336, -0.02720
0.20459, -0.02728
0.20583, -0.02736
0.20707, -0.02744
0.20831, -0.02752
0.20956, -0.02761
0.21081, -0.02769
0.21207, -0.02777
0.21333, -0.02785
0.21459, -0.02793
0.21586, -0.02801
0.21713, -0.02809
0.21840, -0.02816
0.21968, -0.02824
0.22097, -0.02832
0.22225, -0.02840
0.22354, -0.02847
0.22484, -0.02855
0.22614, -0.02863
0.22744, -0.02870
0.22875, -0.02877
0.23006, -0.02885
0.23137, -0.02892
0.23269, -0.02899
0.23401, -0.02907
0.23534, -0.02914
0.23667, -0.02921
0.23801, -0.02928
0.23934, -0.02935
0.24069, -0.02941
0.24203, -0.02948
0.24338, -0.02955
0.24474, -0.02961
0.24609, -0.02967
0.24746, -0.02974
0.24882, -0.02980
0.25019, -0.02986
0.25156, -0.02992
0.25294, -0.02998
0.25432, -0.03004
0.25571, -0.03009
0.25710, -0.03015
0.25849, -0.03020
0.25989, -0.03026
0.26129, -0.03031
0.26269, -0.03036
0.26410, -0.03040
0.26551, -0.03045
0.26692, -0.03050
0.26834, -0.03054
0.26976, -0.03058
0.27118, -0.03063
0.27260, -0.03067
0.27403, -0.03070
0.27546, -0.03074
0.27689, -0.03078
0.27832, -0.03081
0.27975, -0.03084
0.28119, -0.03087
0.28262, -0.03090
0.28406, -0.03093
0.28551, -0.03096
0.28695, -0.03098
0.28839, -0.03100
0.28984, -0.03103
0.29129, -0.03105
0.29274, -0.03107
0.29419, -0.03108
0.29565, -0.03110
0.29710, -0.03112
0.29856, -0.03113
0.30002, -0.03114
0.30148, -0.03115
0.30295, -0.03116
0.30441, -0.03117
0.30588, -0.03118
0.30735, -0.03118
0.30882, -0.03119
0.31029, -0.03119
0.31176, -0.03119
0.31324, -0.03119
0.31471, -0.03119
0.31619, -0.03119
0.31767, -0.03118
0.31915, -0.03118
0.32064, -0.03117
0.32212, -0.03116
0.32361, -0.03116
0.32509, -0.03115
0.32658, -0.03113
0.32806, -0.03112
0.32955, -0.03111
0.33103, -0.03109
0.33251, -0.03108
0.33399, -0.03106
0.33547, -0.03104
0.33695, -0.03102
0.33843, -0.03101
0.33991, -0.03099
0.34139, -0.03097
0.34288, -0.03095
0.34436, -0.03092
0.34585, -0.03090
0.34733, -0.03088
0.34882, -0.03086
0.35031, -0.03083
0.35180, -0.03081
0.35329, -0.03078
0.35479, -0.03076
0.35628, -0.03073
0.35778, -0.03070
0.35927, -0.03068
0.36077, -0.03065
0.36227, -0.03062
0.36377, -0.03059
0.36527, -0.03056
0.36677, -0.03053
0.36827, -0.03050
0.36977, -0.03047
0.37128, -0.03044
0.37278, -0.03041
0.37429, -0.03038
0.37580, -0.03035
0.37730, -0.03031
0.37881, -0.03028
0.38032, -0.03025
0.38183, -0.03021
0.38335, -0.03018
0.38486, -0.03014
0.38637, -0.03011
0.38789, -0.03007
0.38940, -0.03004
0.39092, -0.03000
0.39243, -0.02997
0.39395, -0.02993
0.39547, -0.02990
0.39699, -0.02986
0.39851, -0.02982
0.40003, -0.02978
0.40155, -0.02975
0.40308, -0.02971
0.40460, -0.02967
0.40612, -0.02963
0.40765, -0.02960
0.40918, -0.02956
0.41070, -0.02952
0.41223, -0.02948
0.41376, -0.02944
0.41529, -0.02940
0.41682, -0.02936
0.41835, -0.02933
0.41988, -0.02929
0.42141, -0.02925
0.42294, -0.02921
0.42448, -0.02917
0.42601, -0.02913
0.42755, -0.02909
0.42908, -0.02905
0.43062, -0.02901
0.43216, -0.02897
0.43370, -0.02893
0.43524, -0.02889
0.43678, -0.02885
0.43832, -0.02881
0.43986, -0.02877
0.44140, -0.02873
0.44294, -0.02869
0.44448, -0.02865
0.44603, -0.02861
0.44757, -0.02856
0.44912, -0.02852
0.45066, -0.02848
0.45221, -0.02844
0.45376, -0.02840
0.45531, -0.02836
0.45685, -0.02832
0.45840, -0.02828
0.45995, -0.02824
0.46150, -0.02820
0.46305, -0.02816
0.46461, -0.02811
0.46616, -0.02807
0.46771, -0.02803
0.46927, -0.02799
0.47082, -0.02795
0.47237, -0.02791
0.47393, -0.02787
0.47549, -0.02782
0.47704, -0.02778
0.47860, -0.02774
0.48016, -0.02770
0.48172, -0.02766
0.48328, -0.02761
0.48483, -0.02757
0.48639, -0.02753
0.48796, -0.02749
0.48952, -0.02745
0.49108, -0.02740
0.49264, -0.02736
0.49420, -0.02732
0.49576, -0.02727
0.49733, -0.02723
0.49889, -0.02719
0.50046, -0.02714
0.50202, -0.02710
0.50359, -0.02706
0.50515, -0.02701
0.50672, -0.02697
0.50828, -0.02692
0.50985, -0.02688
0.51142, -0.02683
0.51298, -0.02679
0.51455, -0.02674
0.51612, -0.02670
0.51769, -0.02665
0.51926, -0.02660
0.52082, -0.02656
0.52239, -0.02651
0.52396, -0.02646
0.52553, -0.02642
0.52710, -0.02637
0.52867, -0.02632
0.53024, -0.02627
0.53181, -0.02622
0.53338, -0.02617
0.53495, -0.02612
0.53652, -0.02607
0.53809, -0.02602
0.53966, -0.02597
0.54123, -0.02592
0.54280, -0.02587
0.54437, -0.02582
0.54594, -0.02576
0.54751, -0.02571
0.54908, -0.02566
0.55065, -0.02560
0.55222, -0.02555
0.55379, -0.02550
0.55535, -0.02544
0.55692, -0.02539
0.55849, -0.02533
0.56006, -0.02527
0.56163, -0.02521
0.56320, -0.02516
0.56476, -0.02510
0.56633, -0.02504
0.56790, -0.02498
0.56946, -0.02492
0.57103, -0.02486
0.57259, -0.02480
0.57416, -0.02474
0.57572, -0.02468
0.57728, -0.02461
0.57885, -0.02455
0.58041, -0.02449
0.58197, -0.02442
0.58353, -0.02436
0.58509, -0.02429
0.58665, -0.02422
0.58821, -0.02416
0.58977, -0.02409
0.59132, -0.02402
0.59288, -0.02395
0.59443, -0.02388
0.59599, -0.02381
0.59754, -0.02374
0.59910, -0.02367
0.60065, -0.02360
0.60220, -0.02353
0.60375, -0.02346
0.60529, -0.02338
0.60684, -0.02331
0.60839, -0.02323
0.60993, -0.02316
0.61148, -0.02308
0.61302, -0.02301
0.61456, -0.02293
0.61610, -0.02285
0.61764, -0.02278
0.61918, -0.02270
0.62071, -0.02262
0.62225, -0.02254
0.62378, -0.02246
0.62531, -0.02238
0.62684, -0.02230
0.62837, -0.02222
0.62990, -0.02213
0.63142, -0.02205
0.63295, -0.02197
0.63447, -0.02188
0.63599, -0.02180
0.63751, -0.02172
0.63903, -0.02163
0.64054, -0.02155
0.64206, -0.02146
0.64357, -0.02138
0.64508, -0.02129
0.64659, -0.02120
0.64812, -0.02112
0.64974, -0.02103
0.65169, -0.02095
0.65450, -0.02083
0.65894, -0.02049
0.66518, -0.01945
0.67180, -0.01747
0.67641, -0.01545
0.67765, -0.01470
0.67554, -0.01534
0.67150, -0.01623
0.66801, -0.01652
0.66648, -0.01643
0.66662, -0.01631
0.66764, -0.01624
0.66899, -0.01619
0.67042, -0.01616
0.67188, -0.01612
0.67333, -0.01609
0.67478, -0.01606
0.67624, -0.01603
0.67769, -0.01600
0.67914, -0.01597
0.68059, -0.01594
0.68204, -0.01591
0.68349, -0.01589
0.68494, -0.01586
0.68638, -0.01583
0.68783, -0.01581
0.68927, -0.01578
0.69072, -0.01576
0.69216, -0.01573
0.69360, -0.01571
0.69504, -0.01569
0.69648, -0.01566
0.69792, -0.01564
0.69935, -0.01562
0.70079, -0.01560
0.70222, -0.01558
0.70365, -0.01556
0.70508, -0.01553
0.70651, -0.01551
0.70794, -0.01549
0.70937, -0.01547
0.71079, -0.01545
0.71221, -0.01543
0.71364, -0.01542
0.71506, -0.01540
0.71648, -0.01538
0.71789, -0.01536
0.71931, -0.01534
0.72072, -0.01532
0.72213, -0.01530
0.72355, -0.01528
0.72495, -0.01526
0.72636, -0.01524
0.72777, -0.01523
0.72917, -0.01521
0.73057, -0.01519
0.73197, -0.01517
0.73337, -0.01515
0.73477, -0.01513
0.73616, -0.01511
0.73756, -0.01509
0.73895, -0.01507
0.74034, -0.01505
0.74172, -0.01503
0.74311, -0.01501
0.74449, -0.01499
0.74587, -0.01496
0.74725, -0.01494
0.74863, -0.01492
0.75000, -0.01490
0.75137, -0.01487
0.75274, -0.01485
0.75411, -0.01483
0.75547, -0.01480
0.75683, -0.01478
0.75819, -0.01475
0.75955, -0.01473
0.76090, -0.01470
0.76225, -0.01468
0.76360, -0.01465
0.76494, -0.01463
0.76628, -0.01460
0.76762, -0.01457
0.76896, -0.01454
0.77029, -0.01452
0.77162, -0.01449
0.77295, -0.01446
0.77428, -0.01443
0.77560, -0.01440
0.77692, -0.01437
0.77824, -0.01435
0.77955, -0.01432
0.78086, -0.01429
0.78217, -0.01426
0.78347, -0.01423
0.78478, -0.01420
0.78608, -0.01416
0.78737, -0.01413
0.78867, -0.01410
0.78996, -0.01407
0.79124, -0.01404
0.79253, -0.01401
0.79381, -0.01397
0.79509, -0.01394
0.79636, -0.01391
0.79764, -0.01388
0.79891, -0.01384
0.80017, -0.01381
0.80144, -0.01378
0.80270, -0.01374
0.80395, -0.01371
0.80521, -0.01368
0.80646, -0.01364
0.80771, -0.01361
0.80895, -0.01357
0.81019, -0.01354
0.81143, -0.01351
0.81267, -0.01347
0.81390, -0.01344
0.81513, -0.01340
0.81635, -0.01337
0.81758, -0.01333
0.81880, -0.01330
0.82001, -0.01326
0.82123, -0.01322
0.82244, -0.01319
0.82364, -0.01315
0.82484, -0.01312
0.82604, -0.01308
0.82724, -0.01304
0.82843, -0.01301
0.82962, -0.01297
0.83081, -0.01294
0.83199, -0.01290
0.83317, -0.01286
0.83435, -0.01283
0.83552, -0.01279
0.83669, -0.01275
0.83786, -0.01272
0.83902, -0.01268
0.84018, -0.01264
0.84134, -0.01261
0.84249, -0.01257
0.84364, -0.01253
0.84479, -0.01249
0.84593, -0.01246
0.84707, -0.01242
0.84821, -0.01238
0.84934, -0.01234
0.85047, -0.01231
0.85160, -0.01227
0.85272, -0.01223
0.85384, -0.01219
0.85495, -0.01216
0.85606, -0.01212
0.85717, -0.01208
0.85827, -0.01204
0.85938, -0.01200
0.86047, -0.01197
0.86157, -0.01193
0.86266, -0.01189
0.86374, -0.01185
0.86483, -0.01181
0.86591, -0.01178
0.86698, -0.01174
0.86805, -0.01170
0.86912, -0.01166
0.87019, -0.01162
0.87125, -0.01158
0.87230, -0.01154
0.87336, -0.01151
0.87441, -0.01147
0.87545, -0.01143
0.87650, -0.01139
0.87753, -0.01135
0.87857, -0.01131
0.87960, -0.01127
0.88063, -0.01123
0.88165, -0.01120
0.88267, -0.01116
0.88369, -0.01112
0.88470, -0.01108
0.88571, -0.01104
0.88671, -0.01100
0.88771, -0.01096
0.88871, -0.01092
0.88970, -0.01088
0.89069, -0.01084
0.89167, -0.01081
0.89265, -0.01077
0.89363, -0.01073
0.89460, -0.01069
0.89557, -0.01065
0.89654, -0.01061
0.89750, -0.01057
0.89846, -0.01053
0.89941, -0.01049
0.90036, -0.01045
0.90130, -0.01041
0.90224, -0.01037
0.90318, -0.01033
0.90411, -0.01029
0.90504, -0.01026
0.90597, -0.01022
0.90689, -0.01018
0.90781, -0.01014
0.90872, -0.01010
0.90963, -0.01006
0.91053, -0.01002
0.91143, -0.00998
0.91233, -0.00994
0.91322, -0.00990
0.91411, -0.00986
0.91499, -0.00982
0.91587, -0.00979
0.91675, -0.00975
0.91762, -0.00971
0.91849, -0.00967
0.91935, -0.00963
0.92021, -0.00959
0.92107, -0.00955
0.92192, -0.00951
0.92276, -0.00947
0.92360, -0.00943
0.92444, -0.00940
0.92528, -0.00936
0.92610, -0.00932
0.92693, -0.00928
0.92775, -0.00924
0.92857, -0.00920
0.92938, -0.00916
0.93019, -0.00913
0.93099, -0.00909
0.93179, -0.00905
0.93258, -0.00901
0.93338, -0.00897
0.93416, -0.00894
0.93494, -0.00890
0.93572, -0.00886
0.93649, -0.00882
0.93726, -0.00878
0.93803, -0.00875
0.93879, -0.00871
0.93954, -0.00867
0.94029, -0.00863
0.94104, -0.00860
0.94178, -0.00856
0.94252, -0.00852
0.94326, -0.00849
0.94398, -0.00845
0.94471, -0.00841
0.94543, -0.00838
0.94615, -0.00834
0.94686, -0.00830
0.94756, -0.00827
0.94827, -0.00823
0.94896, -0.00819
0.94966, -0.00816
0.95035, -0.00812
0.95103, -0.00809
0.95171, -0.00805
0.95239, -0.00802
0.95306, -0.00798
0.95372, -0.00794
0.95438, -0.00791
0.95504, -0.00787
0.95569, -0.00784
0.95634, -0.00781
0.95698, -0.00777
0.95762, -0.00774
0.95826, -0.00770
0.95889, -0.00767
0.95951, -0.00763
0.96013, -0.00760
0.96075, -0.00757
0.96136, -0.00753
0.96197, -0.00750
0.96257, -0.00747
0.96317, -0.00743
0.96376, -0.00740
0.96435, -0.00737
0.96493, -0.00734
0.96551, -0.00730
0.96608, -0.00727
0.96665, -0.00724
0.96722, -0.00721
0.96778, -0.00718
0.96833, -0.00714
0.96888, -0.00711
0.96943, -0.00708
0.96997, -0.00705
0.97051, -0.00702
0.97104, -0.00699
0.97157, -0.00696
0.97209, -0.00693
0.97261, -0.00690
0.97312, -0.00687
0.97363, -0.00684
0.97413, -0.00681
0.97463, -0.00678
0.97512, -0.00675
0.97561, -0.00672
0.97610, -0.00670
0.97658, -0.00667
0.97705, -0.00664
0.97752, -0.00661
0.97799, -0.00658
0.97845, -0.00656
0.97891, -0.00653
0.97936, -0.00650
0.97980, -0.00648
0.98024, -0.00645
0.98068, -0.00642
0.98111, -0.00640
0.98154, -0.00637
0.98196, -0.00635
0.98238, -0.00632
0.98279, -0.00630
0.98320, -0.00627
0.98360, -0.00625
0.98400, -0.00622
0.98439, -0.00620
0.98478, -0.00618
0.98517, -0.00615
0.98554, -0.00613
0.98592, -0.00611
0.98629, -0.00608
0.98665, -0.00606
0.98701, -0.00604
0.98736, -0.00602
0.98771, -0.00599
0.98806, -0.00597
0.98840, -0.00595
0.98873, -0.00593
0.98906, -0.00591
0.98939, -0.00589
0.98971, -0.00587
0.99002, -0.00585
0.99033, -0.00583
0.99064, -0.00581
0.99094, -0.00579
0.99124, -0.00577
0.99153, -0.00576
0.99181, -0.00574
0.99209, -0.00572
0.99237, -0.00570
0.99264, -0.00569
0.99291, -0.00567
0.99317, -0.00565
0.99342, -0.00564
0.99367, -0.00562
0.99392, -0.00560
0.99416, -0.00559
0.99440, -0.00557
0.99463, -0.00556
0.99486, -0.00554
0.99508, -0.00553
0.99529, -0.00552
0.99551, -0.00550
0.99571, -0.00549
0.99592, -0.00548
0.99611, -0.00546
0.99630, -0.00545
0.99649, -0.00544
0.99667, -0.00543
0.99685, -0.00542
0.99702, -0.00541
0.99719, -0.00539
0.99735, -0.00538
0.99751, -0.00537
0.99766, -0.00536
0.99781, -0.00535
0.99795, -0.00535
0.99809, -0.00534
0.99822, -0.00533
0.99835, -0.00532
0.99847, -0.00531
0.99859, -0.00530
0.99870, -0.00530
0.99881, -0.00529
0.99891, -0.00528
0.99901, -0.00528
0.99910, -0.00527
0.99919, -0.00526
0.99927, -0.00526
0.99935, -0.00525
0.99942, -0.00525
0.99949, -0.00525
0.99955, -0.00524
0.99961, -0.00524
0.99966, -0.00523
0.99971, -0.00523
0.99975, -0.00523
0.99978, -0.00523
0.99982, -0.00522
0.99984, -0.00522
0.99987, -0.00522
0.99988, -0.00522
0.99989, -0.00522
0.99986, -0.00521
0.99985, -0.00521
