airfoil_points_4154
1.000000 0.013867
0.999748 0.013919
0.998993 0.014075
0.997736 0.014334
0.995977 0.014695
0.993719 0.015157
0.990964 0.015719
0.987715 0.016378
0.983974 0.017132
0.979746 0.017978
0.975036 0.018914
0.969846 0.019936
0.964184 0.021041
0.958054 0.022225
0.951463 0.023485
0.944418 0.024816
0.936925 0.026214
0.928992 0.027676
0.920627 0.029196
0.911838 0.030771
0.902635 0.032396
0.893027 0.034067
0.883022 0.035778
0.872632 0.037526
0.861867 0.039307
0.850737 0.041116
0.839255 0.042948
0.827430 0.044800
0.815276 0.046668
0.802805 0.048547
0.790028 0.050435
0.776960 0.052326
0.763613 0.054219
0.750000 0.056109
0.736136 0.057994
0.722033 0.059868
0.707708 0.061730
0.693173 0.063574
0.678443 0.065398
0.663534 0.066380
0.648460 0.062959
0.633237 0.064660
0.617879 0.066400
0.602403 0.068177
0.586824 0.069984
0.571157 0.071810
0.555419 0.073643
0.539625 0.075466
0.523791 0.077263
0.507933 0.079013
0.492067 0.080694
0.476209 0.082287
0.460375 0.083770
0.444581 0.085124
0.428843 0.086331
0.413176 0.087378
0.397597 0.088252
0.382121 0.088944
0.366763 0.089449
0.351540 0.089765
0.336466 0.089893
0.321557 0.089846
0.306827 0.089662
0.292292 0.089347
0.277967 0.088900
0.263864 0.088320
0.250000 0.087607
0.236387 0.086765
0.223040 0.085796
0.209972 0.084703
0.197195 0.083490
0.184724 0.082160
0.172570 0.080715
0.160745 0.079158
0.149263 0.077490
0.138133 0.075715
0.127368 0.073837
0.116978 0.071858
0.106973 0.069784
0.097365 0.067620
0.088162 0.065372
0.079373 0.063044
0.071008 0.060644
0.063075 0.058177
0.055582 0.055648
0.048537 0.053065
0.041946 0.050433
0.035816 0.047759
0.030154 0.045048
0.024964 0.042307
0.020254 0.039541
0.016026 0.036755
0.012285 0.033956
0.009036 0.031148
0.006281 0.028337
0.004023 0.025531
0.002264 0.022738
0.001007 0.019979
0.000252 0.017344
0.000000 0.015668
0.000252 0.010968
0.001007 0.008418
0.002264 0.005832
0.004023 0.003299
0.006281 0.000840
0.009036 -0.001537
0.012285 -0.003829
0.016026 -0.006033
0.020254 -0.008148
0.024964 -0.010173
0.030154 -0.012107
0.035816 -0.013949
0.041946 -0.015698
0.048537 -0.017355
0.055582 -0.018918
0.063075 -0.020387
0.071008 -0.021763
0.079373 -0.023044
0.088162 -0.024232
0.097365 -0.025326
0.106973 -0.026326
0.116978 -0.027233
0.127368 -0.028048
0.138133 -0.028772
0.149263 -0.029404
0.160745 -0.029946
0.172570 -0.030398
0.184724 -0.030760
0.197195 -0.031033
0.209972 -0.031218
0.223040 -0.031318
0.236387 -0.031337
0.250000 -0.031279
0.263864 -0.031150
0.277967 -0.030953
0.292292 -0.030694
0.306827 -0.030376
0.321557 -0.030000
0.336466 -0.029575
0.351540 -0.029146
0.366763 -0.028736
0.382121 -0.028352
0.397597 -0.027998
0.413176 -0.027674
0.428843 -0.027376
0.444581 -0.027097
0.460375 -0.026828
0.476209 -0.026557
0.492067 -0.026270
0.507933 -0.025954
0.523791 -0.025593
0.539625 -0.025176
0.555419 -0.024691
0.571157 -0.024129
0.586824 -0.023481
0.602403 -0.022743
0.617879 -0.021913
0.633237 -0.020993
0.648460 -0.019988
0.663534 -0.018378
0.678443 -0.012040
0.693173 -0.011058
0.707708 -0.010073
0.722033 -0.009089
0.736136 -0.008108
0.750000 -0.007132
0.763613 -0.006164
0.776960 -0.005206
0.790028 -0.004261
0.802805 -0.003331
0.815276 -0.002418
0.827430 -0.001524
0.839255 -0.000651
0.850737 0.000199
0.861867 0.001025
0.872632 0.001826
0.883022 0.002600
0.893027 0.003346
0.902635 0.004063
0.911838 0.004751
0.920627 0.005408
0.928992 0.006033
0.936925 0.006627
0.944418 0.007187
0.951463 0.007714
0.958054 0.008207
0.964184 0.008665
0.969846 0.009089
0.975036 0.009477
0.979746 0.009829
0.983974 0.010145
0.987715 0.010424
0.990964 0.010667
0.993719 0.010873
0.995977 0.011042
0.997736 0.011173
0.998993 0.011267
0.999748 0.011323
1.000000 0.011340
