airfoil_points_3099
1.000000 0.025114
0.999748 0.025164
0.998993 0.025315
0.997736 0.025565
0.995977 0.025914
0.993719 0.026360
0.990964 0.026899
0.987715 0.027529
0.983974 0.028248
0.979746 0.029051
0.975036 0.029933
0.969846 0.030892
0.964184 0.031921
0.958054 0.033016
0.951463 0.034172
0.944418 0.035383
0.936925 0.036645
0.928992 0.037950
0.920627 0.039294
0.911838 0.040672
0.902635 0.042077
0.893027 0.043504
0.883022 0.044949
0.872632 0.046406
0.861867 0.047871
0.850737 0.049339
0.839255 0.050805
0.827430 0.052265
0.815276 0.053714
0.802805 0.055144
0.790028 0.056545
0.776960 0.057912
0.763613 0.059234
0.750000 0.060504
0.736136 0.061719
0.722033 0.062896
0.707708 0.064055
0.693173 0.065219
0.678443 0.066412
0.663534 0.067111
0.648460 0.062962
0.633237 0.064513
0.617879 0.066130
0.602403 0.067804
0.586824 0.069528
0.571157 0.071291
0.555419 0.073081
0.539625 0.074884
0.523791 0.076681
0.507933 0.078451
0.492067 0.080170
0.476209 0.081811
0.460375 0.083347
0.444581 0.084749
0.428843 0.085989
0.413176 0.087044
0.397597 0.087889
0.382121 0.088508
0.366763 0.088888
0.351540 0.089018
0.336466 0.088897
0.321557 0.088532
0.306827 0.087954
0.292292 0.087168
0.277967 0.086170
0.263864 0.084958
0.250000 0.083537
0.236387 0.081928
0.223040 0.080165
0.209972 0.078277
0.197195 0.076293
0.184724 0.074237
0.172570 0.072122
0.160745 0.069944
0.149263 0.067703
0.138133 0.065397
0.127368 0.063026
0.116978 0.060590
0.106973 0.058093
0.097365 0.055539
0.088162 0.052933
0.079373 0.050280
0.071008 0.047585
0.063075 0.044852
0.055582 0.042086
0.048537 0.039292
0.041946 0.036475
0.035816 0.033638
0.030154 0.030785
0.024964 0.027922
0.020254 0.025052
0.016026 0.022179
0.012285 0.019306
0.009036 0.016439
0.006281 0.013581
0.004023 0.010739
0.002264 0.007922
0.001007 0.005156
0.000252 0.002538
0.000000 0.000934
0.000252 -0.003985
0.001007 -0.006501
0.002264 -0.009062
0.004023 -0.011568
0.006281 -0.013994
0.009036 -0.016330
0.012285 -0.018570
0.016026 -0.020712
0.020254 -0.022751
0.024964 -0.024686
0.030154 -0.026513
0.035816 -0.028230
0.041946 -0.029835
0.048537 -0.031324
0.055582 -0.032696
0.063075 -0.033948
0.071008 -0.035078
0.079373 -0.036085
0.088162 -0.036967
0.097365 -0.037723
0.106973 -0.038352
0.116978 -0.038853
0.127368 -0.039227
0.138133 -0.039474
0.149263 -0.039592
0.160745 -0.039580
0.172570 -0.039434
0.184724 -0.039149
0.197195 -0.038724
0.209972 -0.038154
0.223040 -0.037451
0.236387 -0.036644
0.250000 -0.035766
0.263864 -0.034852
0.277967 -0.033945
0.292292 -0.033068
0.306827 -0.032222
0.321557 -0.031408
0.336466 -0.030629
0.351540 -0.029919
0.366763 -0.029303
0.382121 -0.028784
0.397597 -0.028355
0.413176 -0.028007
0.428843 -0.027723
0.444581 -0.027483
0.460375 -0.027266
0.476209 -0.027048
0.492067 -0.026807
0.507933 -0.026523
0.523791 -0.026178
0.539625 -0.025756
0.555419 -0.025244
0.571157 -0.024635
0.586824 -0.023921
0.602403 -0.023099
0.617879 -0.022167
0.633237 -0.021124
0.648460 -0.019970
0.663534 -0.018293
0.678443 -0.012376
0.693173 -0.009391
0.707708 -0.007727
0.722033 -0.006039
0.736136 -0.004357
0.750000 -0.002709
0.763613 -0.001116
0.776960 0.000415
0.790028 0.001887
0.802805 0.003304
0.815276 0.004667
0.827430 0.005979
0.839255 0.007242
0.850737 0.008458
0.861867 0.009623
0.872632 0.010738
0.883022 0.011802
0.893027 0.012812
0.902635 0.013770
0.911838 0.014675
0.920627 0.015527
0.928992 0.016327
0.936925 0.017074
0.944418 0.017769
0.951463 0.018414
0.958054 0.019009
0.964184 0.019555
0.969846 0.020052
0.975036 0.020502
0.979746 0.020906
0.983974 0.021265
0.987715 0.021579
0.990964 0.021849
0.993719 0.022077
0.995977 0.022262
0.997736 0.022406
0.998993 0.022508
0.999748 0.022569
1.000000 0.022587
