=== Airfoil Parameters ===
m = 0.02
p = 0.4
t = 0.12

=== Control Points ===
0.00000, -0.02073, -0.02073
0.06667, -0.01377, -0.01989
0.13333, -0.00725, -0.01837
0.20000, -0.00145, -0.01645
0.26667, 0.00331, -0.01446
0.66667, 0.00338, -0.01267
0.75000, 0.00194, -0.01125
0.83333, -0.00069, -0.01026
0.91667, -0.00449, -0.00966
1.00000, -0.00938, -0.00938

=== Upper Surface ===
0.00000, -0.02073
-0.00004, -0.02045
-0.00005, -0.02017
-0.00007, -0.01989
-0.00008, -0.01961
-0.00009, -0.01933
-0.00009, -0.01905
-0.00008, -0.01877
-0.00008, -0.01850
-0.00006, -0.01822
-0.00005, -0.01794
-0.00002, -0.01766
0.00000, -0.01737
0.00004, -0.01709
0.00008, -0.01681
0.00012, -0.01653
0.00017, -0.01625
0.00022, -0.01597
0.00028, -0.01569
0.00034, -0.01541
0.00041, -0.01513
0.00048, -0.01485
0.00056, -0.01456
0.00064, -0.01428
0.00073, -0.01400
0.00082, -0.01372
0.00092, -0.01344
0.00102, -0.01316
0.00113, -0.01287
0.00124, -0.01259
0.00136, -0.01231
0.00148, -0.01202
0.00161, -0.01174
0.00174, -0.01146
0.00188, -0.01118
0.00202, -0.01089
0.00217, -0.01061
0.00232, -0.01033
0.00247, -0.01004
0.00264, -0.00976
0.00280, -0.00948
0.00298, -0.00919
0.00315, -0.00891
0.00333, -0.00862
0.00352, -0.00834
0.00371, -0.00806
0.00391, -0.00777
0.00411, -0.00749
0.00432, -0.00720
0.00453, -0.00692
0.00475, -0.00663
0.00497, -0.00635
0.00519, -0.00606
0.00543, -0.00578
0.00566, -0.00549
0.00590, -0.00521
0.00615, -0.00492
0.00640, -0.00464
0.00666, -0.00435
0.00692, -0.00407
0.00718, -0.00378
0.00745, -0.00350
0.00773, -0.00321
0.00801, -0.00293
0.00829, -0.00264
0.00859, -0.00236
0.00888, -0.00207
0.00918, -0.00179
0.00949, -0.00150
0.00980, -0.00122
0.01011, -0.00093
0.01043, -0.00064
0.01075, -0.00036
0.01108, -0.00007
0.01142, 0.00021
0.01176, 0.00050
0.01210, 0.00078
0.01245, 0.00107
0.01280, 0.00136
0.01316, 0.00164
0.01353, 0.00193
0.01390, 0.00221
0.01427, 0.00250
0.01465, 0.00278
0.01503, 0.00307
0.01542, 0.00336
0.01581, 0.00364
0.01621, 0.00393
0.01661, 0.00421
0.01702, 0.00450
0.01743, 0.00478
0.01785, 0.00507
0.01827, 0.00535
0.01869, 0.00564
0.01913, 0.00592
0.01956, 0.00621
0.02000, 0.00649
0.02045, 0.00678
0.02090, 0.00706
0.02135, 0.00735
0.02181, 0.00763
0.02228, 0.00792
0.02275, 0.00820
0.02322, 0.00849
0.02370, 0.00877
0.02419, 0.00906
0.02467, 0.00934
0.02517, 0.00963
0.02567, 0.00991
0.02617, 0.01019
0.02668, 0.01048
0.02719, 0.01076
0.02771, 0.01105
0.02823, 0.01133
0.02875, 0.01161
0.02929, 0.01190
0.02982, 0.01218
0.03036, 0.01246
0.03091, 0.01275
0.03146, 0.01303
0.03201, 0.01331
0.03257, 0.01359
0.03314, 0.01388
0.03371, 0.01416
0.03428, 0.01444
0.03486, 0.01472
0.03544, 0.01500
0.03603, 0.01528
0.03662, 0.01557
0.03722, 0.01585
0.03782, 0.01613
0.03843, 0.01641
0.03904, 0.01669
0.03965, 0.01697
0.04027, 0.01725
0.04090, 0.01753
0.04153, 0.01781
0.04216, 0.01809
0.04280, 0.01837
0.04345, 0.01864
0.04409, 0.01892
0.04475, 0.01920
0.04540, 0.01948
0.04606, 0.01976
0.04673, 0.02003
0.04740, 0.02031
0.04808, 0.02059
0.04876, 0.02087
0.04944, 0.02114
0.05013, 0.02142
0.05082, 0.02169
0.05152, 0.02197
0.05223, 0.02224
0.05293, 0.02252
0.05364, 0.02279
0.05436, 0.02307
0.05508, 0.02334
0.05581, 0.02362
0.05654, 0.02389
0.05727, 0.02416
0.05801, 0.02443
0.05875, 0.02471
0.05950, 0.02498
0.06025, 0.02525
0.06101, 0.02552
0.06177, 0.02579
0.06254, 0.02606
0.06331, 0.02633
0.06408, 0.02660
0.06486, 0.02687
0.06564, 0.02714
0.06643, 0.02741
0.06722, 0.02768
0.06802, 0.02794
0.06882, 0.02821
0.06962, 0.02848
0.07043, 0.02875
0.07125, 0.02901
0.07207, 0.02928
0.07289, 0.02954
0.07372, 0.02981
0.07455, 0.03007
0.07538, 0.03033
0.07622, 0.03060
0.07707, 0.03086
0.07791, 0.03112
0.07877, 0.03138
0.07963, 0.03165
0.08049, 0.03191
0.08135, 0.03217
0.08222, 0.03243
0.08310, 0.03269
0.08398, 0.03294
0.08486, 0.03320
0.08575, 0.03346
0.08664, 0.03372
0.08753, 0.03397
0.08843, 0.03423
0.08934, 0.03449
0.09024, 0.03474
0.09116, 0.03500
0.09207, 0.03525
0.09299, 0.03550
0.09392, 0.03576
0.09485, 0.03601
0.09578, 0.03626
0.09672, 0.03651
0.09766, 0.03676
0.09861, 0.03701
0.09956, 0.03726
0.10051, 0.03751
0.10147, 0.03776
0.10243, 0.03800
0.10340, 0.03825
0.10437, 0.03850
0.10534, 0.03874
0.10632, 0.03899
0.10730, 0.03923
0.10829, 0.03947
0.10928, 0.03972
0.11027, 0.03996
0.11127, 0.04020
0.11227, 0.04044
0.11328, 0.04068
0.11429, 0.04092
0.11531, 0.04116
0.11632, 0.04139
0.11735, 0.04163
0.11837, 0.04187
0.11940, 0.04210
0.12044, 0.04234
0.12148, 0.04257
0.12252, 0.04281
0.12356, 0.04304
0.12461, 0.04327
0.12567, 0.04350
0.12673, 0.04373
0.12779, 0.04396
0.12885, 0.04419
0.12992, 0.04442
0.13100, 0.04464
0.13207, 0.04487
0.13315, 0.04510
0.13424, 0.04532
0.13533, 0.04554
0.13642, 0.04577
0.13751, 0.04599
0.13861, 0.04621
0.13972, 0.04643
0.14082, 0.04665
0.14193, 0.04687
0.14305, 0.04709
0.14417, 0.04730
0.14529, 0.04752
0.14641, 0.04774
0.14754, 0.04795
0.14867, 0.04816
0.14981, 0.04838
0.15095, 0.04859
0.15209, 0.04880
0.15324, 0.04901
0.15439, 0.04922
0.15554, 0.04943
0.15670, 0.04963
0.15786, 0.04984
0.15902, 0.05005
0.16019, 0.05025
0.16136, 0.05045
0.16254, 0.05066
0.16372, 0.05086
0.16490, 0.05106
0.16608, 0.05126
0.16727, 0.05146
0.16846, 0.05166
0.16966, 0.05185
0.17086, 0.05205
0.17206, 0.05224
0.17327, 0.05244
0.17447, 0.05263
0.17569, 0.05282
0.17690, 0.05301
0.17812, 0.05320
0.17934, 0.05339
0.18057, 0.05358
0.18180, 0.05377
0.18303, 0.05395
0.18426, 0.05414
0.18550, 0.05432
0.18674, 0.05451
0.18799, 0.05469
0.18924, 0.05487
0.19049, 0.05505
0.19174, 0.05523
0.19300, 0.05541
0.19426, 0.05558
0.19553, 0.05576
0.19679, 0.05593
0.19806, 0.05611
0.19934, 0.05628
0.20062, 0.05645
0.20190, 0.05662
0.20318, 0.05679
0.20447, 0.05696
0.20576, 0.05713
0.20706, 0.05729
0.20836, 0.05746
0.20966, 0.05762
0.21097, 0.05778
0.21227, 0.05795
0.21359, 0.05811
0.21490, 0.05827
0.21622, 0.05842
0.21754, 0.05858
0.21887, 0.05874
0.22020, 0.05889
0.22153, 0.05904
0.22287, 0.05919
0.22421, 0.05934
0.22555, 0.05949
0.22690, 0.05964
0.22825, 0.05979
0.22960, 0.05993
0.23096, 0.06008
0.23232, 0.06022
0.23368, 0.06036
0.23504, 0.06050
0.23641, 0.06063
0.23779, 0.06077
0.23916, 0.06091
0.24054, 0.06104
0.24192, 0.06117
0.24331, 0.06130
0.24470, 0.06143
0.24609, 0.06156
0.24748, 0.06168
0.24888, 0.06181
0.25028, 0.06193
0.25168, 0.06205
0.25309, 0.06217
0.25450, 0.06229
0.25591, 0.06240
0.25733, 0.06252
0.25875, 0.06263
0.26017, 0.06274
0.26160, 0.06285
0.26303, 0.06296
0.26446, 0.06306
0.26589, 0.06316
0.26733, 0.06327
0.26876, 0.06337
0.27020, 0.06346
0.27165, 0.06356
0.27309, 0.06365
0.27454, 0.06375
0.27599, 0.06384
0.27744, 0.06393
0.27889, 0.06401
0.28035, 0.06410
0.28180, 0.06418
0.28326, 0.06426
0.28473, 0.06434
0.28619, 0.06442
0.28766, 0.06450
0.28912, 0.06457
0.29059, 0.06464
0.29206, 0.06471
0.29354, 0.06478
0.29501, 0.06485
0.29649, 0.06492
0.29797, 0.06498
0.29945, 0.06504
0.30093, 0.06510
0.30242, 0.06516
0.30390, 0.06521
0.30539, 0.06527
0.30688, 0.06532
0.30838, 0.06537
0.30987, 0.06542
0.31136, 0.06547
0.31286, 0.06551
0.31436, 0.06556
0.31586, 0.06560
0.31736, 0.06564
0.31887, 0.06568
0.32037, 0.06571
0.32188, 0.06575
0.32339, 0.06578
0.32489, 0.06581
0.32640, 0.06584
0.32790, 0.06587
0.32940, 0.06590
0.33089, 0.06592
0.33238, 0.06594
0.33386, 0.06597
0.33535, 0.06599
0.33684, 0.06601
0.33833, 0.06603
0.33983, 0.06605
0.34132, 0.06607
0.34282, 0.06609
0.34432, 0.06610
0.34582, 0.06612
0.34732, 0.06613
0.34882, 0.06615
0.35033, 0.06616
0.35183, 0.06617
0.35334, 0.06618
0.35485, 0.06619
0.35636, 0.06620
0.35788, 0.06621
0.35939, 0.06622
0.36091, 0.06623
0.36243, 0.06623
0.36394, 0.06624
0.36547, 0.06624
0.36699, 0.06625
0.36851, 0.06625
0.37004, 0.06625
0.37156, 0.06625
0.37309, 0.06625
0.37462, 0.06625
0.37615, 0.06625
0.37768, 0.06624
0.37921, 0.06624
0.38075, 0.06623
0.38228, 0.06623
0.38382, 0.06622
0.38536, 0.06622
0.38689, 0.06621
0.38843, 0.06620
0.38998, 0.06619
0.39152, 0.06618
0.39306, 0.06616
0.39461, 0.06615
0.39615, 0.06614
0.39770, 0.06612
0.39925, 0.06611
0.40079, 0.06609
0.40234, 0.06607
0.40389, 0.06606
0.40544, 0.06604
0.40700, 0.06602
0.40855, 0.06600
0.41010, 0.06598
0.41166, 0.06595
0.41322, 0.06593
0.41477, 0.06591
0.41633, 0.06588
0.41789, 0.06586
0.41945, 0.06583
0.42101, 0.06580
0.42257, 0.06577
0.42413, 0.06574
0.42569, 0.06571
0.42725, 0.06568
0.42882, 0.06565
0.43038, 0.06562
0.43195, 0.06559
0.43351, 0.06555
0.43508, 0.06552
0.43665, 0.06548
0.43821, 0.06545
0.43978, 0.06541
0.44135, 0.06537
0.44292, 0.06533
0.44449, 0.06529
0.44606, 0.06525
0.44763, 0.06521
0.44920, 0.06517
0.45077, 0.06513
0.45235, 0.06508
0.45392, 0.06504
0.45549, 0.06499
0.45707, 0.06495
0.45864, 0.06490
0.46021, 0.06485
0.46179, 0.06480
0.46337, 0.06476
0.46494, 0.06471
0.46652, 0.06465
0.46809, 0.06460
0.46967, 0.06455
0.47125, 0.06450
0.47282, 0.06445
0.47440, 0.06439
0.47598, 0.06434
0.47756, 0.06428
0.47914, 0.06422
0.48072, 0.06417
0.48230, 0.06411
0.48388, 0.06405
0.48545, 0.06399
0.48703, 0.06393
0.48861, 0.06387
0.49019, 0.06381
0.49178, 0.06375
0.49336, 0.06368
0.49494, 0.06362
0.49652, 0.06355
0.49810, 0.06349
0.49968, 0.06342
0.50126, 0.06336
0.50284, 0.06329
0.50442, 0.06322
0.50600, 0.06315
0.50759, 0.06308
0.50917, 0.06301
0.51075, 0.06294
0.51233, 0.06287
0.51391, 0.06279
0.51549, 0.06272
0.51708, 0.06265
0.51866, 0.06257
0.52024, 0.06250
0.52182, 0.06242
0.52340, 0.06234
0.52498, 0.06226
0.52656, 0.06219
0.52814, 0.06211
0.52973, 0.06203
0.53131, 0.06195
0.53289, 0.06186
0.53447, 0.06178
0.53605, 0.06170
0.53763, 0.06161
0.53921, 0.06153
0.54079, 0.06144
0.54237, 0.06136
0.54395, 0.06127
0.54553, 0.06118
0.54710, 0.06109
0.54868, 0.06100
0.55026, 0.06091
0.55184, 0.06082
0.55342, 0.06073
0.55499, 0.06064
0.55657, 0.06054
0.55815, 0.06045
0.55972, 0.06035
0.56130, 0.06025
0.56287, 0.06016
0.56445, 0.06006
0.56602, 0.05996
0.56760, 0.05986
0.56917, 0.05976
0.57074, 0.05966
0.57231, 0.05956
0.57389, 0.05945
0.57546, 0.05935
0.57703, 0.05924
0.57860, 0.05914
0.58017, 0.05903
0.58174, 0.05892
0.58330, 0.05882
0.58487, 0.05871
0.58644, 0.05860
0.58800, 0.05848
0.58957, 0.05837
0.59113, 0.05826
0.59270, 0.05815
0.59426, 0.05803
0.59582, 0.05791
0.59738, 0.05780
0.59894, 0.05768
0.60050, 0.05756
0.60206, 0.05744
0.60362, 0.05732
0.60518, 0.05720
0.60673, 0.05708
0.60829, 0.05695
0.60984, 0.05683
0.61139, 0.05670
0.61294, 0.05658
0.61449, 0.05645
0.61604, 0.05632
0.61759, 0.05619
0.61914, 0.05606
0.62069, 0.05593
0.62223, 0.05580
0.62378, 0.05567
0.62532, 0.05553
0.62686, 0.05540
0.62840, 0.05526
0.62994, 0.05513
0.63148, 0.05499
0.63301, 0.05485
0.63455, 0.05471
0.63608, 0.05457
0.63761, 0.05443
0.63914, 0.05428
0.64067, 0.05414
0.64220, 0.05400
0.64373, 0.05385
0.64525, 0.05370
0.64678, 0.05356
0.64831, 0.05341
0.64988, 0.05326
0.65164, 0.05310
0.65410, 0.05290
0.65840, 0.05247
0.66590, 0.05096
0.67589, 0.04694
0.68444, 0.04102
0.68925, 0.03623
0.69067, 0.03444
0.68873, 0.03600
0.68319, 0.03957
0.67632, 0.04218
0.67192, 0.04294
0.67067, 0.04292
0.67122, 0.04278
0.67245, 0.04262
0.67387, 0.04245
0.67533, 0.04229
0.67680, 0.04213
0.67826, 0.04197
0.67973, 0.04181
0.68119, 0.04165
0.68265, 0.04148
0.68411, 0.04132
0.68556, 0.04116
0.68702, 0.04100
0.68847, 0.04084
0.68993, 0.04067
0.69138, 0.04051
0.69283, 0.04035
0.69428, 0.04019
0.69572, 0.04003
0.69717, 0.03986
0.69861, 0.03970
0.70005, 0.03954
0.70149, 0.03938
0.70293, 0.03921
0.70437, 0.03905
0.70580, 0.03889
0.70724, 0.03872
0.70867, 0.03856
0.71010, 0.03840
0.71153, 0.03823
0.71295, 0.03807
0.71438, 0.03791
0.71580, 0.03774
0.71722, 0.03758
0.71864, 0.03741
0.72006, 0.03725
0.72147, 0.03708
0.72289, 0.03692
0.72430, 0.03675
0.72571, 0.03658
0.72711, 0.03642
0.72852, 0.03625
0.72992, 0.03608
0.73132, 0.03592
0.73272, 0.03575
0.73412, 0.03558
0.73551, 0.03541
0.73691, 0.03524
0.73830, 0.03507
0.73969, 0.03490
0.74107, 0.03473
0.74246, 0.03456
0.74384, 0.03439
0.74522, 0.03422
0.74659, 0.03405
0.74797, 0.03388
0.74934, 0.03371
0.75071, 0.03354
0.75208, 0.03336
0.75344, 0.03319
0.75481, 0.03302
0.75617, 0.03284
0.75752, 0.03267
0.75888, 0.03249
0.76023, 0.03232
0.76158, 0.03214
0.76293, 0.03197
0.76427, 0.03179
0.76561, 0.03161
0.76695, 0.03144
0.76828, 0.03126
0.76962, 0.03108
0.77095, 0.03091
0.77227, 0.03073
0.77360, 0.03055
0.77492, 0.03037
0.77623, 0.03019
0.77755, 0.03001
0.77886, 0.02983
0.78017, 0.02966
0.78148, 0.02948
0.78278, 0.02930
0.78408, 0.02912
0.78538, 0.02894
0.78668, 0.02876
0.78797, 0.02858
0.78926, 0.02840
0.79054, 0.02822
0.79182, 0.02803
0.79310, 0.02785
0.79438, 0.02767
0.79565, 0.02749
0.79692, 0.02731
0.79819, 0.02713
0.79946, 0.02695
0.80072, 0.02677
0.80198, 0.02658
0.80323, 0.02640
0.80448, 0.02622
0.80573, 0.02604
0.80698, 0.02586
0.80822, 0.02567
0.80946, 0.02549
0.81070, 0.02531
0.81193, 0.02513
0.81316, 0.02495
0.81439, 0.02476
0.81561, 0.02458
0.81683, 0.02440
0.81805, 0.02422
0.81926, 0.02404
0.82047, 0.02385
0.82168, 0.02367
0.82288, 0.02349
0.82409, 0.02331
0.82528, 0.02313
0.82648, 0.02294
0.82767, 0.02276
0.82886, 0.02258
0.83004, 0.02240
0.83122, 0.02222
0.83240, 0.02204
0.83357, 0.02186
0.83474, 0.02167
0.83591, 0.02149
0.83707, 0.02131
0.83824, 0.02113
0.83939, 0.02095
0.84055, 0.02077
0.84170, 0.02059
0.84284, 0.02041
0.84399, 0.02023
0.84513, 0.02005
0.84627, 0.01987
0.84740, 0.01969
0.84853, 0.01951
0.84965, 0.01933
0.85078, 0.01915
0.85190, 0.01898
0.85301, 0.01880
0.85413, 0.01862
0.85523, 0.01844
0.85634, 0.01826
0.85744, 0.01809
0.85854, 0.01791
0.85963, 0.01773
0.86072, 0.01755
0.86181, 0.01738
0.86290, 0.01720
0.86398, 0.01702
0.86505, 0.01685
0.86612, 0.01667
0.86719, 0.01650
0.86826, 0.01632
0.86932, 0.01615
0.87038, 0.01597
0.87143, 0.01580
0.87248, 0.01562
0.87353, 0.01545
0.87458, 0.01527
0.87562, 0.01510
0.87665, 0.01493
0.87768, 0.01476
0.87871, 0.01458
0.87974, 0.01441
0.88076, 0.01424
0.88177, 0.01407
0.88279, 0.01390
0.88380, 0.01373
0.88480, 0.01355
0.88580, 0.01338
0.88680, 0.01321
0.88780, 0.01305
0.88879, 0.01288
0.88977, 0.01271
0.89075, 0.01254
0.89173, 0.01237
0.89271, 0.01220
0.89368, 0.01204
0.89465, 0.01187
0.89561, 0.01170
0.89657, 0.01154
0.89752, 0.01137
0.89847, 0.01121
0.89942, 0.01104
0.90036, 0.01088
0.90130, 0.01071
0.90224, 0.01055
0.90317, 0.01039
0.90410, 0.01022
0.90502, 0.01006
0.90594, 0.00990
0.90686, 0.00974
0.90777, 0.00958
0.90867, 0.00942
0.90958, 0.00926
0.91048, 0.00910
0.91137, 0.00894
0.91226, 0.00878
0.91315, 0.00862
0.91403, 0.00846
0.91491, 0.00831
0.91578, 0.00815
0.91665, 0.00799
0.91752, 0.00784
0.91838, 0.00768
0.91924, 0.00753
0.92009, 0.00737
0.92094, 0.00722
0.92179, 0.00707
0.92263, 0.00692
0.92347, 0.00676
0.92430, 0.00661
0.92513, 0.00646
0.92595, 0.00631
0.92677, 0.00616
0.92759, 0.00601
0.92840, 0.00586
0.92921, 0.00571
0.93001, 0.00557
0.93081, 0.00542
0.93161, 0.00527
0.93240, 0.00513
0.93318, 0.00498
0.93396, 0.00484
0.93474, 0.00469
0.93552, 0.00455
0.93628, 0.00441
0.93705, 0.00427
0.93781, 0.00412
0.93857, 0.00398
0.93932, 0.00384
0.94006, 0.00370
0.94081, 0.00356
0.94155, 0.00343
0.94228, 0.00329
0.94301, 0.00315
0.94374, 0.00301
0.94446, 0.00288
0.94517, 0.00274
0.94589, 0.00261
0.94659, 0.00247
0.94730, 0.00234
0.94800, 0.00221
0.94869, 0.00208
0.94938, 0.00195
0.95007, 0.00182
0.95075, 0.00169
0.95143, 0.00156
0.95210, 0.00143
0.95277, 0.00130
0.95343, 0.00117
0.95409, 0.00105
0.95474, 0.00092
0.95539, 0.00080
0.95604, 0.00067
0.95668, 0.00055
0.95732, 0.00043
0.95795, 0.00031
0.95858, 0.00018
0.95920, 0.00006
0.95982, -0.00006
0.96043, -0.00017
0.96104, -0.00029
0.96165, -0.00041
0.96225, -0.00053
0.96284, -0.00064
0.96344, -0.00076
0.96402, -0.00087
0.96460, -0.00099
0.96518, -0.00110
0.96576, -0.00121
0.96632, -0.00132
0.96689, -0.00143
0.96745, -0.00154
0.96800, -0.00165
0.96855, -0.00176
0.96910, -0.00187
0.96964, -0.00197
0.97017, -0.00208
0.97071, -0.00218
0.97123, -0.00229
0.97175, -0.00239
0.97227, -0.00249
0.97278, -0.00259
0.97329, -0.00269
0.97380, -0.00279
0.97430, -0.00289
0.97479, -0.00299
0.97528, -0.00309
0.97576, -0.00319
0.97625, -0.00328
0.97672, -0.00338
0.97719, -0.00347
0.97766, -0.00356
0.97812, -0.00365
0.97858, -0.00375
0.97903, -0.00384
0.97948, -0.00393
0.97992, -0.00401
0.98036, -0.00410
0.98079, -0.00419
0.98122, -0.00428
0.98164, -0.00436
0.98206, -0.00444
0.98248, -0.00453
0.98289, -0.00461
0.98329, -0.00469
0.98369, -0.00477
0.98409, -0.00485
0.98448, -0.00493
0.98486, -0.00501
0.98524, -0.00509
0.98562, -0.00516
0.98599, -0.00524
0.98636, -0.00531
0.98672, -0.00539
0.98708, -0.00546
0.98743, -0.00553
0.98778, -0.00560
0.98812, -0.00567
0.98846, -0.00574
0.98879, -0.00581
0.98912, -0.00587
0.98944, -0.00594
0.98976, -0.00600
0.99008, -0.00607
0.99039, -0.00613
0.99069, -0.00619
0.99099, -0.00625
0.99129, -0.00631
0.99158, -0.00637
0.99186, -0.00643
0.99214, -0.00649
0.99242, -0.00655
0.99269, -0.00660
0.99295, -0.00666
0.99321, -0.00671
0.99347, -0.00676
0.99372, -0.00681
0.99397, -0.00686
0.99421, -0.00691
0.99445, -0.00696
0.99468, -0.00701
0.99491, -0.00706
0.99513, -0.00710
0.99535, -0.00715
0.99556, -0.00719
0.99577, -0.00723
0.99597, -0.00728
0.99617, -0.00732
0.99636, -0.00736
0.99655, -0.00739
0.99673, -0.00743
0.99691, -0.00747
0.99708, -0.00751
0.99725, -0.00754
0.99742, -0.00757
0.99758, -0.00761
0.99773, -0.00764
0.99788, -0.00767
0.99802, -0.00770
0.99816, -0.00773
0.99830, -0.00776
0.99843, -0.00778
0.99855, -0.00781
0.99867, -0.00783
0.99879, -0.00786
0.99890, -0.00788
0.99900, -0.00790
0.99910, -0.00792
0.99920, -0.00794
0.99929, -0.00796
0.99937, -0.00798
0.99946, -0.00800
0.99953, -0.00801
0.99960, -0.00803
0.99967, -0.00804
0.99973, -0.00805
0.99979, -0.00806
0.99984, -0.00807
0.99988, -0.00808
0.99993, -0.00809
0.99996, -0.00810
0.99999, -0.00811
1.00002, -0.00811
1.00004, -0.00812
1.00006, -0.00812
1.00008, -0.00812
1.00012, -0.00813
1.00014, -0.00813

=== Lower Surface ===
0.00000, -0.02073
0.00005, -0.02100
0.00007, -0.02128
0.00011, -0.02156
0.00016, -0.02184
0.00021, -0.02211
0.00027, -0.02238
0.00033, -0.02266
0.00039, -0.02293
0.00046, -0.02320
0.00054, -0.02347
0.00062, -0.02374
0.00071, -0.02401
0.00080, -0.02427
0.00089, -0.02454
0.00099, -0.02481
0.00110, -0.02507
0.00121, -0.02533
0.00133, -0.02560
0.00145, -0.02586
0.00157, -0.02612
0.00170, -0.02638
0.00184, -0.02664
0.00198, -0.02690
0.00212, -0.02715
0.00227, -0.02741
0.00242, -0.02767
0.00258, -0.02792
0.00275, -0.02817
0.00292, -0.02843
0.00309, -0.02868
0.00327, -0.02893
0.00345, -0.02918
0.00364, -0.02943
0.00383, -0.02968
0.00403, -0.02992
0.00424, -0.03017
0.00444, -0.03041
0.00466, -0.03066
0.00487, -0.03090
0.00510, -0.03114
0.00532, -0.03139
0.00556, -0.03163
0.00579, -0.03187
0.00604, -0.03210
0.00628, -0.03234
0.00653, -0.03258
0.00679, -0.03281
0.00705, -0.03305
0.00732, -0.03328
0.00759, -0.03352
0.00787, -0.03375
0.00815, -0.03398
0.00843, -0.03421
0.00872, -0.03444
0.00902, -0.03467
0.00932, -0.03489
0.00962, -0.03512
0.00993, -0.03535
0.01025, -0.03557
0.01057, -0.03579
0.01089, -0.03602
0.01122, -0.03624
0.01155, -0.03646
0.01189, -0.03668
0.01223, -0.03690
0.01258, -0.03711
0.01293, -0.03733
0.01329, -0.03755
0.01365, -0.03776
0.01402, -0.03797
0.01439, -0.03819
0.01477, -0.03840
0.01515, -0.03861
0.01554, -0.03882
0.01593, -0.03903
0.01632, -0.03923
0.01672, -0.03944
0.01713, -0.03965
0.01754, -0.03985
0.01795, -0.04006
0.01837, -0.04026
0.01880, -0.04046
0.01922, -0.04066
0.01966, -0.04086
0.02010, -0.04106
0.02054, -0.04126
0.02099, -0.04145
0.02144, -0.04165
0.02189, -0.04184
0.02236, -0.04204
0.02282, -0.04223
0.02329, -0.04242
0.02377, -0.04261
0.02425, -0.04280
0.02473, -0.04299
0.02522, -0.04318
0.02572, -0.04336
0.02622, -0.04355
0.02672, -0.04373
0.02723, -0.04392
0.02774, -0.04410
0.02826, -0.04428
0.02878, -0.04446
0.02931, -0.04464
0.02984, -0.04482
0.03037, -0.04499
0.03091, -0.04517
0.03146, -0.04534
0.03201, -0.04552
0.03256, -0.04569
0.03312, -0.04586
0.03368, -0.04603
0.03425, -0.04620
0.03482, -0.04637
0.03540, -0.04654
0.03598, -0.04670
0.03656, -0.04687
0.03715, -0.04703
0.03775, -0.04720
0.03835, -0.04736
0.03895, -0.04752
0.03956, -0.04768
0.04017, -0.04784
0.04079, -0.04800
0.04141, -0.04815
0.04204, -0.04831
0.04267, -0.04846
0.04330, -0.04862
0.04394, -0.04877
0.04459, -0.04892
0.04523, -0.04907
0.04589, -0.04922
0.04654, -0.04937
0.04721, -0.04951
0.04787, -0.04966
0.04854, -0.04980
0.04922, -0.04995
0.04990, -0.05009
0.05058, -0.05023
0.05127, -0.05037
0.05196, -0.05051
0.05266, -0.05065
0.05336, -0.05079
0.05406, -0.05092
0.05477, -0.05106
0.05549, -0.05119
0.05620, -0.05132
0.05693, -0.05145
0.05765, -0.05158
0.05838, -0.05171
0.05912, -0.05184
0.05986, -0.05197
0.06060, -0.05209
0.06135, -0.05222
0.06210, -0.05234
0.06286, -0.05246
0.06362, -0.05258
0.06438, -0.05270
0.06515, -0.05282
0.06593, -0.05294
0.06670, -0.05306
0.06749, -0.05317
0.06827, -0.05329
0.06906, -0.05340
0.06986, -0.05351
0.07065, -0.05362
0.07146, -0.05373
0.07226, -0.05384
0.07307, -0.05395
0.07389, -0.05406
0.07471, -0.05416
0.07553, -0.05427
0.07636, -0.05437
0.07719, -0.05447
0.07802, -0.05457
0.07886, -0.05467
0.07971, -0.05477
0.08055, -0.05487
0.08140, -0.05496
0.08226, -0.05506
0.08312, -0.05515
0.08398, -0.05525
0.08485, -0.05534
0.08572, -0.05543
0.08660, -0.05552
0.08748, -0.05561
0.08836, -0.05569
0.08925, -0.05578
0.09014, -0.05586
0.09103, -0.05595
0.09193, -0.05603
0.09283, -0.05611
0.09374, -0.05619
0.09465, -0.05627
0.09557, -0.05635
0.09648, -0.05643
0.09741, -0.05650
0.09833, -0.05658
0.09926, -0.05665
0.10020, -0.05672
0.10113, -0.05679
0.10208, -0.05686
0.10302, -0.05693
0.10397, -0.05700
0.10492, -0.05707
0.10588, -0.05713
0.10684, -0.05720
0.10780, -0.05726
0.10877, -0.05732
0.10974, -0.05738
0.11072, -0.05744
0.11169, -0.05750
0.11268, -0.05756
0.11366, -0.05762
0.11465, -0.05767
0.11565, -0.05773
0.11664, -0.05778
0.11764, -0.05783
0.11865, -0.05788
0.11966, -0.05793
0.12067, -0.05798
0.12168, -0.05803
0.12270, -0.05808
0.12372, -0.05812
0.12475, -0.05817
0.12578, -0.05821
0.12681, -0.05825
0.12785, -0.05829
0.12889, -0.05833
0.12993, -0.05837
0.13098, -0.05841
0.13203, -0.05845
0.13308, -0.05848
0.13414, -0.05852
0.13520, -0.05855
0.13626, -0.05858
0.13733, -0.05861
0.13840, -0.05864
0.13947, -0.05867
0.14055, -0.05870
0.14163, -0.05873
0.14272, -0.05875
0.14381, -0.05878
0.14490, -0.05880
0.14599, -0.05882
0.14709, -0.05885
0.14819, -0.05887
0.14930, -0.05889
0.15040, -0.05890
0.15152, -0.05892
0.15263, -0.05894
0.15375, -0.05895
0.15487, -0.05897
0.15599, -0.05898
0.15712, -0.05899
0.15825, -0.05900
0.15939, -0.05901
0.16053, -0.05902
0.16167, -0.05903
0.16281, -0.05904
0.16396, -0.05904
0.16511, -0.05905
0.16626, -0.05905
0.16742, -0.05905
0.16858, -0.05906
0.16974, -0.05906
0.17091, -0.05906
0.17208, -0.05905
0.17325, -0.05905
0.17443, -0.05905
0.17561, -0.05904
0.17679, -0.05904
0.17797, -0.05903
0.17916, -0.05902
0.18035, -0.05902
0.18155, -0.05901
0.18274, -0.05900
0.18394, -0.05898
0.18515, -0.05897
0.18635, -0.05896
0.18756, -0.05894
0.18877, -0.05893
0.18999, -0.05891
0.19121, -0.05889
0.19243, -0.05887
0.19365, -0.05886
0.19488, -0.05883
0.19611, -0.05881
0.19734, -0.05879
0.19858, -0.05877
0.19981, -0.05874
0.20106, -0.05872
0.20230, -0.05869
0.20355, -0.05866
0.20480, -0.05864
0.20605, -0.05861
0.20730, -0.05858
0.20856, -0.05855
0.20982, -0.05851
0.21108, -0.05848
0.21234, -0.05845
0.21361, -0.05841
0.21488, -0.05838
0.21615, -0.05834
0.21742, -0.05831
0.21870, -0.05827
0.21997, -0.05823
0.22125, -0.05819
0.22254, -0.05815
0.22382, -0.05811
0.22511, -0.05807
0.22639, -0.05803
0.22769, -0.05798
0.22898, -0.05794
0.23027, -0.05790
0.23157, -0.05785
0.23287, -0.05781
0.23417, -0.05776
0.23547, -0.05771
0.23678, -0.05767
0.23808, -0.05762
0.23939, -0.05757
0.24070, -0.05752
0.24201, -0.05747
0.24333, -0.05742
0.24465, -0.05737
0.24596, -0.05732
0.24728, -0.05727
0.24861, -0.05722
0.24993, -0.05717
0.25126, -0.05712
0.25258, -0.05706
0.25391, -0.05701
0.25524, -0.05696
0.25658, -0.05690
0.25791, -0.05685
0.25925, -0.05679
0.26059, -0.05674
0.26193, -0.05668
0.26327, -0.05663
0.26461, -0.05657
0.26596, -0.05652
0.26730, -0.05646
0.26865, -0.05640
0.27000, -0.05635
0.27136, -0.05629
0.27271, -0.05623
0.27407, -0.05618
0.27543, -0.05612
0.27679, -0.05606
0.27815, -0.05601
0.27951, -0.05595
0.28088, -0.05589
0.28225, -0.05583
0.28363, -0.05578
0.28500, -0.05572
0.28638, -0.05566
0.28776, -0.05560
0.28914, -0.05554
0.29052, -0.05548
0.29190, -0.05542
0.29329, -0.05536
0.29468, -0.05531
0.29607, -0.05525
0.29747, -0.05519
0.29886, -0.05513
0.30026, -0.05507
0.30166, -0.05501
0.30307, -0.05495
0.30447, -0.05489
0.30588, -0.05483
0.30728, -0.05477
0.30870, -0.05471
0.31011, -0.05465
0.31152, -0.05458
0.31294, -0.05452
0.31436, -0.05446
0.31578, -0.05440
0.31720, -0.05434
0.31863, -0.05428
0.32005, -0.05422
0.32148, -0.05416
0.32291, -0.05409
0.32434, -0.05403
0.32578, -0.05397
0.32722, -0.05391
0.32866, -0.05385
0.33010, -0.05378
0.33156, -0.05372
0.33302, -0.05366
0.33449, -0.05359
0.33597, -0.05353
0.33745, -0.05346
0.33893, -0.05339
0.34042, -0.05333
0.34190, -0.05326
0.34339, -0.05319
0.34488, -0.05312
0.34637, -0.05304
0.34786, -0.05297
0.34936, -0.05290
0.35085, -0.05282
0.35235, -0.05275
0.35384, -0.05267
0.35534, -0.05260
0.35684, -0.05252
0.35834, -0.05244
0.35985, -0.05236
0.36135, -0.05228
0.36286, -0.05220
0.36436, -0.05212
0.36587, -0.05204
0.36738, -0.05195
0.36889, -0.05187
0.37040, -0.05179
0.37191, -0.05170
0.37342, -0.05162
0.37494, -0.05153
0.37645, -0.05144
0.37797, -0.05135
0.37949, -0.05126
0.38101, -0.05117
0.38253, -0.05108
0.38405, -0.05099
0.38557, -0.05090
0.38710, -0.05081
0.38862, -0.05072
0.39015, -0.05062
0.39167, -0.05053
0.39320, -0.05043
0.39473, -0.05034
0.39626, -0.05024
0.39779, -0.05014
0.39932, -0.05005
0.40085, -0.04995
0.40239, -0.04985
0.40392, -0.04975
0.40546, -0.04965
0.40700, -0.04955
0.40853, -0.04945
0.41007, -0.04934
0.41161, -0.04924
0.41315, -0.04914
0.41469, -0.04903
0.41623, -0.04893
0.41778, -0.04882
0.41932, -0.04872
0.42086, -0.04861
0.42241, -0.04850
0.42396, -0.04840
0.42550, -0.04829
0.42705, -0.04818
0.42860, -0.04807
0.43015, -0.04796
0.43170, -0.04785
0.43325, -0.04774
0.43480, -0.04762
0.43635, -0.04751
0.43790, -0.04740
0.43946, -0.04729
0.44101, -0.04717
0.44256, -0.04706
0.44412, -0.04694
0.44567, -0.04683
0.44723, -0.04671
0.44879, -0.04659
0.45034, -0.04648
0.45190, -0.04636
0.45346, -0.04624
0.45502, -0.04612
0.45658, -0.04600
0.45814, -0.04588
0.45969, -0.04576
0.46126, -0.04564
0.46282, -0.04552
0.46438, -0.04540
0.46594, -0.04527
0.46750, -0.04515
0.46906, -0.04503
0.47062, -0.04490
0.47218, -0.04478
0.47375, -0.04465
0.47531, -0.04453
0.47687, -0.04440
0.47844, -0.04428
0.48000, -0.04415
0.48156, -0.04402
0.48313, -0.04390
0.48469, -0.04377
0.48625, -0.04364
0.48782, -0.04351
0.48938, -0.04338
0.49095, -0.04325
0.49251, -0.04312
0.49407, -0.04299
0.49564, -0.04286
0.49720, -0.04273
0.49877, -0.04260
0.50033, -0.04247
0.50189, -0.04234
0.50346, -0.04220
0.50502, -0.04207
0.50658, -0.04194
0.50815, -0.04180
0.50971, -0.04167
0.51127, -0.04154
0.51283, -0.04140
0.51440, -0.04127
0.51596, -0.04113
0.51752, -0.04100
0.51908, -0.04086
0.52064, -0.04073
0.52220, -0.04059
0.52376, -0.04045
0.52532, -0.04032
0.52688, -0.04018
0.52844, -0.04004
0.53000, -0.03991
0.53156, -0.03977
0.53312, -0.03963
0.53467, -0.03950
0.53623, -0.03936
0.53779, -0.03922
0.53934, -0.03908
0.54090, -0.03894
0.54245, -0.03881
0.54400, -0.03867
0.54556, -0.03853
0.54711, -0.03839
0.54866, -0.03825
0.55021, -0.03812
0.55176, -0.03798
0.55331, -0.03784
0.55486, -0.03770
0.55641, -0.03756
0.55796, -0.03742
0.55951, -0.03728
0.56105, -0.03715
0.56260, -0.03701
0.56414, -0.03687
0.56569, -0.03673
0.56723, -0.03659
0.56877, -0.03645
0.57032, -0.03632
0.57186, -0.03618
0.57340, -0.03604
0.57493, -0.03590
0.57647, -0.03576
0.57801, -0.03563
0.57955, -0.03549
0.58108, -0.03535
0.58261, -0.03521
0.58415, -0.03508
0.58568, -0.03494
0.58721, -0.03480
0.58874, -0.03467
0.59027, -0.03453
0.59180, -0.03440
0.59333, -0.03426
0.59485, -0.03412
0.59638, -0.03399
0.59790, -0.03385
0.59942, -0.03372
0.60095, -0.03359
0.60247, -0.03345
0.60399, -0.03332
0.60550, -0.03318
0.60702, -0.03305
0.60854, -0.03292
0.61005, -0.03279
0.61157, -0.03265
0.61308, -0.03252
0.61459, -0.03239
0.61610, -0.03226
0.61761, -0.03213
0.61912, -0.03200
0.62062, -0.03187
0.62213, -0.03174
0.62363, -0.03161
0.62514, -0.03148
0.62664, -0.03136
0.62814, -0.03123
0.62964, -0.03110
0.63114, -0.03098
0.63263, -0.03085
0.63413, -0.03072
0.63562, -0.03060
0.63712, -0.03047
0.63861, -0.03035
0.64010, -0.03023
0.64159, -0.03010
0.64307, -0.02998
0.64456, -0.02986
0.64605, -0.02974
0.64752, -0.02961
0.64895, -0.02949
0.65019, -0.02937
0.65073, -0.02924
0.64942, -0.02898
0.64491, -0.02796
0.63791, -0.02505
0.63235, -0.02117
0.63051, -0.01933
0.63207, -0.02089
0.63699, -0.02541
0.64550, -0.03103
0.65534, -0.03477
0.66270, -0.03602
0.66691, -0.03620
0.66932, -0.03614
0.67104, -0.03603
0.67258, -0.03592
0.67406, -0.03581
0.67554, -0.03569
0.67702, -0.03558
0.67850, -0.03546
0.67997, -0.03535
0.68144, -0.03523
0.68291, -0.03512
0.68437, -0.03500
0.68584, -0.03489
0.68730, -0.03477
0.68876, -0.03465
0.69022, -0.03454
0.69167, -0.03442
0.69312, -0.03430
0.69457, -0.03418
0.69602, -0.03407
0.69747, -0.03395
0.69891, -0.03383
0.70035, -0.03371
0.70179, -0.03359
0.70323, -0.03348
0.70466, -0.03336
0.70610, -0.03324
0.70753, -0.03312
0.70895, -0.03301
0.71038, -0.03289
0.71180, -0.03277
0.71322, -0.03265
0.71464, -0.03253
0.71606, -0.03242
0.71747, -0.03230
0.71888, -0.03218
0.72029, -0.03206
0.72169, -0.03195
0.72310, -0.03183
0.72450, -0.03171
0.72590, -0.03160
0.72729, -0.03148
0.72869, -0.03136
0.73008, -0.03125
0.73147, -0.03113
0.73285, -0.03102
0.73424, -0.03090
0.73562, -0.03079
0.73700, -0.03067
0.73837, -0.03056
0.73975, -0.03044
0.74112, -0.03033
0.74248, -0.03022
0.74385, -0.03010
0.74521, -0.02999
0.74657, -0.02988
0.74793, -0.02977
0.74929, -0.02966
0.75064, -0.02954
0.75199, -0.02943
0.75334, -0.02932
0.75469, -0.02921
0.75603, -0.02910
0.75737, -0.02899
0.75871, -0.02889
0.76005, -0.02878
0.76138, -0.02867
0.76271, -0.02856
0.76404, -0.02846
0.76537, -0.02835
0.76669, -0.02824
0.76802, -0.02814
0.76933, -0.02803
0.77065, -0.02793
0.77197, -0.02782
0.77328, -0.02772
0.77459, -0.02761
0.77589, -0.02751
0.77720, -0.02741
0.77850, -0.02730
0.77980, -0.02720
0.78109, -0.02710
0.78239, -0.02700
0.78368, -0.02689
0.78497, -0.02679
0.78625, -0.02669
0.78754, -0.02659
0.78882, -0.02649
0.79009, -0.02639
0.79137, -0.02629
0.79264, -0.02619
0.79391, -0.02610
0.79518, -0.02600
0.79644, -0.02590
0.79770, -0.02580
0.79896, -0.02570
0.80021, -0.02561
0.80147, -0.02551
0.80272, -0.02541
0.80396, -0.02532
0.80521, -0.02522
0.80645, -0.02513
0.80769, -0.02503
0.80892, -0.02494
0.81015, -0.02484
0.81138, -0.02475
0.81261, -0.02465
0.81383, -0.02456
0.81505, -0.02447
0.81627, -0.02437
0.81748, -0.02428
0.81869, -0.02419
0.81990, -0.02409
0.82111, -0.02400
0.82231, -0.02391
0.82351, -0.02382
0.82470, -0.02373
0.82590, -0.02364
0.82708, -0.02355
0.82827, -0.02346
0.82945, -0.02337
0.83063, -0.02328
0.83181, -0.02319
0.83298, -0.02310
0.83415, -0.02301
0.83532, -0.02292
0.83648, -0.02283
0.83765, -0.02274
0.83880, -0.02266
0.83996, -0.02257
0.84111, -0.02248
0.84225, -0.02240
0.84340, -0.02231
0.84454, -0.02222
0.84567, -0.02214
0.84681, -0.02205
0.84794, -0.02196
0.84907, -0.02188
0.85019, -0.02179
0.85131, -0.02171
0.85243, -0.02163
0.85354, -0.02154
0.85465, -0.02146
0.85575, -0.02137
0.85686, -0.02129
0.85796, -0.02121
0.85905, -0.02112
0.86014, -0.02104
0.86123, -0.02096
0.86232, -0.02088
0.86340, -0.02080
0.86448, -0.02072
0.86555, -0.02063
0.86662, -0.02055
0.86769, -0.02047
0.86875, -0.02039
0.86981, -0.02031
0.87087, -0.02023
0.87192, -0.02016
0.87297, -0.02008
0.87402, -0.02000
0.87506, -0.01992
0.87610, -0.01984
0.87713, -0.01976
0.87816, -0.01969
0.87919, -0.01961
0.88021, -0.01953
0.88123, -0.01946
0.88225, -0.01938
0.88326, -0.01930
0.88427, -0.01923
0.88527, -0.01915
0.88627, -0.01908
0.88727, -0.01900
0.88826, -0.01893
0.88925, -0.01885
0.89024, -0.01878
0.89122, -0.01871
0.89220, -0.01863
0.89317, -0.01856
0.89414, -0.01849
0.89511, -0.01842
0.89607, -0.01834
0.89703, -0.01827
0.89798, -0.01820
0.89893, -0.01813
0.89988, -0.01806
0.90082, -0.01799
0.90176, -0.01792
0.90270, -0.01785
0.90363, -0.01778
0.90455, -0.01771
0.90548, -0.01764
0.90639, -0.01757
0.90731, -0.01750
0.90822, -0.01744
0.90913, -0.01737
0.91003, -0.01730
0.91093, -0.01723
0.91182, -0.01717
0.91271, -0.01710
0.91360, -0.01703
0.91448, -0.01697
0.91536, -0.01690
0.91624, -0.01684
0.91711, -0.01677
0.91797, -0.01671
0.91883, -0.01664
0.91969, -0.01658
0.92054, -0.01652
0.92139, -0.01645
0.92224, -0.01639
0.92308, -0.01633
0.92392, -0.01627
0.92475, -0.01620
0.92558, -0.01614
0.92640, -0.01608
0.92722, -0.01602
0.92804, -0.01596
0.92885, -0.01590
0.92966, -0.01584
0.93046, -0.01578
0.93126, -0.01572
0.93206, -0.01566
0.93285, -0.01560
0.93363, -0.01554
0.93441, -0.01549
0.93519, -0.01543
0.93597, -0.01537
0.93673, -0.01531
0.93750, -0.01526
0.93826, -0.01520
0.93902, -0.01514
0.93977, -0.01509
0.94051, -0.01503
0.94126, -0.01498
0.94200, -0.01492
0.94273, -0.01487
0.94346, -0.01481
0.94418, -0.01476
0.94491, -0.01471
0.94562, -0.01465
0.94633, -0.01460
0.94704, -0.01455
0.94775, -0.01450
0.94844, -0.01445
0.94914, -0.01439
0.94983, -0.01434
0.95051, -0.01429
0.95120, -0.01424
0.95187, -0.01419
0.95254, -0.01414
0.95321, -0.01409
0.95388, -0.01404
0.95453, -0.01399
0.95519, -0.01395
0.95584, -0.01390
0.95648, -0.01385
0.95712, -0.01380
0.95776, -0.01376
0.95839, -0.01371
0.95902, -0.01366
0.95964, -0.01362
0.96026, -0.01357
0.96087, -0.01352
0.96148, -0.01348
0.96208, -0.01344
0.96268, -0.01339
0.96328, -0.01335
0.96387, -0.01330
0.96446, -0.01326
0.96504, -0.01322
0.96561, -0.01317
0.96619, -0.01313
0.96675, -0.01309
0.96731, -0.01305
0.96787, -0.01301
0.96843, -0.01297
0.96897, -0.01293
0.96952, -0.01289
0.97006, -0.01285
0.97059, -0.01281
0.97112, -0.01277
0.97165, -0.01273
0.97217, -0.01269
0.97269, -0.01265
0.97320, -0.01261
0.97370, -0.01258
0.97420, -0.01254
0.97470, -0.01250
0.97519, -0.01247
0.97568, -0.01243
0.97616, -0.01239
0.97664, -0.01236
0.97712, -0.01232
0.97759, -0.01229
0.97805, -0.01225
0.97851, -0.01222
0.97896, -0.01219
0.97941, -0.01215
0.97986, -0.01212
0.98030, -0.01209
0.98073, -0.01206
0.98116, -0.01202
0.98159, -0.01199
0.98201, -0.01196
0.98243, -0.01193
0.98284, -0.01190
0.98324, -0.01187
0.98365, -0.01184
0.98404, -0.01181
0.98444, -0.01178
0.98482, -0.01175
0.98521, -0.01173
0.98558, -0.01170
0.98596, -0.01167
0.98632, -0.01164
0.98669, -0.01162
0.98705, -0.01159
0.98740, -0.01156
0.98775, -0.01154
0.98809, -0.01151
0.98843, -0.01149
0.98876, -0.01146
0.98909, -0.01144
0.98942, -0.01142
0.98974, -0.01139
0.99005, -0.01137
0.99036, -0.01135
0.99067, -0.01132
0.99097, -0.01130
0.99126, -0.01128
0.99155, -0.01126
0.99184, -0.01124
0.99212, -0.01122
0.99239, -0.01120
0.99266, -0.01118
0.99293, -0.01116
0.99319, -0.01114
0.99344, -0.01112
0.99370, -0.01110
0.99394, -0.01108
0.99418, -0.01106
0.99442, -0.01105
0.99465, -0.01103
0.99488, -0.01101
0.99510, -0.01100
0.99531, -0.01098
0.99552, -0.01096
0.99573, -0.01095
0.99593, -0.01093
0.99613, -0.01092
0.99632, -0.01091
0.99651, -0.01089
0.99669, -0.01088
0.99687, -0.01087
0.99704, -0.01085
0.99720, -0.01084
0.99737, -0.01083
0.99752, -0.01082
0.99767, -0.01081
0.99782, -0.01079
0.99796, -0.01078
0.99810, -0.01077
0.99823, -0.01076
0.99836, -0.01076
0.99848, -0.01075
0.99860, -0.01074
0.99871, -0.01073
0.99882, -0.01072
0.99892, -0.01071
0.99902, -0.01071
0.99911, -0.01070
0.99920, -0.01069
0.99928, -0.01069
0.99936, -0.01068
0.99943, -0.01068
0.99950, -0.01067
0.99956, -0.01067
0.99962, -0.01066
0.99967, -0.01066
0.99972, -0.01065
0.99976, -0.01065
0.99980, -0.01065
0.99983, -0.01065
0.99986, -0.01064
0.99988, -0.01064
0.99989, -0.01064
0.99990, -0.01064
0.99987, -0.01064
0.99986, -0.01064
