=== Airfoil Parameters ===
m = 0.02
p = 0.4
t = 0.12

=== Control Points ===
0.00000, 0.00062, 0.00062
0.06667, 0.00647, 0.00036
0.13333, 0.01104, -0.00007
0.20000, 0.01444, -0.00056
0.26667, 0.01680, -0.00098
0.66667, 0.01480, -0.00125
0.75000, 0.01186, -0.00134
0.83333, 0.00828, -0.00129
0.91667, 0.00399, -0.00118
1.00000, -0.00110, -0.00110

=== Upper Surface ===
0.00000, 0.00062
-0.00004, 0.00090
-0.00005, 0.00118
-0.00006, 0.00146
-0.00007, 0.00173
-0.00007, 0.00201
-0.00007, 0.00229
-0.00007, 0.00257
-0.00006, 0.00285
-0.00004, 0.00313
-0.00002, 0.00341
0.00000, 0.00369
0.00003, 0.00397
0.00007, 0.00425
0.00011, 0.00453
0.00015, 0.00481
0.00020, 0.00509
0.00026, 0.00537
0.00032, 0.00565
0.00038, 0.00593
0.00045, 0.00622
0.00053, 0.00650
0.00061, 0.00678
0.00069, 0.00706
0.00078, 0.00734
0.00088, 0.00762
0.00098, 0.00790
0.00108, 0.00818
0.00119, 0.00847
0.00131, 0.00875
0.00143, 0.00903
0.00155, 0.00931
0.00168, 0.00959
0.00182, 0.00987
0.00196, 0.01016
0.00210, 0.01044
0.00225, 0.01072
0.00240, 0.01100
0.00256, 0.01128
0.00273, 0.01157
0.00290, 0.01185
0.00307, 0.01213
0.00325, 0.01241
0.00344, 0.01269
0.00363, 0.01298
0.00382, 0.01326
0.00402, 0.01354
0.00423, 0.01382
0.00444, 0.01411
0.00465, 0.01439
0.00487, 0.01467
0.00510, 0.01495
0.00533, 0.01524
0.00556, 0.01552
0.00580, 0.01580
0.00605, 0.01609
0.00630, 0.01637
0.00655, 0.01665
0.00681, 0.01693
0.00708, 0.01722
0.00735, 0.01750
0.00762, 0.01778
0.00790, 0.01806
0.00819, 0.01835
0.00847, 0.01863
0.00877, 0.01891
0.00907, 0.01919
0.00937, 0.01948
0.00968, 0.01976
0.01000, 0.02004
0.01032, 0.02032
0.01064, 0.02060
0.01097, 0.02089
0.01130, 0.02117
0.01164, 0.02145
0.01199, 0.02173
0.01234, 0.02201
0.01269, 0.02230
0.01305, 0.02258
0.01341, 0.02286
0.01378, 0.02314
0.01415, 0.02342
0.01453, 0.02370
0.01492, 0.02398
0.01531, 0.02427
0.01570, 0.02455
0.01610, 0.02483
0.01650, 0.02511
0.01691, 0.02539
0.01732, 0.02567
0.01774, 0.02595
0.01816, 0.02623
0.01859, 0.02651
0.01902, 0.02679
0.01946, 0.02707
0.01990, 0.02735
0.02035, 0.02763
0.02080, 0.02791
0.02126, 0.02819
0.02172, 0.02846
0.02219, 0.02874
0.02266, 0.02902
0.02313, 0.02930
0.02361, 0.02958
0.02410, 0.02985
0.02459, 0.03013
0.02509, 0.03041
0.02559, 0.03069
0.02609, 0.03096
0.02660, 0.03124
0.02712, 0.03152
0.02764, 0.03179
0.02816, 0.03207
0.02869, 0.03234
0.02923, 0.03262
0.02976, 0.03289
0.03031, 0.03317
0.03086, 0.03344
0.03141, 0.03372
0.03197, 0.03399
0.03253, 0.03426
0.03310, 0.03454
0.03367, 0.03481
0.03425, 0.03508
0.03483, 0.03535
0.03542, 0.03562
0.03601, 0.03590
0.03661, 0.03617
0.03721, 0.03644
0.03781, 0.03671
0.03842, 0.03698
0.03904, 0.03725
0.03966, 0.03752
0.04028, 0.03779
0.04091, 0.03805
0.04154, 0.03832
0.04218, 0.03859
0.04283, 0.03886
0.04347, 0.03912
0.04413, 0.03939
0.04478, 0.03966
0.04545, 0.03992
0.04611, 0.04019
0.04678, 0.04045
0.04746, 0.04072
0.04814, 0.04098
0.04882, 0.04124
0.04951, 0.04150
0.05021, 0.04177
0.05091, 0.04203
0.05161, 0.04229
0.05232, 0.04255
0.05303, 0.04281
0.05375, 0.04307
0.05447, 0.04333
0.05520, 0.04359
0.05593, 0.04385
0.05666, 0.04410
0.05740, 0.04436
0.05815, 0.04462
0.05890, 0.04487
0.05965, 0.04513
0.06041, 0.04538
0.06117, 0.04564
0.06194, 0.04589
0.06271, 0.04615
0.06349, 0.04640
0.06427, 0.04665
0.06505, 0.04690
0.06584, 0.04715
0.06663, 0.04740
0.06743, 0.04765
0.06823, 0.04790
0.06904, 0.04815
0.06985, 0.04840
0.07067, 0.04864
0.07149, 0.04889
0.07231, 0.04914
0.07314, 0.04938
0.07398, 0.04962
0.07482, 0.04987
0.07566, 0.05011
0.07650, 0.05035
0.07736, 0.05059
0.07821, 0.05083
0.07907, 0.05107
0.07993, 0.05131
0.08080, 0.05155
0.08167, 0.05179
0.08255, 0.05203
0.08343, 0.05226
0.08432, 0.05250
0.08521, 0.05273
0.08610, 0.05297
0.08700, 0.05320
0.08790, 0.05343
0.08881, 0.05367
0.08972, 0.05390
0.09063, 0.05413
0.09155, 0.05436
0.09248, 0.05458
0.09340, 0.05481
0.09434, 0.05504
0.09527, 0.05526
0.09621, 0.05549
0.09716, 0.05571
0.09810, 0.05594
0.09906, 0.05616
0.10001, 0.05638
0.10097, 0.05660
0.10194, 0.05682
0.10291, 0.05704
0.10388, 0.05726
0.10486, 0.05748
0.10584, 0.05769
0.10682, 0.05791
0.10781, 0.05812
0.10880, 0.05834
0.10980, 0.05855
0.11080, 0.05876
0.11181, 0.05897
0.11282, 0.05918
0.11383, 0.05939
0.11485, 0.05960
0.11587, 0.05981
0.11689, 0.06001
0.11792, 0.06022
0.11895, 0.06042
0.11999, 0.06063
0.12103, 0.06083
0.12207, 0.06103
0.12312, 0.06123
0.12418, 0.06143
0.12523, 0.06163
0.12629, 0.06183
0.12735, 0.06202
0.12842, 0.06222
0.12949, 0.06241
0.13057, 0.06261
0.13165, 0.06280
0.13273, 0.06299
0.13381, 0.06318
0.13490, 0.06337
0.13600, 0.06356
0.13710, 0.06374
0.13820, 0.06393
0.13930, 0.06411
0.14041, 0.06430
0.14152, 0.06448
0.14264, 0.06466
0.14376, 0.06484
0.14488, 0.06502
0.14601, 0.06520
0.14714, 0.06538
0.14827, 0.06555
0.14941, 0.06573
0.15055, 0.06590
0.15169, 0.06608
0.15284, 0.06625
0.15399, 0.06642
0.15515, 0.06659
0.15631, 0.06676
0.15747, 0.06692
0.15864, 0.06709
0.15981, 0.06726
0.16098, 0.06742
0.16216, 0.06758
0.16333, 0.06774
0.16452, 0.06790
0.16570, 0.06806
0.16689, 0.06822
0.16809, 0.06838
0.16928, 0.06853
0.17048, 0.06869
0.17169, 0.06884
0.17289, 0.06899
0.17410, 0.06914
0.17532, 0.06929
0.17653, 0.06944
0.17775, 0.06959
0.17898, 0.06973
0.18020, 0.06988
0.18143, 0.07002
0.18267, 0.07017
0.18390, 0.07031
0.18514, 0.07045
0.18638, 0.07059
0.18763, 0.07072
0.18888, 0.07086
0.19013, 0.07099
0.19139, 0.07113
0.19264, 0.07126
0.19391, 0.07139
0.19517, 0.07152
0.19644, 0.07165
0.19771, 0.07178
0.19898, 0.07191
0.20026, 0.07203
0.20154, 0.07215
0.20282, 0.07228
0.20411, 0.07240
0.20540, 0.07252
0.20669, 0.07264
0.20798, 0.07275
0.20928, 0.07287
0.21058, 0.07299
0.21188, 0.07310
0.21319, 0.07321
0.21450, 0.07332
0.21581, 0.07343
0.21713, 0.07354
0.21844, 0.07365
0.21976, 0.07375
0.22109, 0.07386
0.22241, 0.07396
0.22374, 0.07406
0.22507, 0.07416
0.22641, 0.07426
0.22774, 0.07436
0.22908, 0.07446
0.23043, 0.07455
0.23177, 0.07465
0.23312, 0.07474
0.23447, 0.07483
0.23582, 0.07492
0.23718, 0.07501
0.23854, 0.07510
0.23990, 0.07519
0.24126, 0.07527
0.24263, 0.07536
0.24400, 0.07544
0.24537, 0.07552
0.24674, 0.07560
0.24812, 0.07568
0.24950, 0.07576
0.25088, 0.07583
0.25226, 0.07591
0.25365, 0.07598
0.25504, 0.07605
0.25643, 0.07612
0.25782, 0.07619
0.25922, 0.07626
0.26062, 0.07633
0.26202, 0.07639
0.26342, 0.07646
0.26482, 0.07652
0.26623, 0.07658
0.26764, 0.07664
0.26905, 0.07670
0.27047, 0.07676
0.27189, 0.07682
0.27330, 0.07687
0.27473, 0.07693
0.27615, 0.07698
0.27758, 0.07703
0.27900, 0.07708
0.28043, 0.07713
0.28187, 0.07718
0.28330, 0.07722
0.28474, 0.07727
0.28618, 0.07731
0.28762, 0.07735
0.28906, 0.07739
0.29051, 0.07743
0.29195, 0.07747
0.29340, 0.07751
0.29485, 0.07754
0.29631, 0.07758
0.29776, 0.07761
0.29922, 0.07764
0.30068, 0.07767
0.30214, 0.07770
0.30360, 0.07773
0.30507, 0.07776
0.30654, 0.07778
0.30801, 0.07781
0.30948, 0.07783
0.31095, 0.07785
0.31242, 0.07787
0.31390, 0.07789
0.31538, 0.07791
0.31686, 0.07792
0.31834, 0.07794
0.31982, 0.07795
0.32131, 0.07796
0.32280, 0.07797
0.32429, 0.07798
0.32578, 0.07799
0.32727, 0.07800
0.32876, 0.07801
0.33025, 0.07801
0.33175, 0.07801
0.33324, 0.07802
0.33474, 0.07802
0.33623, 0.07802
0.33773, 0.07802
0.33924, 0.07801
0.34074, 0.07801
0.34224, 0.07801
0.34375, 0.07800
0.34526, 0.07799
0.34677, 0.07799
0.34828, 0.07798
0.34979, 0.07797
0.35131, 0.07796
0.35283, 0.07794
0.35434, 0.07793
0.35587, 0.07791
0.35739, 0.07790
0.35891, 0.07788
0.36043, 0.07786
0.36196, 0.07784
0.36349, 0.07782
0.36502, 0.07780
0.36655, 0.07777
0.36808, 0.07775
0.36961, 0.07772
0.37115, 0.07770
0.37269, 0.07767
0.37422, 0.07764
0.37576, 0.07761
0.37730, 0.07758
0.37884, 0.07754
0.38039, 0.07751
0.38193, 0.07747
0.38348, 0.07744
0.38502, 0.07740
0.38657, 0.07736
0.38812, 0.07732
0.38967, 0.07728
0.39122, 0.07724
0.39277, 0.07719
0.39433, 0.07715
0.39588, 0.07710
0.39744, 0.07705
0.39899, 0.07700
0.40055, 0.07695
0.40211, 0.07690
0.40367, 0.07685
0.40523, 0.07680
0.40679, 0.07674
0.40835, 0.07669
0.40991, 0.07663
0.41148, 0.07657
0.41304, 0.07651
0.41460, 0.07645
0.41617, 0.07639
0.41774, 0.07633
0.41930, 0.07626
0.42087, 0.07620
0.42244, 0.07613
0.42401, 0.07606
0.42558, 0.07599
0.42715, 0.07592
0.42872, 0.07585
0.43029, 0.07578
0.43187, 0.07571
0.43344, 0.07563
0.43501, 0.07556
0.43659, 0.07548
0.43816, 0.07540
0.43973, 0.07532
0.44131, 0.07525
0.44288, 0.07516
0.44446, 0.07508
0.44604, 0.07500
0.44761, 0.07492
0.44919, 0.07483
0.45077, 0.07474
0.45235, 0.07466
0.45392, 0.07457
0.45550, 0.07448
0.45708, 0.07439
0.45866, 0.07430
0.46024, 0.07421
0.46182, 0.07411
0.46340, 0.07402
0.46498, 0.07392
0.46656, 0.07383
0.46814, 0.07373
0.46972, 0.07363
0.47130, 0.07354
0.47288, 0.07344
0.47446, 0.07333
0.47604, 0.07323
0.47762, 0.07313
0.47920, 0.07303
0.48078, 0.07292
0.48236, 0.07282
0.48394, 0.07271
0.48552, 0.07261
0.48710, 0.07250
0.48868, 0.07239
0.49026, 0.07228
0.49184, 0.07217
0.49342, 0.07206
0.49500, 0.07195
0.49658, 0.07184
0.49815, 0.07172
0.49973, 0.07161
0.50131, 0.07149
0.50289, 0.07138
0.50447, 0.07126
0.50605, 0.07114
0.50763, 0.07103
0.50920, 0.07091
0.51078, 0.07079
0.51236, 0.07067
0.51393, 0.07055
0.51551, 0.07043
0.51709, 0.07030
0.51866, 0.07018
0.52024, 0.07006
0.52181, 0.06993
0.52339, 0.06981
0.52496, 0.06968
0.52654, 0.06956
0.52811, 0.06943
0.52968, 0.06930
0.53126, 0.06918
0.53283, 0.06905
0.53440, 0.06892
0.53597, 0.06879
0.53754, 0.06866
0.53911, 0.06853
0.54068, 0.06840
0.54225, 0.06827
0.54382, 0.06813
0.54539, 0.06800
0.54696, 0.06787
0.54852, 0.06773
0.55009, 0.06760
0.55166, 0.06746
0.55322, 0.06733
0.55479, 0.06719
0.55635, 0.06706
0.55791, 0.06692
0.55948, 0.06678
0.56104, 0.06664
0.56260, 0.06650
0.56416, 0.06637
0.56572, 0.06623
0.56728, 0.06609
0.56884, 0.06595
0.57040, 0.06580
0.57196, 0.06566
0.57351, 0.06552
0.57507, 0.06538
0.57662, 0.06524
0.57818, 0.06509
0.57973, 0.06495
0.58128, 0.06481
0.58284, 0.06466
0.58439, 0.06452
0.58594, 0.06437
0.58749, 0.06423
0.58904, 0.06408
0.59058, 0.06393
0.59213, 0.06379
0.59368, 0.06364
0.59522, 0.06349
0.59677, 0.06335
0.59831, 0.06320
0.59985, 0.06305
0.60139, 0.06290
0.60293, 0.06275
0.60447, 0.06260
0.60601, 0.06245
0.60755, 0.06230
0.60908, 0.06215
0.61062, 0.06200
0.61215, 0.06184
0.61369, 0.06169
0.61522, 0.06154
0.61675, 0.06139
0.61828, 0.06123
0.61981, 0.06108
0.62134, 0.06093
0.62286, 0.06077
0.62439, 0.06062
0.62591, 0.06046
0.62744, 0.06031
0.62896, 0.06015
0.63048, 0.05999
0.63200, 0.05984
0.63352, 0.05968
0.63504, 0.05952
0.63655, 0.05937
0.63807, 0.05921
0.63958, 0.05905
0.64109, 0.05889
0.64260, 0.05873
0.64411, 0.05857
0.64562, 0.05841
0.64713, 0.05825
0.64863, 0.05809
0.65015, 0.05793
0.65169, 0.05777
0.65335, 0.05760
0.65532, 0.05741
0.65788, 0.05716
0.66114, 0.05676
0.66470, 0.05616
0.66765, 0.05549
0.66922, 0.05502
0.66939, 0.05484
0.66893, 0.05477
0.66873, 0.05465
0.66921, 0.05449
0.67024, 0.05432
0.67157, 0.05413
0.67301, 0.05395
0.67448, 0.05377
0.67595, 0.05358
0.67743, 0.05339
0.67890, 0.05321
0.68037, 0.05302
0.68184, 0.05284
0.68330, 0.05265
0.68477, 0.05246
0.68623, 0.05227
0.68769, 0.05209
0.68915, 0.05190
0.69061, 0.05171
0.69206, 0.05152
0.69351, 0.05133
0.69497, 0.05114
0.69641, 0.05095
0.69786, 0.05076
0.69931, 0.05058
0.70075, 0.05039
0.70219, 0.05019
0.70363, 0.05000
0.70507, 0.04981
0.70650, 0.04962
0.70793, 0.04943
0.70936, 0.04924
0.71079, 0.04905
0.71222, 0.04886
0.71364, 0.04867
0.71506, 0.04847
0.71648, 0.04828
0.71790, 0.04809
0.71932, 0.04790
0.72073, 0.04770
0.72214, 0.04751
0.72355, 0.04732
0.72496, 0.04713
0.72636, 0.04693
0.72776, 0.04674
0.72916, 0.04655
0.73056, 0.04635
0.73195, 0.04616
0.73335, 0.04596
0.73474, 0.04577
0.73613, 0.04558
0.73751, 0.04538
0.73889, 0.04519
0.74028, 0.04499
0.74165, 0.04480
0.74303, 0.04460
0.74440, 0.04441
0.74577, 0.04422
0.74714, 0.04402
0.74851, 0.04383
0.74987, 0.04363
0.75123, 0.04344
0.75259, 0.04324
0.75395, 0.04305
0.75530, 0.04285
0.75665, 0.04266
0.75800, 0.04246
0.75935, 0.04226
0.76069, 0.04207
0.76203, 0.04187
0.76337, 0.04168
0.76471, 0.04148
0.76604, 0.04129
0.76737, 0.04109
0.76870, 0.04090
0.77002, 0.04070
0.77134, 0.04051
0.77266, 0.04031
0.77398, 0.04012
0.77529, 0.03992
0.77661, 0.03973
0.77791, 0.03953
0.77922, 0.03933
0.78052, 0.03914
0.78182, 0.03894
0.78312, 0.03875
0.78442, 0.03855
0.78571, 0.03836
0.78700, 0.03816
0.78828, 0.03797
0.78957, 0.03777
0.79085, 0.03758
0.79212, 0.03738
0.79340, 0.03719
0.79467, 0.03699
0.79594, 0.03680
0.79720, 0.03660
0.79847, 0.03641
0.79973, 0.03622
0.80098, 0.03602
0.80224, 0.03583
0.80349, 0.03563
0.80474, 0.03544
0.80598, 0.03525
0.80722, 0.03505
0.80846, 0.03486
0.80970, 0.03466
0.81093, 0.03447
0.81216, 0.03428
0.81339, 0.03408
0.81461, 0.03389
0.81583, 0.03370
0.81705, 0.03351
0.81826, 0.03331
0.81947, 0.03312
0.82068, 0.03293
0.82188, 0.03274
0.82308, 0.03254
0.82428, 0.03235
0.82548, 0.03216
0.82667, 0.03197
0.82786, 0.03178
0.82904, 0.03159
0.83022, 0.03140
0.83140, 0.03121
0.83258, 0.03101
0.83375, 0.03082
0.83492, 0.03063
0.83608, 0.03044
0.83724, 0.03025
0.83840, 0.03007
0.83956, 0.02988
0.84071, 0.02969
0.84186, 0.02950
0.84300, 0.02931
0.84414, 0.02912
0.84528, 0.02893
0.84642, 0.02875
0.84755, 0.02856
0.84868, 0.02837
0.84980, 0.02818
0.85092, 0.02800
0.85204, 0.02781
0.85315, 0.02762
0.85426, 0.02744
0.85537, 0.02725
0.85647, 0.02707
0.85757, 0.02688
0.85867, 0.02670
0.85976, 0.02651
0.86085, 0.02633
0.86194, 0.02614
0.86302, 0.02596
0.86410, 0.02578
0.86517, 0.02559
0.86624, 0.02541
0.86731, 0.02523
0.86837, 0.02505
0.86943, 0.02487
0.87049, 0.02468
0.87154, 0.02450
0.87259, 0.02432
0.87364, 0.02414
0.87468, 0.02396
0.87572, 0.02378
0.87675, 0.02360
0.87778, 0.02343
0.87881, 0.02325
0.87983, 0.02307
0.88085, 0.02289
0.88187, 0.02271
0.88288, 0.02254
0.88389, 0.02236
0.88489, 0.02219
0.88589, 0.02201
0.88689, 0.02183
0.88788, 0.02166
0.88887, 0.02149
0.88986, 0.02131
0.89084, 0.02114
0.89181, 0.02097
0.89279, 0.02079
0.89376, 0.02062
0.89472, 0.02045
0.89568, 0.02028
0.89664, 0.02011
0.89760, 0.01994
0.89855, 0.01977
0.89949, 0.01960
0.90043, 0.01943
0.90137, 0.01926
0.90231, 0.01909
0.90324, 0.01892
0.90416, 0.01876
0.90508, 0.01859
0.90600, 0.01842
0.90692, 0.01826
0.90783, 0.01809
0.90873, 0.01793
0.90964, 0.01777
0.91053, 0.01760
0.91143, 0.01744
0.91232, 0.01728
0.91320, 0.01711
0.91408, 0.01695
0.91496, 0.01679
0.91584, 0.01663
0.91671, 0.01647
0.91757, 0.01631
0.91843, 0.01615
0.91929, 0.01600
0.92014, 0.01584
0.92099, 0.01568
0.92183, 0.01553
0.92268, 0.01537
0.92351, 0.01522
0.92434, 0.01506
0.92517, 0.01491
0.92599, 0.01475
0.92681, 0.01460
0.92763, 0.01445
0.92844, 0.01430
0.92925, 0.01415
0.93005, 0.01400
0.93085, 0.01385
0.93164, 0.01370
0.93243, 0.01355
0.93322, 0.01340
0.93400, 0.01325
0.93478, 0.01311
0.93555, 0.01296
0.93632, 0.01281
0.93708, 0.01267
0.93784, 0.01253
0.93860, 0.01238
0.93935, 0.01224
0.94009, 0.01210
0.94084, 0.01196
0.94157, 0.01182
0.94231, 0.01168
0.94304, 0.01154
0.94376, 0.01140
0.94448, 0.01126
0.94520, 0.01112
0.94591, 0.01099
0.94662, 0.01085
0.94732, 0.01072
0.94802, 0.01058
0.94871, 0.01045
0.94940, 0.01031
0.95009, 0.01018
0.95077, 0.01005
0.95145, 0.00992
0.95212, 0.00979
0.95279, 0.00966
0.95345, 0.00953
0.95411, 0.00940
0.95476, 0.00928
0.95541, 0.00915
0.95606, 0.00902
0.95670, 0.00890
0.95733, 0.00877
0.95797, 0.00865
0.95859, 0.00853
0.95922, 0.00841
0.95983, 0.00829
0.96045, 0.00817
0.96106, 0.00805
0.96166, 0.00793
0.96226, 0.00781
0.96286, 0.00769
0.96345, 0.00758
0.96404, 0.00746
0.96462, 0.00735
0.96519, 0.00723
0.96577, 0.00712
0.96634, 0.00701
0.96690, 0.00689
0.96746, 0.00678
0.96801, 0.00667
0.96856, 0.00656
0.96911, 0.00646
0.96965, 0.00635
0.97018, 0.00624
0.97071, 0.00614
0.97124, 0.00603
0.97176, 0.00593
0.97228, 0.00582
0.97279, 0.00572
0.97330, 0.00562
0.97381, 0.00552
0.97430, 0.00542
0.97480, 0.00532
0.97529, 0.00522
0.97577, 0.00513
0.97625, 0.00503
0.97673, 0.00493
0.97720, 0.00484
0.97766, 0.00475
0.97813, 0.00465
0.97858, 0.00456
0.97903, 0.00447
0.97948, 0.00438
0.97992, 0.00429
0.98036, 0.00420
0.98080, 0.00411
0.98122, 0.00403
0.98165, 0.00394
0.98207, 0.00386
0.98248, 0.00377
0.98289, 0.00369
0.98330, 0.00361
0.98370, 0.00353
0.98409, 0.00345
0.98448, 0.00337
0.98487, 0.00329
0.98525, 0.00321
0.98562, 0.00313
0.98600, 0.00306
0.98636, 0.00298
0.98672, 0.00291
0.98708, 0.00284
0.98743, 0.00277
0.98778, 0.00269
0.98812, 0.00262
0.98846, 0.00256
0.98880, 0.00249
0.98912, 0.00242
0.98945, 0.00235
0.98977, 0.00229
0.99008, 0.00222
0.99039, 0.00216
0.99069, 0.00210
0.99099, 0.00204
0.99129, 0.00198
0.99158, 0.00192
0.99186, 0.00186
0.99214, 0.00180
0.99242, 0.00174
0.99269, 0.00169
0.99296, 0.00163
0.99322, 0.00158
0.99347, 0.00153
0.99372, 0.00148
0.99397, 0.00142
0.99421, 0.00137
0.99445, 0.00133
0.99468, 0.00128
0.99491, 0.00123
0.99513, 0.00119
0.99535, 0.00114
0.99556, 0.00110
0.99577, 0.00105
0.99597, 0.00101
0.99617, 0.00097
0.99636, 0.00093
0.99655, 0.00089
0.99673, 0.00085
0.99691, 0.00082
0.99708, 0.00078
0.99725, 0.00075
0.99742, 0.00071
0.99758, 0.00068
0.99773, 0.00065
0.99788, 0.00062
0.99802, 0.00059
0.99816, 0.00056
0.99830, 0.00053
0.99843, 0.00050
0.99855, 0.00048
0.99867, 0.00045
0.99879, 0.00043
0.99890, 0.00041
0.99900, 0.00038
0.99910, 0.00036
0.99920, 0.00034
0.99929, 0.00032
0.99938, 0.00031
0.99946, 0.00029
0.99953, 0.00027
0.99960, 0.00026
0.99967, 0.00024
0.99973, 0.00023
0.99979, 0.00022
0.99984, 0.00021
0.99988, 0.00020
0.99993, 0.00019
0.99996, 0.00018
1.00000, 0.00018
1.00002, 0.00017
1.00004, 0.00017
1.00006, 0.00016
1.00008, 0.00016
1.00013, 0.00016
1.00014, 0.00015

=== Lower Surface ===
0.00000, 0.00062
0.00004, 0.00034
0.00007, 0.00006
0.00011, -0.00021
0.00015, -0.00049
0.00020, -0.00076
0.00025, -0.00104
0.00031, -0.00131
0.00038, -0.00158
0.00044, -0.00186
0.00052, -0.00213
0.00060, -0.00240
0.00068, -0.00266
0.00077, -0.00293
0.00086, -0.00320
0.00096, -0.00347
0.00106, -0.00373
0.00117, -0.00400
0.00129, -0.00426
0.00140, -0.00452
0.00153, -0.00478
0.00165, -0.00505
0.00179, -0.00531
0.00192, -0.00556
0.00207, -0.00582
0.00221, -0.00608
0.00237, -0.00634
0.00252, -0.00659
0.00268, -0.00685
0.00285, -0.00710
0.00302, -0.00736
0.00320, -0.00761
0.00338, -0.00786
0.00356, -0.00811
0.00376, -0.00836
0.00395, -0.00861
0.00415, -0.00886
0.00436, -0.00910
0.00457, -0.00935
0.00478, -0.00960
0.00500, -0.00984
0.00523, -0.01008
0.00546, -0.01033
0.00569, -0.01057
0.00593, -0.01081
0.00617, -0.01105
0.00642, -0.01129
0.00667, -0.01153
0.00693, -0.01176
0.00719, -0.01200
0.00746, -0.01224
0.00773, -0.01247
0.00801, -0.01270
0.00829, -0.01294
0.00858, -0.01317
0.00887, -0.01340
0.00917, -0.01363
0.00947, -0.01386
0.00978, -0.01409
0.01009, -0.01432
0.01040, -0.01454
0.01072, -0.01477
0.01105, -0.01499
0.01138, -0.01522
0.01171, -0.01544
0.01205, -0.01566
0.01239, -0.01589
0.01274, -0.01611
0.01309, -0.01633
0.01345, -0.01654
0.01381, -0.01676
0.01418, -0.01698
0.01455, -0.01720
0.01493, -0.01741
0.01531, -0.01763
0.01570, -0.01784
0.01609, -0.01805
0.01648, -0.01826
0.01688, -0.01847
0.01729, -0.01868
0.01770, -0.01889
0.01811, -0.01910
0.01853, -0.01931
0.01895, -0.01951
0.01938, -0.01972
0.01981, -0.01992
0.02025, -0.02013
0.02069, -0.02033
0.02114, -0.02053
0.02159, -0.02073
0.02205, -0.02093
0.02251, -0.02113
0.02297, -0.02133
0.02344, -0.02153
0.02392, -0.02172
0.02439, -0.02192
0.02488, -0.02211
0.02536, -0.02231
0.02586, -0.02250
0.02635, -0.02269
0.02686, -0.02288
0.02736, -0.02307
0.02787, -0.02326
0.02839, -0.02345
0.02891, -0.02363
0.02943, -0.02382
0.02996, -0.02401
0.03049, -0.02419
0.03103, -0.02437
0.03157, -0.02456
0.03212, -0.02474
0.03267, -0.02492
0.03323, -0.02510
0.03379, -0.02528
0.03435, -0.02546
0.03492, -0.02563
0.03549, -0.02581
0.03607, -0.02599
0.03665, -0.02616
0.03724, -0.02633
0.03783, -0.02651
0.03843, -0.02668
0.03903, -0.02685
0.03963, -0.02702
0.04024, -0.02719
0.04085, -0.02736
0.04147, -0.02752
0.04209, -0.02769
0.04272, -0.02785
0.04335, -0.02802
0.04399, -0.02818
0.04463, -0.02835
0.04527, -0.02851
0.04592, -0.02867
0.04657, -0.02883
0.04723, -0.02899
0.04789, -0.02914
0.04855, -0.02930
0.04922, -0.02946
0.04990, -0.02961
0.05058, -0.02977
0.05126, -0.02992
0.05195, -0.03007
0.05264, -0.03022
0.05333, -0.03038
0.05403, -0.03053
0.05474, -0.03067
0.05545, -0.03082
0.05616, -0.03097
0.05688, -0.03112
0.05760, -0.03126
0.05832, -0.03140
0.05905, -0.03155
0.05979, -0.03169
0.06052, -0.03183
0.06127, -0.03197
0.06201, -0.03211
0.06276, -0.03225
0.06352, -0.03239
0.06428, -0.03253
0.06504, -0.03266
0.06581, -0.03280
0.06658, -0.03293
0.06735, -0.03306
0.06813, -0.03320
0.06892, -0.03333
0.06970, -0.03346
0.07050, -0.03359
0.07129, -0.03372
0.07209, -0.03385
0.07290, -0.03397
0.07370, -0.03410
0.07452, -0.03422
0.07533, -0.03435
0.07615, -0.03447
0.07698, -0.03459
0.07781, -0.03471
0.07864, -0.03484
0.07948, -0.03495
0.08032, -0.03507
0.08116, -0.03519
0.08201, -0.03531
0.08286, -0.03542
0.08372, -0.03554
0.08458, -0.03565
0.08544, -0.03577
0.08631, -0.03588
0.08718, -0.03599
0.08806, -0.03610
0.08894, -0.03621
0.08982, -0.03632
0.09071, -0.03643
0.09160, -0.03653
0.09250, -0.03664
0.09340, -0.03675
0.09430, -0.03685
0.09521, -0.03695
0.09612, -0.03706
0.09703, -0.03716
0.09795, -0.03726
0.09888, -0.03736
0.09980, -0.03746
0.10073, -0.03755
0.10167, -0.03765
0.10261, -0.03775
0.10355, -0.03784
0.10449, -0.03794
0.10544, -0.03803
0.10639, -0.03812
0.10735, -0.03821
0.10831, -0.03830
0.10928, -0.03839
0.11024, -0.03848
0.11122, -0.03857
0.11219, -0.03866
0.11317, -0.03875
0.11415, -0.03883
0.11514, -0.03892
0.11613, -0.03900
0.11712, -0.03908
0.11812, -0.03916
0.11912, -0.03924
0.12013, -0.03932
0.12113, -0.03940
0.12215, -0.03948
0.12316, -0.03956
0.12418, -0.03964
0.12520, -0.03971
0.12623, -0.03979
0.12726, -0.03986
0.12829, -0.03993
0.12933, -0.04001
0.13037, -0.04008
0.13141, -0.04015
0.13246, -0.04022
0.13351, -0.04029
0.13457, -0.04036
0.13562, -0.04042
0.13669, -0.04049
0.13775, -0.04055
0.13882, -0.04062
0.13989, -0.04068
0.14097, -0.04074
0.14205, -0.04081
0.14313, -0.04087
0.14421, -0.04093
0.14530, -0.04099
0.14639, -0.04105
0.14749, -0.04110
0.14859, -0.04116
0.14969, -0.04122
0.15080, -0.04127
0.15191, -0.04133
0.15302, -0.04138
0.15414, -0.04143
0.15525, -0.04148
0.15638, -0.04153
0.15750, -0.04158
0.15863, -0.04163
0.15976, -0.04168
0.16090, -0.04173
0.16204, -0.04178
0.16318, -0.04182
0.16433, -0.04187
0.16547, -0.04191
0.16663, -0.04196
0.16778, -0.04200
0.16894, -0.04204
0.17010, -0.04208
0.17126, -0.04212
0.17243, -0.04216
0.17360, -0.04220
0.17478, -0.04224
0.17595, -0.04227
0.17713, -0.04231
0.17832, -0.04234
0.17950, -0.04238
0.18069, -0.04241
0.18188, -0.04245
0.18308, -0.04248
0.18428, -0.04251
0.18548, -0.04254
0.18668, -0.04257
0.18789, -0.04260
0.18910, -0.04263
0.19032, -0.04265
0.19153, -0.04268
0.19275, -0.04271
0.19397, -0.04273
0.19520, -0.04276
0.19643, -0.04278
0.19766, -0.04280
0.19889, -0.04282
0.20013, -0.04285
0.20137, -0.04287
0.20261, -0.04289
0.20386, -0.04290
0.20511, -0.04292
0.20636, -0.04294
0.20761, -0.04296
0.20887, -0.04297
0.21013, -0.04299
0.21139, -0.04300
0.21266, -0.04302
0.21393, -0.04303
0.21520, -0.04304
0.21647, -0.04305
0.21775, -0.04306
0.21903, -0.04307
0.22031, -0.04308
0.22160, -0.04309
0.22289, -0.04310
0.22418, -0.04311
0.22547, -0.04311
0.22676, -0.04312
0.22806, -0.04312
0.22936, -0.04313
0.23067, -0.04313
0.23198, -0.04313
0.23328, -0.04313
0.23460, -0.04313
0.23591, -0.04314
0.23723, -0.04314
0.23855, -0.04313
0.23987, -0.04313
0.24119, -0.04313
0.24252, -0.04313
0.24385, -0.04312
0.24518, -0.04312
0.24652, -0.04311
0.24785, -0.04311
0.24919, -0.04310
0.25054, -0.04309
0.25188, -0.04309
0.25323, -0.04308
0.25458, -0.04307
0.25593, -0.04306
0.25728, -0.04305
0.25864, -0.04304
0.26000, -0.04302
0.26136, -0.04301
0.26273, -0.04300
0.26409, -0.04298
0.26546, -0.04297
0.26683, -0.04295
0.26820, -0.04294
0.26958, -0.04292
0.27096, -0.04290
0.27234, -0.04289
0.27372, -0.04287
0.27510, -0.04285
0.27649, -0.04283
0.27788, -0.04281
0.27927, -0.04279
0.28066, -0.04277
0.28206, -0.04274
0.28346, -0.04272
0.28486, -0.04270
0.28626, -0.04267
0.28766, -0.04265
0.28907, -0.04262
0.29048, -0.04260
0.29189, -0.04257
0.29330, -0.04254
0.29471, -0.04251
0.29613, -0.04248
0.29755, -0.04246
0.29897, -0.04243
0.30039, -0.04239
0.30181, -0.04236
0.30324, -0.04233
0.30467, -0.04230
0.30610, -0.04227
0.30753, -0.04223
0.30897, -0.04220
0.31040, -0.04217
0.31184, -0.04213
0.31328, -0.04210
0.31472, -0.04206
0.31616, -0.04202
0.31761, -0.04199
0.31905, -0.04195
0.32050, -0.04191
0.32195, -0.04187
0.32341, -0.04183
0.32486, -0.04179
0.32632, -0.04175
0.32777, -0.04171
0.32923, -0.04167
0.33070, -0.04163
0.33216, -0.04158
0.33363, -0.04154
0.33510, -0.04150
0.33657, -0.04145
0.33805, -0.04141
0.33952, -0.04136
0.34100, -0.04131
0.34248, -0.04127
0.34396, -0.04122
0.34544, -0.04117
0.34692, -0.04112
0.34840, -0.04107
0.34989, -0.04102
0.35137, -0.04097
0.35286, -0.04092
0.35435, -0.04087
0.35584, -0.04082
0.35733, -0.04076
0.35882, -0.04071
0.36032, -0.04066
0.36181, -0.04060
0.36331, -0.04055
0.36481, -0.04049
0.36630, -0.04044
0.36780, -0.04038
0.36930, -0.04032
0.37081, -0.04027
0.37231, -0.04021
0.37381, -0.04015
0.37532, -0.04009
0.37683, -0.04004
0.37833, -0.03998
0.37984, -0.03992
0.38135, -0.03986
0.38287, -0.03980
0.38438, -0.03974
0.38589, -0.03968
0.38741, -0.03961
0.38892, -0.03955
0.39044, -0.03949
0.39196, -0.03943
0.39347, -0.03936
0.39499, -0.03930
0.39652, -0.03924
0.39804, -0.03917
0.39956, -0.03911
0.40108, -0.03904
0.40261, -0.03898
0.40414, -0.03891
0.40566, -0.03885
0.40719, -0.03878
0.40872, -0.03872
0.41025, -0.03865
0.41178, -0.03858
0.41331, -0.03852
0.41485, -0.03845
0.41638, -0.03838
0.41791, -0.03831
0.41945, -0.03824
0.42099, -0.03817
0.42252, -0.03811
0.42406, -0.03804
0.42560, -0.03797
0.42714, -0.03790
0.42868, -0.03783
0.43022, -0.03776
0.43176, -0.03769
0.43331, -0.03761
0.43485, -0.03754
0.43640, -0.03747
0.43794, -0.03740
0.43949, -0.03733
0.44104, -0.03725
0.44258, -0.03718
0.44413, -0.03711
0.44568, -0.03703
0.44723, -0.03696
0.44878, -0.03689
0.45033, -0.03681
0.45189, -0.03674
0.45344, -0.03666
0.45499, -0.03659
0.45655, -0.03651
0.45810, -0.03644
0.45966, -0.03636
0.46121, -0.03629
0.46277, -0.03621
0.46433, -0.03613
0.46588, -0.03605
0.46744, -0.03598
0.46900, -0.03590
0.47056, -0.03582
0.47212, -0.03574
0.47368, -0.03566
0.47524, -0.03559
0.47680, -0.03551
0.47836, -0.03543
0.47992, -0.03535
0.48149, -0.03527
0.48305, -0.03519
0.48461, -0.03511
0.48618, -0.03503
0.48774, -0.03494
0.48930, -0.03486
0.49087, -0.03478
0.49243, -0.03470
0.49400, -0.03462
0.49556, -0.03453
0.49713, -0.03445
0.49869, -0.03437
0.50026, -0.03428
0.50183, -0.03420
0.50339, -0.03411
0.50496, -0.03403
0.50653, -0.03394
0.50809, -0.03386
0.50966, -0.03377
0.51123, -0.03369
0.51279, -0.03360
0.51436, -0.03351
0.51593, -0.03343
0.51749, -0.03334
0.51906, -0.03325
0.52063, -0.03316
0.52219, -0.03308
0.52376, -0.03299
0.52533, -0.03290
0.52689, -0.03281
0.52846, -0.03272
0.53003, -0.03263
0.53159, -0.03254
0.53316, -0.03245
0.53473, -0.03236
0.53629, -0.03227
0.53786, -0.03217
0.53942, -0.03208
0.54099, -0.03199
0.54255, -0.03190
0.54412, -0.03180
0.54568, -0.03171
0.54724, -0.03162
0.54881, -0.03152
0.55037, -0.03143
0.55193, -0.03133
0.55349, -0.03124
0.55506, -0.03114
0.55662, -0.03105
0.55818, -0.03095
0.55974, -0.03085
0.56130, -0.03076
0.56286, -0.03066
0.56441, -0.03056
0.56597, -0.03047
0.56753, -0.03037
0.56909, -0.03027
0.57064, -0.03017
0.57220, -0.03007
0.57375, -0.02997
0.57531, -0.02987
0.57686, -0.02977
0.57841, -0.02967
0.57996, -0.02957
0.58151, -0.02947
0.58306, -0.02937
0.58461, -0.02927
0.58616, -0.02917
0.58771, -0.02906
0.58926, -0.02896
0.59080, -0.02886
0.59235, -0.02876
0.59389, -0.02865
0.59543, -0.02855
0.59697, -0.02845
0.59852, -0.02834
0.60006, -0.02824
0.60159, -0.02814
0.60313, -0.02803
0.60467, -0.02793
0.60620, -0.02782
0.60774, -0.02772
0.60927, -0.02761
0.61081, -0.02751
0.61234, -0.02740
0.61387, -0.02729
0.61540, -0.02719
0.61692, -0.02708
0.61845, -0.02697
0.61997, -0.02687
0.62150, -0.02676
0.62302, -0.02665
0.62454, -0.02655
0.62606, -0.02644
0.62758, -0.02633
0.62910, -0.02622
0.63061, -0.02612
0.63213, -0.02601
0.63364, -0.02590
0.63515, -0.02579
0.63666, -0.02568
0.63817, -0.02557
0.63968, -0.02547
0.64119, -0.02536
0.64269, -0.02525
0.64419, -0.02514
0.64570, -0.02503
0.64719, -0.02492
0.64868, -0.02481
0.65014, -0.02470
0.65148, -0.02460
0.65250, -0.02448
0.65294, -0.02436
0.65266, -0.02420
0.65208, -0.02398
0.65211, -0.02386
0.65353, -0.02402
0.65633, -0.02440
0.65976, -0.02474
0.66292, -0.02490
0.66541, -0.02490
0.66734, -0.02484
0.66897, -0.02476
0.67049, -0.02467
0.67197, -0.02458
0.67344, -0.02449
0.67491, -0.02440
0.67638, -0.02431
0.67785, -0.02422
0.67932, -0.02413
0.68078, -0.02404
0.68224, -0.02395
0.68371, -0.02386
0.68517, -0.02377
0.68662, -0.02367
0.68808, -0.02358
0.68953, -0.02349
0.69098, -0.02340
0.69243, -0.02331
0.69388, -0.02322
0.69533, -0.02313
0.69677, -0.02304
0.69822, -0.02295
0.69966, -0.02286
0.70110, -0.02277
0.70253, -0.02268
0.70397, -0.02259
0.70540, -0.02250
0.70683, -0.02241
0.70826, -0.02232
0.70969, -0.02223
0.71111, -0.02214
0.71254, -0.02205
0.71396, -0.02196
0.71537, -0.02187
0.71679, -0.02178
0.71821, -0.02169
0.71962, -0.02160
0.72103, -0.02151
0.72244, -0.02142
0.72384, -0.02133
0.72525, -0.02124
0.72665, -0.02115
0.72805, -0.02106
0.72945, -0.02097
0.73084, -0.02088
0.73223, -0.02079
0.73362, -0.02070
0.73501, -0.02061
0.73640, -0.02052
0.73778, -0.02043
0.73916, -0.02034
0.74054, -0.02026
0.74192, -0.02017
0.74329, -0.02008
0.74466, -0.01999
0.74603, -0.01990
0.74740, -0.01981
0.74877, -0.01972
0.75013, -0.01963
0.75149, -0.01955
0.75285, -0.01946
0.75420, -0.01937
0.75555, -0.01928
0.75690, -0.01919
0.75825, -0.01910
0.75959, -0.01902
0.76094, -0.01893
0.76228, -0.01884
0.76361, -0.01875
0.76495, -0.01866
0.76628, -0.01858
0.76761, -0.01849
0.76894, -0.01840
0.77026, -0.01832
0.77158, -0.01823
0.77290, -0.01814
0.77422, -0.01805
0.77553, -0.01797
0.77684, -0.01788
0.77815, -0.01779
0.77945, -0.01771
0.78076, -0.01762
0.78206, -0.01754
0.78335, -0.01745
0.78465, -0.01736
0.78594, -0.01728
0.78723, -0.01719
0.78851, -0.01711
0.78980, -0.01702
0.79108, -0.01694
0.79235, -0.01685
0.79363, -0.01677
0.79490, -0.01668
0.79617, -0.01660
0.79743, -0.01651
0.79869, -0.01643
0.79995, -0.01634
0.80121, -0.01626
0.80246, -0.01617
0.80372, -0.01609
0.80496, -0.01601
0.80621, -0.01592
0.80745, -0.01584
0.80869, -0.01576
0.80992, -0.01567
0.81116, -0.01559
0.81239, -0.01551
0.81361, -0.01542
0.81484, -0.01534
0.81606, -0.01526
0.81727, -0.01518
0.81849, -0.01509
0.81970, -0.01501
0.82091, -0.01493
0.82211, -0.01485
0.82331, -0.01477
0.82451, -0.01469
0.82571, -0.01461
0.82690, -0.01453
0.82809, -0.01444
0.82927, -0.01436
0.83046, -0.01428
0.83163, -0.01420
0.83281, -0.01412
0.83398, -0.01404
0.83515, -0.01396
0.83632, -0.01388
0.83748, -0.01381
0.83864, -0.01373
0.83980, -0.01365
0.84095, -0.01357
0.84210, -0.01349
0.84324, -0.01341
0.84439, -0.01333
0.84552, -0.01326
0.84666, -0.01318
0.84779, -0.01310
0.84892, -0.01302
0.85005, -0.01295
0.85117, -0.01287
0.85229, -0.01279
0.85340, -0.01272
0.85451, -0.01264
0.85562, -0.01257
0.85673, -0.01249
0.85783, -0.01241
0.85893, -0.01234
0.86002, -0.01226
0.86111, -0.01219
0.86220, -0.01211
0.86328, -0.01204
0.86436, -0.01196
0.86544, -0.01189
0.86651, -0.01182
0.86758, -0.01174
0.86864, -0.01167
0.86970, -0.01160
0.87076, -0.01152
0.87182, -0.01145
0.87287, -0.01138
0.87391, -0.01130
0.87496, -0.01123
0.87600, -0.01116
0.87703, -0.01109
0.87807, -0.01102
0.87909, -0.01095
0.88012, -0.01088
0.88114, -0.01080
0.88216, -0.01073
0.88317, -0.01066
0.88418, -0.01059
0.88519, -0.01052
0.88619, -0.01045
0.88719, -0.01038
0.88818, -0.01032
0.88917, -0.01025
0.89016, -0.01018
0.89114, -0.01011
0.89212, -0.01004
0.89309, -0.00997
0.89407, -0.00991
0.89503, -0.00984
0.89600, -0.00977
0.89696, -0.00970
0.89791, -0.00964
0.89886, -0.00957
0.89981, -0.00951
0.90075, -0.00944
0.90169, -0.00937
0.90263, -0.00931
0.90356, -0.00924
0.90449, -0.00918
0.90541, -0.00911
0.90633, -0.00905
0.90725, -0.00898
0.90816, -0.00892
0.90907, -0.00886
0.90997, -0.00879
0.91087, -0.00873
0.91177, -0.00867
0.91266, -0.00861
0.91355, -0.00854
0.91443, -0.00848
0.91531, -0.00842
0.91619, -0.00836
0.91706, -0.00830
0.91792, -0.00824
0.91879, -0.00817
0.91964, -0.00811
0.92050, -0.00805
0.92135, -0.00799
0.92220, -0.00793
0.92304, -0.00787
0.92388, -0.00782
0.92471, -0.00776
0.92554, -0.00770
0.92636, -0.00764
0.92718, -0.00758
0.92800, -0.00752
0.92881, -0.00747
0.92962, -0.00741
0.93043, -0.00735
0.93123, -0.00730
0.93202, -0.00724
0.93281, -0.00718
0.93360, -0.00713
0.93438, -0.00707
0.93516, -0.00702
0.93593, -0.00696
0.93670, -0.00691
0.93747, -0.00685
0.93823, -0.00680
0.93899, -0.00675
0.93974, -0.00669
0.94049, -0.00664
0.94123, -0.00659
0.94197, -0.00653
0.94270, -0.00648
0.94343, -0.00643
0.94416, -0.00638
0.94488, -0.00633
0.94560, -0.00628
0.94631, -0.00623
0.94702, -0.00617
0.94772, -0.00612
0.94842, -0.00607
0.94912, -0.00602
0.94981, -0.00598
0.95049, -0.00593
0.95118, -0.00588
0.95185, -0.00583
0.95253, -0.00578
0.95319, -0.00573
0.95386, -0.00569
0.95452, -0.00564
0.95517, -0.00559
0.95582, -0.00555
0.95647, -0.00550
0.95711, -0.00545
0.95774, -0.00541
0.95838, -0.00536
0.95900, -0.00532
0.95963, -0.00527
0.96024, -0.00523
0.96086, -0.00519
0.96147, -0.00514
0.96207, -0.00510
0.96267, -0.00506
0.96327, -0.00501
0.96386, -0.00497
0.96444, -0.00493
0.96502, -0.00489
0.96560, -0.00484
0.96617, -0.00480
0.96674, -0.00476
0.96730, -0.00472
0.96786, -0.00468
0.96842, -0.00464
0.96896, -0.00460
0.96951, -0.00456
0.97005, -0.00452
0.97058, -0.00449
0.97111, -0.00445
0.97164, -0.00441
0.97216, -0.00437
0.97268, -0.00433
0.97319, -0.00430
0.97369, -0.00426
0.97420, -0.00423
0.97469, -0.00419
0.97519, -0.00415
0.97567, -0.00412
0.97616, -0.00408
0.97664, -0.00405
0.97711, -0.00401
0.97758, -0.00398
0.97804, -0.00395
0.97850, -0.00391
0.97896, -0.00388
0.97941, -0.00385
0.97985, -0.00382
0.98029, -0.00378
0.98073, -0.00375
0.98116, -0.00372
0.98158, -0.00369
0.98201, -0.00366
0.98242, -0.00363
0.98283, -0.00360
0.98324, -0.00357
0.98364, -0.00354
0.98404, -0.00351
0.98443, -0.00348
0.98482, -0.00346
0.98520, -0.00343
0.98558, -0.00340
0.98595, -0.00337
0.98632, -0.00335
0.98668, -0.00332
0.98704, -0.00329
0.98740, -0.00327
0.98774, -0.00324
0.98809, -0.00322
0.98843, -0.00319
0.98876, -0.00317
0.98909, -0.00315
0.98942, -0.00312
0.98973, -0.00310
0.99005, -0.00308
0.99036, -0.00305
0.99066, -0.00303
0.99096, -0.00301
0.99126, -0.00299
0.99155, -0.00297
0.99183, -0.00295
0.99211, -0.00293
0.99239, -0.00291
0.99266, -0.00289
0.99293, -0.00287
0.99319, -0.00285
0.99344, -0.00283
0.99369, -0.00281
0.99394, -0.00279
0.99418, -0.00277
0.99442, -0.00276
0.99465, -0.00274
0.99487, -0.00272
0.99510, -0.00271
0.99531, -0.00269
0.99552, -0.00268
0.99573, -0.00266
0.99593, -0.00265
0.99613, -0.00263
0.99632, -0.00262
0.99651, -0.00261
0.99669, -0.00259
0.99686, -0.00258
0.99704, -0.00257
0.99720, -0.00255
0.99736, -0.00254
0.99752, -0.00253
0.99767, -0.00252
0.99782, -0.00251
0.99796, -0.00250
0.99810, -0.00249
0.99823, -0.00248
0.99836, -0.00247
0.99848, -0.00246
0.99860, -0.00245
0.99871, -0.00244
0.99882, -0.00244
0.99892, -0.00243
0.99902, -0.00242
0.99911, -0.00241
0.99920, -0.00241
0.99928, -0.00240
0.99936, -0.00240
0.99943, -0.00239
0.99950, -0.00239
0.99956, -0.00238
0.99961, -0.00238
0.99967, -0.00237
0.99971, -0.00237
0.99976, -0.00237
0.99979, -0.00236
0.99983, -0.00236
0.99985, -0.00236
0.99988, -0.00236
0.99989, -0.00236
0.99990, -0.00236
0.99987, -0.00235
0.99986, -0.00235
