=== Airfoil Parameters ===
m = 0.02
p = 0.4
t = 0.12

=== Control Points ===
0.00000, 0.00706, 0.00706
0.06667, 0.01381, 0.00769
0.13333, 0.02010, 0.00899
0.20000, 0.02595, 0.01095
0.26667, 0.03130, 0.01352
0.66667, 0.03259, 0.01654
0.75000, 0.03288, 0.01969
0.83333, 0.03215, 0.02258
0.91667, 0.02997, 0.02480
1.00000, 0.02600, 0.02600

=== Upper Surface ===
0.00000, 0.00707
-0.00004, 0.00734
-0.00005, 0.00762
-0.00007, 0.00790
-0.00008, 0.00818
-0.00008, 0.00846
-0.00008, 0.00874
-0.00008, 0.00902
-0.00007, 0.00930
-0.00006, 0.00958
-0.00004, 0.00986
-0.00002, 0.01014
0.00001, 0.01042
0.00004, 0.01070
0.00008, 0.01098
0.00013, 0.01126
0.00017, 0.01154
0.00023, 0.01182
0.00029, 0.01210
0.00035, 0.01238
0.00042, 0.01266
0.00049, 0.01295
0.00057, 0.01323
0.00065, 0.01351
0.00074, 0.01379
0.00083, 0.01407
0.00093, 0.01435
0.00103, 0.01464
0.00114, 0.01492
0.00126, 0.01520
0.00137, 0.01548
0.00150, 0.01577
0.00162, 0.01605
0.00176, 0.01633
0.00190, 0.01661
0.00204, 0.01690
0.00219, 0.01718
0.00234, 0.01746
0.00250, 0.01775
0.00266, 0.01803
0.00283, 0.01831
0.00300, 0.01860
0.00318, 0.01888
0.00336, 0.01916
0.00355, 0.01945
0.00374, 0.01973
0.00394, 0.02001
0.00414, 0.02030
0.00435, 0.02058
0.00456, 0.02087
0.00478, 0.02115
0.00500, 0.02143
0.00523, 0.02172
0.00546, 0.02200
0.00570, 0.02229
0.00594, 0.02257
0.00618, 0.02286
0.00644, 0.02314
0.00669, 0.02342
0.00695, 0.02371
0.00722, 0.02399
0.00749, 0.02428
0.00777, 0.02456
0.00805, 0.02485
0.00834, 0.02513
0.00863, 0.02542
0.00892, 0.02570
0.00923, 0.02599
0.00953, 0.02627
0.00984, 0.02656
0.01016, 0.02684
0.01048, 0.02713
0.01080, 0.02741
0.01113, 0.02770
0.01147, 0.02798
0.01181, 0.02826
0.01215, 0.02855
0.01250, 0.02883
0.01286, 0.02912
0.01322, 0.02940
0.01358, 0.02969
0.01395, 0.02997
0.01433, 0.03026
0.01471, 0.03054
0.01509, 0.03083
0.01548, 0.03111
0.01587, 0.03140
0.01627, 0.03168
0.01667, 0.03197
0.01708, 0.03225
0.01750, 0.03253
0.01791, 0.03282
0.01834, 0.03310
0.01876, 0.03339
0.01920, 0.03367
0.01963, 0.03395
0.02008, 0.03424
0.02052, 0.03452
0.02097, 0.03481
0.02143, 0.03509
0.02189, 0.03537
0.02236, 0.03566
0.02283, 0.03594
0.02330, 0.03622
0.02378, 0.03651
0.02427, 0.03679
0.02476, 0.03707
0.02525, 0.03735
0.02575, 0.03764
0.02626, 0.03792
0.02677, 0.03820
0.02728, 0.03848
0.02780, 0.03877
0.02832, 0.03905
0.02885, 0.03933
0.02938, 0.03961
0.02992, 0.03989
0.03046, 0.04017
0.03101, 0.04046
0.03156, 0.04074
0.03212, 0.04102
0.03268, 0.04130
0.03324, 0.04158
0.03381, 0.04186
0.03439, 0.04214
0.03497, 0.04242
0.03555, 0.04270
0.03614, 0.04298
0.03673, 0.04326
0.03733, 0.04354
0.03793, 0.04381
0.03854, 0.04409
0.03915, 0.04437
0.03977, 0.04465
0.04039, 0.04493
0.04102, 0.04520
0.04165, 0.04548
0.04228, 0.04576
0.04292, 0.04603
0.04357, 0.04631
0.04422, 0.04659
0.04487, 0.04686
0.04553, 0.04714
0.04619, 0.04741
0.04686, 0.04769
0.04753, 0.04796
0.04821, 0.04824
0.04889, 0.04851
0.04958, 0.04879
0.05027, 0.04906
0.05096, 0.04933
0.05166, 0.04961
0.05236, 0.04988
0.05307, 0.05015
0.05378, 0.05042
0.05450, 0.05070
0.05522, 0.05097
0.05595, 0.05124
0.05668, 0.05151
0.05742, 0.05178
0.05816, 0.05205
0.05890, 0.05232
0.05965, 0.05259
0.06040, 0.05285
0.06116, 0.05312
0.06192, 0.05339
0.06269, 0.05366
0.06346, 0.05393
0.06423, 0.05419
0.06501, 0.05446
0.06580, 0.05472
0.06658, 0.05499
0.06738, 0.05525
0.06817, 0.05552
0.06898, 0.05578
0.06978, 0.05605
0.07059, 0.05631
0.07141, 0.05657
0.07223, 0.05684
0.07305, 0.05710
0.07388, 0.05736
0.07471, 0.05762
0.07554, 0.05788
0.07638, 0.05814
0.07723, 0.05840
0.07808, 0.05866
0.07893, 0.05892
0.07979, 0.05918
0.08065, 0.05943
0.08152, 0.05969
0.08239, 0.05995
0.08326, 0.06020
0.08414, 0.06046
0.08502, 0.06071
0.08591, 0.06097
0.08680, 0.06122
0.08770, 0.06147
0.08860, 0.06173
0.08950, 0.06198
0.09041, 0.06223
0.09132, 0.06248
0.09224, 0.06273
0.09316, 0.06298
0.09408, 0.06323
0.09501, 0.06348
0.09595, 0.06373
0.09688, 0.06398
0.09782, 0.06422
0.09877, 0.06447
0.09972, 0.06471
0.10067, 0.06496
0.10163, 0.06520
0.10259, 0.06545
0.10356, 0.06569
0.10453, 0.06593
0.10550, 0.06618
0.10648, 0.06642
0.10746, 0.06666
0.10844, 0.06690
0.10943, 0.06714
0.11043, 0.06738
0.11142, 0.06761
0.11243, 0.06785
0.11343, 0.06809
0.11444, 0.06832
0.11545, 0.06856
0.11647, 0.06879
0.11749, 0.06903
0.11852, 0.06926
0.11955, 0.06949
0.12058, 0.06972
0.12162, 0.06996
0.12266, 0.07019
0.12370, 0.07042
0.12475, 0.07064
0.12580, 0.07087
0.12686, 0.07110
0.12792, 0.07133
0.12898, 0.07155
0.13005, 0.07178
0.13112, 0.07200
0.13219, 0.07222
0.13327, 0.07245
0.13435, 0.07267
0.13544, 0.07289
0.13653, 0.07311
0.13762, 0.07333
0.13871, 0.07355
0.13981, 0.07377
0.14092, 0.07399
0.14202, 0.07420
0.14313, 0.07442
0.14424, 0.07463
0.14536, 0.07485
0.14648, 0.07506
0.14761, 0.07527
0.14873, 0.07548
0.14986, 0.07570
0.15100, 0.07591
0.15213, 0.07611
0.15327, 0.07632
0.15442, 0.07653
0.15557, 0.07674
0.15672, 0.07694
0.15787, 0.07715
0.15903, 0.07735
0.16019, 0.07756
0.16135, 0.07776
0.16252, 0.07796
0.16369, 0.07817
0.16486, 0.07837
0.16604, 0.07857
0.16722, 0.07877
0.16840, 0.07896
0.16959, 0.07916
0.17078, 0.07936
0.17197, 0.07955
0.17316, 0.07975
0.17436, 0.07994
0.17556, 0.08014
0.17677, 0.08033
0.17798, 0.08052
0.17919, 0.08071
0.18040, 0.08090
0.18162, 0.08109
0.18284, 0.08128
0.18406, 0.08147
0.18529, 0.08166
0.18652, 0.08185
0.18775, 0.08203
0.18898, 0.08222
0.19022, 0.08240
0.19146, 0.08259
0.19271, 0.08277
0.19395, 0.08295
0.19520, 0.08313
0.19646, 0.08331
0.19771, 0.08349
0.19897, 0.08367
0.20024, 0.08385
0.20151, 0.08403
0.20278, 0.08421
0.20406, 0.08438
0.20534, 0.08456
0.20662, 0.08474
0.20791, 0.08491
0.20920, 0.08508
0.21049, 0.08526
0.21179, 0.08543
0.21310, 0.08560
0.21440, 0.08577
0.21572, 0.08594
0.21703, 0.08610
0.21835, 0.08627
0.21967, 0.08644
0.22100, 0.08660
0.22233, 0.08676
0.22366, 0.08693
0.22500, 0.08709
0.22634, 0.08725
0.22769, 0.08741
0.22903, 0.08756
0.23039, 0.08772
0.23174, 0.08788
0.23310, 0.08803
0.23447, 0.08818
0.23584, 0.08833
0.23721, 0.08848
0.23858, 0.08863
0.23996, 0.08878
0.24135, 0.08892
0.24273, 0.08907
0.24412, 0.08921
0.24552, 0.08935
0.24691, 0.08949
0.24832, 0.08963
0.24972, 0.08976
0.25113, 0.08990
0.25254, 0.09003
0.25396, 0.09016
0.25538, 0.09029
0.25680, 0.09042
0.25823, 0.09054
0.25966, 0.09067
0.26109, 0.09079
0.26253, 0.09091
0.26397, 0.09103
0.26541, 0.09114
0.26686, 0.09126
0.26830, 0.09137
0.26975, 0.09148
0.27120, 0.09159
0.27266, 0.09169
0.27411, 0.09179
0.27557, 0.09190
0.27703, 0.09199
0.27850, 0.09209
0.27996, 0.09219
0.28143, 0.09228
0.28289, 0.09237
0.28437, 0.09246
0.28584, 0.09255
0.28731, 0.09263
0.28879, 0.09272
0.29027, 0.09280
0.29175, 0.09288
0.29323, 0.09295
0.29471, 0.09303
0.29620, 0.09310
0.29769, 0.09317
0.29917, 0.09324
0.30067, 0.09331
0.30216, 0.09337
0.30365, 0.09343
0.30515, 0.09350
0.30665, 0.09355
0.30815, 0.09361
0.30965, 0.09367
0.31115, 0.09372
0.31266, 0.09377
0.31416, 0.09382
0.31567, 0.09387
0.31718, 0.09391
0.31869, 0.09395
0.32020, 0.09400
0.32172, 0.09403
0.32324, 0.09407
0.32476, 0.09411
0.32628, 0.09414
0.32782, 0.09417
0.32936, 0.09420
0.33090, 0.09423
0.33246, 0.09425
0.33402, 0.09427
0.33558, 0.09429
0.33714, 0.09431
0.33871, 0.09432
0.34027, 0.09433
0.34184, 0.09434
0.34341, 0.09435
0.34499, 0.09435
0.34656, 0.09435
0.34813, 0.09434
0.34971, 0.09434
0.35129, 0.09433
0.35287, 0.09432
0.35445, 0.09430
0.35603, 0.09428
0.35761, 0.09426
0.35919, 0.09424
0.36078, 0.09421
0.36236, 0.09418
0.36395, 0.09415
0.36554, 0.09412
0.36713, 0.09408
0.36872, 0.09404
0.37031, 0.09400
0.37190, 0.09395
0.37349, 0.09390
0.37508, 0.09385
0.37668, 0.09380
0.37827, 0.09374
0.37987, 0.09368
0.38146, 0.09362
0.38306, 0.09355
0.38465, 0.09348
0.38625, 0.09341
0.38785, 0.09334
0.38945, 0.09327
0.39105, 0.09319
0.39265, 0.09311
0.39424, 0.09302
0.39584, 0.09294
0.39744, 0.09285
0.39904, 0.09276
0.40064, 0.09266
0.40224, 0.09257
0.40384, 0.09247
0.40545, 0.09237
0.40705, 0.09227
0.40865, 0.09216
0.41025, 0.09205
0.41185, 0.09194
0.41345, 0.09183
0.41505, 0.09171
0.41665, 0.09160
0.41825, 0.09148
0.41985, 0.09136
0.42145, 0.09123
0.42305, 0.09111
0.42465, 0.09098
0.42625, 0.09085
0.42785, 0.09072
0.42945, 0.09058
0.43105, 0.09045
0.43264, 0.09031
0.43424, 0.09017
0.43584, 0.09003
0.43744, 0.08988
0.43903, 0.08974
0.44063, 0.08959
0.44222, 0.08944
0.44382, 0.08929
0.44541, 0.08914
0.44701, 0.08898
0.44860, 0.08883
0.45019, 0.08867
0.45179, 0.08851
0.45338, 0.08835
0.45497, 0.08819
0.45656, 0.08803
0.45815, 0.08786
0.45974, 0.08769
0.46133, 0.08753
0.46292, 0.08736
0.46450, 0.08719
0.46609, 0.08702
0.46768, 0.08684
0.46926, 0.08667
0.47085, 0.08649
0.47243, 0.08632
0.47401, 0.08614
0.47560, 0.08596
0.47718, 0.08578
0.47876, 0.08560
0.48034, 0.08542
0.48192, 0.08523
0.48349, 0.08505
0.48507, 0.08487
0.48665, 0.08468
0.48822, 0.08449
0.48980, 0.08431
0.49137, 0.08412
0.49295, 0.08393
0.49452, 0.08374
0.49609, 0.08355
0.49766, 0.08336
0.49923, 0.08317
0.50080, 0.08298
0.50237, 0.08279
0.50394, 0.08259
0.50550, 0.08240
0.50707, 0.08221
0.50863, 0.08201
0.51020, 0.08182
0.51176, 0.08162
0.51332, 0.08143
0.51488, 0.08123
0.51644, 0.08103
0.51800, 0.08084
0.51956, 0.08064
0.52112, 0.08044
0.52268, 0.08025
0.52423, 0.08005
0.52579, 0.07985
0.52734, 0.07965
0.52889, 0.07946
0.53045, 0.07926
0.53200, 0.07906
0.53355, 0.07886
0.53510, 0.07866
0.53665, 0.07847
0.53819, 0.07827
0.53974, 0.07807
0.54129, 0.07787
0.54283, 0.07768
0.54437, 0.07748
0.54592, 0.07728
0.54746, 0.07708
0.54900, 0.07689
0.55054, 0.07669
0.55208, 0.07649
0.55362, 0.07630
0.55515, 0.07610
0.55669, 0.07591
0.55823, 0.07571
0.55976, 0.07551
0.56129, 0.07532
0.56283, 0.07513
0.56436, 0.07493
0.56589, 0.07474
0.56742, 0.07454
0.56895, 0.07435
0.57048, 0.07416
0.57200, 0.07397
0.57353, 0.07378
0.57505, 0.07358
0.57658, 0.07339
0.57810, 0.07320
0.57962, 0.07301
0.58114, 0.07282
0.58266, 0.07264
0.58418, 0.07245
0.58570, 0.07226
0.58722, 0.07207
0.58873, 0.07189
0.59025, 0.07170
0.59176, 0.07152
0.59328, 0.07133
0.59479, 0.07115
0.59630, 0.07097
0.59781, 0.07078
0.59932, 0.07060
0.60083, 0.07042
0.60233, 0.07024
0.60384, 0.07006
0.60534, 0.06988
0.60685, 0.06970
0.60835, 0.06953
0.60985, 0.06935
0.61135, 0.06917
0.61285, 0.06900
0.61435, 0.06882
0.61584, 0.06865
0.61734, 0.06848
0.61883, 0.06831
0.62033, 0.06813
0.62182, 0.06796
0.62331, 0.06779
0.62480, 0.06763
0.62629, 0.06746
0.62778, 0.06729
0.62926, 0.06712
0.63075, 0.06696
0.63223, 0.06679
0.63371, 0.06663
0.63520, 0.06647
0.63668, 0.06630
0.63815, 0.06614
0.63963, 0.06598
0.64111, 0.06582
0.64258, 0.06567
0.64406, 0.06551
0.64553, 0.06535
0.64700, 0.06520
0.64846, 0.06504
0.64987, 0.06489
0.65107, 0.06474
0.65148, 0.06460
0.64984, 0.06434
0.64465, 0.06319
0.63690, 0.05983
0.63111, 0.05550
0.62933, 0.05357
0.63090, 0.05528
0.63574, 0.06015
0.64445, 0.06636
0.65497, 0.07061
0.66296, 0.07199
0.66745, 0.07215
0.66994, 0.07205
0.67167, 0.07192
0.67318, 0.07178
0.67465, 0.07165
0.67611, 0.07151
0.67757, 0.07138
0.67903, 0.07124
0.68048, 0.07110
0.68194, 0.07097
0.68339, 0.07084
0.68485, 0.07070
0.68630, 0.07057
0.68775, 0.07043
0.68920, 0.07030
0.69064, 0.07017
0.69209, 0.07003
0.69354, 0.06990
0.69498, 0.06976
0.69642, 0.06963
0.69786, 0.06950
0.69930, 0.06937
0.70074, 0.06923
0.70218, 0.06910
0.70361, 0.06897
0.70504, 0.06883
0.70648, 0.06870
0.70791, 0.06857
0.70934, 0.06843
0.71076, 0.06830
0.71219, 0.06817
0.71361, 0.06803
0.71503, 0.06790
0.71645, 0.06777
0.71787, 0.06763
0.71929, 0.06750
0.72071, 0.06737
0.72212, 0.06723
0.72353, 0.06710
0.72494, 0.06696
0.72635, 0.06683
0.72775, 0.06669
0.72916, 0.06656
0.73056, 0.06642
0.73196, 0.06628
0.73336, 0.06615
0.73476, 0.06601
0.73615, 0.06588
0.73754, 0.06574
0.73893, 0.06560
0.74032, 0.06546
0.74171, 0.06532
0.74309, 0.06519
0.74448, 0.06505
0.74586, 0.06491
0.74723, 0.06477
0.74861, 0.06463
0.74998, 0.06449
0.75135, 0.06434
0.75272, 0.06420
0.75409, 0.06406
0.75545, 0.06392
0.75681, 0.06378
0.75817, 0.06363
0.75952, 0.06349
0.76088, 0.06334
0.76222, 0.06320
0.76357, 0.06305
0.76492, 0.06291
0.76626, 0.06276
0.76760, 0.06262
0.76893, 0.06247
0.77026, 0.06232
0.77159, 0.06218
0.77292, 0.06203
0.77425, 0.06188
0.77557, 0.06173
0.77689, 0.06159
0.77820, 0.06144
0.77952, 0.06129
0.78083, 0.06114
0.78213, 0.06099
0.78344, 0.06084
0.78474, 0.06069
0.78604, 0.06054
0.78733, 0.06039
0.78862, 0.06024
0.78991, 0.06009
0.79120, 0.05994
0.79248, 0.05978
0.79376, 0.05963
0.79504, 0.05948
0.79632, 0.05933
0.79759, 0.05917
0.79886, 0.05902
0.80012, 0.05887
0.80138, 0.05872
0.80264, 0.05856
0.80390, 0.05841
0.80515, 0.05826
0.80640, 0.05810
0.80765, 0.05795
0.80889, 0.05779
0.81013, 0.05764
0.81137, 0.05749
0.81260, 0.05733
0.81383, 0.05718
0.81506, 0.05702
0.81629, 0.05687
0.81751, 0.05671
0.81872, 0.05656
0.81994, 0.05640
0.82115, 0.05625
0.82236, 0.05609
0.82356, 0.05594
0.82476, 0.05578
0.82596, 0.05563
0.82716, 0.05547
0.82835, 0.05532
0.82954, 0.05516
0.83072, 0.05501
0.83190, 0.05485
0.83308, 0.05469
0.83426, 0.05454
0.83543, 0.05438
0.83660, 0.05423
0.83776, 0.05407
0.83892, 0.05392
0.84008, 0.05376
0.84123, 0.05361
0.84238, 0.05345
0.84353, 0.05329
0.84468, 0.05314
0.84582, 0.05298
0.84695, 0.05283
0.84809, 0.05267
0.84922, 0.05252
0.85034, 0.05236
0.85147, 0.05221
0.85259, 0.05205
0.85370, 0.05190
0.85482, 0.05174
0.85593, 0.05159
0.85703, 0.05143
0.85813, 0.05128
0.85923, 0.05112
0.86033, 0.05097
0.86142, 0.05081
0.86251, 0.05066
0.86359, 0.05051
0.86467, 0.05035
0.86575, 0.05020
0.86682, 0.05004
0.86789, 0.04989
0.86895, 0.04974
0.87002, 0.04958
0.87107, 0.04943
0.87213, 0.04928
0.87318, 0.04912
0.87423, 0.04897
0.87527, 0.04882
0.87631, 0.04866
0.87735, 0.04851
0.87838, 0.04836
0.87941, 0.04821
0.88043, 0.04805
0.88145, 0.04790
0.88247, 0.04775
0.88348, 0.04760
0.88449, 0.04745
0.88550, 0.04730
0.88650, 0.04715
0.88749, 0.04699
0.88849, 0.04684
0.88948, 0.04669
0.89046, 0.04654
0.89145, 0.04639
0.89242, 0.04624
0.89340, 0.04609
0.89437, 0.04595
0.89534, 0.04580
0.89630, 0.04565
0.89726, 0.04550
0.89821, 0.04535
0.89916, 0.04520
0.90011, 0.04506
0.90105, 0.04491
0.90199, 0.04476
0.90292, 0.04461
0.90385, 0.04447
0.90478, 0.04432
0.90570, 0.04418
0.90662, 0.04403
0.90754, 0.04388
0.90845, 0.04374
0.90935, 0.04359
0.91025, 0.04345
0.91115, 0.04331
0.91205, 0.04316
0.91293, 0.04302
0.91382, 0.04288
0.91470, 0.04273
0.91558, 0.04259
0.91645, 0.04245
0.91732, 0.04231
0.91819, 0.04217
0.91905, 0.04202
0.91990, 0.04188
0.92076, 0.04174
0.92160, 0.04160
0.92245, 0.04146
0.92329, 0.04133
0.92412, 0.04119
0.92495, 0.04105
0.92578, 0.04091
0.92660, 0.04077
0.92742, 0.04064
0.92824, 0.04050
0.92905, 0.04036
0.92985, 0.04023
0.93065, 0.04009
0.93145, 0.03996
0.93224, 0.03982
0.93303, 0.03969
0.93382, 0.03956
0.93460, 0.03942
0.93537, 0.03929
0.93614, 0.03916
0.93691, 0.03903
0.93767, 0.03890
0.93843, 0.03877
0.93919, 0.03864
0.93994, 0.03851
0.94068, 0.03838
0.94142, 0.03825
0.94216, 0.03812
0.94289, 0.03800
0.94362, 0.03787
0.94434, 0.03774
0.94506, 0.03762
0.94577, 0.03749
0.94648, 0.03737
0.94719, 0.03724
0.94789, 0.03712
0.94859, 0.03700
0.94928, 0.03687
0.94997, 0.03675
0.95065, 0.03663
0.95133, 0.03651
0.95200, 0.03639
0.95267, 0.03627
0.95334, 0.03615
0.95400, 0.03603
0.95466, 0.03591
0.95531, 0.03580
0.95595, 0.03568
0.95660, 0.03557
0.95724, 0.03545
0.95787, 0.03534
0.95850, 0.03522
0.95912, 0.03511
0.95974, 0.03500
0.96036, 0.03488
0.96097, 0.03477
0.96158, 0.03466
0.96218, 0.03455
0.96278, 0.03444
0.96337, 0.03433
0.96396, 0.03422
0.96454, 0.03412
0.96512, 0.03401
0.96569, 0.03390
0.96626, 0.03380
0.96683, 0.03369
0.96739, 0.03359
0.96794, 0.03349
0.96849, 0.03339
0.96904, 0.03328
0.96958, 0.03318
0.97012, 0.03308
0.97065, 0.03298
0.97118, 0.03288
0.97170, 0.03279
0.97222, 0.03269
0.97274, 0.03259
0.97325, 0.03250
0.97375, 0.03240
0.97425, 0.03231
0.97475, 0.03221
0.97524, 0.03212
0.97572, 0.03203
0.97620, 0.03194
0.97668, 0.03185
0.97715, 0.03176
0.97762, 0.03167
0.97808, 0.03158
0.97854, 0.03149
0.97899, 0.03140
0.97944, 0.03132
0.97988, 0.03123
0.98032, 0.03115
0.98076, 0.03107
0.98119, 0.03098
0.98161, 0.03090
0.98203, 0.03082
0.98245, 0.03074
0.98286, 0.03066
0.98326, 0.03058
0.98366, 0.03051
0.98406, 0.03043
0.98445, 0.03035
0.98484, 0.03028
0.98522, 0.03021
0.98560, 0.03013
0.98597, 0.03006
0.98633, 0.02999
0.98670, 0.02992
0.98706, 0.02985
0.98741, 0.02978
0.98776, 0.02971
0.98810, 0.02964
0.98844, 0.02958
0.98877, 0.02951
0.98910, 0.02945
0.98943, 0.02938
0.98974, 0.02932
0.99006, 0.02926
0.99037, 0.02920
0.99067, 0.02914
0.99097, 0.02908
0.99127, 0.02902
0.99156, 0.02896
0.99184, 0.02891
0.99213, 0.02885
0.99240, 0.02880
0.99267, 0.02874
0.99294, 0.02869
0.99320, 0.02864
0.99346, 0.02859
0.99371, 0.02854
0.99396, 0.02849
0.99420, 0.02844
0.99443, 0.02839
0.99467, 0.02835
0.99489, 0.02830
0.99512, 0.02826
0.99533, 0.02821
0.99555, 0.02817
0.99575, 0.02813
0.99596, 0.02809
0.99616, 0.02805
0.99635, 0.02801
0.99654, 0.02797
0.99672, 0.02794
0.99690, 0.02790
0.99707, 0.02787
0.99724, 0.02783
0.99741, 0.02780
0.99757, 0.02777
0.99772, 0.02774
0.99787, 0.02771
0.99801, 0.02768
0.99815, 0.02765
0.99829, 0.02762
0.99842, 0.02760
0.99854, 0.02757
0.99866, 0.02755
0.99878, 0.02752
0.99889, 0.02750
0.99899, 0.02748
0.99910, 0.02746
0.99919, 0.02744
0.99928, 0.02742
0.99937, 0.02741
0.99945, 0.02739
0.99952, 0.02737
0.99960, 0.02736
0.99966, 0.02735
0.99972, 0.02733
0.99978, 0.02732
0.99983, 0.02731
0.99988, 0.02730
0.99992, 0.02729
0.99996, 0.02729
0.99999, 0.02728
1.00001, 0.02727
1.00004, 0.02727
1.00006, 0.02727
1.00007, 0.02726
1.00011, 0.02726
1.00013, 0.02726

=== Lower Surface ===
0.00000, 0.00707
0.00005, 0.00679
0.00007, 0.00651
0.00011, 0.00623
0.00016, 0.00596
0.00021, 0.00568
0.00026, 0.00541
0.00032, 0.00514
0.00039, 0.00486
0.00046, 0.00459
0.00053, 0.00432
0.00062, 0.00405
0.00070, 0.00379
0.00079, 0.00352
0.00089, 0.00325
0.00099, 0.00299
0.00109, 0.00272
0.00120, 0.00246
0.00132, 0.00219
0.00143, 0.00193
0.00156, 0.00167
0.00169, 0.00141
0.00182, 0.00115
0.00196, 0.00089
0.00211, 0.00064
0.00226, 0.00038
0.00241, 0.00012
0.00257, -0.00013
0.00273, -0.00039
0.00290, -0.00064
0.00307, -0.00089
0.00325, -0.00114
0.00343, -0.00139
0.00362, -0.00164
0.00381, -0.00189
0.00401, -0.00214
0.00421, -0.00238
0.00442, -0.00263
0.00463, -0.00287
0.00485, -0.00312
0.00507, -0.00336
0.00530, -0.00360
0.00553, -0.00384
0.00577, -0.00408
0.00601, -0.00432
0.00626, -0.00456
0.00651, -0.00480
0.00676, -0.00504
0.00702, -0.00527
0.00729, -0.00551
0.00756, -0.00574
0.00783, -0.00597
0.00811, -0.00620
0.00840, -0.00643
0.00869, -0.00666
0.00898, -0.00689
0.00928, -0.00712
0.00959, -0.00735
0.00989, -0.00757
0.01021, -0.00780
0.01053, -0.00802
0.01085, -0.00825
0.01118, -0.00847
0.01151, -0.00869
0.01185, -0.00891
0.01219, -0.00913
0.01254, -0.00935
0.01289, -0.00957
0.01325, -0.00978
0.01361, -0.01000
0.01397, -0.01021
0.01434, -0.01043
0.01472, -0.01064
0.01510, -0.01085
0.01549, -0.01106
0.01588, -0.01127
0.01627, -0.01148
0.01667, -0.01169
0.01707, -0.01190
0.01748, -0.01210
0.01790, -0.01231
0.01831, -0.01251
0.01874, -0.01271
0.01916, -0.01291
0.01960, -0.01312
0.02003, -0.01331
0.02048, -0.01351
0.02092, -0.01371
0.02137, -0.01391
0.02183, -0.01410
0.02229, -0.01430
0.02275, -0.01449
0.02322, -0.01469
0.02370, -0.01488
0.02418, -0.01507
0.02466, -0.01526
0.02515, -0.01545
0.02564, -0.01564
0.02614, -0.01582
0.02664, -0.01601
0.02715, -0.01619
0.02766, -0.01638
0.02818, -0.01656
0.02870, -0.01674
0.02922, -0.01692
0.02975, -0.01710
0.03029, -0.01728
0.03083, -0.01746
0.03137, -0.01763
0.03192, -0.01781
0.03247, -0.01798
0.03303, -0.01816
0.03359, -0.01833
0.03416, -0.01850
0.03473, -0.01867
0.03530, -0.01884
0.03588, -0.01901
0.03647, -0.01918
0.03706, -0.01934
0.03765, -0.01951
0.03825, -0.01967
0.03885, -0.01984
0.03946, -0.02000
0.04007, -0.02016
0.04068, -0.02032
0.04130, -0.02048
0.04193, -0.02064
0.04256, -0.02079
0.04319, -0.02095
0.04383, -0.02110
0.04447, -0.02126
0.04512, -0.02141
0.04577, -0.02156
0.04643, -0.02171
0.04709, -0.02186
0.04775, -0.02201
0.04842, -0.02215
0.04910, -0.02230
0.04977, -0.02245
0.05046, -0.02259
0.05114, -0.02273
0.05183, -0.02287
0.05253, -0.02301
0.05323, -0.02315
0.05393, -0.02329
0.05464, -0.02343
0.05535, -0.02357
0.05607, -0.02370
0.05679, -0.02383
0.05752, -0.02397
0.05825, -0.02410
0.05898, -0.02423
0.05972, -0.02436
0.06046, -0.02449
0.06121, -0.02462
0.06196, -0.02474
0.06272, -0.02487
0.06348, -0.02499
0.06424, -0.02511
0.06501, -0.02524
0.06578, -0.02536
0.06656, -0.02548
0.06734, -0.02560
0.06812, -0.02571
0.06891, -0.02583
0.06970, -0.02594
0.07050, -0.02606
0.07130, -0.02617
0.07211, -0.02628
0.07292, -0.02639
0.07373, -0.02650
0.07455, -0.02661
0.07537, -0.02672
0.07620, -0.02683
0.07703, -0.02693
0.07787, -0.02704
0.07870, -0.02714
0.07955, -0.02724
0.08039, -0.02734
0.08124, -0.02744
0.08210, -0.02754
0.08296, -0.02764
0.08382, -0.02773
0.08469, -0.02783
0.08556, -0.02792
0.08643, -0.02801
0.08731, -0.02811
0.08820, -0.02820
0.08908, -0.02829
0.08997, -0.02837
0.09087, -0.02846
0.09177, -0.02855
0.09267, -0.02863
0.09358, -0.02872
0.09449, -0.02880
0.09540, -0.02888
0.09632, -0.02896
0.09724, -0.02904
0.09817, -0.02912
0.09910, -0.02919
0.10003, -0.02927
0.10097, -0.02934
0.10191, -0.02942
0.10286, -0.02949
0.10380, -0.02956
0.10476, -0.02963
0.10571, -0.02970
0.10667, -0.02977
0.10764, -0.02983
0.10861, -0.02990
0.10958, -0.02996
0.11055, -0.03003
0.11153, -0.03009
0.11252, -0.03015
0.11350, -0.03021
0.11449, -0.03027
0.11549, -0.03033
0.11649, -0.03038
0.11749, -0.03044
0.11849, -0.03049
0.11950, -0.03054
0.12051, -0.03060
0.12153, -0.03065
0.12255, -0.03070
0.12357, -0.03074
0.12460, -0.03079
0.12563, -0.03084
0.12666, -0.03088
0.12770, -0.03093
0.12874, -0.03097
0.12979, -0.03101
0.13084, -0.03105
0.13189, -0.03109
0.13294, -0.03113
0.13400, -0.03117
0.13507, -0.03120
0.13613, -0.03124
0.13720, -0.03127
0.13827, -0.03130
0.13935, -0.03134
0.14043, -0.03137
0.14151, -0.03139
0.14260, -0.03142
0.14369, -0.03145
0.14479, -0.03148
0.14588, -0.03150
0.14699, -0.03152
0.14809, -0.03155
0.14920, -0.03157
0.15031, -0.03159
0.15143, -0.03161
0.15255, -0.03162
0.15367, -0.03164
0.15480, -0.03166
0.15592, -0.03167
0.15706, -0.03168
0.15819, -0.03169
0.15933, -0.03171
0.16048, -0.03171
0.16162, -0.03172
0.16277, -0.03173
0.16393, -0.03174
0.16509, -0.03174
0.16625, -0.03174
0.16741, -0.03175
0.16858, -0.03175
0.16975, -0.03175
0.17092, -0.03175
0.17210, -0.03174
0.17328, -0.03174
0.17446, -0.03174
0.17565, -0.03173
0.17684, -0.03172
0.17804, -0.03171
0.17923, -0.03170
0.18043, -0.03169
0.18164, -0.03168
0.18284, -0.03167
0.18406, -0.03165
0.18527, -0.03164
0.18649, -0.03162
0.18771, -0.03160
0.18893, -0.03158
0.19016, -0.03156
0.19139, -0.03154
0.19262, -0.03151
0.19385, -0.03149
0.19509, -0.03146
0.19634, -0.03143
0.19758, -0.03141
0.19883, -0.03138
0.20008, -0.03134
0.20134, -0.03131
0.20259, -0.03128
0.20386, -0.03124
0.20512, -0.03121
0.20638, -0.03117
0.20765, -0.03113
0.20892, -0.03109
0.21020, -0.03105
0.21147, -0.03101
0.21275, -0.03096
0.21403, -0.03092
0.21531, -0.03087
0.21659, -0.03083
0.21787, -0.03078
0.21916, -0.03073
0.22045, -0.03068
0.22173, -0.03063
0.22303, -0.03058
0.22432, -0.03053
0.22561, -0.03047
0.22691, -0.03042
0.22821, -0.03037
0.22951, -0.03031
0.23081, -0.03025
0.23211, -0.03020
0.23342, -0.03014
0.23472, -0.03008
0.23603, -0.03002
0.23734, -0.02996
0.23865, -0.02990
0.23996, -0.02984
0.24127, -0.02978
0.24259, -0.02972
0.24390, -0.02965
0.24522, -0.02959
0.24654, -0.02953
0.24786, -0.02946
0.24918, -0.02940
0.25051, -0.02933
0.25183, -0.02927
0.25316, -0.02920
0.25448, -0.02914
0.25581, -0.02907
0.25714, -0.02900
0.25847, -0.02894
0.25980, -0.02887
0.26114, -0.02880
0.26247, -0.02874
0.26381, -0.02867
0.26514, -0.02860
0.26648, -0.02853
0.26782, -0.02847
0.26916, -0.02840
0.27050, -0.02833
0.27184, -0.02827
0.27319, -0.02820
0.27454, -0.02813
0.27589, -0.02806
0.27724, -0.02800
0.27859, -0.02793
0.27995, -0.02786
0.28131, -0.02780
0.28267, -0.02773
0.28403, -0.02766
0.28540, -0.02760
0.28676, -0.02753
0.28813, -0.02746
0.28951, -0.02739
0.29088, -0.02733
0.29226, -0.02726
0.29364, -0.02719
0.29502, -0.02713
0.29640, -0.02706
0.29779, -0.02699
0.29917, -0.02693
0.30056, -0.02686
0.30195, -0.02680
0.30335, -0.02673
0.30475, -0.02666
0.30614, -0.02660
0.30754, -0.02653
0.30895, -0.02646
0.31035, -0.02640
0.31176, -0.02633
0.31317, -0.02627
0.31458, -0.02620
0.31599, -0.02613
0.31741, -0.02607
0.31882, -0.02600
0.32024, -0.02594
0.32166, -0.02587
0.32309, -0.02581
0.32451, -0.02574
0.32594, -0.02567
0.32737, -0.02561
0.32879, -0.02554
0.33022, -0.02548
0.33164, -0.02541
0.33306, -0.02535
0.33447, -0.02529
0.33588, -0.02522
0.33729, -0.02516
0.33870, -0.02510
0.34012, -0.02504
0.34153, -0.02498
0.34294, -0.02493
0.34436, -0.02487
0.34578, -0.02481
0.34719, -0.02476
0.34861, -0.02470
0.35004, -0.02465
0.35146, -0.02460
0.35288, -0.02455
0.35431, -0.02450
0.35574, -0.02445
0.35717, -0.02440
0.35860, -0.02435
0.36003, -0.02430
0.36147, -0.02426
0.36291, -0.02421
0.36434, -0.02417
0.36578, -0.02412
0.36723, -0.02408
0.36867, -0.02404
0.37011, -0.02400
0.37156, -0.02396
0.37301, -0.02392
0.37446, -0.02389
0.37591, -0.02385
0.37737, -0.02382
0.37882, -0.02378
0.38028, -0.02375
0.38174, -0.02372
0.38320, -0.02368
0.38466, -0.02365
0.38613, -0.02362
0.38759, -0.02359
0.38906, -0.02357
0.39053, -0.02354
0.39200, -0.02351
0.39348, -0.02349
0.39495, -0.02346
0.39643, -0.02344
0.39791, -0.02342
0.39939, -0.02340
0.40087, -0.02338
0.40236, -0.02336
0.40384, -0.02334
0.40533, -0.02332
0.40682, -0.02330
0.40831, -0.02328
0.40981, -0.02327
0.41130, -0.02325
0.41280, -0.02324
0.41430, -0.02322
0.41580, -0.02321
0.41730, -0.02320
0.41881, -0.02319
0.42031, -0.02317
0.42182, -0.02316
0.42333, -0.02315
0.42484, -0.02314
0.42636, -0.02314
0.42787, -0.02313
0.42939, -0.02312
0.43091, -0.02311
0.43243, -0.02311
0.43395, -0.02310
0.43547, -0.02309
0.43700, -0.02309
0.43853, -0.02308
0.44006, -0.02308
0.44159, -0.02308
0.44312, -0.02307
0.44465, -0.02307
0.44619, -0.02307
0.44772, -0.02306
0.44926, -0.02306
0.45080, -0.02306
0.45234, -0.02306
0.45389, -0.02306
0.45543, -0.02305
0.45698, -0.02305
0.45853, -0.02305
0.46008, -0.02305
0.46163, -0.02305
0.46318, -0.02305
0.46473, -0.02305
0.46629, -0.02305
0.46784, -0.02305
0.46940, -0.02305
0.47096, -0.02304
0.47252, -0.02304
0.47408, -0.02304
0.47564, -0.02304
0.47721, -0.02304
0.47877, -0.02304
0.48034, -0.02304
0.48190, -0.02304
0.48347, -0.02303
0.48504, -0.02303
0.48661, -0.02303
0.48818, -0.02303
0.48976, -0.02302
0.49133, -0.02302
0.49291, -0.02302
0.49448, -0.02301
0.49606, -0.02301
0.49764, -0.02300
0.49921, -0.02299
0.50079, -0.02299
0.50237, -0.02298
0.50395, -0.02297
0.50553, -0.02297
0.50712, -0.02296
0.50870, -0.02295
0.51028, -0.02294
0.51187, -0.02293
0.51345, -0.02292
0.51504, -0.02291
0.51662, -0.02289
0.51821, -0.02288
0.51980, -0.02287
0.52138, -0.02285
0.52297, -0.02284
0.52456, -0.02282
0.52615, -0.02280
0.52774, -0.02279
0.52933, -0.02277
0.53091, -0.02275
0.53250, -0.02273
0.53409, -0.02270
0.53568, -0.02268
0.53727, -0.02266
0.53887, -0.02263
0.54046, -0.02261
0.54205, -0.02258
0.54364, -0.02255
0.54523, -0.02253
0.54682, -0.02250
0.54841, -0.02247
0.55000, -0.02243
0.55159, -0.02240
0.55318, -0.02237
0.55477, -0.02233
0.55636, -0.02230
0.55795, -0.02226
0.55954, -0.02222
0.56113, -0.02218
0.56272, -0.02214
0.56431, -0.02210
0.56589, -0.02205
0.56748, -0.02201
0.56907, -0.02196
0.57066, -0.02192
0.57224, -0.02187
0.57383, -0.02182
0.57541, -0.02177
0.57700, -0.02172
0.57858, -0.02166
0.58017, -0.02161
0.58175, -0.02155
0.58333, -0.02150
0.58491, -0.02144
0.58650, -0.02138
0.58808, -0.02132
0.58966, -0.02125
0.59123, -0.02119
0.59281, -0.02112
0.59439, -0.02106
0.59597, -0.02099
0.59754, -0.02092
0.59912, -0.02085
0.60069, -0.02078
0.60226, -0.02071
0.60383, -0.02063
0.60540, -0.02055
0.60697, -0.02048
0.60854, -0.02040
0.61011, -0.02032
0.61168, -0.02024
0.61324, -0.02015
0.61481, -0.02007
0.61637, -0.01998
0.61793, -0.01990
0.61949, -0.01981
0.62105, -0.01972
0.62261, -0.01963
0.62417, -0.01953
0.62572, -0.01944
0.62728, -0.01935
0.62883, -0.01925
0.63038, -0.01915
0.63193, -0.01905
0.63348, -0.01895
0.63503, -0.01885
0.63658, -0.01874
0.63812, -0.01864
0.63966, -0.01853
0.64121, -0.01842
0.64275, -0.01831
0.64429, -0.01820
0.64582, -0.01809
0.64737, -0.01798
0.64896, -0.01786
0.65076, -0.01774
0.65335, -0.01759
0.65798, -0.01720
0.66616, -0.01559
0.67689, -0.01107
0.68568, -0.00453
0.69043, 0.00061
0.69184, 0.00256
0.68998, 0.00092
0.68424, -0.00308
0.67669, -0.00614
0.67167, -0.00702
0.67013, -0.00702
0.67060, -0.00688
0.67183, -0.00674
0.67327, -0.00660
0.67475, -0.00646
0.67623, -0.00632
0.67771, -0.00618
0.67919, -0.00604
0.68067, -0.00590
0.68215, -0.00576
0.68362, -0.00561
0.68509, -0.00547
0.68656, -0.00533
0.68803, -0.00518
0.68949, -0.00504
0.69095, -0.00489
0.69241, -0.00475
0.69386, -0.00460
0.69532, -0.00445
0.69677, -0.00431
0.69822, -0.00416
0.69966, -0.00401
0.70111, -0.00387
0.70255, -0.00372
0.70399, -0.00357
0.70542, -0.00342
0.70686, -0.00327
0.70829, -0.00313
0.70972, -0.00298
0.71114, -0.00283
0.71257, -0.00268
0.71399, -0.00253
0.71541, -0.00238
0.71682, -0.00223
0.71824, -0.00209
0.71965, -0.00194
0.72105, -0.00179
0.72246, -0.00164
0.72386, -0.00149
0.72526, -0.00134
0.72666, -0.00120
0.72806, -0.00105
0.72945, -0.00090
0.73084, -0.00075
0.73223, -0.00061
0.73361, -0.00046
0.73499, -0.00031
0.73637, -0.00017
0.73775, -0.00002
0.73912, 0.00013
0.74049, 0.00027
0.74186, 0.00042
0.74323, 0.00056
0.74459, 0.00071
0.74595, 0.00085
0.74731, 0.00099
0.74867, 0.00114
0.75002, 0.00128
0.75137, 0.00142
0.75272, 0.00156
0.75406, 0.00171
0.75540, 0.00185
0.75674, 0.00199
0.75808, 0.00213
0.75942, 0.00227
0.76075, 0.00241
0.76208, 0.00254
0.76341, 0.00268
0.76474, 0.00282
0.76606, 0.00296
0.76738, 0.00309
0.76870, 0.00323
0.77002, 0.00337
0.77133, 0.00350
0.77264, 0.00364
0.77395, 0.00377
0.77525, 0.00391
0.77656, 0.00404
0.77786, 0.00417
0.77916, 0.00431
0.78045, 0.00444
0.78174, 0.00457
0.78303, 0.00470
0.78432, 0.00483
0.78561, 0.00496
0.78689, 0.00509
0.78817, 0.00522
0.78944, 0.00535
0.79072, 0.00548
0.79199, 0.00561
0.79326, 0.00574
0.79452, 0.00587
0.79579, 0.00599
0.79704, 0.00612
0.79830, 0.00625
0.79956, 0.00637
0.80081, 0.00650
0.80206, 0.00663
0.80330, 0.00675
0.80454, 0.00687
0.80578, 0.00700
0.80702, 0.00712
0.80826, 0.00725
0.80949, 0.00737
0.81071, 0.00749
0.81194, 0.00761
0.81316, 0.00773
0.81438, 0.00785
0.81560, 0.00798
0.81681, 0.00810
0.81802, 0.00822
0.81923, 0.00834
0.82043, 0.00845
0.82163, 0.00857
0.82283, 0.00869
0.82403, 0.00881
0.82522, 0.00893
0.82641, 0.00904
0.82759, 0.00916
0.82877, 0.00928
0.82995, 0.00939
0.83113, 0.00951
0.83230, 0.00962
0.83347, 0.00974
0.83464, 0.00985
0.83580, 0.00997
0.83696, 0.01008
0.83812, 0.01019
0.83927, 0.01031
0.84042, 0.01042
0.84157, 0.01053
0.84271, 0.01064
0.84385, 0.01075
0.84499, 0.01086
0.84612, 0.01097
0.84725, 0.01108
0.84838, 0.01119
0.84950, 0.01130
0.85062, 0.01141
0.85173, 0.01152
0.85285, 0.01163
0.85396, 0.01173
0.85506, 0.01184
0.85616, 0.01195
0.85726, 0.01205
0.85836, 0.01216
0.85945, 0.01226
0.86054, 0.01237
0.86162, 0.01247
0.86270, 0.01258
0.86378, 0.01268
0.86486, 0.01278
0.86593, 0.01289
0.86699, 0.01299
0.86806, 0.01309
0.86912, 0.01319
0.87017, 0.01329
0.87123, 0.01339
0.87227, 0.01349
0.87332, 0.01359
0.87436, 0.01369
0.87540, 0.01379
0.87643, 0.01389
0.87747, 0.01399
0.87849, 0.01409
0.87952, 0.01418
0.88054, 0.01428
0.88155, 0.01438
0.88256, 0.01447
0.88357, 0.01457
0.88458, 0.01466
0.88558, 0.01475
0.88657, 0.01485
0.88757, 0.01494
0.88856, 0.01504
0.88954, 0.01513
0.89052, 0.01522
0.89150, 0.01531
0.89248, 0.01540
0.89345, 0.01549
0.89441, 0.01558
0.89538, 0.01567
0.89634, 0.01576
0.89729, 0.01585
0.89824, 0.01594
0.89919, 0.01603
0.90013, 0.01612
0.90107, 0.01620
0.90201, 0.01629
0.90294, 0.01638
0.90387, 0.01646
0.90479, 0.01655
0.90571, 0.01663
0.90663, 0.01672
0.90754, 0.01680
0.90845, 0.01688
0.90935, 0.01697
0.91025, 0.01705
0.91114, 0.01713
0.91204, 0.01721
0.91292, 0.01729
0.91381, 0.01737
0.91469, 0.01745
0.91556, 0.01753
0.91643, 0.01761
0.91730, 0.01769
0.91816, 0.01777
0.91902, 0.01785
0.91988, 0.01793
0.92073, 0.01800
0.92158, 0.01808
0.92242, 0.01816
0.92326, 0.01823
0.92409, 0.01831
0.92492, 0.01838
0.92575, 0.01846
0.92657, 0.01853
0.92739, 0.01860
0.92820, 0.01868
0.92901, 0.01875
0.92982, 0.01882
0.93062, 0.01889
0.93141, 0.01896
0.93221, 0.01903
0.93299, 0.01910
0.93378, 0.01917
0.93456, 0.01924
0.93533, 0.01931
0.93610, 0.01938
0.93687, 0.01945
0.93763, 0.01951
0.93839, 0.01958
0.93914, 0.01965
0.93989, 0.01971
0.94064, 0.01978
0.94138, 0.01984
0.94212, 0.01991
0.94285, 0.01997
0.94358, 0.02004
0.94430, 0.02010
0.94502, 0.02016
0.94573, 0.02023
0.94644, 0.02029
0.94715, 0.02035
0.94785, 0.02041
0.94855, 0.02047
0.94924, 0.02053
0.94993, 0.02059
0.95061, 0.02065
0.95129, 0.02071
0.95197, 0.02077
0.95264, 0.02083
0.95330, 0.02088
0.95396, 0.02094
0.95462, 0.02100
0.95527, 0.02105
0.95592, 0.02111
0.95657, 0.02116
0.95720, 0.02122
0.95784, 0.02127
0.95847, 0.02133
0.95909, 0.02138
0.95972, 0.02143
0.96033, 0.02149
0.96094, 0.02154
0.96155, 0.02159
0.96215, 0.02164
0.96275, 0.02169
0.96335, 0.02174
0.96393, 0.02179
0.96452, 0.02184
0.96510, 0.02189
0.96567, 0.02194
0.96625, 0.02199
0.96681, 0.02204
0.96737, 0.02208
0.96793, 0.02213
0.96848, 0.02218
0.96903, 0.02222
0.96957, 0.02227
0.97011, 0.02231
0.97064, 0.02236
0.97117, 0.02240
0.97170, 0.02245
0.97222, 0.02249
0.97273, 0.02253
0.97324, 0.02258
0.97375, 0.02262
0.97425, 0.02266
0.97474, 0.02270
0.97524, 0.02274
0.97572, 0.02278
0.97621, 0.02282
0.97668, 0.02286
0.97715, 0.02290
0.97762, 0.02294
0.97809, 0.02298
0.97854, 0.02302
0.97900, 0.02305
0.97945, 0.02309
0.97989, 0.02313
0.98033, 0.02316
0.98077, 0.02320
0.98120, 0.02323
0.98162, 0.02327
0.98204, 0.02330
0.98246, 0.02334
0.98287, 0.02337
0.98327, 0.02341
0.98367, 0.02344
0.98407, 0.02347
0.98446, 0.02350
0.98485, 0.02353
0.98523, 0.02357
0.98561, 0.02360
0.98598, 0.02363
0.98635, 0.02366
0.98671, 0.02369
0.98707, 0.02371
0.98742, 0.02374
0.98777, 0.02377
0.98811, 0.02380
0.98845, 0.02383
0.98878, 0.02385
0.98911, 0.02388
0.98944, 0.02391
0.98976, 0.02393
0.99007, 0.02396
0.99038, 0.02398
0.99068, 0.02401
0.99098, 0.02403
0.99128, 0.02406
0.99157, 0.02408
0.99185, 0.02410
0.99213, 0.02412
0.99241, 0.02415
0.99268, 0.02417
0.99294, 0.02419
0.99320, 0.02421
0.99346, 0.02423
0.99371, 0.02425
0.99395, 0.02427
0.99419, 0.02429
0.99443, 0.02431
0.99466, 0.02433
0.99489, 0.02435
0.99511, 0.02436
0.99532, 0.02438
0.99554, 0.02440
0.99574, 0.02441
0.99594, 0.02443
0.99614, 0.02445
0.99633, 0.02446
0.99652, 0.02448
0.99670, 0.02449
0.99687, 0.02450
0.99705, 0.02452
0.99721, 0.02453
0.99737, 0.02454
0.99753, 0.02456
0.99768, 0.02457
0.99783, 0.02458
0.99797, 0.02459
0.99811, 0.02460
0.99824, 0.02461
0.99837, 0.02462
0.99849, 0.02463
0.99861, 0.02464
0.99872, 0.02465
0.99883, 0.02466
0.99893, 0.02467
0.99902, 0.02468
0.99912, 0.02468
0.99920, 0.02469
0.99929, 0.02470
0.99936, 0.02470
0.99944, 0.02471
0.99950, 0.02471
0.99957, 0.02472
0.99962, 0.02472
0.99968, 0.02473
0.99972, 0.02473
0.99976, 0.02473
0.99980, 0.02474
0.99983, 0.02474
0.99986, 0.02474
0.99988, 0.02474
0.99990, 0.02475
0.99991, 0.02475
0.99988, 0.02475
0.99987, 0.02475
