=== Airfoil Parameters ===
m = 0.02
p = 0.4
t = 0.12

=== Control Points ===
0.00000, -0.01636, -0.01636
0.06667, -0.00955, -0.01566
0.13333, -0.00323, -0.01434
0.20000, 0.00247, -0.01253
0.26667, 0.00739, -0.01039
0.66667, 0.00794, -0.00811
0.75000, 0.00731, -0.00589
0.83333, 0.00563, -0.00394
0.91667, 0.00269, -0.00248
1.00000, -0.00170, -0.00170

=== Upper Surface ===
0.00000, -0.01636
-0.00004, -0.01608
-0.00005, -0.01580
-0.00007, -0.01552
-0.00008, -0.01524
-0.00008, -0.01496
-0.00009, -0.01468
-0.00008, -0.01440
-0.00007, -0.01412
-0.00006, -0.01384
-0.00004, -0.01356
-0.00002, -0.01328
0.00001, -0.01300
0.00004, -0.01272
0.00008, -0.01244
0.00012, -0.01216
0.00017, -0.01188
0.00022, -0.01160
0.00028, -0.01132
0.00035, -0.01104
0.00041, -0.01076
0.00049, -0.01047
0.00056, -0.01019
0.00065, -0.00991
0.00074, -0.00963
0.00083, -0.00935
0.00093, -0.00907
0.00103, -0.00878
0.00114, -0.00850
0.00125, -0.00822
0.00137, -0.00794
0.00149, -0.00765
0.00162, -0.00737
0.00175, -0.00709
0.00189, -0.00681
0.00203, -0.00652
0.00218, -0.00624
0.00233, -0.00596
0.00249, -0.00567
0.00265, -0.00539
0.00282, -0.00511
0.00299, -0.00482
0.00317, -0.00454
0.00335, -0.00426
0.00354, -0.00397
0.00373, -0.00369
0.00393, -0.00340
0.00413, -0.00312
0.00434, -0.00284
0.00455, -0.00255
0.00477, -0.00227
0.00499, -0.00198
0.00521, -0.00170
0.00545, -0.00141
0.00568, -0.00113
0.00592, -0.00085
0.00617, -0.00056
0.00642, -0.00028
0.00668, 0.00001
0.00694, 0.00029
0.00721, 0.00058
0.00748, 0.00086
0.00775, 0.00115
0.00804, 0.00143
0.00832, 0.00172
0.00861, 0.00200
0.00891, 0.00229
0.00921, 0.00257
0.00951, 0.00286
0.00983, 0.00314
0.01014, 0.00343
0.01046, 0.00371
0.01079, 0.00400
0.01112, 0.00428
0.01145, 0.00457
0.01179, 0.00485
0.01214, 0.00514
0.01249, 0.00542
0.01284, 0.00571
0.01320, 0.00599
0.01356, 0.00628
0.01393, 0.00656
0.01431, 0.00685
0.01469, 0.00713
0.01507, 0.00742
0.01546, 0.00770
0.01585, 0.00799
0.01625, 0.00827
0.01665, 0.00856
0.01706, 0.00884
0.01747, 0.00913
0.01789, 0.00941
0.01831, 0.00970
0.01874, 0.00998
0.01917, 0.01027
0.01961, 0.01055
0.02005, 0.01084
0.02050, 0.01112
0.02095, 0.01140
0.02140, 0.01169
0.02187, 0.01197
0.02233, 0.01226
0.02280, 0.01254
0.02328, 0.01282
0.02376, 0.01311
0.02424, 0.01339
0.02473, 0.01367
0.02523, 0.01396
0.02572, 0.01424
0.02623, 0.01452
0.02674, 0.01481
0.02725, 0.01509
0.02777, 0.01537
0.02829, 0.01565
0.02882, 0.01594
0.02935, 0.01622
0.02989, 0.01650
0.03043, 0.01678
0.03098, 0.01706
0.03153, 0.01735
0.03208, 0.01763
0.03264, 0.01791
0.03321, 0.01819
0.03378, 0.01847
0.03435, 0.01875
0.03493, 0.01903
0.03552, 0.01931
0.03611, 0.01959
0.03670, 0.01987
0.03730, 0.02015
0.03790, 0.02043
0.03851, 0.02071
0.03912, 0.02099
0.03974, 0.02127
0.04036, 0.02154
0.04098, 0.02182
0.04161, 0.02210
0.04225, 0.02238
0.04289, 0.02266
0.04353, 0.02293
0.04418, 0.02321
0.04484, 0.02349
0.04549, 0.02376
0.04616, 0.02404
0.04682, 0.02431
0.04750, 0.02459
0.04817, 0.02487
0.04885, 0.02514
0.04954, 0.02541
0.05023, 0.02569
0.05092, 0.02596
0.05162, 0.02624
0.05233, 0.02651
0.05303, 0.02678
0.05375, 0.02706
0.05446, 0.02733
0.05519, 0.02760
0.05591, 0.02787
0.05664, 0.02814
0.05738, 0.02841
0.05812, 0.02868
0.05886, 0.02895
0.05961, 0.02922
0.06036, 0.02949
0.06112, 0.02976
0.06188, 0.03003
0.06265, 0.03030
0.06342, 0.03057
0.06420, 0.03083
0.06498, 0.03110
0.06576, 0.03137
0.06655, 0.03163
0.06734, 0.03190
0.06814, 0.03217
0.06894, 0.03243
0.06975, 0.03270
0.07056, 0.03296
0.07137, 0.03322
0.07219, 0.03349
0.07301, 0.03375
0.07384, 0.03401
0.07467, 0.03427
0.07551, 0.03453
0.07635, 0.03479
0.07720, 0.03505
0.07805, 0.03531
0.07890, 0.03557
0.07976, 0.03583
0.08062, 0.03609
0.08149, 0.03635
0.08236, 0.03661
0.08323, 0.03686
0.08411, 0.03712
0.08499, 0.03737
0.08588, 0.03763
0.08677, 0.03788
0.08767, 0.03814
0.08857, 0.03839
0.08948, 0.03864
0.09038, 0.03890
0.09130, 0.03915
0.09221, 0.03940
0.09314, 0.03965
0.09406, 0.03990
0.09499, 0.04015
0.09592, 0.04040
0.09686, 0.04064
0.09780, 0.04089
0.09875, 0.04114
0.09970, 0.04138
0.10065, 0.04163
0.10161, 0.04187
0.10257, 0.04212
0.10354, 0.04236
0.10451, 0.04261
0.10549, 0.04285
0.10647, 0.04309
0.10745, 0.04333
0.10843, 0.04357
0.10943, 0.04381
0.11042, 0.04405
0.11142, 0.04429
0.11242, 0.04453
0.11343, 0.04476
0.11444, 0.04500
0.11545, 0.04523
0.11647, 0.04547
0.11749, 0.04570
0.11852, 0.04594
0.11955, 0.04617
0.12059, 0.04640
0.12162, 0.04663
0.12267, 0.04686
0.12371, 0.04709
0.12476, 0.04732
0.12582, 0.04755
0.12687, 0.04777
0.12793, 0.04800
0.12900, 0.04823
0.13007, 0.04845
0.13114, 0.04867
0.13222, 0.04890
0.13330, 0.04912
0.13438, 0.04934
0.13547, 0.04956
0.13656, 0.04978
0.13765, 0.05000
0.13875, 0.05022
0.13985, 0.05044
0.14096, 0.05065
0.14207, 0.05087
0.14318, 0.05108
0.14430, 0.05130
0.14542, 0.05151
0.14654, 0.05172
0.14767, 0.05194
0.14880, 0.05215
0.14993, 0.05236
0.15107, 0.05256
0.15221, 0.05277
0.15336, 0.05298
0.15450, 0.05319
0.15565, 0.05339
0.15681, 0.05360
0.15797, 0.05380
0.15913, 0.05400
0.16029, 0.05421
0.16146, 0.05441
0.16263, 0.05461
0.16381, 0.05481
0.16499, 0.05500
0.16617, 0.05520
0.16735, 0.05540
0.16854, 0.05560
0.16973, 0.05579
0.17093, 0.05598
0.17212, 0.05618
0.17333, 0.05637
0.17453, 0.05656
0.17574, 0.05675
0.17695, 0.05694
0.17816, 0.05713
0.17938, 0.05732
0.18060, 0.05750
0.18182, 0.05769
0.18305, 0.05788
0.18428, 0.05806
0.18551, 0.05824
0.18675, 0.05843
0.18799, 0.05861
0.18923, 0.05879
0.19048, 0.05897
0.19172, 0.05915
0.19298, 0.05932
0.19423, 0.05950
0.19549, 0.05968
0.19675, 0.05985
0.19801, 0.06003
0.19928, 0.06020
0.20055, 0.06037
0.20183, 0.06054
0.20311, 0.06071
0.20439, 0.06088
0.20568, 0.06105
0.20697, 0.06122
0.20826, 0.06139
0.20956, 0.06155
0.21086, 0.06172
0.21216, 0.06188
0.21347, 0.06204
0.21478, 0.06220
0.21610, 0.06236
0.21742, 0.06252
0.21874, 0.06268
0.22007, 0.06284
0.22140, 0.06299
0.22273, 0.06315
0.22407, 0.06330
0.22541, 0.06345
0.22675, 0.06361
0.22810, 0.06375
0.22945, 0.06390
0.23080, 0.06405
0.23216, 0.06420
0.23352, 0.06434
0.23488, 0.06448
0.23625, 0.06462
0.23762, 0.06476
0.23900, 0.06490
0.24038, 0.06504
0.24176, 0.06518
0.24314, 0.06531
0.24453, 0.06544
0.24592, 0.06557
0.24732, 0.06570
0.24872, 0.06583
0.25012, 0.06596
0.25153, 0.06608
0.25293, 0.06620
0.25435, 0.06633
0.25576, 0.06645
0.25718, 0.06656
0.25860, 0.06668
0.26003, 0.06679
0.26146, 0.06691
0.26289, 0.06702
0.26432, 0.06713
0.26576, 0.06723
0.26720, 0.06734
0.26864, 0.06744
0.27008, 0.06754
0.27153, 0.06764
0.27298, 0.06774
0.27443, 0.06783
0.27588, 0.06793
0.27733, 0.06802
0.27879, 0.06811
0.28025, 0.06820
0.28171, 0.06828
0.28317, 0.06837
0.28464, 0.06845
0.28610, 0.06853
0.28757, 0.06861
0.28904, 0.06868
0.29051, 0.06876
0.29199, 0.06883
0.29347, 0.06890
0.29494, 0.06897
0.29642, 0.06904
0.29791, 0.06910
0.29939, 0.06917
0.30088, 0.06923
0.30236, 0.06929
0.30385, 0.06934
0.30534, 0.06940
0.30684, 0.06945
0.30833, 0.06951
0.30983, 0.06956
0.31133, 0.06960
0.31283, 0.06965
0.31433, 0.06970
0.31583, 0.06974
0.31733, 0.06978
0.31884, 0.06982
0.32035, 0.06986
0.32186, 0.06989
0.32337, 0.06992
0.32488, 0.06996
0.32639, 0.06999
0.32789, 0.07001
0.32940, 0.07004
0.33090, 0.07007
0.33240, 0.07009
0.33390, 0.07011
0.33540, 0.07013
0.33690, 0.07015
0.33840, 0.07017
0.33991, 0.07019
0.34141, 0.07021
0.34292, 0.07022
0.34443, 0.07024
0.34594, 0.07025
0.34746, 0.07026
0.34897, 0.07027
0.35049, 0.07028
0.35201, 0.07029
0.35353, 0.07030
0.35505, 0.07030
0.35657, 0.07031
0.35810, 0.07031
0.35962, 0.07031
0.36115, 0.07031
0.36268, 0.07031
0.36421, 0.07031
0.36574, 0.07031
0.36727, 0.07031
0.36880, 0.07030
0.37034, 0.07030
0.37187, 0.07029
0.37341, 0.07028
0.37495, 0.07027
0.37649, 0.07026
0.37803, 0.07025
0.37957, 0.07024
0.38112, 0.07022
0.38266, 0.07021
0.38421, 0.07019
0.38575, 0.07017
0.38730, 0.07015
0.38885, 0.07013
0.39040, 0.07011
0.39195, 0.07009
0.39350, 0.07007
0.39505, 0.07004
0.39661, 0.07002
0.39816, 0.06999
0.39972, 0.06996
0.40127, 0.06993
0.40283, 0.06990
0.40439, 0.06987
0.40594, 0.06984
0.40750, 0.06981
0.40906, 0.06977
0.41062, 0.06974
0.41219, 0.06970
0.41375, 0.06966
0.41531, 0.06963
0.41687, 0.06959
0.41844, 0.06955
0.42000, 0.06950
0.42157, 0.06946
0.42313, 0.06942
0.42470, 0.06937
0.42627, 0.06933
0.42783, 0.06928
0.42940, 0.06923
0.43097, 0.06919
0.43254, 0.06914
0.43411, 0.06909
0.43568, 0.06903
0.43725, 0.06898
0.43882, 0.06893
0.44039, 0.06887
0.44196, 0.06882
0.44354, 0.06876
0.44511, 0.06871
0.44668, 0.06865
0.44825, 0.06859
0.44983, 0.06853
0.45140, 0.06847
0.45298, 0.06841
0.45455, 0.06835
0.45613, 0.06828
0.45770, 0.06822
0.45928, 0.06815
0.46085, 0.06809
0.46243, 0.06802
0.46400, 0.06796
0.46558, 0.06789
0.46716, 0.06782
0.46873, 0.06775
0.47031, 0.06768
0.47189, 0.06761
0.47346, 0.06754
0.47504, 0.06746
0.47662, 0.06739
0.47820, 0.06732
0.47977, 0.06724
0.48135, 0.06716
0.48293, 0.06709
0.48451, 0.06701
0.48609, 0.06693
0.48766, 0.06685
0.48924, 0.06677
0.49082, 0.06669
0.49240, 0.06661
0.49398, 0.06653
0.49555, 0.06645
0.49713, 0.06637
0.49871, 0.06628
0.50029, 0.06620
0.50187, 0.06611
0.50345, 0.06603
0.50502, 0.06594
0.50660, 0.06585
0.50818, 0.06577
0.50976, 0.06568
0.51134, 0.06559
0.51291, 0.06550
0.51449, 0.06541
0.51607, 0.06532
0.51765, 0.06523
0.51922, 0.06513
0.52080, 0.06504
0.52238, 0.06495
0.52395, 0.06485
0.52553, 0.06476
0.52711, 0.06466
0.52868, 0.06457
0.53026, 0.06447
0.53183, 0.06437
0.53341, 0.06427
0.53498, 0.06417
0.53656, 0.06408
0.53813, 0.06398
0.53971, 0.06387
0.54128, 0.06377
0.54286, 0.06367
0.54443, 0.06357
0.54600, 0.06347
0.54757, 0.06336
0.54915, 0.06326
0.55072, 0.06315
0.55229, 0.06305
0.55386, 0.06294
0.55543, 0.06283
0.55700, 0.06272
0.55857, 0.06262
0.56014, 0.06251
0.56171, 0.06240
0.56328, 0.06229
0.56484, 0.06218
0.56641, 0.06206
0.56798, 0.06195
0.56954, 0.06184
0.57111, 0.06172
0.57267, 0.06161
0.57424, 0.06150
0.57580, 0.06138
0.57737, 0.06126
0.57893, 0.06115
0.58049, 0.06103
0.58205, 0.06091
0.58361, 0.06079
0.58517, 0.06067
0.58673, 0.06055
0.58829, 0.06043
0.58984, 0.06031
0.59140, 0.06019
0.59296, 0.06006
0.59451, 0.05994
0.59606, 0.05982
0.59762, 0.05969
0.59917, 0.05957
0.60072, 0.05944
0.60227, 0.05931
0.60382, 0.05919
0.60537, 0.05906
0.60692, 0.05893
0.60846, 0.05880
0.61001, 0.05867
0.61155, 0.05854
0.61310, 0.05841
0.61464, 0.05827
0.61618, 0.05814
0.61772, 0.05801
0.61926, 0.05787
0.62080, 0.05774
0.62233, 0.05760
0.62387, 0.05746
0.62540, 0.05733
0.62694, 0.05719
0.62847, 0.05705
0.63000, 0.05691
0.63153, 0.05677
0.63306, 0.05663
0.63458, 0.05649
0.63611, 0.05635
0.63763, 0.05621
0.63915, 0.05606
0.64067, 0.05592
0.64219, 0.05577
0.64371, 0.05563
0.64523, 0.05548
0.64674, 0.05534
0.64826, 0.05519
0.64980, 0.05504
0.65148, 0.05489
0.65362, 0.05472
0.65701, 0.05442
0.66265, 0.05359
0.67055, 0.05137
0.67832, 0.04767
0.68331, 0.04429
0.68473, 0.04304
0.68263, 0.04418
0.67782, 0.04622
0.67295, 0.04740
0.67034, 0.04763
0.66997, 0.04752
0.67082, 0.04737
0.67213, 0.04722
0.67356, 0.04707
0.67502, 0.04692
0.67648, 0.04677
0.67795, 0.04662
0.67941, 0.04647
0.68087, 0.04632
0.68232, 0.04617
0.68378, 0.04602
0.68523, 0.04588
0.68669, 0.04573
0.68814, 0.04558
0.68959, 0.04543
0.69104, 0.04528
0.69249, 0.04513
0.69394, 0.04498
0.69538, 0.04483
0.69683, 0.04468
0.69827, 0.04453
0.69971, 0.04439
0.70115, 0.04424
0.70258, 0.04409
0.70402, 0.04394
0.70545, 0.04379
0.70689, 0.04364
0.70832, 0.04349
0.70975, 0.04334
0.71117, 0.04319
0.71260, 0.04304
0.71402, 0.04289
0.71545, 0.04274
0.71687, 0.04259
0.71828, 0.04244
0.71970, 0.04229
0.72112, 0.04214
0.72253, 0.04199
0.72394, 0.04184
0.72535, 0.04169
0.72676, 0.04153
0.72816, 0.04138
0.72956, 0.04123
0.73097, 0.04108
0.73236, 0.04092
0.73376, 0.04077
0.73516, 0.04062
0.73655, 0.04046
0.73794, 0.04031
0.73933, 0.04016
0.74072, 0.04000
0.74210, 0.03985
0.74348, 0.03969
0.74486, 0.03953
0.74624, 0.03938
0.74762, 0.03922
0.74899, 0.03907
0.75036, 0.03891
0.75173, 0.03875
0.75310, 0.03859
0.75446, 0.03843
0.75582, 0.03828
0.75718, 0.03812
0.75853, 0.03796
0.75989, 0.03780
0.76124, 0.03764
0.76258, 0.03748
0.76393, 0.03732
0.76527, 0.03715
0.76661, 0.03699
0.76794, 0.03683
0.76928, 0.03667
0.77061, 0.03651
0.77194, 0.03634
0.77326, 0.03618
0.77458, 0.03602
0.77590, 0.03585
0.77722, 0.03569
0.77853, 0.03553
0.77984, 0.03536
0.78115, 0.03520
0.78246, 0.03503
0.78376, 0.03487
0.78506, 0.03470
0.78635, 0.03454
0.78765, 0.03437
0.78894, 0.03421
0.79023, 0.03404
0.79151, 0.03388
0.79279, 0.03371
0.79407, 0.03354
0.79534, 0.03338
0.79662, 0.03321
0.79789, 0.03304
0.79915, 0.03288
0.80041, 0.03271
0.80167, 0.03254
0.80293, 0.03238
0.80419, 0.03221
0.80544, 0.03204
0.80668, 0.03187
0.80793, 0.03171
0.80917, 0.03154
0.81041, 0.03137
0.81164, 0.03120
0.81287, 0.03103
0.81410, 0.03087
0.81533, 0.03070
0.81655, 0.03053
0.81777, 0.03036
0.81898, 0.03019
0.82020, 0.03003
0.82141, 0.02986
0.82261, 0.02969
0.82381, 0.02952
0.82501, 0.02935
0.82621, 0.02919
0.82740, 0.02902
0.82859, 0.02885
0.82978, 0.02868
0.83096, 0.02851
0.83214, 0.02835
0.83332, 0.02818
0.83449, 0.02801
0.83566, 0.02784
0.83682, 0.02768
0.83799, 0.02751
0.83915, 0.02734
0.84030, 0.02717
0.84145, 0.02701
0.84260, 0.02684
0.84375, 0.02667
0.84489, 0.02650
0.84603, 0.02634
0.84717, 0.02617
0.84830, 0.02600
0.84943, 0.02584
0.85055, 0.02567
0.85167, 0.02550
0.85279, 0.02534
0.85390, 0.02517
0.85501, 0.02501
0.85612, 0.02484
0.85723, 0.02467
0.85833, 0.02451
0.85942, 0.02434
0.86051, 0.02418
0.86160, 0.02401
0.86269, 0.02385
0.86377, 0.02368
0.86485, 0.02352
0.86592, 0.02336
0.86700, 0.02319
0.86806, 0.02303
0.86913, 0.02286
0.87019, 0.02270
0.87124, 0.02254
0.87230, 0.02237
0.87335, 0.02221
0.87439, 0.02205
0.87543, 0.02189
0.87647, 0.02172
0.87750, 0.02156
0.87853, 0.02140
0.87956, 0.02124
0.88058, 0.02108
0.88160, 0.02091
0.88262, 0.02075
0.88363, 0.02059
0.88464, 0.02043
0.88564, 0.02027
0.88664, 0.02011
0.88764, 0.01995
0.88863, 0.01979
0.88962, 0.01964
0.89060, 0.01948
0.89158, 0.01932
0.89256, 0.01916
0.89353, 0.01900
0.89450, 0.01885
0.89546, 0.01869
0.89642, 0.01853
0.89738, 0.01838
0.89833, 0.01822
0.89928, 0.01806
0.90023, 0.01791
0.90117, 0.01775
0.90210, 0.01760
0.90304, 0.01744
0.90397, 0.01729
0.90489, 0.01714
0.90581, 0.01698
0.90673, 0.01683
0.90764, 0.01668
0.90855, 0.01653
0.90946, 0.01637
0.91036, 0.01622
0.91125, 0.01607
0.91214, 0.01592
0.91303, 0.01577
0.91392, 0.01562
0.91480, 0.01547
0.91567, 0.01532
0.91655, 0.01517
0.91741, 0.01503
0.91828, 0.01488
0.91914, 0.01473
0.91999, 0.01458
0.92084, 0.01444
0.92169, 0.01429
0.92253, 0.01415
0.92337, 0.01400
0.92420, 0.01386
0.92503, 0.01371
0.92586, 0.01357
0.92668, 0.01343
0.92750, 0.01328
0.92831, 0.01314
0.92912, 0.01300
0.92993, 0.01286
0.93073, 0.01272
0.93152, 0.01258
0.93231, 0.01244
0.93310, 0.01230
0.93388, 0.01216
0.93466, 0.01202
0.93544, 0.01189
0.93621, 0.01175
0.93697, 0.01161
0.93774, 0.01148
0.93849, 0.01134
0.93925, 0.01121
0.93999, 0.01107
0.94074, 0.01094
0.94148, 0.01081
0.94221, 0.01067
0.94294, 0.01054
0.94367, 0.01041
0.94439, 0.01028
0.94511, 0.01015
0.94583, 0.01002
0.94653, 0.00989
0.94724, 0.00976
0.94794, 0.00963
0.94863, 0.00951
0.94933, 0.00938
0.95001, 0.00926
0.95070, 0.00913
0.95137, 0.00901
0.95205, 0.00888
0.95272, 0.00876
0.95338, 0.00864
0.95404, 0.00851
0.95470, 0.00839
0.95535, 0.00827
0.95599, 0.00815
0.95664, 0.00803
0.95727, 0.00791
0.95791, 0.00780
0.95853, 0.00768
0.95916, 0.00756
0.95978, 0.00745
0.96039, 0.00733
0.96100, 0.00722
0.96161, 0.00710
0.96221, 0.00699
0.96281, 0.00688
0.96340, 0.00677
0.96399, 0.00666
0.96457, 0.00655
0.96515, 0.00644
0.96572, 0.00633
0.96629, 0.00622
0.96685, 0.00611
0.96741, 0.00601
0.96797, 0.00590
0.96852, 0.00579
0.96907, 0.00569
0.96961, 0.00559
0.97014, 0.00548
0.97068, 0.00538
0.97120, 0.00528
0.97173, 0.00518
0.97225, 0.00508
0.97276, 0.00498
0.97327, 0.00488
0.97377, 0.00479
0.97427, 0.00469
0.97477, 0.00460
0.97526, 0.00450
0.97574, 0.00441
0.97622, 0.00431
0.97670, 0.00422
0.97717, 0.00413
0.97764, 0.00404
0.97810, 0.00395
0.97856, 0.00386
0.97901, 0.00377
0.97946, 0.00368
0.97990, 0.00360
0.98034, 0.00351
0.98077, 0.00343
0.98120, 0.00334
0.98163, 0.00326
0.98204, 0.00318
0.98246, 0.00309
0.98287, 0.00301
0.98327, 0.00293
0.98368, 0.00286
0.98407, 0.00278
0.98446, 0.00270
0.98485, 0.00262
0.98523, 0.00255
0.98561, 0.00247
0.98598, 0.00240
0.98635, 0.00233
0.98671, 0.00226
0.98707, 0.00218
0.98742, 0.00211
0.98777, 0.00205
0.98811, 0.00198
0.98845, 0.00191
0.98878, 0.00184
0.98911, 0.00178
0.98943, 0.00171
0.98975, 0.00165
0.99007, 0.00159
0.99038, 0.00152
0.99068, 0.00146
0.99098, 0.00140
0.99128, 0.00134
0.99157, 0.00129
0.99185, 0.00123
0.99213, 0.00117
0.99241, 0.00112
0.99268, 0.00106
0.99295, 0.00101
0.99321, 0.00096
0.99346, 0.00090
0.99371, 0.00085
0.99396, 0.00080
0.99420, 0.00076
0.99444, 0.00071
0.99467, 0.00066
0.99490, 0.00061
0.99512, 0.00057
0.99534, 0.00053
0.99555, 0.00048
0.99576, 0.00044
0.99596, 0.00040
0.99616, 0.00036
0.99635, 0.00032
0.99654, 0.00028
0.99673, 0.00025
0.99690, 0.00021
0.99708, 0.00017
0.99725, 0.00014
0.99741, 0.00011
0.99757, 0.00007
0.99772, 0.00004
0.99787, 0.00001
0.99802, -0.00002
0.99816, -0.00005
0.99829, -0.00007
0.99842, -0.00010
0.99855, -0.00013
0.99867, -0.00015
0.99878, -0.00017
0.99889, -0.00020
0.99900, -0.00022
0.99910, -0.00024
0.99919, -0.00026
0.99928, -0.00028
0.99937, -0.00029
0.99945, -0.00031
0.99953, -0.00032
0.99960, -0.00034
0.99966, -0.00035
0.99973, -0.00037
0.99978, -0.00038
0.99983, -0.00039
0.99988, -0.00040
0.99992, -0.00041
0.99996, -0.00041
0.99999, -0.00042
1.00002, -0.00043
1.00004, -0.00043
1.00006, -0.00043
1.00008, -0.00044
1.00012, -0.00044
1.00013, -0.00044

=== Lower Surface ===
0.00000, -0.01636
0.00005, -0.01663
0.00007, -0.01691
0.00011, -0.01719
0.00016, -0.01746
0.00021, -0.01774
0.00026, -0.01801
0.00032, -0.01828
0.00039, -0.01856
0.00046, -0.01883
0.00054, -0.01910
0.00062, -0.01937
0.00070, -0.01963
0.00079, -0.01990
0.00089, -0.02017
0.00099, -0.02043
0.00109, -0.02070
0.00120, -0.02096
0.00132, -0.02123
0.00144, -0.02149
0.00156, -0.02175
0.00169, -0.02201
0.00183, -0.02227
0.00197, -0.02253
0.00211, -0.02278
0.00226, -0.02304
0.00241, -0.02330
0.00257, -0.02355
0.00274, -0.02380
0.00291, -0.02406
0.00308, -0.02431
0.00326, -0.02456
0.00344, -0.02481
0.00363, -0.02506
0.00382, -0.02531
0.00402, -0.02556
0.00422, -0.02580
0.00443, -0.02605
0.00464, -0.02629
0.00486, -0.02654
0.00508, -0.02678
0.00531, -0.02702
0.00554, -0.02726
0.00578, -0.02750
0.00602, -0.02774
0.00627, -0.02798
0.00652, -0.02822
0.00677, -0.02845
0.00703, -0.02869
0.00730, -0.02892
0.00757, -0.02915
0.00785, -0.02939
0.00813, -0.02962
0.00841, -0.02985
0.00870, -0.03008
0.00900, -0.03031
0.00929, -0.03053
0.00960, -0.03076
0.00991, -0.03099
0.01022, -0.03121
0.01054, -0.03144
0.01086, -0.03166
0.01119, -0.03188
0.01153, -0.03210
0.01186, -0.03232
0.01221, -0.03254
0.01255, -0.03276
0.01291, -0.03298
0.01326, -0.03319
0.01362, -0.03341
0.01399, -0.03362
0.01436, -0.03384
0.01474, -0.03405
0.01512, -0.03426
0.01550, -0.03447
0.01589, -0.03468
0.01629, -0.03489
0.01669, -0.03509
0.01709, -0.03530
0.01750, -0.03551
0.01792, -0.03571
0.01833, -0.03591
0.01876, -0.03612
0.01919, -0.03632
0.01962, -0.03652
0.02006, -0.03672
0.02050, -0.03692
0.02094, -0.03711
0.02140, -0.03731
0.02185, -0.03751
0.02231, -0.03770
0.02278, -0.03789
0.02325, -0.03809
0.02372, -0.03828
0.02420, -0.03847
0.02469, -0.03866
0.02517, -0.03885
0.02567, -0.03903
0.02617, -0.03922
0.02667, -0.03940
0.02718, -0.03959
0.02769, -0.03977
0.02820, -0.03995
0.02872, -0.04014
0.02925, -0.04032
0.02978, -0.04050
0.03031, -0.04067
0.03085, -0.04085
0.03140, -0.04103
0.03195, -0.04120
0.03250, -0.04138
0.03306, -0.04155
0.03362, -0.04172
0.03419, -0.04189
0.03476, -0.04206
0.03533, -0.04223
0.03591, -0.04240
0.03650, -0.04256
0.03709, -0.04273
0.03768, -0.04289
0.03828, -0.04306
0.03888, -0.04322
0.03949, -0.04338
0.04010, -0.04354
0.04072, -0.04370
0.04134, -0.04386
0.04196, -0.04402
0.04259, -0.04417
0.04323, -0.04433
0.04386, -0.04448
0.04451, -0.04463
0.04515, -0.04479
0.04581, -0.04494
0.04646, -0.04509
0.04712, -0.04523
0.04779, -0.04538
0.04846, -0.04553
0.04913, -0.04567
0.04981, -0.04582
0.05049, -0.04596
0.05118, -0.04610
0.05187, -0.04624
0.05256, -0.04638
0.05326, -0.04652
0.05397, -0.04666
0.05468, -0.04680
0.05539, -0.04693
0.05611, -0.04707
0.05683, -0.04720
0.05755, -0.04733
0.05828, -0.04746
0.05902, -0.04759
0.05976, -0.04772
0.06050, -0.04785
0.06125, -0.04798
0.06200, -0.04810
0.06275, -0.04823
0.06351, -0.04835
0.06428, -0.04847
0.06505, -0.04859
0.06582, -0.04871
0.06659, -0.04883
0.06738, -0.04895
0.06816, -0.04907
0.06895, -0.04918
0.06974, -0.04930
0.07054, -0.04941
0.07134, -0.04952
0.07215, -0.04963
0.07296, -0.04974
0.07377, -0.04985
0.07459, -0.04996
0.07541, -0.05007
0.07624, -0.05017
0.07707, -0.05028
0.07790, -0.05038
0.07874, -0.05048
0.07958, -0.05058
0.08043, -0.05068
0.08128, -0.05078
0.08213, -0.05088
0.08299, -0.05098
0.08386, -0.05107
0.08472, -0.05117
0.08559, -0.05126
0.08647, -0.05135
0.08735, -0.05144
0.08823, -0.05153
0.08911, -0.05162
0.09000, -0.05171
0.09090, -0.05180
0.09180, -0.05188
0.09270, -0.05197
0.09361, -0.05205
0.09452, -0.05213
0.09543, -0.05221
0.09635, -0.05229
0.09727, -0.05237
0.09819, -0.05245
0.09912, -0.05252
0.10006, -0.05260
0.10099, -0.05267
0.10193, -0.05275
0.10288, -0.05282
0.10383, -0.05289
0.10478, -0.05296
0.10573, -0.05303
0.10669, -0.05309
0.10766, -0.05316
0.10862, -0.05323
0.10960, -0.05329
0.11057, -0.05335
0.11155, -0.05342
0.11253, -0.05348
0.11352, -0.05354
0.11451, -0.05359
0.11550, -0.05365
0.11650, -0.05371
0.11750, -0.05376
0.11850, -0.05382
0.11951, -0.05387
0.12052, -0.05392
0.12153, -0.05397
0.12255, -0.05402
0.12357, -0.05407
0.12460, -0.05412
0.12563, -0.05416
0.12666, -0.05421
0.12770, -0.05425
0.12874, -0.05430
0.12978, -0.05434
0.13083, -0.05438
0.13188, -0.05442
0.13293, -0.05446
0.13399, -0.05449
0.13505, -0.05453
0.13612, -0.05457
0.13718, -0.05460
0.13825, -0.05463
0.13933, -0.05467
0.14041, -0.05470
0.14149, -0.05473
0.14257, -0.05476
0.14366, -0.05478
0.14475, -0.05481
0.14585, -0.05484
0.14695, -0.05486
0.14805, -0.05488
0.14916, -0.05491
0.15027, -0.05493
0.15138, -0.05495
0.15250, -0.05497
0.15362, -0.05498
0.15474, -0.05500
0.15587, -0.05502
0.15700, -0.05503
0.15813, -0.05504
0.15926, -0.05506
0.16040, -0.05507
0.16155, -0.05508
0.16269, -0.05509
0.16384, -0.05510
0.16500, -0.05510
0.16615, -0.05511
0.16731, -0.05511
0.16848, -0.05512
0.16964, -0.05512
0.17081, -0.05512
0.17198, -0.05512
0.17316, -0.05512
0.17434, -0.05512
0.17552, -0.05511
0.17671, -0.05511
0.17790, -0.05511
0.17909, -0.05510
0.18028, -0.05509
0.18148, -0.05508
0.18268, -0.05507
0.18389, -0.05506
0.18510, -0.05505
0.18631, -0.05504
0.18752, -0.05502
0.18874, -0.05501
0.18996, -0.05499
0.19118, -0.05498
0.19241, -0.05496
0.19364, -0.05494
0.19487, -0.05492
0.19610, -0.05490
0.19734, -0.05487
0.19858, -0.05485
0.19983, -0.05482
0.20107, -0.05480
0.20232, -0.05477
0.20358, -0.05474
0.20483, -0.05471
0.20609, -0.05468
0.20735, -0.05465
0.20862, -0.05462
0.20988, -0.05458
0.21115, -0.05455
0.21242, -0.05451
0.21369, -0.05448
0.21496, -0.05444
0.21624, -0.05440
0.21752, -0.05436
0.21880, -0.05432
0.22008, -0.05428
0.22136, -0.05424
0.22265, -0.05420
0.22394, -0.05415
0.22523, -0.05411
0.22652, -0.05406
0.22782, -0.05402
0.22911, -0.05397
0.23041, -0.05392
0.23171, -0.05388
0.23301, -0.05383
0.23431, -0.05378
0.23562, -0.05373
0.23693, -0.05368
0.23824, -0.05363
0.23955, -0.05357
0.24086, -0.05352
0.24217, -0.05347
0.24349, -0.05342
0.24481, -0.05336
0.24613, -0.05331
0.24745, -0.05325
0.24877, -0.05320
0.25009, -0.05314
0.25142, -0.05308
0.25275, -0.05303
0.25408, -0.05297
0.25541, -0.05291
0.25674, -0.05286
0.25807, -0.05280
0.25941, -0.05274
0.26074, -0.05268
0.26208, -0.05262
0.26342, -0.05257
0.26476, -0.05251
0.26610, -0.05245
0.26745, -0.05239
0.26879, -0.05233
0.27014, -0.05227
0.27149, -0.05221
0.27284, -0.05215
0.27420, -0.05209
0.27555, -0.05203
0.27691, -0.05197
0.27827, -0.05191
0.27963, -0.05185
0.28100, -0.05179
0.28236, -0.05173
0.28373, -0.05167
0.28510, -0.05161
0.28648, -0.05155
0.28785, -0.05149
0.28923, -0.05143
0.29061, -0.05137
0.29199, -0.05131
0.29338, -0.05125
0.29476, -0.05119
0.29615, -0.05112
0.29754, -0.05106
0.29894, -0.05100
0.30033, -0.05094
0.30173, -0.05088
0.30313, -0.05082
0.30453, -0.05076
0.30593, -0.05070
0.30734, -0.05063
0.30875, -0.05057
0.31016, -0.05051
0.31157, -0.05045
0.31298, -0.05039
0.31440, -0.05032
0.31582, -0.05026
0.31724, -0.05020
0.31866, -0.05014
0.32008, -0.05008
0.32151, -0.05001
0.32294, -0.04995
0.32437, -0.04989
0.32580, -0.04983
0.32723, -0.04976
0.32867, -0.04970
0.33012, -0.04964
0.33156, -0.04958
0.33302, -0.04951
0.33448, -0.04945
0.33595, -0.04938
0.33741, -0.04932
0.33889, -0.04925
0.34036, -0.04919
0.34183, -0.04912
0.34331, -0.04905
0.34479, -0.04898
0.34627, -0.04891
0.34775, -0.04884
0.34923, -0.04877
0.35071, -0.04870
0.35220, -0.04863
0.35368, -0.04856
0.35517, -0.04849
0.35666, -0.04842
0.35815, -0.04834
0.35964, -0.04827
0.36113, -0.04820
0.36263, -0.04812
0.36412, -0.04805
0.36562, -0.04797
0.36712, -0.04789
0.36862, -0.04782
0.37012, -0.04774
0.37162, -0.04766
0.37312, -0.04758
0.37463, -0.04751
0.37613, -0.04743
0.37764, -0.04735
0.37915, -0.04727
0.38066, -0.04719
0.38217, -0.04711
0.38368, -0.04703
0.38519, -0.04694
0.38671, -0.04686
0.38822, -0.04678
0.38974, -0.04670
0.39126, -0.04661
0.39278, -0.04653
0.39430, -0.04644
0.39582, -0.04636
0.39734, -0.04627
0.39887, -0.04619
0.40039, -0.04610
0.40192, -0.04602
0.40344, -0.04593
0.40497, -0.04584
0.40650, -0.04575
0.40803, -0.04567
0.40956, -0.04558
0.41110, -0.04549
0.41263, -0.04540
0.41417, -0.04531
0.41570, -0.04522
0.41724, -0.04513
0.41878, -0.04504
0.42032, -0.04494
0.42185, -0.04485
0.42340, -0.04476
0.42494, -0.04467
0.42648, -0.04457
0.42802, -0.04448
0.42957, -0.04438
0.43111, -0.04429
0.43266, -0.04419
0.43421, -0.04410
0.43575, -0.04400
0.43730, -0.04391
0.43885, -0.04381
0.44040, -0.04371
0.44195, -0.04361
0.44350, -0.04352
0.44506, -0.04342
0.44661, -0.04332
0.44816, -0.04322
0.44972, -0.04312
0.45127, -0.04302
0.45283, -0.04292
0.45439, -0.04282
0.45594, -0.04271
0.45750, -0.04261
0.45906, -0.04251
0.46062, -0.04241
0.46218, -0.04230
0.46374, -0.04220
0.46530, -0.04210
0.46686, -0.04199
0.46842, -0.04189
0.46998, -0.04178
0.47155, -0.04167
0.47311, -0.04157
0.47467, -0.04146
0.47623, -0.04135
0.47780, -0.04125
0.47936, -0.04114
0.48093, -0.04103
0.48249, -0.04092
0.48406, -0.04081
0.48562, -0.04070
0.48719, -0.04059
0.48875, -0.04048
0.49032, -0.04037
0.49188, -0.04026
0.49345, -0.04014
0.49502, -0.04003
0.49658, -0.03992
0.49815, -0.03981
0.49972, -0.03969
0.50128, -0.03958
0.50285, -0.03946
0.50442, -0.03935
0.50598, -0.03923
0.50755, -0.03912
0.50912, -0.03900
0.51068, -0.03889
0.51225, -0.03877
0.51381, -0.03865
0.51538, -0.03853
0.51695, -0.03842
0.51851, -0.03830
0.52008, -0.03818
0.52164, -0.03806
0.52321, -0.03794
0.52477, -0.03782
0.52634, -0.03770
0.52790, -0.03758
0.52946, -0.03746
0.53103, -0.03734
0.53259, -0.03722
0.53415, -0.03710
0.53571, -0.03698
0.53728, -0.03686
0.53884, -0.03673
0.54040, -0.03661
0.54196, -0.03649
0.54352, -0.03637
0.54508, -0.03624
0.54664, -0.03612
0.54819, -0.03599
0.54975, -0.03587
0.55131, -0.03575
0.55286, -0.03562
0.55442, -0.03550
0.55598, -0.03537
0.55753, -0.03525
0.55908, -0.03512
0.56064, -0.03500
0.56219, -0.03487
0.56374, -0.03475
0.56529, -0.03462
0.56684, -0.03450
0.56839, -0.03437
0.56994, -0.03424
0.57149, -0.03412
0.57304, -0.03399
0.57458, -0.03386
0.57613, -0.03374
0.57767, -0.03361
0.57922, -0.03348
0.58076, -0.03336
0.58230, -0.03323
0.58384, -0.03310
0.58538, -0.03298
0.58692, -0.03285
0.58846, -0.03272
0.58999, -0.03260
0.59153, -0.03247
0.59307, -0.03234
0.59460, -0.03222
0.59613, -0.03209
0.59767, -0.03196
0.59920, -0.03184
0.60073, -0.03171
0.60225, -0.03158
0.60378, -0.03145
0.60531, -0.03133
0.60684, -0.03120
0.60836, -0.03108
0.60988, -0.03095
0.61141, -0.03082
0.61293, -0.03070
0.61445, -0.03057
0.61597, -0.03044
0.61748, -0.03032
0.61900, -0.03019
0.62051, -0.03007
0.62203, -0.02994
0.62354, -0.02982
0.62505, -0.02969
0.62656, -0.02957
0.62807, -0.02944
0.62958, -0.02932
0.63109, -0.02919
0.63259, -0.02907
0.63410, -0.02894
0.63560, -0.02882
0.63710, -0.02869
0.63860, -0.02857
0.64010, -0.02845
0.64160, -0.02832
0.64309, -0.02820
0.64459, -0.02808
0.64608, -0.02795
0.64757, -0.02783
0.64903, -0.02771
0.65035, -0.02759
0.65120, -0.02746
0.65081, -0.02729
0.64816, -0.02679
0.64325, -0.02532
0.63847, -0.02300
0.63645, -0.02160
0.63801, -0.02261
0.64309, -0.02573
0.65087, -0.02914
0.65870, -0.03108
0.66428, -0.03163
0.66761, -0.03165
0.66972, -0.03156
0.67137, -0.03144
0.67289, -0.03131
0.67438, -0.03119
0.67586, -0.03106
0.67734, -0.03093
0.67882, -0.03081
0.68029, -0.03068
0.68176, -0.03055
0.68323, -0.03042
0.68470, -0.03029
0.68617, -0.03016
0.68763, -0.03004
0.68909, -0.02991
0.69055, -0.02978
0.69201, -0.02965
0.69346, -0.02952
0.69492, -0.02939
0.69636, -0.02925
0.69781, -0.02912
0.69926, -0.02899
0.70070, -0.02886
0.70214, -0.02873
0.70358, -0.02860
0.70501, -0.02847
0.70645, -0.02833
0.70788, -0.02820
0.70931, -0.02807
0.71073, -0.02794
0.71216, -0.02781
0.71358, -0.02767
0.71499, -0.02754
0.71641, -0.02741
0.71782, -0.02728
0.71924, -0.02715
0.72064, -0.02701
0.72205, -0.02688
0.72345, -0.02675
0.72486, -0.02662
0.72625, -0.02649
0.72765, -0.02636
0.72904, -0.02623
0.73043, -0.02610
0.73182, -0.02597
0.73321, -0.02584
0.73459, -0.02570
0.73597, -0.02558
0.73735, -0.02545
0.73873, -0.02532
0.74010, -0.02519
0.74147, -0.02506
0.74284, -0.02493
0.74420, -0.02480
0.74557, -0.02467
0.74693, -0.02455
0.74828, -0.02442
0.74964, -0.02429
0.75099, -0.02417
0.75234, -0.02404
0.75369, -0.02392
0.75503, -0.02379
0.75638, -0.02367
0.75772, -0.02354
0.75906, -0.02342
0.76039, -0.02330
0.76172, -0.02317
0.76305, -0.02305
0.76438, -0.02293
0.76571, -0.02281
0.76703, -0.02269
0.76835, -0.02256
0.76967, -0.02244
0.77099, -0.02232
0.77230, -0.02220
0.77361, -0.02208
0.77492, -0.02197
0.77622, -0.02185
0.77753, -0.02173
0.77883, -0.02161
0.78012, -0.02149
0.78142, -0.02138
0.78271, -0.02126
0.78400, -0.02114
0.78529, -0.02103
0.78657, -0.02091
0.78785, -0.02080
0.78913, -0.02068
0.79041, -0.02057
0.79168, -0.02045
0.79295, -0.02034
0.79422, -0.02023
0.79549, -0.02011
0.79675, -0.02000
0.79801, -0.01989
0.79926, -0.01978
0.80052, -0.01966
0.80177, -0.01955
0.80302, -0.01944
0.80426, -0.01933
0.80550, -0.01922
0.80674, -0.01911
0.80798, -0.01900
0.80921, -0.01889
0.81044, -0.01878
0.81167, -0.01867
0.81289, -0.01857
0.81411, -0.01846
0.81533, -0.01835
0.81655, -0.01824
0.81776, -0.01814
0.81897, -0.01803
0.82018, -0.01792
0.82138, -0.01782
0.82258, -0.01771
0.82378, -0.01761
0.82497, -0.01750
0.82616, -0.01740
0.82735, -0.01729
0.82853, -0.01719
0.82971, -0.01709
0.83089, -0.01698
0.83207, -0.01688
0.83324, -0.01678
0.83441, -0.01668
0.83557, -0.01658
0.83673, -0.01647
0.83789, -0.01637
0.83905, -0.01627
0.84020, -0.01617
0.84135, -0.01607
0.84249, -0.01597
0.84363, -0.01587
0.84477, -0.01577
0.84591, -0.01567
0.84704, -0.01558
0.84817, -0.01548
0.84929, -0.01538
0.85041, -0.01528
0.85153, -0.01519
0.85265, -0.01509
0.85376, -0.01499
0.85487, -0.01490
0.85597, -0.01480
0.85707, -0.01470
0.85817, -0.01461
0.85926, -0.01452
0.86035, -0.01442
0.86144, -0.01433
0.86252, -0.01423
0.86360, -0.01414
0.86468, -0.01405
0.86575, -0.01396
0.86682, -0.01386
0.86788, -0.01377
0.86895, -0.01368
0.87000, -0.01359
0.87106, -0.01350
0.87211, -0.01341
0.87316, -0.01332
0.87420, -0.01323
0.87524, -0.01314
0.87628, -0.01305
0.87731, -0.01296
0.87834, -0.01287
0.87936, -0.01279
0.88038, -0.01270
0.88140, -0.01261
0.88242, -0.01253
0.88343, -0.01244
0.88443, -0.01235
0.88544, -0.01227
0.88643, -0.01218
0.88743, -0.01210
0.88842, -0.01201
0.88941, -0.01193
0.89039, -0.01185
0.89137, -0.01176
0.89235, -0.01168
0.89332, -0.01160
0.89429, -0.01152
0.89525, -0.01143
0.89621, -0.01135
0.89717, -0.01127
0.89812, -0.01119
0.89907, -0.01111
0.90002, -0.01103
0.90096, -0.01095
0.90189, -0.01087
0.90283, -0.01079
0.90376, -0.01072
0.90468, -0.01064
0.90560, -0.01056
0.90652, -0.01048
0.90743, -0.01041
0.90834, -0.01033
0.90925, -0.01025
0.91015, -0.01018
0.91104, -0.01010
0.91194, -0.01003
0.91283, -0.00995
0.91371, -0.00988
0.91459, -0.00981
0.91547, -0.00973
0.91634, -0.00966
0.91721, -0.00959
0.91808, -0.00952
0.91894, -0.00945
0.91979, -0.00937
0.92064, -0.00930
0.92149, -0.00923
0.92234, -0.00916
0.92318, -0.00909
0.92401, -0.00902
0.92484, -0.00895
0.92567, -0.00889
0.92649, -0.00882
0.92731, -0.00875
0.92813, -0.00868
0.92894, -0.00862
0.92974, -0.00855
0.93055, -0.00848
0.93134, -0.00842
0.93214, -0.00835
0.93293, -0.00829
0.93371, -0.00822
0.93449, -0.00816
0.93527, -0.00810
0.93604, -0.00803
0.93681, -0.00797
0.93757, -0.00791
0.93833, -0.00784
0.93909, -0.00778
0.93984, -0.00772
0.94058, -0.00766
0.94132, -0.00760
0.94206, -0.00754
0.94279, -0.00748
0.94352, -0.00742
0.94425, -0.00736
0.94497, -0.00730
0.94568, -0.00724
0.94639, -0.00719
0.94710, -0.00713
0.94780, -0.00707
0.94850, -0.00702
0.94919, -0.00696
0.94988, -0.00690
0.95057, -0.00685
0.95125, -0.00679
0.95192, -0.00674
0.95260, -0.00668
0.95326, -0.00663
0.95392, -0.00658
0.95458, -0.00652
0.95524, -0.00647
0.95588, -0.00642
0.95653, -0.00637
0.95717, -0.00632
0.95780, -0.00626
0.95843, -0.00621
0.95906, -0.00616
0.95968, -0.00611
0.96030, -0.00606
0.96091, -0.00602
0.96152, -0.00597
0.96212, -0.00592
0.96272, -0.00587
0.96332, -0.00582
0.96391, -0.00578
0.96449, -0.00573
0.96507, -0.00568
0.96565, -0.00564
0.96622, -0.00559
0.96678, -0.00555
0.96735, -0.00550
0.96790, -0.00546
0.96846, -0.00541
0.96900, -0.00537
0.96955, -0.00533
0.97009, -0.00528
0.97062, -0.00524
0.97115, -0.00520
0.97168, -0.00516
0.97220, -0.00512
0.97271, -0.00508
0.97322, -0.00503
0.97373, -0.00499
0.97423, -0.00496
0.97473, -0.00492
0.97522, -0.00488
0.97570, -0.00484
0.97619, -0.00480
0.97666, -0.00476
0.97714, -0.00473
0.97761, -0.00469
0.97807, -0.00465
0.97853, -0.00462
0.97898, -0.00458
0.97943, -0.00455
0.97988, -0.00451
0.98032, -0.00448
0.98075, -0.00444
0.98118, -0.00441
0.98161, -0.00437
0.98203, -0.00434
0.98244, -0.00431
0.98285, -0.00428
0.98326, -0.00424
0.98366, -0.00421
0.98406, -0.00418
0.98445, -0.00415
0.98484, -0.00412
0.98522, -0.00409
0.98560, -0.00406
0.98597, -0.00403
0.98634, -0.00400
0.98670, -0.00398
0.98706, -0.00395
0.98741, -0.00392
0.98776, -0.00389
0.98810, -0.00387
0.98844, -0.00384
0.98878, -0.00381
0.98910, -0.00379
0.98943, -0.00376
0.98975, -0.00374
0.99006, -0.00371
0.99037, -0.00369
0.99068, -0.00367
0.99098, -0.00364
0.99127, -0.00362
0.99156, -0.00360
0.99185, -0.00358
0.99213, -0.00355
0.99240, -0.00353
0.99267, -0.00351
0.99294, -0.00349
0.99320, -0.00347
0.99345, -0.00345
0.99370, -0.00343
0.99395, -0.00341
0.99419, -0.00339
0.99442, -0.00338
0.99466, -0.00336
0.99488, -0.00334
0.99510, -0.00332
0.99532, -0.00331
0.99553, -0.00329
0.99574, -0.00327
0.99594, -0.00326
0.99613, -0.00324
0.99633, -0.00323
0.99651, -0.00322
0.99669, -0.00320
0.99687, -0.00319
0.99704, -0.00317
0.99721, -0.00316
0.99737, -0.00315
0.99753, -0.00314
0.99768, -0.00313
0.99783, -0.00311
0.99797, -0.00310
0.99810, -0.00309
0.99824, -0.00308
0.99836, -0.00307
0.99849, -0.00306
0.99860, -0.00305
0.99872, -0.00305
0.99882, -0.00304
0.99892, -0.00303
0.99902, -0.00302
0.99911, -0.00301
0.99920, -0.00301
0.99928, -0.00300
0.99936, -0.00300
0.99943, -0.00299
0.99950, -0.00298
0.99956, -0.00298
0.99962, -0.00298
0.99967, -0.00297
0.99972, -0.00297
0.99976, -0.00296
0.99980, -0.00296
0.99983, -0.00296
0.99986, -0.00296
0.99988, -0.00296
0.99990, -0.00295
0.99990, -0.00295
0.99988, -0.00295
0.99987, -0.00295
