=== Airfoil Parameters ===
m = 0.02
p = 0.4
t = 0.12

=== Control Points ===
0.00000, 0.00172, 0.00172
0.06667, 0.00726, 0.00115
0.13333, 0.01118, 0.00006
0.20000, 0.01353, -0.00147
0.26667, 0.01447, -0.00331
0.66667, 0.01074, -0.00531
0.75000, 0.00593, -0.00726
0.83333, 0.00059, -0.00898
0.91667, -0.00508, -0.01025
1.00000, -0.01093, -0.01093

=== Upper Surface ===
0.00000, 0.00172
-0.00004, 0.00200
-0.00005, 0.00228
-0.00006, 0.00256
-0.00007, 0.00284
-0.00007, 0.00312
-0.00007, 0.00340
-0.00007, 0.00368
-0.00005, 0.00396
-0.00004, 0.00424
-0.00002, 0.00452
0.00001, 0.00480
0.00004, 0.00508
0.00007, 0.00536
0.00011, 0.00564
0.00016, 0.00592
0.00021, 0.00620
0.00027, 0.00648
0.00033, 0.00676
0.00039, 0.00704
0.00046, 0.00732
0.00054, 0.00760
0.00062, 0.00788
0.00070, 0.00816
0.00079, 0.00844
0.00089, 0.00872
0.00099, 0.00900
0.00110, 0.00929
0.00121, 0.00957
0.00132, 0.00985
0.00144, 0.01013
0.00157, 0.01041
0.00170, 0.01069
0.00183, 0.01097
0.00198, 0.01126
0.00212, 0.01154
0.00227, 0.01182
0.00243, 0.01210
0.00259, 0.01238
0.00275, 0.01266
0.00292, 0.01295
0.00310, 0.01323
0.00328, 0.01351
0.00347, 0.01379
0.00366, 0.01407
0.00385, 0.01436
0.00405, 0.01464
0.00426, 0.01492
0.00447, 0.01520
0.00469, 0.01548
0.00491, 0.01577
0.00513, 0.01605
0.00536, 0.01633
0.00560, 0.01661
0.00584, 0.01689
0.00609, 0.01718
0.00634, 0.01746
0.00659, 0.01774
0.00685, 0.01802
0.00712, 0.01830
0.00739, 0.01859
0.00767, 0.01887
0.00795, 0.01915
0.00823, 0.01943
0.00852, 0.01971
0.00882, 0.01999
0.00912, 0.02028
0.00942, 0.02056
0.00974, 0.02084
0.01005, 0.02112
0.01037, 0.02140
0.01070, 0.02168
0.01103, 0.02196
0.01136, 0.02224
0.01170, 0.02253
0.01205, 0.02281
0.01240, 0.02309
0.01275, 0.02337
0.01311, 0.02365
0.01348, 0.02393
0.01385, 0.02421
0.01423, 0.02449
0.01461, 0.02477
0.01499, 0.02505
0.01538, 0.02533
0.01577, 0.02561
0.01617, 0.02589
0.01658, 0.02617
0.01699, 0.02645
0.01740, 0.02673
0.01782, 0.02700
0.01825, 0.02728
0.01868, 0.02756
0.01911, 0.02784
0.01955, 0.02812
0.01999, 0.02840
0.02044, 0.02867
0.02090, 0.02895
0.02136, 0.02923
0.02182, 0.02950
0.02229, 0.02978
0.02276, 0.03006
0.02324, 0.03033
0.02372, 0.03061
0.02421, 0.03089
0.02470, 0.03116
0.02520, 0.03144
0.02570, 0.03171
0.02621, 0.03199
0.02672, 0.03226
0.02724, 0.03253
0.02776, 0.03281
0.02829, 0.03308
0.02882, 0.03335
0.02936, 0.03363
0.02990, 0.03390
0.03045, 0.03417
0.03100, 0.03444
0.03155, 0.03472
0.03211, 0.03499
0.03268, 0.03526
0.03325, 0.03553
0.03382, 0.03580
0.03440, 0.03607
0.03499, 0.03634
0.03558, 0.03661
0.03617, 0.03687
0.03677, 0.03714
0.03737, 0.03741
0.03798, 0.03768
0.03860, 0.03794
0.03921, 0.03821
0.03984, 0.03848
0.04046, 0.03874
0.04110, 0.03901
0.04173, 0.03927
0.04237, 0.03954
0.04302, 0.03980
0.04367, 0.04006
0.04433, 0.04033
0.04499, 0.04059
0.04565, 0.04085
0.04632, 0.04111
0.04700, 0.04137
0.04767, 0.04163
0.04836, 0.04189
0.04905, 0.04215
0.04974, 0.04241
0.05044, 0.04267
0.05114, 0.04292
0.05185, 0.04318
0.05256, 0.04344
0.05327, 0.04369
0.05399, 0.04395
0.05472, 0.04420
0.05545, 0.04446
0.05618, 0.04471
0.05692, 0.04496
0.05767, 0.04522
0.05841, 0.04547
0.05917, 0.04572
0.05992, 0.04597
0.06068, 0.04622
0.06145, 0.04647
0.06222, 0.04672
0.06300, 0.04696
0.06378, 0.04721
0.06456, 0.04746
0.06535, 0.04770
0.06614, 0.04795
0.06694, 0.04819
0.06774, 0.04844
0.06855, 0.04868
0.06936, 0.04892
0.07018, 0.04916
0.07100, 0.04940
0.07182, 0.04964
0.07265, 0.04988
0.07348, 0.05012
0.07432, 0.05036
0.07516, 0.05059
0.07601, 0.05083
0.07686, 0.05107
0.07772, 0.05130
0.07857, 0.05153
0.07944, 0.05177
0.08031, 0.05200
0.08118, 0.05223
0.08206, 0.05246
0.08294, 0.05269
0.08382, 0.05292
0.08471, 0.05315
0.08561, 0.05337
0.08651, 0.05360
0.08741, 0.05382
0.08832, 0.05405
0.08923, 0.05427
0.09014, 0.05449
0.09106, 0.05472
0.09198, 0.05494
0.09291, 0.05516
0.09385, 0.05538
0.09478, 0.05559
0.09572, 0.05581
0.09667, 0.05603
0.09762, 0.05624
0.09857, 0.05646
0.09953, 0.05667
0.10049, 0.05688
0.10145, 0.05709
0.10242, 0.05730
0.10340, 0.05751
0.10437, 0.05772
0.10536, 0.05793
0.10634, 0.05814
0.10733, 0.05834
0.10833, 0.05854
0.10932, 0.05875
0.11033, 0.05895
0.11133, 0.05915
0.11234, 0.05935
0.11336, 0.05955
0.11438, 0.05975
0.11540, 0.05995
0.11642, 0.06014
0.11745, 0.06034
0.11849, 0.06053
0.11953, 0.06072
0.12057, 0.06092
0.12161, 0.06111
0.12266, 0.06129
0.12372, 0.06148
0.12477, 0.06167
0.12583, 0.06186
0.12690, 0.06204
0.12797, 0.06223
0.12904, 0.06241
0.13012, 0.06259
0.13120, 0.06277
0.13228, 0.06295
0.13337, 0.06313
0.13446, 0.06330
0.13556, 0.06348
0.13666, 0.06365
0.13776, 0.06383
0.13887, 0.06400
0.13998, 0.06417
0.14109, 0.06434
0.14221, 0.06451
0.14334, 0.06468
0.14446, 0.06484
0.14559, 0.06501
0.14673, 0.06517
0.14786, 0.06533
0.14900, 0.06549
0.15015, 0.06565
0.15130, 0.06581
0.15245, 0.06597
0.15361, 0.06612
0.15477, 0.06628
0.15593, 0.06643
0.15710, 0.06658
0.15827, 0.06673
0.15944, 0.06688
0.16062, 0.06703
0.16180, 0.06718
0.16298, 0.06732
0.16417, 0.06747
0.16537, 0.06761
0.16656, 0.06775
0.16776, 0.06789
0.16896, 0.06803
0.17017, 0.06816
0.17138, 0.06830
0.17259, 0.06843
0.17381, 0.06857
0.17503, 0.06870
0.17625, 0.06883
0.17748, 0.06896
0.17871, 0.06908
0.17995, 0.06921
0.18118, 0.06933
0.18242, 0.06945
0.18367, 0.06957
0.18492, 0.06969
0.18617, 0.06981
0.18742, 0.06993
0.18868, 0.07004
0.18994, 0.07016
0.19120, 0.07027
0.19247, 0.07038
0.19374, 0.07049
0.19502, 0.07059
0.19629, 0.07070
0.19757, 0.07080
0.19886, 0.07091
0.20014, 0.07101
0.20143, 0.07111
0.20272, 0.07120
0.20402, 0.07130
0.20532, 0.07139
0.20661, 0.07149
0.20792, 0.07158
0.20922, 0.07167
0.21053, 0.07176
0.21184, 0.07184
0.21315, 0.07193
0.21446, 0.07201
0.21578, 0.07210
0.21710, 0.07218
0.21842, 0.07226
0.21974, 0.07234
0.22106, 0.07241
0.22239, 0.07249
0.22372, 0.07256
0.22505, 0.07263
0.22639, 0.07270
0.22772, 0.07277
0.22906, 0.07284
0.23040, 0.07291
0.23174, 0.07297
0.23309, 0.07304
0.23444, 0.07310
0.23578, 0.07316
0.23713, 0.07322
0.23849, 0.07328
0.23984, 0.07334
0.24120, 0.07340
0.24256, 0.07345
0.24392, 0.07351
0.24528, 0.07356
0.24664, 0.07361
0.24801, 0.07366
0.24938, 0.07371
0.25075, 0.07376
0.25212, 0.07380
0.25349, 0.07385
0.25487, 0.07390
0.25625, 0.07394
0.25762, 0.07398
0.25900, 0.07402
0.26039, 0.07406
0.26177, 0.07410
0.26316, 0.07414
0.26454, 0.07418
0.26593, 0.07422
0.26732, 0.07425
0.26872, 0.07429
0.27011, 0.07432
0.27151, 0.07435
0.27291, 0.07438
0.27431, 0.07442
0.27572, 0.07445
0.27713, 0.07447
0.27854, 0.07450
0.27995, 0.07453
0.28136, 0.07456
0.28278, 0.07458
0.28420, 0.07461
0.28562, 0.07463
0.28704, 0.07465
0.28846, 0.07467
0.28989, 0.07469
0.29132, 0.07471
0.29275, 0.07473
0.29419, 0.07475
0.29562, 0.07477
0.29706, 0.07478
0.29850, 0.07480
0.29994, 0.07481
0.30139, 0.07482
0.30283, 0.07483
0.30428, 0.07485
0.30573, 0.07486
0.30719, 0.07486
0.30864, 0.07487
0.31010, 0.07488
0.31156, 0.07489
0.31302, 0.07489
0.31448, 0.07490
0.31594, 0.07490
0.31741, 0.07490
0.31888, 0.07490
0.32035, 0.07490
0.32182, 0.07490
0.32329, 0.07490
0.32477, 0.07490
0.32625, 0.07489
0.32772, 0.07489
0.32920, 0.07488
0.33067, 0.07488
0.33215, 0.07487
0.33363, 0.07486
0.33510, 0.07486
0.33658, 0.07485
0.33806, 0.07484
0.33954, 0.07483
0.34102, 0.07482
0.34251, 0.07480
0.34400, 0.07479
0.34548, 0.07478
0.34698, 0.07477
0.34847, 0.07475
0.34996, 0.07474
0.35146, 0.07472
0.35296, 0.07470
0.35446, 0.07469
0.35596, 0.07467
0.35746, 0.07465
0.35897, 0.07463
0.36047, 0.07461
0.36198, 0.07459
0.36349, 0.07457
0.36500, 0.07455
0.36652, 0.07452
0.36803, 0.07450
0.36955, 0.07447
0.37107, 0.07445
0.37259, 0.07442
0.37411, 0.07440
0.37563, 0.07437
0.37715, 0.07434
0.37868, 0.07431
0.38021, 0.07428
0.38174, 0.07425
0.38327, 0.07422
0.38480, 0.07419
0.38633, 0.07415
0.38787, 0.07412
0.38940, 0.07408
0.39094, 0.07405
0.39248, 0.07401
0.39402, 0.07397
0.39556, 0.07394
0.39710, 0.07390
0.39865, 0.07386
0.40019, 0.07382
0.40174, 0.07378
0.40329, 0.07373
0.40484, 0.07369
0.40639, 0.07365
0.40794, 0.07360
0.40949, 0.07355
0.41104, 0.07351
0.41260, 0.07346
0.41415, 0.07341
0.41571, 0.07336
0.41727, 0.07331
0.41883, 0.07326
0.42039, 0.07321
0.42195, 0.07315
0.42351, 0.07310
0.42507, 0.07305
0.42664, 0.07299
0.42820, 0.07293
0.42977, 0.07288
0.43133, 0.07282
0.43290, 0.07276
0.43447, 0.07270
0.43603, 0.07264
0.43760, 0.07257
0.43917, 0.07251
0.44074, 0.07245
0.44232, 0.07238
0.44389, 0.07232
0.44546, 0.07225
0.44703, 0.07218
0.44861, 0.07211
0.45018, 0.07204
0.45176, 0.07197
0.45333, 0.07190
0.45491, 0.07183
0.45649, 0.07176
0.45806, 0.07168
0.45964, 0.07161
0.46122, 0.07153
0.46280, 0.07145
0.46438, 0.07138
0.46596, 0.07130
0.46754, 0.07122
0.46912, 0.07114
0.47070, 0.07106
0.47228, 0.07097
0.47386, 0.07089
0.47544, 0.07081
0.47702, 0.07072
0.47860, 0.07063
0.48019, 0.07055
0.48177, 0.07046
0.48335, 0.07037
0.48493, 0.07028
0.48652, 0.07019
0.48810, 0.07010
0.48968, 0.07001
0.49126, 0.06991
0.49285, 0.06982
0.49443, 0.06973
0.49601, 0.06963
0.49760, 0.06953
0.49918, 0.06944
0.50076, 0.06934
0.50235, 0.06924
0.50393, 0.06914
0.50551, 0.06904
0.50709, 0.06894
0.50868, 0.06883
0.51026, 0.06873
0.51184, 0.06862
0.51342, 0.06852
0.51501, 0.06841
0.51659, 0.06831
0.51817, 0.06820
0.51975, 0.06809
0.52133, 0.06798
0.52291, 0.06787
0.52449, 0.06776
0.52607, 0.06765
0.52765, 0.06754
0.52923, 0.06742
0.53081, 0.06731
0.53239, 0.06720
0.53397, 0.06708
0.53555, 0.06696
0.53712, 0.06685
0.53870, 0.06673
0.54028, 0.06661
0.54185, 0.06649
0.54343, 0.06637
0.54501, 0.06625
0.54658, 0.06613
0.54815, 0.06601
0.54973, 0.06588
0.55130, 0.06576
0.55287, 0.06563
0.55445, 0.06551
0.55602, 0.06538
0.55759, 0.06526
0.55916, 0.06513
0.56073, 0.06500
0.56230, 0.06487
0.56387, 0.06474
0.56544, 0.06461
0.56700, 0.06448
0.56857, 0.06435
0.57014, 0.06422
0.57170, 0.06409
0.57327, 0.06395
0.57483, 0.06382
0.57639, 0.06368
0.57796, 0.06355
0.57952, 0.06341
0.58108, 0.06327
0.58264, 0.06314
0.58420, 0.06300
0.58576, 0.06286
0.58731, 0.06272
0.58887, 0.06258
0.59043, 0.06244
0.59198, 0.06230
0.59354, 0.06215
0.59509, 0.06201
0.59664, 0.06187
0.59819, 0.06172
0.59974, 0.06158
0.60129, 0.06143
0.60284, 0.06128
0.60439, 0.06114
0.60594, 0.06099
0.60748, 0.06084
0.60903, 0.06069
0.61057, 0.06054
0.61212, 0.06039
0.61366, 0.06024
0.61520, 0.06009
0.61674, 0.05994
0.61828, 0.05978
0.61981, 0.05963
0.62135, 0.05947
0.62289, 0.05932
0.62442, 0.05916
0.62595, 0.05901
0.62749, 0.05885
0.62902, 0.05869
0.63055, 0.05853
0.63208, 0.05837
0.63361, 0.05821
0.63513, 0.05805
0.63666, 0.05789
0.63818, 0.05773
0.63970, 0.05757
0.64123, 0.05740
0.64275, 0.05724
0.64427, 0.05707
0.64578, 0.05691
0.64730, 0.05674
0.64882, 0.05657
0.65036, 0.05640
0.65198, 0.05623
0.65392, 0.05604
0.65670, 0.05577
0.66105, 0.05520
0.66712, 0.05387
0.67353, 0.05161
0.67812, 0.04936
0.67969, 0.04836
0.67829, 0.04883
0.67512, 0.04978
0.67226, 0.05028
0.67103, 0.05032
0.67130, 0.05017
0.67238, 0.04998
0.67376, 0.04977
0.67522, 0.04956
0.67670, 0.04934
0.67818, 0.04913
0.67966, 0.04891
0.68114, 0.04870
0.68261, 0.04848
0.68408, 0.04826
0.68555, 0.04805
0.68702, 0.04783
0.68849, 0.04761
0.68995, 0.04739
0.69141, 0.04717
0.69287, 0.04695
0.69433, 0.04673
0.69578, 0.04651
0.69723, 0.04629
0.69868, 0.04606
0.70013, 0.04584
0.70157, 0.04562
0.70302, 0.04540
0.70446, 0.04517
0.70590, 0.04495
0.70733, 0.04473
0.70877, 0.04450
0.71020, 0.04428
0.71162, 0.04405
0.71305, 0.04383
0.71447, 0.04360
0.71590, 0.04338
0.71732, 0.04315
0.71873, 0.04292
0.72015, 0.04270
0.72156, 0.04247
0.72297, 0.04224
0.72437, 0.04202
0.72578, 0.04179
0.72718, 0.04156
0.72858, 0.04134
0.72998, 0.04111
0.73137, 0.04088
0.73276, 0.04065
0.73415, 0.04043
0.73554, 0.04020
0.73692, 0.03997
0.73830, 0.03974
0.73968, 0.03952
0.74106, 0.03929
0.74243, 0.03906
0.74380, 0.03884
0.74517, 0.03861
0.74654, 0.03838
0.74790, 0.03815
0.74926, 0.03793
0.75062, 0.03770
0.75197, 0.03747
0.75333, 0.03725
0.75468, 0.03702
0.75602, 0.03679
0.75737, 0.03657
0.75871, 0.03634
0.76005, 0.03611
0.76139, 0.03589
0.76273, 0.03566
0.76406, 0.03544
0.76539, 0.03521
0.76671, 0.03499
0.76804, 0.03476
0.76936, 0.03454
0.77068, 0.03431
0.77200, 0.03409
0.77331, 0.03386
0.77462, 0.03364
0.77593, 0.03341
0.77724, 0.03319
0.77854, 0.03297
0.77984, 0.03274
0.78114, 0.03252
0.78244, 0.03229
0.78373, 0.03207
0.78502, 0.03185
0.78630, 0.03163
0.78759, 0.03140
0.78887, 0.03118
0.79015, 0.03096
0.79142, 0.03074
0.79270, 0.03052
0.79397, 0.03029
0.79523, 0.03007
0.79650, 0.02985
0.79776, 0.02963
0.79902, 0.02941
0.80027, 0.02919
0.80152, 0.02897
0.80277, 0.02875
0.80402, 0.02853
0.80526, 0.02831
0.80650, 0.02809
0.80774, 0.02787
0.80897, 0.02765
0.81021, 0.02744
0.81143, 0.02722
0.81266, 0.02700
0.81388, 0.02678
0.81510, 0.02656
0.81632, 0.02635
0.81753, 0.02613
0.81874, 0.02591
0.81995, 0.02570
0.82115, 0.02548
0.82235, 0.02527
0.82355, 0.02505
0.82474, 0.02484
0.82593, 0.02462
0.82712, 0.02441
0.82830, 0.02419
0.82948, 0.02398
0.83066, 0.02376
0.83184, 0.02355
0.83301, 0.02334
0.83418, 0.02313
0.83534, 0.02291
0.83650, 0.02270
0.83766, 0.02249
0.83881, 0.02228
0.83997, 0.02207
0.84111, 0.02186
0.84226, 0.02165
0.84340, 0.02144
0.84454, 0.02123
0.84567, 0.02102
0.84680, 0.02081
0.84793, 0.02060
0.84906, 0.02039
0.85018, 0.02019
0.85129, 0.01998
0.85241, 0.01977
0.85352, 0.01957
0.85462, 0.01936
0.85573, 0.01915
0.85683, 0.01895
0.85792, 0.01874
0.85902, 0.01854
0.86011, 0.01834
0.86119, 0.01813
0.86227, 0.01793
0.86335, 0.01773
0.86443, 0.01753
0.86550, 0.01732
0.86657, 0.01712
0.86763, 0.01692
0.86869, 0.01672
0.86975, 0.01652
0.87080, 0.01632
0.87185, 0.01612
0.87290, 0.01593
0.87394, 0.01573
0.87498, 0.01553
0.87601, 0.01533
0.87704, 0.01514
0.87807, 0.01494
0.87909, 0.01475
0.88011, 0.01455
0.88113, 0.01436
0.88214, 0.01416
0.88315, 0.01397
0.88415, 0.01378
0.88516, 0.01359
0.88615, 0.01340
0.88715, 0.01320
0.88814, 0.01301
0.88912, 0.01282
0.89010, 0.01263
0.89108, 0.01245
0.89206, 0.01226
0.89303, 0.01207
0.89399, 0.01188
0.89496, 0.01170
0.89591, 0.01151
0.89687, 0.01132
0.89782, 0.01114
0.89877, 0.01096
0.89971, 0.01077
0.90065, 0.01059
0.90158, 0.01041
0.90252, 0.01023
0.90344, 0.01004
0.90437, 0.00986
0.90529, 0.00968
0.90620, 0.00950
0.90711, 0.00933
0.90802, 0.00915
0.90892, 0.00897
0.90982, 0.00879
0.91072, 0.00862
0.91161, 0.00844
0.91250, 0.00827
0.91338, 0.00809
0.91426, 0.00792
0.91513, 0.00775
0.91601, 0.00758
0.91687, 0.00740
0.91774, 0.00723
0.91859, 0.00706
0.91945, 0.00689
0.92030, 0.00673
0.92115, 0.00656
0.92199, 0.00639
0.92283, 0.00622
0.92366, 0.00606
0.92449, 0.00589
0.92532, 0.00573
0.92614, 0.00556
0.92695, 0.00540
0.92777, 0.00524
0.92858, 0.00508
0.92938, 0.00492
0.93018, 0.00476
0.93098, 0.00460
0.93177, 0.00444
0.93256, 0.00428
0.93334, 0.00412
0.93412, 0.00397
0.93489, 0.00381
0.93567, 0.00365
0.93643, 0.00350
0.93719, 0.00335
0.93795, 0.00319
0.93871, 0.00304
0.93945, 0.00289
0.94020, 0.00274
0.94094, 0.00259
0.94168, 0.00244
0.94241, 0.00229
0.94314, 0.00215
0.94386, 0.00200
0.94458, 0.00185
0.94529, 0.00171
0.94600, 0.00157
0.94671, 0.00142
0.94741, 0.00128
0.94811, 0.00114
0.94880, 0.00100
0.94949, 0.00086
0.95017, 0.00072
0.95085, 0.00058
0.95153, 0.00044
0.95220, 0.00030
0.95286, 0.00017
0.95353, 0.00003
0.95418, -0.00010
0.95484, -0.00023
0.95548, -0.00037
0.95613, -0.00050
0.95677, -0.00063
0.95740, -0.00076
0.95803, -0.00089
0.95866, -0.00102
0.95928, -0.00115
0.95990, -0.00127
0.96051, -0.00140
0.96112, -0.00152
0.96172, -0.00165
0.96232, -0.00177
0.96291, -0.00189
0.96350, -0.00201
0.96409, -0.00213
0.96467, -0.00225
0.96525, -0.00237
0.96582, -0.00249
0.96638, -0.00261
0.96695, -0.00272
0.96751, -0.00284
0.96806, -0.00295
0.96861, -0.00307
0.96915, -0.00318
0.96969, -0.00329
0.97023, -0.00340
0.97076, -0.00351
0.97128, -0.00362
0.97180, -0.00373
0.97232, -0.00384
0.97283, -0.00394
0.97334, -0.00405
0.97384, -0.00415
0.97434, -0.00426
0.97483, -0.00436
0.97532, -0.00446
0.97581, -0.00456
0.97629, -0.00466
0.97676, -0.00476
0.97723, -0.00486
0.97770, -0.00496
0.97816, -0.00505
0.97861, -0.00515
0.97906, -0.00524
0.97951, -0.00533
0.97995, -0.00543
0.98039, -0.00552
0.98082, -0.00561
0.98125, -0.00570
0.98167, -0.00579
0.98209, -0.00587
0.98250, -0.00596
0.98291, -0.00605
0.98332, -0.00613
0.98372, -0.00621
0.98411, -0.00630
0.98450, -0.00638
0.98489, -0.00646
0.98527, -0.00654
0.98564, -0.00662
0.98601, -0.00670
0.98638, -0.00677
0.98674, -0.00685
0.98710, -0.00692
0.98745, -0.00700
0.98780, -0.00707
0.98814, -0.00714
0.98848, -0.00721
0.98881, -0.00728
0.98914, -0.00735
0.98946, -0.00742
0.98978, -0.00749
0.99009, -0.00755
0.99040, -0.00762
0.99071, -0.00768
0.99101, -0.00775
0.99130, -0.00781
0.99159, -0.00787
0.99188, -0.00793
0.99216, -0.00799
0.99243, -0.00805
0.99270, -0.00810
0.99297, -0.00816
0.99323, -0.00822
0.99348, -0.00827
0.99373, -0.00832
0.99398, -0.00837
0.99422, -0.00843
0.99446, -0.00848
0.99469, -0.00852
0.99492, -0.00857
0.99514, -0.00862
0.99536, -0.00867
0.99557, -0.00871
0.99578, -0.00875
0.99598, -0.00880
0.99618, -0.00884
0.99637, -0.00888
0.99656, -0.00892
0.99674, -0.00896
0.99692, -0.00900
0.99709, -0.00903
0.99726, -0.00907
0.99742, -0.00910
0.99758, -0.00914
0.99774, -0.00917
0.99789, -0.00920
0.99803, -0.00923
0.99817, -0.00926
0.99830, -0.00929
0.99843, -0.00932
0.99856, -0.00934
0.99868, -0.00937
0.99879, -0.00939
0.99890, -0.00942
0.99901, -0.00944
0.99911, -0.00946
0.99920, -0.00948
0.99930, -0.00950
0.99938, -0.00952
0.99946, -0.00954
0.99954, -0.00955
0.99961, -0.00957
0.99967, -0.00958
0.99974, -0.00959
0.99979, -0.00961
0.99984, -0.00962
0.99989, -0.00963
0.99993, -0.00964
0.99997, -0.00964
1.00000, -0.00965
1.00003, -0.00966
1.00005, -0.00966
1.00007, -0.00966
1.00009, -0.00967
1.00013, -0.00967
1.00015, -0.00967

=== Lower Surface ===
0.00000, 0.00172
0.00004, 0.00145
0.00007, 0.00117
0.00010, 0.00089
0.00015, 0.00061
0.00020, 0.00034
0.00025, 0.00007
0.00031, -0.00021
0.00037, -0.00048
0.00044, -0.00075
0.00051, -0.00102
0.00059, -0.00129
0.00067, -0.00156
0.00076, -0.00183
0.00086, -0.00210
0.00095, -0.00236
0.00106, -0.00263
0.00116, -0.00289
0.00128, -0.00316
0.00139, -0.00342
0.00152, -0.00368
0.00164, -0.00394
0.00177, -0.00421
0.00191, -0.00446
0.00205, -0.00472
0.00220, -0.00498
0.00235, -0.00524
0.00251, -0.00549
0.00267, -0.00575
0.00283, -0.00600
0.00300, -0.00626
0.00318, -0.00651
0.00336, -0.00676
0.00355, -0.00701
0.00374, -0.00726
0.00393, -0.00751
0.00413, -0.00776
0.00433, -0.00801
0.00454, -0.00826
0.00476, -0.00850
0.00498, -0.00875
0.00520, -0.00899
0.00543, -0.00923
0.00566, -0.00948
0.00590, -0.00972
0.00614, -0.00996
0.00639, -0.01020
0.00664, -0.01044
0.00690, -0.01068
0.00716, -0.01091
0.00743, -0.01115
0.00770, -0.01138
0.00798, -0.01162
0.00826, -0.01185
0.00854, -0.01209
0.00883, -0.01232
0.00913, -0.01255
0.00943, -0.01278
0.00973, -0.01301
0.01004, -0.01324
0.01036, -0.01347
0.01068, -0.01369
0.01100, -0.01392
0.01133, -0.01414
0.01166, -0.01437
0.01200, -0.01459
0.01234, -0.01481
0.01269, -0.01503
0.01304, -0.01526
0.01340, -0.01548
0.01376, -0.01569
0.01413, -0.01591
0.01450, -0.01613
0.01487, -0.01635
0.01525, -0.01656
0.01564, -0.01678
0.01603, -0.01699
0.01642, -0.01720
0.01682, -0.01741
0.01722, -0.01763
0.01763, -0.01784
0.01804, -0.01805
0.01846, -0.01825
0.01888, -0.01846
0.01931, -0.01867
0.01974, -0.01887
0.02017, -0.01908
0.02061, -0.01928
0.02106, -0.01949
0.02151, -0.01969
0.02196, -0.01989
0.02242, -0.02009
0.02288, -0.02029
0.02335, -0.02049
0.02382, -0.02069
0.02430, -0.02089
0.02478, -0.02108
0.02527, -0.02128
0.02576, -0.02147
0.02625, -0.02167
0.02675, -0.02186
0.02726, -0.02205
0.02777, -0.02224
0.02828, -0.02243
0.02880, -0.02262
0.02932, -0.02281
0.02984, -0.02300
0.03038, -0.02319
0.03091, -0.02337
0.03145, -0.02356
0.03200, -0.02374
0.03254, -0.02392
0.03310, -0.02411
0.03366, -0.02429
0.03422, -0.02447
0.03478, -0.02465
0.03536, -0.02483
0.03593, -0.02501
0.03651, -0.02518
0.03709, -0.02536
0.03768, -0.02554
0.03828, -0.02571
0.03887, -0.02589
0.03948, -0.02606
0.04008, -0.02623
0.04069, -0.02640
0.04131, -0.02657
0.04193, -0.02674
0.04255, -0.02691
0.04318, -0.02708
0.04381, -0.02725
0.04445, -0.02741
0.04509, -0.02758
0.04574, -0.02774
0.04639, -0.02790
0.04704, -0.02807
0.04770, -0.02823
0.04836, -0.02839
0.04903, -0.02855
0.04970, -0.02871
0.05037, -0.02887
0.05105, -0.02903
0.05174, -0.02918
0.05243, -0.02934
0.05312, -0.02949
0.05382, -0.02965
0.05452, -0.02980
0.05522, -0.02995
0.05593, -0.03011
0.05664, -0.03026
0.05736, -0.03041
0.05808, -0.03056
0.05881, -0.03070
0.05954, -0.03085
0.06028, -0.03100
0.06101, -0.03114
0.06176, -0.03129
0.06250, -0.03143
0.06326, -0.03158
0.06401, -0.03172
0.06477, -0.03186
0.06553, -0.03200
0.06630, -0.03214
0.06707, -0.03228
0.06785, -0.03242
0.06863, -0.03255
0.06941, -0.03269
0.07020, -0.03283
0.07099, -0.03296
0.07179, -0.03310
0.07259, -0.03323
0.07339, -0.03336
0.07420, -0.03349
0.07501, -0.03362
0.07583, -0.03375
0.07665, -0.03388
0.07748, -0.03401
0.07830, -0.03414
0.07914, -0.03426
0.07997, -0.03439
0.08081, -0.03451
0.08166, -0.03464
0.08251, -0.03476
0.08336, -0.03488
0.08421, -0.03501
0.08507, -0.03513
0.08594, -0.03525
0.08681, -0.03537
0.08768, -0.03548
0.08855, -0.03560
0.08943, -0.03572
0.09032, -0.03583
0.09120, -0.03595
0.09209, -0.03606
0.09299, -0.03618
0.09389, -0.03629
0.09479, -0.03640
0.09570, -0.03651
0.09661, -0.03662
0.09752, -0.03673
0.09844, -0.03684
0.09936, -0.03695
0.10029, -0.03706
0.10122, -0.03716
0.10215, -0.03727
0.10309, -0.03737
0.10403, -0.03748
0.10497, -0.03758
0.10592, -0.03768
0.10687, -0.03778
0.10783, -0.03788
0.10879, -0.03798
0.10975, -0.03808
0.11072, -0.03818
0.11169, -0.03828
0.11266, -0.03838
0.11364, -0.03847
0.11462, -0.03857
0.11560, -0.03866
0.11659, -0.03876
0.11759, -0.03885
0.11858, -0.03894
0.11958, -0.03903
0.12058, -0.03912
0.12159, -0.03921
0.12260, -0.03930
0.12361, -0.03939
0.12463, -0.03948
0.12565, -0.03956
0.12668, -0.03965
0.12771, -0.03974
0.12874, -0.03982
0.12977, -0.03990
0.13081, -0.03999
0.13185, -0.04007
0.13290, -0.04015
0.13395, -0.04023
0.13500, -0.04031
0.13606, -0.04039
0.13712, -0.04047
0.13818, -0.04055
0.13924, -0.04062
0.14031, -0.04070
0.14139, -0.04078
0.14246, -0.04085
0.14354, -0.04093
0.14462, -0.04100
0.14571, -0.04107
0.14680, -0.04114
0.14789, -0.04122
0.14899, -0.04129
0.15009, -0.04136
0.15119, -0.04143
0.15229, -0.04150
0.15340, -0.04156
0.15451, -0.04163
0.15563, -0.04170
0.15675, -0.04176
0.15787, -0.04183
0.15899, -0.04189
0.16012, -0.04196
0.16125, -0.04202
0.16238, -0.04208
0.16352, -0.04215
0.16466, -0.04221
0.16580, -0.04227
0.16695, -0.04233
0.16810, -0.04239
0.16925, -0.04245
0.17041, -0.04251
0.17156, -0.04256
0.17273, -0.04262
0.17389, -0.04268
0.17506, -0.04273
0.17623, -0.04279
0.17740, -0.04285
0.17858, -0.04290
0.17976, -0.04295
0.18094, -0.04301
0.18212, -0.04306
0.18331, -0.04311
0.18450, -0.04316
0.18569, -0.04321
0.18689, -0.04327
0.18809, -0.04332
0.18929, -0.04336
0.19050, -0.04341
0.19170, -0.04346
0.19291, -0.04351
0.19413, -0.04356
0.19534, -0.04361
0.19656, -0.04365
0.19778, -0.04370
0.19901, -0.04374
0.20023, -0.04379
0.20146, -0.04383
0.20270, -0.04388
0.20393, -0.04392
0.20517, -0.04396
0.20642, -0.04401
0.20766, -0.04405
0.20891, -0.04409
0.21017, -0.04413
0.21142, -0.04417
0.21268, -0.04421
0.21394, -0.04425
0.21521, -0.04429
0.21648, -0.04433
0.21775, -0.04437
0.21903, -0.04441
0.22031, -0.04444
0.22159, -0.04448
0.22288, -0.04452
0.22416, -0.04455
0.22546, -0.04459
0.22675, -0.04462
0.22805, -0.04465
0.22935, -0.04469
0.23066, -0.04472
0.23197, -0.04475
0.23328, -0.04478
0.23459, -0.04481
0.23591, -0.04484
0.23723, -0.04487
0.23856, -0.04489
0.23989, -0.04492
0.24122, -0.04495
0.24255, -0.04497
0.24389, -0.04500
0.24523, -0.04502
0.24657, -0.04504
0.24792, -0.04507
0.24927, -0.04509
0.25062, -0.04511
0.25198, -0.04513
0.25334, -0.04515
0.25470, -0.04517
0.25606, -0.04518
0.25743, -0.04520
0.25880, -0.04521
0.26018, -0.04523
0.26156, -0.04524
0.26294, -0.04525
0.26432, -0.04527
0.26571, -0.04528
0.26710, -0.04529
0.26849, -0.04529
0.26988, -0.04530
0.27128, -0.04531
0.27268, -0.04531
0.27408, -0.04532
0.27548, -0.04532
0.27689, -0.04532
0.27830, -0.04533
0.27970, -0.04533
0.28112, -0.04533
0.28253, -0.04532
0.28395, -0.04532
0.28536, -0.04532
0.28678, -0.04531
0.28821, -0.04531
0.28963, -0.04530
0.29106, -0.04530
0.29248, -0.04529
0.29391, -0.04528
0.29534, -0.04527
0.29678, -0.04526
0.29821, -0.04525
0.29965, -0.04523
0.30109, -0.04522
0.30253, -0.04520
0.30397, -0.04519
0.30542, -0.04517
0.30687, -0.04516
0.30831, -0.04514
0.30977, -0.04512
0.31122, -0.04510
0.31267, -0.04508
0.31413, -0.04505
0.31558, -0.04503
0.31704, -0.04501
0.31850, -0.04498
0.31997, -0.04496
0.32143, -0.04493
0.32290, -0.04491
0.32436, -0.04488
0.32583, -0.04485
0.32731, -0.04482
0.32878, -0.04479
0.33026, -0.04476
0.33174, -0.04473
0.33323, -0.04469
0.33472, -0.04466
0.33621, -0.04462
0.33770, -0.04458
0.33920, -0.04455
0.34070, -0.04451
0.34219, -0.04447
0.34369, -0.04443
0.34519, -0.04438
0.34669, -0.04434
0.34820, -0.04430
0.34970, -0.04425
0.35121, -0.04421
0.35271, -0.04416
0.35422, -0.04411
0.35573, -0.04406
0.35724, -0.04401
0.35875, -0.04396
0.36026, -0.04391
0.36177, -0.04385
0.36329, -0.04380
0.36480, -0.04375
0.36632, -0.04369
0.36784, -0.04363
0.36935, -0.04357
0.37087, -0.04352
0.37239, -0.04346
0.37391, -0.04340
0.37544, -0.04334
0.37696, -0.04327
0.37848, -0.04321
0.38001, -0.04315
0.38153, -0.04308
0.38306, -0.04302
0.38459, -0.04295
0.38611, -0.04288
0.38764, -0.04282
0.38917, -0.04275
0.39070, -0.04268
0.39224, -0.04261
0.39377, -0.04254
0.39530, -0.04247
0.39683, -0.04240
0.39837, -0.04232
0.39990, -0.04225
0.40144, -0.04218
0.40298, -0.04210
0.40451, -0.04203
0.40605, -0.04195
0.40759, -0.04187
0.40913, -0.04180
0.41067, -0.04172
0.41221, -0.04164
0.41375, -0.04156
0.41530, -0.04148
0.41684, -0.04140
0.41838, -0.04132
0.41993, -0.04124
0.42147, -0.04116
0.42302, -0.04108
0.42456, -0.04099
0.42611, -0.04091
0.42765, -0.04083
0.42920, -0.04074
0.43075, -0.04066
0.43230, -0.04057
0.43385, -0.04048
0.43540, -0.04040
0.43695, -0.04031
0.43850, -0.04022
0.44005, -0.04014
0.44160, -0.04005
0.44315, -0.03996
0.44471, -0.03987
0.44626, -0.03978
0.44781, -0.03969
0.44937, -0.03960
0.45092, -0.03951
0.45247, -0.03942
0.45403, -0.03933
0.45559, -0.03924
0.45714, -0.03915
0.45870, -0.03905
0.46025, -0.03896
0.46181, -0.03887
0.46337, -0.03877
0.46493, -0.03868
0.46648, -0.03859
0.46804, -0.03849
0.46960, -0.03840
0.47116, -0.03830
0.47272, -0.03821
0.47428, -0.03811
0.47584, -0.03802
0.47740, -0.03792
0.47896, -0.03782
0.48052, -0.03773
0.48208, -0.03763
0.48364, -0.03753
0.48520, -0.03743
0.48676, -0.03734
0.48832, -0.03724
0.48988, -0.03714
0.49144, -0.03704
0.49300, -0.03694
0.49456, -0.03684
0.49612, -0.03674
0.49769, -0.03664
0.49925, -0.03654
0.50081, -0.03644
0.50237, -0.03634
0.50393, -0.03624
0.50550, -0.03614
0.50706, -0.03604
0.50862, -0.03594
0.51018, -0.03584
0.51174, -0.03574
0.51330, -0.03564
0.51487, -0.03553
0.51643, -0.03543
0.51799, -0.03533
0.51955, -0.03523
0.52111, -0.03512
0.52267, -0.03502
0.52423, -0.03492
0.52579, -0.03481
0.52735, -0.03471
0.52891, -0.03461
0.53047, -0.03450
0.53203, -0.03440
0.53359, -0.03429
0.53515, -0.03419
0.53671, -0.03409
0.53827, -0.03398
0.53983, -0.03388
0.54138, -0.03377
0.54294, -0.03367
0.54450, -0.03356
0.54606, -0.03346
0.54761, -0.03335
0.54917, -0.03324
0.55072, -0.03314
0.55228, -0.03303
0.55383, -0.03293
0.55539, -0.03282
0.55694, -0.03271
0.55849, -0.03261
0.56005, -0.03250
0.56160, -0.03240
0.56315, -0.03229
0.56470, -0.03218
0.56625, -0.03207
0.56780, -0.03197
0.56935, -0.03186
0.57090, -0.03175
0.57244, -0.03165
0.57399, -0.03154
0.57554, -0.03143
0.57708, -0.03132
0.57863, -0.03122
0.58017, -0.03111
0.58171, -0.03100
0.58325, -0.03089
0.58479, -0.03079
0.58633, -0.03068
0.58787, -0.03057
0.58941, -0.03046
0.59095, -0.03036
0.59249, -0.03025
0.59402, -0.03014
0.59556, -0.03003
0.59709, -0.02993
0.59862, -0.02982
0.60015, -0.02971
0.60168, -0.02960
0.60321, -0.02950
0.60474, -0.02939
0.60627, -0.02928
0.60780, -0.02917
0.60932, -0.02907
0.61084, -0.02896
0.61237, -0.02885
0.61389, -0.02874
0.61541, -0.02864
0.61693, -0.02853
0.61844, -0.02842
0.61996, -0.02832
0.62148, -0.02821
0.62299, -0.02810
0.62450, -0.02800
0.62601, -0.02789
0.62752, -0.02779
0.62903, -0.02768
0.63054, -0.02758
0.63204, -0.02747
0.63355, -0.02737
0.63505, -0.02726
0.63655, -0.02716
0.63805, -0.02705
0.63955, -0.02695
0.64104, -0.02684
0.64254, -0.02674
0.64403, -0.02664
0.64552, -0.02653
0.64701, -0.02643
0.64848, -0.02633
0.64985, -0.02623
0.65091, -0.02612
0.65112, -0.02598
0.64976, -0.02569
0.64668, -0.02492
0.64325, -0.02365
0.64164, -0.02281
0.64305, -0.02341
0.64743, -0.02531
0.65357, -0.02730
0.65940, -0.02843
0.66359, -0.02882
0.66629, -0.02888
0.66817, -0.02885
0.66974, -0.02879
0.67123, -0.02873
0.67270, -0.02867
0.67416, -0.02860
0.67562, -0.02854
0.67708, -0.02848
0.67854, -0.02842
0.68000, -0.02835
0.68146, -0.02829
0.68292, -0.02823
0.68437, -0.02817
0.68582, -0.02811
0.68727, -0.02805
0.68872, -0.02799
0.69017, -0.02793
0.69162, -0.02787
0.69306, -0.02781
0.69451, -0.02776
0.69595, -0.02770
0.69739, -0.02764
0.69883, -0.02758
0.70027, -0.02752
0.70170, -0.02747
0.70314, -0.02741
0.70457, -0.02735
0.70600, -0.02729
0.70743, -0.02724
0.70885, -0.02718
0.71028, -0.02712
0.71170, -0.02707
0.71312, -0.02701
0.71454, -0.02695
0.71596, -0.02690
0.71738, -0.02684
0.71879, -0.02678
0.72021, -0.02673
0.72162, -0.02667
0.72302, -0.02662
0.72443, -0.02656
0.72584, -0.02651
0.72724, -0.02645
0.72864, -0.02639
0.73004, -0.02634
0.73143, -0.02628
0.73283, -0.02623
0.73422, -0.02617
0.73561, -0.02611
0.73700, -0.02606
0.73839, -0.02600
0.73977, -0.02595
0.74115, -0.02589
0.74253, -0.02583
0.74391, -0.02578
0.74528, -0.02572
0.74666, -0.02567
0.74803, -0.02561
0.74939, -0.02555
0.75076, -0.02550
0.75212, -0.02544
0.75348, -0.02538
0.75484, -0.02533
0.75620, -0.02527
0.75755, -0.02521
0.75890, -0.02516
0.76025, -0.02510
0.76160, -0.02504
0.76294, -0.02498
0.76428, -0.02493
0.76562, -0.02487
0.76695, -0.02481
0.76828, -0.02476
0.76961, -0.02470
0.77094, -0.02464
0.77226, -0.02458
0.77358, -0.02452
0.77490, -0.02447
0.77622, -0.02441
0.77753, -0.02435
0.77884, -0.02429
0.78015, -0.02423
0.78145, -0.02418
0.78276, -0.02412
0.78405, -0.02406
0.78535, -0.02400
0.78664, -0.02394
0.78794, -0.02389
0.78922, -0.02383
0.79051, -0.02377
0.79179, -0.02371
0.79307, -0.02365
0.79434, -0.02360
0.79562, -0.02354
0.79689, -0.02348
0.79816, -0.02342
0.79942, -0.02336
0.80068, -0.02330
0.80194, -0.02325
0.80319, -0.02319
0.80445, -0.02313
0.80570, -0.02307
0.80694, -0.02301
0.80818, -0.02295
0.80942, -0.02290
0.81066, -0.02284
0.81190, -0.02278
0.81313, -0.02272
0.81435, -0.02266
0.81558, -0.02261
0.81680, -0.02255
0.81802, -0.02249
0.81923, -0.02243
0.82045, -0.02237
0.82165, -0.02232
0.82286, -0.02226
0.82406, -0.02220
0.82526, -0.02214
0.82646, -0.02208
0.82765, -0.02203
0.82884, -0.02197
0.83002, -0.02191
0.83121, -0.02185
0.83239, -0.02180
0.83356, -0.02174
0.83474, -0.02168
0.83591, -0.02162
0.83707, -0.02157
0.83823, -0.02151
0.83939, -0.02145
0.84055, -0.02140
0.84170, -0.02134
0.84285, -0.02128
0.84400, -0.02123
0.84514, -0.02117
0.84628, -0.02111
0.84742, -0.02106
0.84855, -0.02100
0.84968, -0.02094
0.85080, -0.02089
0.85193, -0.02083
0.85304, -0.02077
0.85416, -0.02072
0.85527, -0.02066
0.85638, -0.02061
0.85748, -0.02055
0.85859, -0.02049
0.85968, -0.02044
0.86078, -0.02038
0.86187, -0.02033
0.86295, -0.02027
0.86404, -0.02021
0.86512, -0.02016
0.86619, -0.02010
0.86726, -0.02005
0.86833, -0.01999
0.86940, -0.01994
0.87046, -0.01988
0.87152, -0.01983
0.87257, -0.01977
0.87362, -0.01972
0.87467, -0.01966
0.87571, -0.01961
0.87675, -0.01956
0.87779, -0.01950
0.87882, -0.01945
0.87985, -0.01939
0.88087, -0.01934
0.88189, -0.01928
0.88291, -0.01923
0.88392, -0.01918
0.88493, -0.01912
0.88593, -0.01907
0.88693, -0.01902
0.88793, -0.01896
0.88893, -0.01891
0.88992, -0.01886
0.89090, -0.01880
0.89188, -0.01875
0.89286, -0.01870
0.89384, -0.01865
0.89481, -0.01859
0.89577, -0.01854
0.89673, -0.01849
0.89769, -0.01844
0.89865, -0.01838
0.89960, -0.01833
0.90055, -0.01828
0.90149, -0.01823
0.90243, -0.01818
0.90336, -0.01812
0.90429, -0.01807
0.90522, -0.01802
0.90614, -0.01797
0.90706, -0.01792
0.90797, -0.01787
0.90888, -0.01782
0.90979, -0.01777
0.91069, -0.01772
0.91159, -0.01767
0.91248, -0.01762
0.91337, -0.01757
0.91426, -0.01752
0.91514, -0.01747
0.91602, -0.01742
0.91689, -0.01737
0.91776, -0.01732
0.91863, -0.01727
0.91949, -0.01722
0.92035, -0.01717
0.92120, -0.01712
0.92205, -0.01707
0.92289, -0.01702
0.92373, -0.01698
0.92457, -0.01693
0.92540, -0.01688
0.92623, -0.01683
0.92705, -0.01678
0.92787, -0.01674
0.92868, -0.01669
0.92949, -0.01664
0.93030, -0.01660
0.93110, -0.01655
0.93190, -0.01650
0.93269, -0.01646
0.93348, -0.01641
0.93426, -0.01636
0.93504, -0.01632
0.93582, -0.01627
0.93659, -0.01623
0.93736, -0.01618
0.93812, -0.01613
0.93888, -0.01609
0.93963, -0.01604
0.94038, -0.01600
0.94113, -0.01596
0.94187, -0.01591
0.94261, -0.01587
0.94334, -0.01582
0.94407, -0.01578
0.94479, -0.01574
0.94551, -0.01569
0.94622, -0.01565
0.94693, -0.01561
0.94764, -0.01556
0.94834, -0.01552
0.94904, -0.01548
0.94973, -0.01544
0.95041, -0.01539
0.95110, -0.01535
0.95178, -0.01531
0.95245, -0.01527
0.95312, -0.01523
0.95378, -0.01519
0.95445, -0.01515
0.95510, -0.01511
0.95575, -0.01507
0.95640, -0.01503
0.95704, -0.01499
0.95768, -0.01495
0.95831, -0.01491
0.95894, -0.01487
0.95956, -0.01483
0.96018, -0.01479
0.96080, -0.01475
0.96141, -0.01471
0.96202, -0.01468
0.96262, -0.01464
0.96321, -0.01460
0.96380, -0.01456
0.96439, -0.01453
0.96497, -0.01449
0.96555, -0.01445
0.96612, -0.01442
0.96669, -0.01438
0.96726, -0.01434
0.96782, -0.01431
0.96837, -0.01427
0.96892, -0.01424
0.96947, -0.01420
0.97001, -0.01417
0.97054, -0.01413
0.97107, -0.01410
0.97160, -0.01407
0.97212, -0.01403
0.97264, -0.01400
0.97315, -0.01397
0.97366, -0.01393
0.97416, -0.01390
0.97466, -0.01387
0.97515, -0.01384
0.97564, -0.01381
0.97613, -0.01377
0.97660, -0.01374
0.97708, -0.01371
0.97755, -0.01368
0.97801, -0.01365
0.97847, -0.01362
0.97893, -0.01359
0.97938, -0.01356
0.97983, -0.01353
0.98027, -0.01350
0.98070, -0.01348
0.98113, -0.01345
0.98156, -0.01342
0.98198, -0.01339
0.98240, -0.01336
0.98281, -0.01334
0.98322, -0.01331
0.98362, -0.01328
0.98402, -0.01326
0.98441, -0.01323
0.98480, -0.01320
0.98518, -0.01318
0.98556, -0.01315
0.98593, -0.01313
0.98630, -0.01310
0.98667, -0.01308
0.98702, -0.01306
0.98738, -0.01303
0.98773, -0.01301
0.98807, -0.01299
0.98841, -0.01296
0.98875, -0.01294
0.98908, -0.01292
0.98940, -0.01290
0.98972, -0.01288
0.99004, -0.01285
0.99035, -0.01283
0.99065, -0.01281
0.99095, -0.01279
0.99125, -0.01277
0.99154, -0.01275
0.99182, -0.01273
0.99210, -0.01272
0.99238, -0.01270
0.99265, -0.01268
0.99291, -0.01266
0.99318, -0.01264
0.99343, -0.01263
0.99368, -0.01261
0.99393, -0.01259
0.99417, -0.01258
0.99441, -0.01256
0.99464, -0.01254
0.99486, -0.01253
0.99509, -0.01251
0.99530, -0.01250
0.99551, -0.01248
0.99572, -0.01247
0.99592, -0.01246
0.99612, -0.01244
0.99631, -0.01243
0.99650, -0.01242
0.99668, -0.01240
0.99686, -0.01239
0.99703, -0.01238
0.99720, -0.01237
0.99736, -0.01236
0.99751, -0.01235
0.99767, -0.01234
0.99781, -0.01233
0.99796, -0.01232
0.99809, -0.01231
0.99822, -0.01230
0.99835, -0.01229
0.99847, -0.01228
0.99859, -0.01227
0.99870, -0.01227
0.99881, -0.01226
0.99891, -0.01225
0.99901, -0.01224
0.99910, -0.01224
0.99919, -0.01223
0.99927, -0.01223
0.99935, -0.01222
0.99942, -0.01222
0.99949, -0.01221
0.99955, -0.01221
0.99961, -0.01220
0.99966, -0.01220
0.99971, -0.01220
0.99975, -0.01219
0.99979, -0.01219
0.99982, -0.01219
0.99985, -0.01219
0.99987, -0.01218
0.99989, -0.01218
0.99989, -0.01218
0.99986, -0.01218
0.99985, -0.01218
