=== Airfoil Parameters ===
m = 0.02
p = 0.4
t = 0.12

=== Control Points ===
0.00000, -0.00509, -0.00509
0.06667, 0.00145, -0.00466
0.13333, 0.00725, -0.00386
0.20000, 0.01223, -0.00277
0.26667, 0.01624, -0.00154
0.66667, 0.01574, -0.00031
0.75000, 0.01400, 0.00080
0.83333, 0.01126, 0.00169
0.91667, 0.00747, 0.00230
1.00000, 0.00261, 0.00261

=== Upper Surface ===
0.00000, -0.00509
-0.00004, -0.00481
-0.00005, -0.00453
-0.00007, -0.00425
-0.00008, -0.00397
-0.00008, -0.00369
-0.00008, -0.00341
-0.00008, -0.00313
-0.00007, -0.00285
-0.00006, -0.00257
-0.00004, -0.00229
-0.00001, -0.00201
0.00001, -0.00173
0.00005, -0.00145
0.00009, -0.00117
0.00013, -0.00089
0.00018, -0.00061
0.00023, -0.00033
0.00029, -0.00005
0.00035, 0.00023
0.00042, 0.00051
0.00050, 0.00079
0.00058, 0.00107
0.00066, 0.00136
0.00075, 0.00164
0.00084, 0.00192
0.00094, 0.00220
0.00104, 0.00248
0.00115, 0.00276
0.00126, 0.00305
0.00138, 0.00333
0.00151, 0.00361
0.00163, 0.00389
0.00177, 0.00418
0.00191, 0.00446
0.00205, 0.00474
0.00220, 0.00502
0.00235, 0.00531
0.00251, 0.00559
0.00267, 0.00587
0.00284, 0.00616
0.00301, 0.00644
0.00319, 0.00672
0.00337, 0.00701
0.00356, 0.00729
0.00376, 0.00757
0.00395, 0.00786
0.00416, 0.00814
0.00436, 0.00842
0.00458, 0.00871
0.00480, 0.00899
0.00502, 0.00928
0.00525, 0.00956
0.00548, 0.00984
0.00572, 0.01013
0.00596, 0.01041
0.00621, 0.01070
0.00646, 0.01098
0.00672, 0.01126
0.00698, 0.01155
0.00725, 0.01183
0.00752, 0.01212
0.00779, 0.01240
0.00808, 0.01268
0.00836, 0.01297
0.00866, 0.01325
0.00895, 0.01354
0.00925, 0.01382
0.00956, 0.01411
0.00987, 0.01439
0.01019, 0.01467
0.01051, 0.01496
0.01084, 0.01524
0.01117, 0.01553
0.01150, 0.01581
0.01185, 0.01610
0.01219, 0.01638
0.01254, 0.01666
0.01290, 0.01695
0.01326, 0.01723
0.01362, 0.01752
0.01399, 0.01780
0.01437, 0.01808
0.01475, 0.01837
0.01513, 0.01865
0.01552, 0.01894
0.01592, 0.01922
0.01632, 0.01950
0.01672, 0.01979
0.01713, 0.02007
0.01755, 0.02035
0.01797, 0.02064
0.01839, 0.02092
0.01882, 0.02120
0.01925, 0.02149
0.01969, 0.02177
0.02013, 0.02205
0.02058, 0.02234
0.02103, 0.02262
0.02149, 0.02290
0.02195, 0.02318
0.02242, 0.02347
0.02289, 0.02375
0.02337, 0.02403
0.02385, 0.02431
0.02434, 0.02459
0.02483, 0.02488
0.02533, 0.02516
0.02583, 0.02544
0.02633, 0.02572
0.02684, 0.02600
0.02736, 0.02628
0.02788, 0.02656
0.02840, 0.02684
0.02893, 0.02712
0.02947, 0.02740
0.03001, 0.02768
0.03055, 0.02796
0.03110, 0.02824
0.03165, 0.02852
0.03221, 0.02880
0.03277, 0.02908
0.03334, 0.02936
0.03391, 0.02964
0.03449, 0.02992
0.03507, 0.03019
0.03566, 0.03047
0.03625, 0.03075
0.03684, 0.03103
0.03744, 0.03130
0.03805, 0.03158
0.03866, 0.03186
0.03927, 0.03213
0.03989, 0.03241
0.04051, 0.03268
0.04114, 0.03296
0.04178, 0.03323
0.04241, 0.03351
0.04305, 0.03378
0.04370, 0.03406
0.04435, 0.03433
0.04501, 0.03460
0.04567, 0.03488
0.04633, 0.03515
0.04700, 0.03542
0.04768, 0.03570
0.04836, 0.03597
0.04904, 0.03624
0.04973, 0.03651
0.05042, 0.03678
0.05112, 0.03705
0.05182, 0.03732
0.05253, 0.03759
0.05324, 0.03786
0.05395, 0.03813
0.05467, 0.03840
0.05540, 0.03867
0.05613, 0.03893
0.05686, 0.03920
0.05760, 0.03947
0.05834, 0.03973
0.05909, 0.04000
0.05984, 0.04027
0.06060, 0.04053
0.06136, 0.04079
0.06212, 0.04106
0.06289, 0.04132
0.06366, 0.04159
0.06444, 0.04185
0.06522, 0.04211
0.06601, 0.04237
0.06680, 0.04263
0.06760, 0.04290
0.06840, 0.04316
0.06920, 0.04342
0.07001, 0.04368
0.07083, 0.04393
0.07164, 0.04419
0.07247, 0.04445
0.07329, 0.04471
0.07412, 0.04496
0.07496, 0.04522
0.07580, 0.04548
0.07664, 0.04573
0.07749, 0.04599
0.07834, 0.04624
0.07920, 0.04649
0.08006, 0.04675
0.08093, 0.04700
0.08180, 0.04725
0.08267, 0.04750
0.08355, 0.04775
0.08443, 0.04800
0.08532, 0.04825
0.08621, 0.04850
0.08710, 0.04875
0.08800, 0.04900
0.08891, 0.04924
0.08981, 0.04949
0.09073, 0.04973
0.09164, 0.04998
0.09256, 0.05022
0.09349, 0.05047
0.09441, 0.05071
0.09535, 0.05095
0.09628, 0.05119
0.09723, 0.05144
0.09817, 0.05168
0.09912, 0.05191
0.10007, 0.05215
0.10103, 0.05239
0.10199, 0.05263
0.10296, 0.05287
0.10393, 0.05310
0.10490, 0.05334
0.10588, 0.05357
0.10686, 0.05380
0.10785, 0.05404
0.10884, 0.05427
0.10983, 0.05450
0.11083, 0.05473
0.11183, 0.05496
0.11284, 0.05519
0.11385, 0.05542
0.11486, 0.05565
0.11588, 0.05587
0.11690, 0.05610
0.11793, 0.05633
0.11896, 0.05655
0.11999, 0.05677
0.12103, 0.05700
0.12207, 0.05722
0.12312, 0.05744
0.12416, 0.05766
0.12522, 0.05788
0.12627, 0.05810
0.12734, 0.05832
0.12840, 0.05853
0.12947, 0.05875
0.13054, 0.05896
0.13162, 0.05918
0.13270, 0.05939
0.13378, 0.05960
0.13487, 0.05981
0.13596, 0.06003
0.13705, 0.06024
0.13815, 0.06044
0.13925, 0.06065
0.14036, 0.06086
0.14147, 0.06107
0.14258, 0.06127
0.14370, 0.06147
0.14482, 0.06168
0.14594, 0.06188
0.14707, 0.06208
0.14820, 0.06228
0.14933, 0.06248
0.15047, 0.06268
0.15161, 0.06288
0.15276, 0.06308
0.15391, 0.06327
0.15506, 0.06347
0.15622, 0.06366
0.15737, 0.06385
0.15854, 0.06404
0.15970, 0.06423
0.16087, 0.06442
0.16205, 0.06461
0.16322, 0.06480
0.16440, 0.06499
0.16559, 0.06517
0.16677, 0.06536
0.16796, 0.06554
0.16916, 0.06573
0.17035, 0.06591
0.17155, 0.06609
0.17276, 0.06627
0.17396, 0.06645
0.17517, 0.06663
0.17639, 0.06680
0.17760, 0.06698
0.17882, 0.06715
0.18005, 0.06733
0.18127, 0.06750
0.18250, 0.06767
0.18374, 0.06784
0.18497, 0.06801
0.18621, 0.06818
0.18745, 0.06835
0.18870, 0.06851
0.18995, 0.06868
0.19120, 0.06884
0.19245, 0.06901
0.19371, 0.06917
0.19497, 0.06933
0.19624, 0.06949
0.19751, 0.06965
0.19878, 0.06980
0.20005, 0.06996
0.20133, 0.07012
0.20261, 0.07027
0.20390, 0.07042
0.20518, 0.07058
0.20647, 0.07073
0.20777, 0.07088
0.20907, 0.07103
0.21037, 0.07117
0.21167, 0.07132
0.21298, 0.07147
0.21429, 0.07161
0.21561, 0.07175
0.21692, 0.07190
0.21824, 0.07204
0.21957, 0.07218
0.22090, 0.07231
0.22223, 0.07245
0.22356, 0.07259
0.22490, 0.07272
0.22624, 0.07285
0.22758, 0.07298
0.22893, 0.07311
0.23028, 0.07324
0.23163, 0.07337
0.23298, 0.07350
0.23434, 0.07362
0.23571, 0.07375
0.23707, 0.07387
0.23844, 0.07399
0.23981, 0.07411
0.24119, 0.07423
0.24256, 0.07434
0.24394, 0.07446
0.24533, 0.07457
0.24671, 0.07468
0.24810, 0.07479
0.24950, 0.07490
0.25089, 0.07501
0.25229, 0.07512
0.25369, 0.07522
0.25510, 0.07532
0.25650, 0.07542
0.25791, 0.07552
0.25933, 0.07562
0.26074, 0.07572
0.26216, 0.07581
0.26358, 0.07591
0.26501, 0.07600
0.26643, 0.07609
0.26786, 0.07618
0.26929, 0.07626
0.27073, 0.07635
0.27216, 0.07643
0.27360, 0.07651
0.27504, 0.07659
0.27648, 0.07667
0.27793, 0.07675
0.27937, 0.07682
0.28082, 0.07690
0.28227, 0.07697
0.28372, 0.07704
0.28518, 0.07711
0.28664, 0.07717
0.28809, 0.07724
0.28956, 0.07730
0.29102, 0.07736
0.29248, 0.07742
0.29395, 0.07748
0.29542, 0.07754
0.29689, 0.07759
0.29836, 0.07765
0.29984, 0.07770
0.30131, 0.07775
0.30279, 0.07780
0.30427, 0.07784
0.30576, 0.07789
0.30724, 0.07793
0.30873, 0.07797
0.31021, 0.07801
0.31170, 0.07805
0.31319, 0.07809
0.31469, 0.07812
0.31618, 0.07816
0.31768, 0.07819
0.31917, 0.07822
0.32067, 0.07825
0.32218, 0.07828
0.32368, 0.07830
0.32518, 0.07833
0.32669, 0.07835
0.32819, 0.07837
0.32970, 0.07839
0.33121, 0.07841
0.33272, 0.07842
0.33423, 0.07844
0.33574, 0.07845
0.33725, 0.07846
0.33877, 0.07847
0.34029, 0.07848
0.34180, 0.07849
0.34332, 0.07849
0.34485, 0.07850
0.34637, 0.07850
0.34790, 0.07850
0.34942, 0.07850
0.35095, 0.07850
0.35248, 0.07849
0.35402, 0.07849
0.35555, 0.07848
0.35708, 0.07847
0.35862, 0.07846
0.36016, 0.07845
0.36170, 0.07844
0.36324, 0.07843
0.36478, 0.07841
0.36632, 0.07839
0.36787, 0.07837
0.36942, 0.07835
0.37096, 0.07833
0.37251, 0.07831
0.37406, 0.07828
0.37561, 0.07826
0.37716, 0.07823
0.37872, 0.07820
0.38027, 0.07817
0.38183, 0.07814
0.38338, 0.07810
0.38494, 0.07807
0.38650, 0.07803
0.38806, 0.07799
0.38962, 0.07795
0.39118, 0.07791
0.39274, 0.07787
0.39430, 0.07782
0.39587, 0.07778
0.39743, 0.07773
0.39900, 0.07768
0.40056, 0.07763
0.40213, 0.07758
0.40370, 0.07753
0.40527, 0.07747
0.40683, 0.07742
0.40840, 0.07736
0.40997, 0.07730
0.41154, 0.07724
0.41312, 0.07718
0.41469, 0.07712
0.41626, 0.07705
0.41783, 0.07699
0.41941, 0.07692
0.42098, 0.07685
0.42256, 0.07678
0.42413, 0.07671
0.42571, 0.07664
0.42728, 0.07656
0.42886, 0.07649
0.43044, 0.07641
0.43201, 0.07634
0.43359, 0.07626
0.43517, 0.07618
0.43675, 0.07610
0.43832, 0.07602
0.43990, 0.07593
0.44148, 0.07585
0.44306, 0.07576
0.44464, 0.07568
0.44622, 0.07559
0.44780, 0.07550
0.44938, 0.07541
0.45096, 0.07532
0.45254, 0.07522
0.45412, 0.07513
0.45570, 0.07504
0.45728, 0.07494
0.45886, 0.07484
0.46044, 0.07475
0.46202, 0.07465
0.46360, 0.07455
0.46518, 0.07445
0.46676, 0.07434
0.46834, 0.07424
0.46992, 0.07414
0.47150, 0.07403
0.47308, 0.07393
0.47466, 0.07382
0.47624, 0.07371
0.47782, 0.07361
0.47940, 0.07350
0.48098, 0.07339
0.48256, 0.07327
0.48414, 0.07316
0.48572, 0.07305
0.48730, 0.07294
0.48887, 0.07282
0.49045, 0.07271
0.49203, 0.07259
0.49361, 0.07248
0.49519, 0.07236
0.49676, 0.07224
0.49834, 0.07212
0.49992, 0.07200
0.50150, 0.07188
0.50307, 0.07176
0.50465, 0.07164
0.50622, 0.07152
0.50780, 0.07139
0.50937, 0.07127
0.51095, 0.07114
0.51252, 0.07102
0.51410, 0.07089
0.51567, 0.07077
0.51724, 0.07064
0.51882, 0.07051
0.52039, 0.07039
0.52196, 0.07026
0.52353, 0.07013
0.52511, 0.07000
0.52668, 0.06987
0.52825, 0.06974
0.52982, 0.06961
0.53139, 0.06947
0.53296, 0.06934
0.53452, 0.06921
0.53609, 0.06908
0.53766, 0.06894
0.53923, 0.06881
0.54079, 0.06867
0.54236, 0.06854
0.54392, 0.06840
0.54549, 0.06827
0.54705, 0.06813
0.54862, 0.06799
0.55018, 0.06786
0.55174, 0.06772
0.55331, 0.06758
0.55487, 0.06744
0.55643, 0.06730
0.55799, 0.06716
0.55955, 0.06702
0.56111, 0.06688
0.56266, 0.06674
0.56422, 0.06660
0.56578, 0.06646
0.56733, 0.06632
0.56889, 0.06618
0.57044, 0.06603
0.57200, 0.06589
0.57355, 0.06575
0.57510, 0.06560
0.57666, 0.06546
0.57821, 0.06532
0.57976, 0.06517
0.58131, 0.06503
0.58285, 0.06488
0.58440, 0.06474
0.58595, 0.06459
0.58750, 0.06445
0.58904, 0.06430
0.59059, 0.06415
0.59213, 0.06401
0.59367, 0.06386
0.59521, 0.06371
0.59675, 0.06357
0.59829, 0.06342
0.59983, 0.06327
0.60137, 0.06312
0.60291, 0.06297
0.60444, 0.06282
0.60598, 0.06267
0.60751, 0.06252
0.60905, 0.06237
0.61058, 0.06222
0.61211, 0.06207
0.61364, 0.06192
0.61517, 0.06177
0.61670, 0.06162
0.61822, 0.06147
0.61975, 0.06132
0.62127, 0.06117
0.62280, 0.06102
0.62432, 0.06086
0.62584, 0.06071
0.62736, 0.06056
0.62888, 0.06041
0.63039, 0.06025
0.63191, 0.06010
0.63342, 0.05994
0.63494, 0.05979
0.63645, 0.05964
0.63796, 0.05948
0.63947, 0.05933
0.64098, 0.05917
0.64249, 0.05902
0.64399, 0.05886
0.64550, 0.05871
0.64700, 0.05855
0.64850, 0.05840
0.65001, 0.05824
0.65153, 0.05808
0.65312, 0.05792
0.65491, 0.05775
0.65706, 0.05755
0.65964, 0.05728
0.66242, 0.05691
0.66482, 0.05650
0.66634, 0.05616
0.66697, 0.05595
0.66723, 0.05579
0.66765, 0.05563
0.66850, 0.05546
0.66970, 0.05530
0.67108, 0.05513
0.67253, 0.05496
0.67400, 0.05480
0.67546, 0.05463
0.67693, 0.05446
0.67840, 0.05430
0.67986, 0.05413
0.68133, 0.05396
0.68279, 0.05380
0.68425, 0.05363
0.68571, 0.05346
0.68716, 0.05329
0.68862, 0.05313
0.69007, 0.05296
0.69152, 0.05279
0.69297, 0.05262
0.69442, 0.05246
0.69587, 0.05229
0.69732, 0.05212
0.69876, 0.05195
0.70020, 0.05178
0.70164, 0.05161
0.70308, 0.05145
0.70452, 0.05128
0.70595, 0.05111
0.70738, 0.05094
0.70882, 0.05077
0.71024, 0.05060
0.71167, 0.05043
0.71310, 0.05026
0.71452, 0.05009
0.71594, 0.04992
0.71736, 0.04975
0.71878, 0.04958
0.72020, 0.04941
0.72161, 0.04924
0.72302, 0.04907
0.72443, 0.04889
0.72584, 0.04872
0.72724, 0.04855
0.72865, 0.04838
0.73005, 0.04821
0.73145, 0.04803
0.73285, 0.04786
0.73424, 0.04769
0.73563, 0.04751
0.73702, 0.04734
0.73841, 0.04717
0.73980, 0.04699
0.74118, 0.04682
0.74256, 0.04664
0.74394, 0.04647
0.74532, 0.04629
0.74670, 0.04612
0.74807, 0.04594
0.74944, 0.04576
0.75080, 0.04559
0.75217, 0.04541
0.75353, 0.04523
0.75489, 0.04506
0.75625, 0.04488
0.75760, 0.04470
0.75896, 0.04452
0.76031, 0.04435
0.76165, 0.04417
0.76300, 0.04399
0.76434, 0.04381
0.76568, 0.04363
0.76701, 0.04345
0.76834, 0.04327
0.76968, 0.04309
0.77100, 0.04291
0.77233, 0.04273
0.77365, 0.04255
0.77497, 0.04237
0.77628, 0.04219
0.77760, 0.04201
0.77891, 0.04183
0.78022, 0.04164
0.78152, 0.04146
0.78282, 0.04128
0.78412, 0.04110
0.78542, 0.04092
0.78671, 0.04074
0.78800, 0.04055
0.78929, 0.04037
0.79057, 0.04019
0.79185, 0.04001
0.79313, 0.03983
0.79441, 0.03964
0.79568, 0.03946
0.79695, 0.03928
0.79822, 0.03910
0.79948, 0.03891
0.80074, 0.03873
0.80200, 0.03855
0.80325, 0.03836
0.80450, 0.03818
0.80575, 0.03800
0.80700, 0.03782
0.80824, 0.03763
0.80948, 0.03745
0.81071, 0.03727
0.81194, 0.03709
0.81317, 0.03690
0.81440, 0.03672
0.81562, 0.03654
0.81684, 0.03635
0.81806, 0.03617
0.81927, 0.03599
0.82048, 0.03581
0.82169, 0.03562
0.82289, 0.03544
0.82409, 0.03526
0.82529, 0.03508
0.82648, 0.03490
0.82767, 0.03471
0.82886, 0.03453
0.83005, 0.03435
0.83123, 0.03417
0.83240, 0.03399
0.83358, 0.03381
0.83475, 0.03362
0.83591, 0.03344
0.83708, 0.03326
0.83824, 0.03308
0.83940, 0.03290
0.84055, 0.03272
0.84170, 0.03254
0.84285, 0.03236
0.84399, 0.03218
0.84513, 0.03200
0.84627, 0.03182
0.84740, 0.03164
0.84853, 0.03146
0.84966, 0.03128
0.85078, 0.03110
0.85190, 0.03092
0.85301, 0.03075
0.85413, 0.03057
0.85523, 0.03039
0.85634, 0.03021
0.85744, 0.03003
0.85854, 0.02986
0.85963, 0.02968
0.86072, 0.02950
0.86181, 0.02932
0.86289, 0.02915
0.86397, 0.02897
0.86505, 0.02880
0.86612, 0.02862
0.86719, 0.02844
0.86826, 0.02827
0.86932, 0.02809
0.87038, 0.02792
0.87143, 0.02775
0.87248, 0.02757
0.87353, 0.02740
0.87457, 0.02722
0.87561, 0.02705
0.87665, 0.02688
0.87768, 0.02671
0.87871, 0.02653
0.87973, 0.02636
0.88075, 0.02619
0.88177, 0.02602
0.88278, 0.02585
0.88379, 0.02568
0.88480, 0.02551
0.88580, 0.02534
0.88680, 0.02517
0.88779, 0.02500
0.88878, 0.02483
0.88977, 0.02466
0.89075, 0.02449
0.89173, 0.02433
0.89270, 0.02416
0.89367, 0.02399
0.89464, 0.02382
0.89560, 0.02366
0.89656, 0.02349
0.89752, 0.02333
0.89847, 0.02316
0.89942, 0.02300
0.90036, 0.02283
0.90130, 0.02267
0.90223, 0.02251
0.90317, 0.02234
0.90409, 0.02218
0.90502, 0.02202
0.90594, 0.02186
0.90685, 0.02170
0.90776, 0.02154
0.90867, 0.02138
0.90957, 0.02122
0.91047, 0.02106
0.91137, 0.02090
0.91226, 0.02074
0.91314, 0.02058
0.91403, 0.02042
0.91490, 0.02027
0.91578, 0.02011
0.91665, 0.01996
0.91752, 0.01980
0.91838, 0.01965
0.91924, 0.01949
0.92009, 0.01934
0.92094, 0.01918
0.92178, 0.01903
0.92263, 0.01888
0.92346, 0.01873
0.92430, 0.01858
0.92512, 0.01843
0.92595, 0.01828
0.92677, 0.01813
0.92758, 0.01798
0.92840, 0.01783
0.92920, 0.01768
0.93001, 0.01753
0.93081, 0.01739
0.93160, 0.01724
0.93239, 0.01710
0.93318, 0.01695
0.93396, 0.01681
0.93474, 0.01666
0.93551, 0.01652
0.93628, 0.01638
0.93704, 0.01624
0.93781, 0.01609
0.93856, 0.01595
0.93931, 0.01581
0.94006, 0.01567
0.94080, 0.01554
0.94154, 0.01540
0.94228, 0.01526
0.94301, 0.01512
0.94373, 0.01499
0.94445, 0.01485
0.94517, 0.01472
0.94588, 0.01458
0.94659, 0.01445
0.94729, 0.01432
0.94799, 0.01418
0.94869, 0.01405
0.94938, 0.01392
0.95006, 0.01379
0.95075, 0.01366
0.95142, 0.01353
0.95210, 0.01340
0.95276, 0.01328
0.95343, 0.01315
0.95409, 0.01302
0.95474, 0.01290
0.95539, 0.01277
0.95604, 0.01265
0.95668, 0.01253
0.95731, 0.01241
0.95795, 0.01228
0.95857, 0.01216
0.95920, 0.01204
0.95982, 0.01192
0.96043, 0.01180
0.96104, 0.01169
0.96165, 0.01157
0.96225, 0.01145
0.96284, 0.01134
0.96343, 0.01122
0.96402, 0.01111
0.96460, 0.01100
0.96518, 0.01088
0.96575, 0.01077
0.96632, 0.01066
0.96688, 0.01055
0.96744, 0.01044
0.96800, 0.01033
0.96855, 0.01022
0.96909, 0.01012
0.96964, 0.01001
0.97017, 0.00991
0.97070, 0.00980
0.97123, 0.00970
0.97175, 0.00959
0.97227, 0.00949
0.97278, 0.00939
0.97329, 0.00929
0.97379, 0.00919
0.97429, 0.00909
0.97479, 0.00899
0.97528, 0.00890
0.97576, 0.00880
0.97624, 0.00871
0.97672, 0.00861
0.97719, 0.00852
0.97766, 0.00842
0.97812, 0.00833
0.97857, 0.00824
0.97903, 0.00815
0.97947, 0.00806
0.97992, 0.00797
0.98036, 0.00789
0.98079, 0.00780
0.98122, 0.00771
0.98164, 0.00763
0.98206, 0.00754
0.98247, 0.00746
0.98288, 0.00738
0.98329, 0.00730
0.98369, 0.00722
0.98408, 0.00714
0.98448, 0.00706
0.98486, 0.00698
0.98524, 0.00690
0.98562, 0.00683
0.98599, 0.00675
0.98636, 0.00668
0.98672, 0.00661
0.98708, 0.00653
0.98743, 0.00646
0.98778, 0.00639
0.98812, 0.00632
0.98846, 0.00625
0.98879, 0.00619
0.98912, 0.00612
0.98944, 0.00605
0.98976, 0.00599
0.99008, 0.00592
0.99039, 0.00586
0.99069, 0.00580
0.99099, 0.00574
0.99128, 0.00568
0.99157, 0.00562
0.99186, 0.00556
0.99214, 0.00550
0.99242, 0.00545
0.99269, 0.00539
0.99295, 0.00534
0.99321, 0.00528
0.99347, 0.00523
0.99372, 0.00518
0.99397, 0.00513
0.99421, 0.00508
0.99445, 0.00503
0.99468, 0.00498
0.99491, 0.00494
0.99513, 0.00489
0.99535, 0.00485
0.99556, 0.00480
0.99577, 0.00476
0.99597, 0.00472
0.99617, 0.00468
0.99636, 0.00464
0.99655, 0.00460
0.99673, 0.00456
0.99691, 0.00453
0.99708, 0.00449
0.99725, 0.00445
0.99742, 0.00442
0.99757, 0.00439
0.99773, 0.00436
0.99788, 0.00433
0.99802, 0.00430
0.99816, 0.00427
0.99830, 0.00424
0.99843, 0.00421
0.99855, 0.00419
0.99867, 0.00416
0.99879, 0.00414
0.99890, 0.00412
0.99900, 0.00409
0.99910, 0.00407
0.99920, 0.00405
0.99929, 0.00403
0.99937, 0.00402
0.99945, 0.00400
0.99953, 0.00398
0.99960, 0.00397
0.99967, 0.00396
0.99973, 0.00394
0.99979, 0.00393
0.99984, 0.00392
0.99988, 0.00391
0.99993, 0.00390
0.99996, 0.00390
0.99999, 0.00389
1.00002, 0.00388
1.00004, 0.00388
1.00006, 0.00387
1.00008, 0.00387
1.00012, 0.00387
1.00014, 0.00387

=== Lower Surface ===
0.00000, -0.00509
0.00005, -0.00536
0.00007, -0.00564
0.00011, -0.00592
0.00016, -0.00620
0.00021, -0.00647
0.00026, -0.00674
0.00032, -0.00702
0.00039, -0.00729
0.00046, -0.00756
0.00053, -0.00783
0.00061, -0.00810
0.00070, -0.00837
0.00079, -0.00864
0.00088, -0.00890
0.00098, -0.00917
0.00109, -0.00943
0.00120, -0.00970
0.00131, -0.00996
0.00143, -0.01022
0.00155, -0.01048
0.00168, -0.01074
0.00182, -0.01100
0.00196, -0.01126
0.00210, -0.01152
0.00225, -0.01178
0.00240, -0.01203
0.00256, -0.01229
0.00272, -0.01254
0.00289, -0.01279
0.00306, -0.01305
0.00324, -0.01330
0.00342, -0.01355
0.00361, -0.01380
0.00380, -0.01405
0.00400, -0.01429
0.00420, -0.01454
0.00441, -0.01479
0.00462, -0.01503
0.00484, -0.01528
0.00506, -0.01552
0.00529, -0.01576
0.00552, -0.01600
0.00575, -0.01624
0.00599, -0.01648
0.00624, -0.01672
0.00649, -0.01696
0.00675, -0.01720
0.00701, -0.01743
0.00727, -0.01767
0.00754, -0.01790
0.00782, -0.01813
0.00810, -0.01837
0.00838, -0.01860
0.00867, -0.01883
0.00896, -0.01906
0.00926, -0.01929
0.00956, -0.01951
0.00987, -0.01974
0.01019, -0.01997
0.01050, -0.02019
0.01083, -0.02041
0.01115, -0.02064
0.01148, -0.02086
0.01182, -0.02108
0.01216, -0.02130
0.01251, -0.02152
0.01286, -0.02174
0.01322, -0.02195
0.01358, -0.02217
0.01394, -0.02239
0.01431, -0.02260
0.01469, -0.02281
0.01507, -0.02303
0.01545, -0.02324
0.01584, -0.02345
0.01623, -0.02366
0.01663, -0.02387
0.01704, -0.02407
0.01744, -0.02428
0.01786, -0.02449
0.01827, -0.02469
0.01869, -0.02489
0.01912, -0.02510
0.01955, -0.02530
0.01999, -0.02550
0.02043, -0.02570
0.02087, -0.02590
0.02132, -0.02610
0.02178, -0.02629
0.02224, -0.02649
0.02270, -0.02668
0.02317, -0.02688
0.02364, -0.02707
0.02412, -0.02726
0.02460, -0.02745
0.02509, -0.02764
0.02558, -0.02783
0.02608, -0.02802
0.02658, -0.02821
0.02709, -0.02839
0.02760, -0.02858
0.02811, -0.02876
0.02863, -0.02895
0.02915, -0.02913
0.02968, -0.02931
0.03022, -0.02949
0.03075, -0.02967
0.03129, -0.02985
0.03184, -0.03003
0.03239, -0.03020
0.03295, -0.03038
0.03351, -0.03055
0.03407, -0.03072
0.03464, -0.03090
0.03522, -0.03107
0.03579, -0.03124
0.03638, -0.03141
0.03696, -0.03157
0.03756, -0.03174
0.03815, -0.03191
0.03875, -0.03207
0.03936, -0.03224
0.03997, -0.03240
0.04058, -0.03256
0.04120, -0.03272
0.04182, -0.03288
0.04245, -0.03304
0.04308, -0.03320
0.04372, -0.03336
0.04436, -0.03351
0.04501, -0.03367
0.04565, -0.03382
0.04631, -0.03397
0.04697, -0.03413
0.04763, -0.03428
0.04830, -0.03443
0.04897, -0.03457
0.04964, -0.03472
0.05032, -0.03487
0.05101, -0.03501
0.05170, -0.03516
0.05239, -0.03530
0.05309, -0.03544
0.05379, -0.03559
0.05449, -0.03573
0.05520, -0.03587
0.05592, -0.03600
0.05664, -0.03614
0.05736, -0.03628
0.05809, -0.03641
0.05882, -0.03655
0.05956, -0.03668
0.06030, -0.03681
0.06104, -0.03694
0.06179, -0.03707
0.06254, -0.03720
0.06330, -0.03733
0.06406, -0.03746
0.06483, -0.03758
0.06559, -0.03771
0.06637, -0.03783
0.06715, -0.03795
0.06793, -0.03807
0.06871, -0.03820
0.06951, -0.03831
0.07030, -0.03843
0.07110, -0.03855
0.07190, -0.03867
0.07271, -0.03878
0.07352, -0.03890
0.07433, -0.03901
0.07515, -0.03912
0.07598, -0.03923
0.07680, -0.03934
0.07764, -0.03945
0.07847, -0.03956
0.07931, -0.03967
0.08015, -0.03977
0.08100, -0.03988
0.08185, -0.03998
0.08271, -0.04008
0.08357, -0.04018
0.08443, -0.04028
0.08530, -0.04038
0.08617, -0.04048
0.08705, -0.04058
0.08792, -0.04068
0.08881, -0.04077
0.08970, -0.04086
0.09059, -0.04096
0.09148, -0.04105
0.09238, -0.04114
0.09328, -0.04123
0.09419, -0.04132
0.09510, -0.04141
0.09602, -0.04149
0.09693, -0.04158
0.09786, -0.04166
0.09878, -0.04175
0.09971, -0.04183
0.10065, -0.04191
0.10158, -0.04199
0.10252, -0.04207
0.10347, -0.04215
0.10442, -0.04223
0.10537, -0.04230
0.10633, -0.04238
0.10729, -0.04245
0.10825, -0.04252
0.10922, -0.04260
0.11019, -0.04267
0.11116, -0.04274
0.11214, -0.04281
0.11313, -0.04287
0.11411, -0.04294
0.11510, -0.04301
0.11610, -0.04307
0.11709, -0.04313
0.11809, -0.04320
0.11910, -0.04326
0.12011, -0.04332
0.12112, -0.04338
0.12213, -0.04344
0.12315, -0.04350
0.12417, -0.04355
0.12520, -0.04361
0.12623, -0.04366
0.12726, -0.04371
0.12830, -0.04377
0.12934, -0.04382
0.13038, -0.04387
0.13143, -0.04392
0.13248, -0.04397
0.13353, -0.04401
0.13459, -0.04406
0.13565, -0.04410
0.13672, -0.04415
0.13779, -0.04419
0.13886, -0.04423
0.13993, -0.04427
0.14101, -0.04432
0.14209, -0.04435
0.14318, -0.04439
0.14427, -0.04443
0.14536, -0.04447
0.14645, -0.04450
0.14755, -0.04453
0.14865, -0.04457
0.14976, -0.04460
0.15087, -0.04463
0.15198, -0.04466
0.15310, -0.04469
0.15422, -0.04472
0.15534, -0.04475
0.15646, -0.04477
0.15759, -0.04480
0.15873, -0.04482
0.15986, -0.04484
0.16100, -0.04487
0.16214, -0.04489
0.16329, -0.04491
0.16444, -0.04493
0.16559, -0.04494
0.16674, -0.04496
0.16790, -0.04498
0.16906, -0.04499
0.17023, -0.04501
0.17139, -0.04502
0.17256, -0.04503
0.17374, -0.04504
0.17492, -0.04505
0.17610, -0.04506
0.17728, -0.04507
0.17847, -0.04508
0.17966, -0.04509
0.18085, -0.04509
0.18204, -0.04510
0.18324, -0.04510
0.18445, -0.04510
0.18565, -0.04510
0.18686, -0.04510
0.18807, -0.04510
0.18928, -0.04510
0.19050, -0.04510
0.19172, -0.04510
0.19294, -0.04509
0.19417, -0.04509
0.19540, -0.04508
0.19663, -0.04507
0.19787, -0.04507
0.19910, -0.04506
0.20034, -0.04505
0.20159, -0.04504
0.20283, -0.04503
0.20408, -0.04501
0.20533, -0.04500
0.20659, -0.04499
0.20785, -0.04497
0.20911, -0.04495
0.21037, -0.04494
0.21163, -0.04492
0.21290, -0.04490
0.21417, -0.04488
0.21544, -0.04486
0.21671, -0.04484
0.21799, -0.04482
0.21927, -0.04479
0.22055, -0.04477
0.22183, -0.04475
0.22312, -0.04472
0.22441, -0.04470
0.22570, -0.04467
0.22699, -0.04464
0.22828, -0.04461
0.22958, -0.04458
0.23088, -0.04455
0.23218, -0.04452
0.23348, -0.04449
0.23479, -0.04446
0.23610, -0.04443
0.23741, -0.04440
0.23872, -0.04436
0.24003, -0.04433
0.24135, -0.04430
0.24267, -0.04426
0.24399, -0.04422
0.24531, -0.04419
0.24663, -0.04415
0.24796, -0.04411
0.24929, -0.04408
0.25062, -0.04404
0.25195, -0.04400
0.25329, -0.04396
0.25462, -0.04392
0.25596, -0.04388
0.25730, -0.04384
0.25864, -0.04380
0.25999, -0.04376
0.26133, -0.04371
0.26268, -0.04367
0.26403, -0.04363
0.26538, -0.04359
0.26674, -0.04354
0.26809, -0.04350
0.26945, -0.04346
0.27081, -0.04341
0.27217, -0.04337
0.27353, -0.04332
0.27490, -0.04328
0.27627, -0.04323
0.27764, -0.04319
0.27901, -0.04314
0.28038, -0.04309
0.28176, -0.04305
0.28314, -0.04300
0.28452, -0.04295
0.28590, -0.04290
0.28729, -0.04286
0.28868, -0.04281
0.29007, -0.04276
0.29146, -0.04271
0.29285, -0.04266
0.29425, -0.04261
0.29565, -0.04256
0.29705, -0.04251
0.29845, -0.04246
0.29986, -0.04241
0.30126, -0.04236
0.30267, -0.04231
0.30408, -0.04226
0.30550, -0.04221
0.30691, -0.04216
0.30833, -0.04210
0.30975, -0.04205
0.31117, -0.04200
0.31259, -0.04195
0.31401, -0.04189
0.31544, -0.04184
0.31687, -0.04179
0.31830, -0.04173
0.31973, -0.04168
0.32117, -0.04162
0.32260, -0.04157
0.32404, -0.04152
0.32548, -0.04146
0.32692, -0.04141
0.32837, -0.04135
0.32982, -0.04129
0.33126, -0.04124
0.33272, -0.04118
0.33417, -0.04113
0.33563, -0.04107
0.33708, -0.04101
0.33854, -0.04095
0.34001, -0.04090
0.34147, -0.04084
0.34293, -0.04078
0.34440, -0.04072
0.34586, -0.04066
0.34733, -0.04060
0.34880, -0.04055
0.35027, -0.04049
0.35174, -0.04043
0.35322, -0.04037
0.35469, -0.04031
0.35617, -0.04025
0.35765, -0.04019
0.35913, -0.04013
0.36061, -0.04006
0.36209, -0.04000
0.36357, -0.03994
0.36506, -0.03988
0.36654, -0.03982
0.36803, -0.03976
0.36952, -0.03970
0.37101, -0.03963
0.37250, -0.03957
0.37399, -0.03951
0.37548, -0.03945
0.37698, -0.03938
0.37847, -0.03932
0.37997, -0.03926
0.38147, -0.03920
0.38297, -0.03913
0.38447, -0.03907
0.38598, -0.03901
0.38748, -0.03894
0.38898, -0.03888
0.39049, -0.03882
0.39200, -0.03875
0.39351, -0.03869
0.39502, -0.03862
0.39653, -0.03856
0.39804, -0.03850
0.39956, -0.03843
0.40107, -0.03837
0.40259, -0.03830
0.40411, -0.03824
0.40562, -0.03817
0.40714, -0.03811
0.40867, -0.03804
0.41019, -0.03798
0.41171, -0.03791
0.41324, -0.03785
0.41476, -0.03778
0.41629, -0.03772
0.41782, -0.03765
0.41935, -0.03759
0.42088, -0.03752
0.42241, -0.03745
0.42394, -0.03739
0.42547, -0.03732
0.42701, -0.03726
0.42854, -0.03719
0.43008, -0.03712
0.43162, -0.03705
0.43316, -0.03699
0.43470, -0.03692
0.43624, -0.03685
0.43778, -0.03679
0.43932, -0.03672
0.44086, -0.03665
0.44241, -0.03658
0.44395, -0.03651
0.44550, -0.03645
0.44705, -0.03638
0.44860, -0.03631
0.45015, -0.03624
0.45170, -0.03617
0.45325, -0.03610
0.45480, -0.03603
0.45635, -0.03596
0.45790, -0.03589
0.45946, -0.03582
0.46101, -0.03575
0.46257, -0.03568
0.46412, -0.03561
0.46568, -0.03554
0.46724, -0.03546
0.46880, -0.03539
0.47036, -0.03532
0.47191, -0.03525
0.47348, -0.03518
0.47504, -0.03510
0.47660, -0.03503
0.47816, -0.03496
0.47972, -0.03488
0.48129, -0.03481
0.48285, -0.03473
0.48441, -0.03466
0.48598, -0.03458
0.48754, -0.03451
0.48911, -0.03443
0.49067, -0.03436
0.49224, -0.03428
0.49381, -0.03420
0.49537, -0.03412
0.49694, -0.03405
0.49851, -0.03397
0.50008, -0.03389
0.50165, -0.03381
0.50321, -0.03373
0.50478, -0.03365
0.50635, -0.03357
0.50792, -0.03349
0.50949, -0.03341
0.51106, -0.03333
0.51263, -0.03325
0.51420, -0.03317
0.51577, -0.03309
0.51734, -0.03300
0.51891, -0.03292
0.52048, -0.03284
0.52205, -0.03275
0.52362, -0.03267
0.52519, -0.03259
0.52676, -0.03250
0.52833, -0.03241
0.52990, -0.03233
0.53147, -0.03224
0.53304, -0.03216
0.53461, -0.03207
0.53617, -0.03198
0.53774, -0.03189
0.53931, -0.03180
0.54088, -0.03171
0.54245, -0.03163
0.54402, -0.03154
0.54558, -0.03145
0.54715, -0.03135
0.54872, -0.03126
0.55028, -0.03117
0.55185, -0.03108
0.55341, -0.03099
0.55498, -0.03089
0.55654, -0.03080
0.55811, -0.03071
0.55967, -0.03061
0.56123, -0.03052
0.56280, -0.03042
0.56436, -0.03033
0.56592, -0.03023
0.56748, -0.03014
0.56904, -0.03004
0.57060, -0.02994
0.57216, -0.02984
0.57372, -0.02975
0.57527, -0.02965
0.57683, -0.02955
0.57839, -0.02945
0.57994, -0.02935
0.58150, -0.02925
0.58305, -0.02915
0.58460, -0.02905
0.58615, -0.02895
0.58770, -0.02885
0.58925, -0.02874
0.59080, -0.02864
0.59235, -0.02854
0.59390, -0.02843
0.59544, -0.02833
0.59699, -0.02823
0.59853, -0.02812
0.60008, -0.02802
0.60162, -0.02791
0.60316, -0.02781
0.60470, -0.02770
0.60624, -0.02760
0.60778, -0.02749
0.60931, -0.02738
0.61085, -0.02728
0.61238, -0.02717
0.61392, -0.02706
0.61545, -0.02695
0.61698, -0.02684
0.61851, -0.02674
0.62004, -0.02663
0.62157, -0.02652
0.62309, -0.02641
0.62462, -0.02630
0.62614, -0.02619
0.62766, -0.02608
0.62918, -0.02597
0.63070, -0.02586
0.63222, -0.02575
0.63374, -0.02563
0.63525, -0.02552
0.63677, -0.02541
0.63828, -0.02530
0.63979, -0.02519
0.64130, -0.02507
0.64281, -0.02496
0.64432, -0.02485
0.64582, -0.02473
0.64733, -0.02462
0.64882, -0.02451
0.65030, -0.02439
0.65170, -0.02428
0.65291, -0.02417
0.65376, -0.02405
0.65416, -0.02394
0.65437, -0.02382
0.65494, -0.02375
0.65640, -0.02380
0.65874, -0.02394
0.66146, -0.02404
0.66400, -0.02405
0.66612, -0.02399
0.66788, -0.02390
0.66946, -0.02379
0.67097, -0.02368
0.67245, -0.02357
0.67393, -0.02347
0.67541, -0.02336
0.67689, -0.02325
0.67836, -0.02314
0.67983, -0.02303
0.68130, -0.02292
0.68277, -0.02281
0.68423, -0.02270
0.68569, -0.02259
0.68715, -0.02247
0.68861, -0.02236
0.69007, -0.02225
0.69152, -0.02214
0.69298, -0.02203
0.69443, -0.02192
0.69587, -0.02181
0.69732, -0.02169
0.69876, -0.02158
0.70021, -0.02147
0.70164, -0.02136
0.70308, -0.02125
0.70452, -0.02113
0.70595, -0.02102
0.70738, -0.02091
0.70881, -0.02080
0.71023, -0.02069
0.71166, -0.02057
0.71308, -0.02046
0.71450, -0.02035
0.71591, -0.02024
0.71733, -0.02013
0.71874, -0.02001
0.72015, -0.01990
0.72156, -0.01979
0.72296, -0.01968
0.72436, -0.01957
0.72576, -0.01946
0.72716, -0.01935
0.72856, -0.01924
0.72995, -0.01912
0.73134, -0.01901
0.73273, -0.01890
0.73412, -0.01879
0.73550, -0.01868
0.73688, -0.01857
0.73826, -0.01846
0.73963, -0.01836
0.74101, -0.01825
0.74238, -0.01814
0.74375, -0.01803
0.74511, -0.01792
0.74648, -0.01781
0.74784, -0.01770
0.74920, -0.01760
0.75055, -0.01749
0.75190, -0.01738
0.75326, -0.01728
0.75460, -0.01717
0.75595, -0.01707
0.75729, -0.01696
0.75864, -0.01685
0.75997, -0.01675
0.76131, -0.01664
0.76265, -0.01654
0.76398, -0.01644
0.76531, -0.01633
0.76663, -0.01623
0.76796, -0.01613
0.76928, -0.01602
0.77060, -0.01592
0.77191, -0.01582
0.77323, -0.01572
0.77454, -0.01561
0.77585, -0.01551
0.77715, -0.01541
0.77846, -0.01531
0.77976, -0.01521
0.78105, -0.01511
0.78235, -0.01501
0.78364, -0.01491
0.78493, -0.01481
0.78622, -0.01471
0.78750, -0.01461
0.78878, -0.01451
0.79006, -0.01442
0.79134, -0.01432
0.79261, -0.01422
0.79388, -0.01412
0.79515, -0.01403
0.79642, -0.01393
0.79768, -0.01383
0.79894, -0.01374
0.80019, -0.01364
0.80145, -0.01354
0.80270, -0.01345
0.80395, -0.01335
0.80519, -0.01326
0.80643, -0.01316
0.80767, -0.01307
0.80891, -0.01298
0.81014, -0.01288
0.81137, -0.01279
0.81260, -0.01269
0.81382, -0.01260
0.81504, -0.01251
0.81626, -0.01242
0.81747, -0.01232
0.81868, -0.01223
0.81989, -0.01214
0.82110, -0.01205
0.82230, -0.01196
0.82350, -0.01187
0.82470, -0.01178
0.82589, -0.01169
0.82708, -0.01160
0.82827, -0.01151
0.82945, -0.01142
0.83063, -0.01133
0.83181, -0.01124
0.83298, -0.01115
0.83415, -0.01106
0.83532, -0.01097
0.83648, -0.01088
0.83764, -0.01080
0.83880, -0.01071
0.83995, -0.01062
0.84110, -0.01053
0.84225, -0.01045
0.84340, -0.01036
0.84454, -0.01027
0.84567, -0.01019
0.84681, -0.01010
0.84794, -0.01002
0.84906, -0.00993
0.85019, -0.00985
0.85131, -0.00976
0.85243, -0.00968
0.85354, -0.00959
0.85465, -0.00951
0.85576, -0.00943
0.85686, -0.00934
0.85796, -0.00926
0.85905, -0.00918
0.86015, -0.00909
0.86123, -0.00901
0.86232, -0.00893
0.86340, -0.00885
0.86448, -0.00877
0.86555, -0.00869
0.86662, -0.00861
0.86769, -0.00852
0.86876, -0.00844
0.86982, -0.00836
0.87087, -0.00828
0.87193, -0.00821
0.87297, -0.00813
0.87402, -0.00805
0.87506, -0.00797
0.87610, -0.00789
0.87713, -0.00781
0.87817, -0.00774
0.87919, -0.00766
0.88022, -0.00758
0.88124, -0.00750
0.88225, -0.00743
0.88326, -0.00735
0.88427, -0.00728
0.88528, -0.00720
0.88628, -0.00713
0.88727, -0.00705
0.88827, -0.00698
0.88926, -0.00690
0.89024, -0.00683
0.89122, -0.00675
0.89220, -0.00668
0.89318, -0.00661
0.89415, -0.00653
0.89511, -0.00646
0.89607, -0.00639
0.89703, -0.00632
0.89799, -0.00625
0.89894, -0.00617
0.89988, -0.00610
0.90083, -0.00603
0.90177, -0.00596
0.90270, -0.00589
0.90363, -0.00582
0.90456, -0.00575
0.90548, -0.00568
0.90640, -0.00561
0.90731, -0.00555
0.90822, -0.00548
0.90913, -0.00541
0.91003, -0.00534
0.91093, -0.00527
0.91183, -0.00521
0.91272, -0.00514
0.91360, -0.00507
0.91449, -0.00501
0.91537, -0.00494
0.91624, -0.00488
0.91711, -0.00481
0.91798, -0.00475
0.91884, -0.00468
0.91970, -0.00462
0.92055, -0.00455
0.92140, -0.00449
0.92224, -0.00443
0.92309, -0.00436
0.92392, -0.00430
0.92476, -0.00424
0.92558, -0.00418
0.92641, -0.00412
0.92723, -0.00405
0.92804, -0.00399
0.92886, -0.00393
0.92966, -0.00387
0.93047, -0.00381
0.93127, -0.00375
0.93206, -0.00369
0.93285, -0.00363
0.93364, -0.00358
0.93442, -0.00352
0.93520, -0.00346
0.93597, -0.00340
0.93674, -0.00334
0.93750, -0.00329
0.93826, -0.00323
0.93902, -0.00317
0.93977, -0.00312
0.94052, -0.00306
0.94126, -0.00301
0.94200, -0.00295
0.94273, -0.00290
0.94346, -0.00284
0.94419, -0.00279
0.94491, -0.00273
0.94563, -0.00268
0.94634, -0.00263
0.94705, -0.00257
0.94775, -0.00252
0.94845, -0.00247
0.94914, -0.00242
0.94983, -0.00237
0.95052, -0.00232
0.95120, -0.00227
0.95188, -0.00221
0.95255, -0.00216
0.95322, -0.00212
0.95388, -0.00207
0.95454, -0.00202
0.95519, -0.00197
0.95584, -0.00192
0.95649, -0.00187
0.95713, -0.00182
0.95776, -0.00178
0.95839, -0.00173
0.95902, -0.00168
0.95964, -0.00164
0.96026, -0.00159
0.96087, -0.00154
0.96148, -0.00150
0.96209, -0.00145
0.96269, -0.00141
0.96328, -0.00137
0.96387, -0.00132
0.96446, -0.00128
0.96504, -0.00123
0.96562, -0.00119
0.96619, -0.00115
0.96675, -0.00111
0.96732, -0.00107
0.96788, -0.00102
0.96843, -0.00098
0.96898, -0.00094
0.96952, -0.00090
0.97006, -0.00086
0.97060, -0.00082
0.97113, -0.00078
0.97165, -0.00074
0.97217, -0.00070
0.97269, -0.00067
0.97320, -0.00063
0.97370, -0.00059
0.97421, -0.00055
0.97470, -0.00052
0.97520, -0.00048
0.97568, -0.00044
0.97617, -0.00041
0.97665, -0.00037
0.97712, -0.00034
0.97759, -0.00030
0.97805, -0.00027
0.97851, -0.00023
0.97896, -0.00020
0.97941, -0.00017
0.97986, -0.00013
0.98030, -0.00010
0.98073, -0.00007
0.98117, -0.00004
0.98159, -0.00000
0.98201, 0.00003
0.98243, 0.00006
0.98284, 0.00009
0.98325, 0.00012
0.98365, 0.00015
0.98405, 0.00018
0.98444, 0.00021
0.98482, 0.00024
0.98521, 0.00026
0.98558, 0.00029
0.98596, 0.00032
0.98633, 0.00035
0.98669, 0.00037
0.98705, 0.00040
0.98740, 0.00043
0.98775, 0.00045
0.98809, 0.00048
0.98843, 0.00050
0.98877, 0.00053
0.98909, 0.00055
0.98942, 0.00058
0.98974, 0.00060
0.99005, 0.00062
0.99036, 0.00065
0.99067, 0.00067
0.99097, 0.00069
0.99126, 0.00071
0.99155, 0.00073
0.99184, 0.00076
0.99212, 0.00078
0.99239, 0.00080
0.99266, 0.00082
0.99293, 0.00084
0.99319, 0.00086
0.99345, 0.00088
0.99370, 0.00089
0.99394, 0.00091
0.99418, 0.00093
0.99442, 0.00095
0.99465, 0.00096
0.99488, 0.00098
0.99510, 0.00100
0.99531, 0.00101
0.99552, 0.00103
0.99573, 0.00104
0.99593, 0.00106
0.99613, 0.00107
0.99632, 0.00109
0.99651, 0.00110
0.99669, 0.00112
0.99687, 0.00113
0.99704, 0.00114
0.99720, 0.00115
0.99737, 0.00117
0.99752, 0.00118
0.99767, 0.00119
0.99782, 0.00120
0.99796, 0.00121
0.99810, 0.00122
0.99823, 0.00123
0.99836, 0.00124
0.99848, 0.00125
0.99860, 0.00126
0.99871, 0.00127
0.99882, 0.00127
0.99892, 0.00128
0.99902, 0.00129
0.99911, 0.00130
0.99920, 0.00130
0.99928, 0.00131
0.99936, 0.00131
0.99943, 0.00132
0.99950, 0.00132
0.99956, 0.00133
0.99962, 0.00133
0.99967, 0.00134
0.99972, 0.00134
0.99976, 0.00134
0.99980, 0.00135
0.99983, 0.00135
0.99986, 0.00135
0.99988, 0.00135
0.99989, 0.00135
0.99990, 0.00136
0.99987, 0.00136
0.99986, 0.00136
