airfoil_points_3554
1.000000 -0.020644
0.999748 -0.020588
0.998993 -0.020422
0.997736 -0.020145
0.995977 -0.019757
0.993719 -0.019259
0.990964 -0.018650
0.987715 -0.017931
0.983974 -0.017103
0.979746 -0.016165
0.975036 -0.015118
0.969846 -0.013963
0.964184 -0.012701
0.958054 -0.011333
0.951463 -0.009859
0.944418 -0.008281
0.936925 -0.006602
0.928992 -0.004822
0.920627 -0.002943
0.911838 -0.000969
0.902635 0.001098
0.893027 0.003255
0.883022 0.005498
0.872632 0.007824
0.861867 0.010228
0.850737 0.012705
0.839255 0.015251
0.827430 0.017860
0.815276 0.020531
0.802805 0.023264
0.790028 0.026058
0.776960 0.028916
0.763613 0.031836
0.750000 0.034821
0.736136 0.037854
0.722033 0.040899
0.707708 0.043915
0.693173 0.046862
0.678443 0.049694
0.663534 0.055182
0.648460 0.057255
0.633237 0.059068
0.617879 0.060798
0.602403 0.062449
0.586824 0.064024
0.571157 0.065522
0.555419 0.066937
0.539625 0.068265
0.523791 0.069500
0.507933 0.070636
0.492067 0.071669
0.476209 0.072601
0.460375 0.073431
0.444581 0.074166
0.428843 0.074815
0.413176 0.075387
0.397597 0.075896
0.382121 0.076355
0.366763 0.076779
0.351540 0.077179
0.336466 0.077565
0.321557 0.077942
0.306827 0.078302
0.292292 0.078650
0.277967 0.078988
0.263864 0.079318
0.250000 0.079622
0.236387 0.079850
0.223040 0.079957
0.209972 0.079905
0.197195 0.079663
0.184724 0.079212
0.172570 0.078561
0.160745 0.077722
0.149263 0.076706
0.138133 0.075525
0.127368 0.074190
0.116978 0.072711
0.106973 0.071096
0.097365 0.069351
0.088162 0.067483
0.079373 0.065498
0.071008 0.063407
0.063075 0.061215
0.055582 0.058931
0.048537 0.056564
0.041946 0.054122
0.035816 0.051613
0.030154 0.049044
0.024964 0.046425
0.020254 0.043763
0.016026 0.041065
0.012285 0.038338
0.009036 0.035589
0.006281 0.032825
0.004023 0.030053
0.002264 0.027283
0.001007 0.024534
0.000252 0.021883
0.000000 0.020134
0.000252 0.015644
0.001007 0.013056
0.002264 0.010445
0.004023 0.007885
0.006281 0.005393
0.009036 0.002974
0.012285 0.000630
0.016026 -0.001639
0.020254 -0.003833
0.024964 -0.005952
0.030154 -0.007999
0.035816 -0.009973
0.041946 -0.011878
0.048537 -0.013715
0.055582 -0.015485
0.063075 -0.017191
0.071008 -0.018836
0.079373 -0.020420
0.088162 -0.021948
0.097365 -0.023421
0.106973 -0.024841
0.116978 -0.026211
0.127368 -0.027533
0.138133 -0.028809
0.149263 -0.030047
0.160745 -0.031258
0.172570 -0.032450
0.184724 -0.033635
0.197195 -0.034826
0.209972 -0.036023
0.223040 -0.037197
0.236387 -0.038311
0.250000 -0.039325
0.263864 -0.040197
0.277967 -0.040890
0.292292 -0.041402
0.306827 -0.041736
0.321557 -0.041900
0.336466 -0.041899
0.351540 -0.041731
0.366763 -0.041406
0.382121 -0.040937
0.397597 -0.040343
0.413176 -0.039642
0.428843 -0.038854
0.444581 -0.037998
0.460375 -0.037094
0.476209 -0.036156
0.492067 -0.035198
0.507933 -0.034231
0.523791 -0.033259
0.539625 -0.032288
0.555419 -0.031320
0.571157 -0.030355
0.586824 -0.029395
0.602403 -0.028443
0.617879 -0.027506
0.633237 -0.026593
0.648460 -0.025714
0.663534 -0.027962
0.678443 -0.028058
0.693173 -0.028137
0.707708 -0.028287
0.722033 -0.028469
0.736136 -0.028650
0.750000 -0.028797
0.763613 -0.028889
0.776960 -0.028927
0.790028 -0.028920
0.802805 -0.028872
0.815276 -0.028790
0.827430 -0.028680
0.839255 -0.028547
0.850737 -0.028393
0.861867 -0.028218
0.872632 -0.028025
0.883022 -0.027812
0.893027 -0.027583
0.902635 -0.027337
0.911838 -0.027079
0.920627 -0.026809
0.928992 -0.026530
0.936925 -0.026245
0.944418 -0.025957
0.951463 -0.025668
0.958054 -0.025382
0.964184 -0.025102
0.969846 -0.024831
0.975036 -0.024572
0.979746 -0.024327
0.983974 -0.024100
0.987715 -0.023893
0.990964 -0.023709
0.993719 -0.023549
0.995977 -0.023415
0.997736 -0.023310
0.998993 -0.023233
0.999748 -0.023187
1.000000 -0.023171
