=== Airfoil Parameters ===
m = 0.02
p = 0.4
t = 0.12

=== Control Points ===
0.00000, 0.00755, 0.00755
0.06667, 0.01305, 0.00693
0.13333, 0.01695, 0.00584
0.20000, 0.01951, 0.00451
0.26667, 0.02096, 0.00318
0.66667, 0.01810, 0.00205
0.75000, 0.01440, 0.00120
0.83333, 0.01022, 0.00066
0.91667, 0.00552, 0.00035
1.00000, 0.00022, 0.00022

=== Upper Surface ===
0.00000, 0.00755
-0.00004, 0.00783
-0.00005, 0.00811
-0.00006, 0.00839
-0.00007, 0.00867
-0.00007, 0.00895
-0.00007, 0.00923
-0.00006, 0.00951
-0.00005, 0.00979
-0.00004, 0.01007
-0.00002, 0.01035
0.00001, 0.01063
0.00004, 0.01090
0.00007, 0.01118
0.00012, 0.01147
0.00016, 0.01175
0.00021, 0.01203
0.00027, 0.01231
0.00033, 0.01259
0.00039, 0.01287
0.00046, 0.01315
0.00054, 0.01343
0.00062, 0.01371
0.00071, 0.01399
0.00080, 0.01427
0.00089, 0.01455
0.00099, 0.01483
0.00110, 0.01511
0.00121, 0.01540
0.00133, 0.01568
0.00145, 0.01596
0.00157, 0.01624
0.00170, 0.01652
0.00184, 0.01680
0.00198, 0.01708
0.00213, 0.01737
0.00228, 0.01765
0.00243, 0.01793
0.00259, 0.01821
0.00276, 0.01849
0.00293, 0.01877
0.00311, 0.01906
0.00329, 0.01934
0.00347, 0.01962
0.00366, 0.01990
0.00386, 0.02018
0.00406, 0.02046
0.00427, 0.02075
0.00448, 0.02103
0.00469, 0.02131
0.00492, 0.02159
0.00514, 0.02187
0.00537, 0.02216
0.00561, 0.02244
0.00585, 0.02272
0.00610, 0.02300
0.00635, 0.02328
0.00660, 0.02357
0.00686, 0.02385
0.00713, 0.02413
0.00740, 0.02441
0.00768, 0.02469
0.00796, 0.02497
0.00824, 0.02526
0.00853, 0.02554
0.00883, 0.02582
0.00913, 0.02610
0.00944, 0.02638
0.00975, 0.02666
0.01006, 0.02694
0.01038, 0.02722
0.01071, 0.02751
0.01104, 0.02779
0.01138, 0.02807
0.01172, 0.02835
0.01206, 0.02863
0.01241, 0.02891
0.01277, 0.02919
0.01313, 0.02947
0.01349, 0.02975
0.01386, 0.03003
0.01424, 0.03031
0.01462, 0.03059
0.01501, 0.03087
0.01540, 0.03115
0.01579, 0.03143
0.01619, 0.03171
0.01660, 0.03199
0.01701, 0.03227
0.01742, 0.03254
0.01784, 0.03282
0.01826, 0.03310
0.01869, 0.03338
0.01913, 0.03366
0.01957, 0.03393
0.02001, 0.03421
0.02046, 0.03449
0.02092, 0.03477
0.02137, 0.03504
0.02184, 0.03532
0.02231, 0.03560
0.02278, 0.03587
0.02326, 0.03615
0.02374, 0.03642
0.02423, 0.03670
0.02472, 0.03697
0.02522, 0.03725
0.02573, 0.03752
0.02623, 0.03780
0.02675, 0.03807
0.02726, 0.03835
0.02779, 0.03862
0.02831, 0.03889
0.02884, 0.03916
0.02938, 0.03944
0.02992, 0.03971
0.03047, 0.03998
0.03102, 0.04025
0.03158, 0.04052
0.03214, 0.04079
0.03270, 0.04106
0.03327, 0.04133
0.03385, 0.04160
0.03443, 0.04187
0.03501, 0.04214
0.03560, 0.04241
0.03620, 0.04268
0.03680, 0.04295
0.03740, 0.04321
0.03801, 0.04348
0.03862, 0.04375
0.03924, 0.04401
0.03986, 0.04428
0.04049, 0.04454
0.04112, 0.04481
0.04176, 0.04507
0.04240, 0.04534
0.04305, 0.04560
0.04370, 0.04586
0.04435, 0.04612
0.04501, 0.04638
0.04568, 0.04665
0.04635, 0.04691
0.04702, 0.04717
0.04770, 0.04743
0.04839, 0.04769
0.04907, 0.04794
0.04977, 0.04820
0.05046, 0.04846
0.05117, 0.04872
0.05187, 0.04897
0.05258, 0.04923
0.05330, 0.04948
0.05402, 0.04974
0.05475, 0.04999
0.05548, 0.05025
0.05621, 0.05050
0.05695, 0.05075
0.05769, 0.05100
0.05844, 0.05125
0.05919, 0.05150
0.05995, 0.05175
0.06071, 0.05200
0.06148, 0.05225
0.06225, 0.05250
0.06302, 0.05275
0.06380, 0.05299
0.06459, 0.05324
0.06538, 0.05348
0.06617, 0.05373
0.06697, 0.05397
0.06777, 0.05422
0.06857, 0.05446
0.06939, 0.05470
0.07020, 0.05494
0.07102, 0.05518
0.07184, 0.05542
0.07267, 0.05566
0.07351, 0.05590
0.07434, 0.05613
0.07519, 0.05637
0.07603, 0.05661
0.07688, 0.05684
0.07774, 0.05707
0.07860, 0.05731
0.07946, 0.05754
0.08033, 0.05777
0.08120, 0.05800
0.08207, 0.05823
0.08296, 0.05846
0.08384, 0.05869
0.08473, 0.05892
0.08562, 0.05914
0.08652, 0.05937
0.08742, 0.05959
0.08833, 0.05982
0.08924, 0.06004
0.09015, 0.06026
0.09107, 0.06048
0.09200, 0.06071
0.09292, 0.06093
0.09385, 0.06114
0.09479, 0.06136
0.09573, 0.06158
0.09667, 0.06179
0.09762, 0.06201
0.09857, 0.06222
0.09953, 0.06244
0.10049, 0.06265
0.10145, 0.06286
0.10242, 0.06307
0.10340, 0.06328
0.10437, 0.06349
0.10535, 0.06370
0.10634, 0.06390
0.10733, 0.06411
0.10832, 0.06431
0.10932, 0.06451
0.11032, 0.06472
0.11132, 0.06492
0.11233, 0.06512
0.11334, 0.06532
0.11436, 0.06552
0.11538, 0.06571
0.11640, 0.06591
0.11743, 0.06611
0.11847, 0.06630
0.11950, 0.06649
0.12054, 0.06668
0.12159, 0.06688
0.12263, 0.06707
0.12369, 0.06725
0.12474, 0.06744
0.12580, 0.06763
0.12686, 0.06781
0.12793, 0.06800
0.12900, 0.06818
0.13008, 0.06836
0.13115, 0.06855
0.13224, 0.06873
0.13332, 0.06890
0.13441, 0.06908
0.13550, 0.06926
0.13660, 0.06943
0.13770, 0.06961
0.13881, 0.06978
0.13992, 0.06995
0.14103, 0.07013
0.14214, 0.07030
0.14326, 0.07046
0.14439, 0.07063
0.14551, 0.07080
0.14664, 0.07096
0.14778, 0.07113
0.14891, 0.07129
0.15006, 0.07145
0.15120, 0.07161
0.15235, 0.07177
0.15350, 0.07193
0.15466, 0.07208
0.15581, 0.07224
0.15698, 0.07239
0.15814, 0.07255
0.15931, 0.07270
0.16049, 0.07285
0.16166, 0.07300
0.16284, 0.07315
0.16403, 0.07329
0.16521, 0.07344
0.16640, 0.07358
0.16760, 0.07373
0.16879, 0.07387
0.16999, 0.07401
0.17120, 0.07415
0.17240, 0.07428
0.17362, 0.07442
0.17483, 0.07456
0.17605, 0.07469
0.17727, 0.07482
0.17849, 0.07495
0.17972, 0.07508
0.18095, 0.07521
0.18218, 0.07534
0.18342, 0.07547
0.18466, 0.07559
0.18590, 0.07571
0.18715, 0.07584
0.18840, 0.07596
0.18965, 0.07608
0.19091, 0.07619
0.19217, 0.07631
0.19343, 0.07643
0.19469, 0.07654
0.19596, 0.07665
0.19723, 0.07676
0.19851, 0.07687
0.19979, 0.07698
0.20107, 0.07709
0.20235, 0.07720
0.20363, 0.07730
0.20492, 0.07740
0.20622, 0.07751
0.20751, 0.07761
0.20881, 0.07771
0.21011, 0.07780
0.21141, 0.07790
0.21271, 0.07799
0.21402, 0.07809
0.21533, 0.07818
0.21664, 0.07827
0.21796, 0.07836
0.21928, 0.07845
0.22060, 0.07854
0.22192, 0.07862
0.22325, 0.07871
0.22458, 0.07879
0.22591, 0.07887
0.22724, 0.07895
0.22857, 0.07903
0.22991, 0.07911
0.23125, 0.07919
0.23260, 0.07926
0.23394, 0.07934
0.23529, 0.07941
0.23664, 0.07948
0.23799, 0.07955
0.23935, 0.07962
0.24070, 0.07969
0.24206, 0.07975
0.24342, 0.07982
0.24479, 0.07988
0.24615, 0.07995
0.24752, 0.08001
0.24889, 0.08007
0.25027, 0.08013
0.25164, 0.08019
0.25302, 0.08024
0.25440, 0.08030
0.25578, 0.08035
0.25716, 0.08041
0.25855, 0.08046
0.25994, 0.08051
0.26133, 0.08056
0.26272, 0.08061
0.26411, 0.08066
0.26551, 0.08070
0.26691, 0.08075
0.26831, 0.08079
0.26971, 0.08084
0.27112, 0.08088
0.27252, 0.08092
0.27393, 0.08096
0.27534, 0.08100
0.27676, 0.08104
0.27818, 0.08107
0.27959, 0.08111
0.28102, 0.08114
0.28244, 0.08118
0.28386, 0.08121
0.28529, 0.08124
0.28672, 0.08127
0.28815, 0.08130
0.28959, 0.08133
0.29102, 0.08135
0.29246, 0.08138
0.29390, 0.08140
0.29535, 0.08143
0.29679, 0.08145
0.29824, 0.08147
0.29969, 0.08149
0.30114, 0.08151
0.30259, 0.08153
0.30404, 0.08155
0.30550, 0.08156
0.30696, 0.08158
0.30842, 0.08159
0.30988, 0.08160
0.31135, 0.08161
0.31281, 0.08162
0.31428, 0.08163
0.31575, 0.08164
0.31723, 0.08165
0.31870, 0.08165
0.32018, 0.08166
0.32165, 0.08166
0.32313, 0.08167
0.32461, 0.08167
0.32610, 0.08167
0.32758, 0.08167
0.32907, 0.08166
0.33056, 0.08166
0.33205, 0.08166
0.33355, 0.08165
0.33505, 0.08165
0.33654, 0.08164
0.33805, 0.08163
0.33955, 0.08162
0.34105, 0.08161
0.34256, 0.08160
0.34407, 0.08158
0.34558, 0.08157
0.34709, 0.08155
0.34860, 0.08153
0.35012, 0.08152
0.35163, 0.08150
0.35315, 0.08147
0.35467, 0.08145
0.35619, 0.08143
0.35772, 0.08140
0.35924, 0.08138
0.36077, 0.08135
0.36230, 0.08132
0.36383, 0.08129
0.36536, 0.08126
0.36689, 0.08123
0.36842, 0.08120
0.36996, 0.08116
0.37150, 0.08113
0.37303, 0.08109
0.37457, 0.08105
0.37611, 0.08101
0.37766, 0.08097
0.37920, 0.08093
0.38074, 0.08088
0.38229, 0.08084
0.38384, 0.08079
0.38539, 0.08074
0.38694, 0.08070
0.38849, 0.08064
0.39004, 0.08059
0.39159, 0.08054
0.39315, 0.08049
0.39470, 0.08043
0.39626, 0.08038
0.39782, 0.08032
0.39937, 0.08026
0.40093, 0.08020
0.40249, 0.08014
0.40406, 0.08007
0.40562, 0.08001
0.40718, 0.07994
0.40875, 0.07988
0.41031, 0.07981
0.41188, 0.07974
0.41344, 0.07967
0.41501, 0.07960
0.41658, 0.07953
0.41815, 0.07945
0.41972, 0.07938
0.42129, 0.07930
0.42286, 0.07922
0.42443, 0.07914
0.42600, 0.07906
0.42757, 0.07898
0.42915, 0.07890
0.43072, 0.07881
0.43230, 0.07873
0.43387, 0.07864
0.43545, 0.07856
0.43702, 0.07847
0.43860, 0.07838
0.44018, 0.07829
0.44175, 0.07819
0.44333, 0.07810
0.44491, 0.07801
0.44649, 0.07791
0.44806, 0.07781
0.44964, 0.07772
0.45122, 0.07762
0.45280, 0.07752
0.45438, 0.07742
0.45596, 0.07731
0.45754, 0.07721
0.45912, 0.07711
0.46070, 0.07700
0.46228, 0.07689
0.46387, 0.07679
0.46545, 0.07668
0.46703, 0.07657
0.46861, 0.07646
0.47019, 0.07635
0.47177, 0.07623
0.47335, 0.07612
0.47493, 0.07601
0.47651, 0.07589
0.47810, 0.07577
0.47968, 0.07566
0.48126, 0.07554
0.48284, 0.07542
0.48442, 0.07530
0.48600, 0.07518
0.48758, 0.07506
0.48916, 0.07493
0.49074, 0.07481
0.49232, 0.07469
0.49390, 0.07456
0.49548, 0.07444
0.49706, 0.07431
0.49864, 0.07418
0.50022, 0.07405
0.50180, 0.07392
0.50338, 0.07379
0.50495, 0.07366
0.50653, 0.07353
0.50811, 0.07340
0.50969, 0.07326
0.51126, 0.07313
0.51284, 0.07300
0.51441, 0.07286
0.51599, 0.07273
0.51757, 0.07259
0.51914, 0.07245
0.52071, 0.07231
0.52229, 0.07218
0.52386, 0.07204
0.52543, 0.07190
0.52701, 0.07176
0.52858, 0.07162
0.53015, 0.07147
0.53172, 0.07133
0.53329, 0.07119
0.53486, 0.07105
0.53643, 0.07090
0.53800, 0.07076
0.53956, 0.07061
0.54113, 0.07047
0.54270, 0.07032
0.54426, 0.07018
0.54583, 0.07003
0.54739, 0.06988
0.54896, 0.06973
0.55052, 0.06959
0.55209, 0.06944
0.55365, 0.06929
0.55521, 0.06914
0.55677, 0.06899
0.55833, 0.06884
0.55989, 0.06869
0.56145, 0.06854
0.56300, 0.06838
0.56456, 0.06823
0.56612, 0.06808
0.56767, 0.06793
0.56923, 0.06778
0.57078, 0.06762
0.57234, 0.06747
0.57389, 0.06731
0.57544, 0.06716
0.57699, 0.06701
0.57854, 0.06685
0.58009, 0.06670
0.58164, 0.06654
0.58318, 0.06638
0.58473, 0.06623
0.58628, 0.06607
0.58782, 0.06592
0.58936, 0.06576
0.59091, 0.06560
0.59245, 0.06544
0.59399, 0.06529
0.59553, 0.06513
0.59707, 0.06497
0.59861, 0.06481
0.60014, 0.06465
0.60168, 0.06449
0.60322, 0.06434
0.60475, 0.06418
0.60628, 0.06402
0.60782, 0.06386
0.60935, 0.06370
0.61088, 0.06354
0.61241, 0.06338
0.61393, 0.06321
0.61546, 0.06305
0.61699, 0.06289
0.61851, 0.06273
0.62004, 0.06257
0.62156, 0.06241
0.62308, 0.06225
0.62460, 0.06208
0.62612, 0.06192
0.62764, 0.06176
0.62916, 0.06160
0.63067, 0.06143
0.63219, 0.06127
0.63370, 0.06111
0.63521, 0.06094
0.63672, 0.06078
0.63823, 0.06061
0.63974, 0.06045
0.64125, 0.06029
0.64276, 0.06012
0.64426, 0.05996
0.64577, 0.05979
0.64727, 0.05963
0.64877, 0.05946
0.65027, 0.05929
0.65175, 0.05913
0.65317, 0.05897
0.65446, 0.05881
0.65549, 0.05866
0.65622, 0.05853
0.65684, 0.05841
0.65778, 0.05832
0.65940, 0.05827
0.66168, 0.05823
0.66421, 0.05813
0.66655, 0.05798
0.66853, 0.05779
0.67024, 0.05759
0.67179, 0.05739
0.67330, 0.05720
0.67478, 0.05700
0.67626, 0.05680
0.67774, 0.05661
0.67921, 0.05641
0.68069, 0.05621
0.68216, 0.05601
0.68363, 0.05581
0.68509, 0.05561
0.68656, 0.05541
0.68802, 0.05521
0.68948, 0.05501
0.69094, 0.05481
0.69240, 0.05461
0.69385, 0.05441
0.69530, 0.05420
0.69675, 0.05400
0.69820, 0.05380
0.69965, 0.05360
0.70109, 0.05339
0.70253, 0.05319
0.70397, 0.05299
0.70541, 0.05278
0.70684, 0.05258
0.70827, 0.05237
0.70971, 0.05217
0.71113, 0.05196
0.71256, 0.05176
0.71398, 0.05155
0.71540, 0.05135
0.71682, 0.05114
0.71824, 0.05093
0.71965, 0.05073
0.72107, 0.05052
0.72248, 0.05031
0.72388, 0.05011
0.72529, 0.04990
0.72669, 0.04969
0.72809, 0.04949
0.72949, 0.04928
0.73088, 0.04907
0.73228, 0.04887
0.73367, 0.04866
0.73505, 0.04845
0.73644, 0.04824
0.73782, 0.04804
0.73920, 0.04783
0.74058, 0.04762
0.74196, 0.04742
0.74333, 0.04721
0.74470, 0.04700
0.74607, 0.04679
0.74743, 0.04659
0.74880, 0.04638
0.75016, 0.04617
0.75151, 0.04597
0.75287, 0.04576
0.75422, 0.04555
0.75557, 0.04534
0.75692, 0.04514
0.75827, 0.04493
0.75961, 0.04472
0.76095, 0.04452
0.76229, 0.04431
0.76362, 0.04411
0.76495, 0.04390
0.76628, 0.04369
0.76761, 0.04349
0.76894, 0.04328
0.77026, 0.04307
0.77158, 0.04287
0.77289, 0.04266
0.77421, 0.04246
0.77552, 0.04225
0.77683, 0.04205
0.77813, 0.04184
0.77944, 0.04164
0.78074, 0.04143
0.78203, 0.04123
0.78333, 0.04102
0.78462, 0.04082
0.78591, 0.04061
0.78720, 0.04041
0.78848, 0.04020
0.78976, 0.04000
0.79104, 0.03980
0.79232, 0.03959
0.79359, 0.03939
0.79486, 0.03918
0.79612, 0.03898
0.79739, 0.03878
0.79865, 0.03857
0.79991, 0.03837
0.80116, 0.03817
0.80241, 0.03797
0.80366, 0.03776
0.80491, 0.03756
0.80615, 0.03736
0.80739, 0.03716
0.80863, 0.03696
0.80986, 0.03675
0.81109, 0.03655
0.81232, 0.03635
0.81354, 0.03615
0.81477, 0.03595
0.81598, 0.03575
0.81720, 0.03555
0.81841, 0.03535
0.81962, 0.03515
0.82083, 0.03495
0.82203, 0.03475
0.82323, 0.03455
0.82443, 0.03435
0.82562, 0.03415
0.82681, 0.03395
0.82800, 0.03375
0.82918, 0.03356
0.83036, 0.03336
0.83154, 0.03316
0.83271, 0.03296
0.83388, 0.03277
0.83505, 0.03257
0.83621, 0.03237
0.83737, 0.03218
0.83853, 0.03198
0.83968, 0.03178
0.84083, 0.03159
0.84198, 0.03139
0.84312, 0.03120
0.84426, 0.03100
0.84540, 0.03081
0.84654, 0.03061
0.84767, 0.03042
0.84879, 0.03023
0.84992, 0.03003
0.85103, 0.02984
0.85215, 0.02965
0.85326, 0.02946
0.85437, 0.02926
0.85548, 0.02907
0.85658, 0.02888
0.85768, 0.02869
0.85877, 0.02850
0.85987, 0.02831
0.86095, 0.02812
0.86204, 0.02793
0.86312, 0.02774
0.86420, 0.02755
0.86527, 0.02736
0.86634, 0.02717
0.86741, 0.02699
0.86847, 0.02680
0.86953, 0.02661
0.87058, 0.02642
0.87164, 0.02624
0.87268, 0.02605
0.87373, 0.02587
0.87477, 0.02568
0.87581, 0.02550
0.87684, 0.02531
0.87787, 0.02513
0.87889, 0.02495
0.87992, 0.02476
0.88093, 0.02458
0.88195, 0.02440
0.88296, 0.02422
0.88397, 0.02404
0.88497, 0.02385
0.88597, 0.02367
0.88697, 0.02349
0.88796, 0.02332
0.88894, 0.02314
0.88993, 0.02296
0.89091, 0.02278
0.89189, 0.02260
0.89286, 0.02243
0.89383, 0.02225
0.89479, 0.02207
0.89575, 0.02190
0.89671, 0.02172
0.89766, 0.02155
0.89861, 0.02137
0.89956, 0.02120
0.90050, 0.02103
0.90143, 0.02085
0.90237, 0.02068
0.90330, 0.02051
0.90422, 0.02034
0.90514, 0.02017
0.90606, 0.02000
0.90697, 0.01983
0.90788, 0.01966
0.90879, 0.01949
0.90969, 0.01933
0.91059, 0.01916
0.91148, 0.01899
0.91237, 0.01883
0.91325, 0.01866
0.91414, 0.01850
0.91501, 0.01833
0.91588, 0.01817
0.91675, 0.01800
0.91762, 0.01784
0.91848, 0.01768
0.91933, 0.01752
0.92019, 0.01736
0.92103, 0.01720
0.92188, 0.01704
0.92272, 0.01688
0.92355, 0.01672
0.92439, 0.01656
0.92521, 0.01641
0.92604, 0.01625
0.92685, 0.01610
0.92767, 0.01594
0.92848, 0.01579
0.92929, 0.01563
0.93009, 0.01548
0.93088, 0.01533
0.93168, 0.01517
0.93247, 0.01502
0.93325, 0.01487
0.93403, 0.01472
0.93481, 0.01457
0.93558, 0.01442
0.93635, 0.01428
0.93711, 0.01413
0.93787, 0.01398
0.93863, 0.01384
0.93938, 0.01369
0.94012, 0.01355
0.94087, 0.01340
0.94160, 0.01326
0.94234, 0.01312
0.94307, 0.01298
0.94379, 0.01284
0.94451, 0.01270
0.94523, 0.01256
0.94594, 0.01242
0.94664, 0.01228
0.94735, 0.01214
0.94804, 0.01201
0.94874, 0.01187
0.94943, 0.01174
0.95011, 0.01160
0.95079, 0.01147
0.95147, 0.01134
0.95214, 0.01120
0.95281, 0.01107
0.95347, 0.01094
0.95413, 0.01081
0.95478, 0.01068
0.95543, 0.01056
0.95608, 0.01043
0.95672, 0.01030
0.95735, 0.01018
0.95798, 0.01005
0.95861, 0.00993
0.95923, 0.00980
0.95985, 0.00968
0.96047, 0.00956
0.96107, 0.00944
0.96168, 0.00932
0.96228, 0.00920
0.96287, 0.00908
0.96346, 0.00896
0.96405, 0.00884
0.96463, 0.00873
0.96521, 0.00861
0.96578, 0.00850
0.96635, 0.00838
0.96691, 0.00827
0.96747, 0.00816
0.96802, 0.00805
0.96857, 0.00794
0.96912, 0.00783
0.96966, 0.00772
0.97020, 0.00761
0.97073, 0.00751
0.97125, 0.00740
0.97177, 0.00729
0.97229, 0.00719
0.97280, 0.00709
0.97331, 0.00698
0.97382, 0.00688
0.97431, 0.00678
0.97481, 0.00668
0.97530, 0.00658
0.97578, 0.00648
0.97626, 0.00639
0.97674, 0.00629
0.97721, 0.00620
0.97767, 0.00610
0.97813, 0.00601
0.97859, 0.00591
0.97904, 0.00582
0.97949, 0.00573
0.97993, 0.00564
0.98037, 0.00555
0.98080, 0.00546
0.98123, 0.00538
0.98165, 0.00529
0.98207, 0.00520
0.98249, 0.00512
0.98290, 0.00504
0.98330, 0.00495
0.98370, 0.00487
0.98410, 0.00479
0.98449, 0.00471
0.98487, 0.00463
0.98525, 0.00455
0.98563, 0.00448
0.98600, 0.00440
0.98637, 0.00432
0.98673, 0.00425
0.98709, 0.00418
0.98744, 0.00410
0.98779, 0.00403
0.98813, 0.00396
0.98847, 0.00389
0.98880, 0.00382
0.98913, 0.00376
0.98945, 0.00369
0.98977, 0.00362
0.99008, 0.00356
0.99039, 0.00349
0.99070, 0.00343
0.99100, 0.00337
0.99129, 0.00331
0.99158, 0.00325
0.99187, 0.00319
0.99215, 0.00313
0.99242, 0.00307
0.99269, 0.00302
0.99296, 0.00296
0.99322, 0.00291
0.99348, 0.00286
0.99373, 0.00280
0.99397, 0.00275
0.99421, 0.00270
0.99445, 0.00265
0.99468, 0.00261
0.99491, 0.00256
0.99513, 0.00251
0.99535, 0.00247
0.99556, 0.00242
0.99577, 0.00238
0.99597, 0.00234
0.99617, 0.00230
0.99636, 0.00226
0.99655, 0.00222
0.99673, 0.00218
0.99691, 0.00214
0.99709, 0.00211
0.99726, 0.00207
0.99742, 0.00204
0.99758, 0.00200
0.99773, 0.00197
0.99788, 0.00194
0.99803, 0.00191
0.99817, 0.00188
0.99830, 0.00185
0.99843, 0.00183
0.99855, 0.00180
0.99867, 0.00177
0.99879, 0.00175
0.99890, 0.00173
0.99900, 0.00171
0.99911, 0.00168
0.99920, 0.00167
0.99929, 0.00165
0.99938, 0.00163
0.99946, 0.00161
0.99953, 0.00160
0.99960, 0.00158
0.99967, 0.00157
0.99973, 0.00155
0.99979, 0.00154
0.99984, 0.00153
0.99989, 0.00152
0.99993, 0.00151
0.99996, 0.00151
1.00000, 0.00150
1.00002, 0.00149
1.00005, 0.00149
1.00006, 0.00148
1.00008, 0.00148
1.00013, 0.00148
1.00014, 0.00147

=== Lower Surface ===
0.00000, 0.00755
0.00004, 0.00728
0.00007, 0.00700
0.00010, 0.00672
0.00015, 0.00644
0.00020, 0.00617
0.00025, 0.00589
0.00031, 0.00562
0.00037, 0.00535
0.00044, 0.00508
0.00051, 0.00481
0.00059, 0.00454
0.00067, 0.00427
0.00076, 0.00400
0.00085, 0.00373
0.00095, 0.00346
0.00105, 0.00320
0.00116, 0.00293
0.00127, 0.00267
0.00139, 0.00241
0.00151, 0.00215
0.00164, 0.00188
0.00177, 0.00162
0.00191, 0.00136
0.00205, 0.00110
0.00220, 0.00085
0.00235, 0.00059
0.00250, 0.00033
0.00266, 0.00008
0.00283, -0.00018
0.00300, -0.00043
0.00318, -0.00068
0.00336, -0.00094
0.00354, -0.00119
0.00373, -0.00144
0.00392, -0.00169
0.00412, -0.00193
0.00433, -0.00218
0.00454, -0.00243
0.00475, -0.00268
0.00497, -0.00292
0.00519, -0.00316
0.00542, -0.00341
0.00566, -0.00365
0.00589, -0.00389
0.00614, -0.00413
0.00638, -0.00437
0.00664, -0.00461
0.00689, -0.00485
0.00715, -0.00509
0.00742, -0.00532
0.00769, -0.00556
0.00797, -0.00579
0.00825, -0.00603
0.00853, -0.00626
0.00883, -0.00649
0.00912, -0.00673
0.00942, -0.00696
0.00972, -0.00719
0.01003, -0.00741
0.01035, -0.00764
0.01067, -0.00787
0.01099, -0.00809
0.01132, -0.00832
0.01165, -0.00854
0.01199, -0.00877
0.01233, -0.00899
0.01268, -0.00921
0.01303, -0.00943
0.01339, -0.00965
0.01375, -0.00987
0.01411, -0.01009
0.01448, -0.01031
0.01486, -0.01053
0.01524, -0.01074
0.01562, -0.01096
0.01601, -0.01117
0.01641, -0.01138
0.01680, -0.01160
0.01721, -0.01181
0.01762, -0.01202
0.01803, -0.01223
0.01844, -0.01244
0.01887, -0.01264
0.01929, -0.01285
0.01972, -0.01306
0.02016, -0.01326
0.02060, -0.01347
0.02104, -0.01367
0.02149, -0.01387
0.02195, -0.01408
0.02240, -0.01428
0.02287, -0.01448
0.02333, -0.01468
0.02381, -0.01488
0.02428, -0.01507
0.02476, -0.01527
0.02525, -0.01547
0.02574, -0.01566
0.02623, -0.01585
0.02673, -0.01605
0.02724, -0.01624
0.02775, -0.01643
0.02826, -0.01662
0.02878, -0.01681
0.02930, -0.01700
0.02982, -0.01719
0.03035, -0.01738
0.03089, -0.01756
0.03143, -0.01775
0.03197, -0.01793
0.03252, -0.01812
0.03308, -0.01830
0.03363, -0.01848
0.03419, -0.01866
0.03476, -0.01884
0.03533, -0.01902
0.03591, -0.01920
0.03649, -0.01938
0.03707, -0.01956
0.03766, -0.01973
0.03825, -0.01991
0.03885, -0.02008
0.03945, -0.02026
0.04006, -0.02043
0.04067, -0.02060
0.04128, -0.02077
0.04190, -0.02094
0.04253, -0.02111
0.04315, -0.02128
0.04379, -0.02145
0.04442, -0.02161
0.04506, -0.02178
0.04571, -0.02194
0.04636, -0.02211
0.04701, -0.02227
0.04767, -0.02243
0.04833, -0.02260
0.04900, -0.02276
0.04967, -0.02292
0.05035, -0.02308
0.05103, -0.02323
0.05171, -0.02339
0.05240, -0.02355
0.05309, -0.02370
0.05379, -0.02386
0.05449, -0.02401
0.05519, -0.02416
0.05590, -0.02432
0.05662, -0.02447
0.05733, -0.02462
0.05806, -0.02477
0.05878, -0.02492
0.05951, -0.02506
0.06025, -0.02521
0.06099, -0.02536
0.06173, -0.02550
0.06248, -0.02565
0.06323, -0.02579
0.06398, -0.02593
0.06474, -0.02608
0.06551, -0.02622
0.06627, -0.02636
0.06705, -0.02650
0.06782, -0.02664
0.06860, -0.02677
0.06939, -0.02691
0.07017, -0.02705
0.07097, -0.02718
0.07176, -0.02732
0.07256, -0.02745
0.07337, -0.02758
0.07418, -0.02772
0.07499, -0.02785
0.07581, -0.02798
0.07663, -0.02811
0.07745, -0.02823
0.07828, -0.02836
0.07911, -0.02849
0.07995, -0.02862
0.08079, -0.02874
0.08164, -0.02887
0.08248, -0.02899
0.08334, -0.02911
0.08419, -0.02923
0.08505, -0.02936
0.08592, -0.02948
0.08679, -0.02959
0.08766, -0.02971
0.08853, -0.02983
0.08942, -0.02995
0.09030, -0.03006
0.09119, -0.03018
0.09208, -0.03029
0.09297, -0.03041
0.09387, -0.03052
0.09478, -0.03063
0.09569, -0.03074
0.09660, -0.03085
0.09751, -0.03096
0.09843, -0.03107
0.09935, -0.03118
0.10028, -0.03129
0.10121, -0.03139
0.10214, -0.03150
0.10308, -0.03161
0.10402, -0.03171
0.10497, -0.03181
0.10592, -0.03191
0.10687, -0.03202
0.10783, -0.03212
0.10879, -0.03222
0.10975, -0.03232
0.11072, -0.03241
0.11169, -0.03251
0.11267, -0.03261
0.11365, -0.03270
0.11463, -0.03280
0.11561, -0.03289
0.11660, -0.03299
0.11760, -0.03308
0.11860, -0.03317
0.11960, -0.03326
0.12060, -0.03335
0.12161, -0.03344
0.12262, -0.03353
0.12364, -0.03362
0.12466, -0.03371
0.12568, -0.03379
0.12670, -0.03388
0.12773, -0.03396
0.12877, -0.03405
0.12980, -0.03413
0.13084, -0.03421
0.13189, -0.03429
0.13294, -0.03437
0.13399, -0.03445
0.13504, -0.03453
0.13610, -0.03461
0.13716, -0.03469
0.13823, -0.03477
0.13929, -0.03484
0.14037, -0.03492
0.14144, -0.03499
0.14252, -0.03506
0.14360, -0.03514
0.14469, -0.03521
0.14578, -0.03528
0.14687, -0.03535
0.14796, -0.03542
0.14906, -0.03549
0.15017, -0.03556
0.15127, -0.03563
0.15238, -0.03569
0.15349, -0.03576
0.15461, -0.03583
0.15573, -0.03589
0.15685, -0.03595
0.15797, -0.03602
0.15910, -0.03608
0.16023, -0.03614
0.16137, -0.03620
0.16251, -0.03626
0.16365, -0.03632
0.16479, -0.03638
0.16594, -0.03644
0.16709, -0.03649
0.16825, -0.03655
0.16940, -0.03661
0.17057, -0.03666
0.17173, -0.03672
0.17290, -0.03677
0.17407, -0.03682
0.17524, -0.03688
0.17642, -0.03693
0.17759, -0.03698
0.17878, -0.03703
0.17996, -0.03708
0.18115, -0.03713
0.18234, -0.03717
0.18354, -0.03722
0.18473, -0.03727
0.18594, -0.03731
0.18714, -0.03736
0.18835, -0.03740
0.18956, -0.03745
0.19077, -0.03749
0.19198, -0.03753
0.19320, -0.03757
0.19442, -0.03761
0.19565, -0.03766
0.19688, -0.03769
0.19811, -0.03773
0.19934, -0.03777
0.20057, -0.03781
0.20181, -0.03785
0.20306, -0.03788
0.20430, -0.03792
0.20555, -0.03795
0.20680, -0.03799
0.20805, -0.03802
0.20931, -0.03806
0.21057, -0.03809
0.21184, -0.03812
0.21310, -0.03815
0.21437, -0.03818
0.21564, -0.03821
0.21692, -0.03824
0.21820, -0.03827
0.21948, -0.03830
0.22076, -0.03832
0.22205, -0.03835
0.22334, -0.03837
0.22463, -0.03840
0.22593, -0.03842
0.22723, -0.03845
0.22853, -0.03847
0.22984, -0.03849
0.23115, -0.03851
0.23246, -0.03853
0.23377, -0.03855
0.23509, -0.03857
0.23641, -0.03859
0.23773, -0.03860
0.23905, -0.03862
0.24038, -0.03864
0.24171, -0.03865
0.24305, -0.03867
0.24438, -0.03868
0.24572, -0.03869
0.24706, -0.03870
0.24841, -0.03872
0.24976, -0.03873
0.25111, -0.03874
0.25246, -0.03874
0.25382, -0.03875
0.25517, -0.03876
0.25654, -0.03877
0.25790, -0.03877
0.25927, -0.03878
0.26064, -0.03878
0.26201, -0.03878
0.26338, -0.03879
0.26476, -0.03879
0.26614, -0.03879
0.26752, -0.03879
0.26891, -0.03879
0.27029, -0.03878
0.27168, -0.03878
0.27307, -0.03878
0.27447, -0.03877
0.27586, -0.03877
0.27726, -0.03876
0.27866, -0.03875
0.28006, -0.03875
0.28147, -0.03874
0.28288, -0.03873
0.28428, -0.03872
0.28570, -0.03871
0.28711, -0.03869
0.28852, -0.03868
0.28994, -0.03867
0.29136, -0.03865
0.29278, -0.03864
0.29420, -0.03862
0.29563, -0.03861
0.29706, -0.03859
0.29848, -0.03857
0.29992, -0.03855
0.30135, -0.03853
0.30278, -0.03851
0.30422, -0.03849
0.30566, -0.03847
0.30710, -0.03844
0.30854, -0.03842
0.30999, -0.03840
0.31143, -0.03837
0.31288, -0.03834
0.31433, -0.03832
0.31578, -0.03829
0.31723, -0.03826
0.31869, -0.03823
0.32014, -0.03820
0.32160, -0.03817
0.32306, -0.03814
0.32453, -0.03811
0.32599, -0.03808
0.32745, -0.03804
0.32892, -0.03801
0.33039, -0.03798
0.33186, -0.03794
0.33332, -0.03790
0.33479, -0.03787
0.33627, -0.03783
0.33774, -0.03779
0.33921, -0.03775
0.34069, -0.03772
0.34216, -0.03768
0.34364, -0.03764
0.34512, -0.03760
0.34660, -0.03756
0.34808, -0.03751
0.34957, -0.03747
0.35105, -0.03743
0.35254, -0.03739
0.35403, -0.03734
0.35551, -0.03730
0.35700, -0.03725
0.35849, -0.03721
0.35999, -0.03716
0.36148, -0.03712
0.36297, -0.03707
0.36447, -0.03703
0.36597, -0.03698
0.36746, -0.03693
0.36896, -0.03688
0.37046, -0.03684
0.37196, -0.03679
0.37347, -0.03674
0.37497, -0.03669
0.37648, -0.03664
0.37798, -0.03659
0.37949, -0.03654
0.38100, -0.03649
0.38251, -0.03644
0.38402, -0.03639
0.38553, -0.03633
0.38704, -0.03628
0.38855, -0.03623
0.39007, -0.03618
0.39158, -0.03612
0.39310, -0.03607
0.39462, -0.03602
0.39614, -0.03596
0.39766, -0.03591
0.39918, -0.03586
0.40070, -0.03580
0.40222, -0.03575
0.40375, -0.03569
0.40527, -0.03564
0.40680, -0.03558
0.40832, -0.03552
0.40985, -0.03547
0.41138, -0.03541
0.41291, -0.03536
0.41444, -0.03530
0.41597, -0.03524
0.41750, -0.03518
0.41904, -0.03513
0.42057, -0.03507
0.42211, -0.03501
0.42364, -0.03495
0.42518, -0.03489
0.42672, -0.03484
0.42826, -0.03478
0.42979, -0.03472
0.43133, -0.03466
0.43288, -0.03460
0.43442, -0.03454
0.43596, -0.03448
0.43750, -0.03442
0.43905, -0.03436
0.44059, -0.03430
0.44214, -0.03424
0.44369, -0.03418
0.44523, -0.03412
0.44678, -0.03406
0.44833, -0.03399
0.44988, -0.03393
0.45143, -0.03387
0.45298, -0.03381
0.45453, -0.03375
0.45608, -0.03368
0.45764, -0.03362
0.45919, -0.03356
0.46075, -0.03350
0.46230, -0.03343
0.46386, -0.03337
0.46541, -0.03330
0.46697, -0.03324
0.46853, -0.03318
0.47008, -0.03311
0.47164, -0.03305
0.47320, -0.03298
0.47476, -0.03292
0.47632, -0.03285
0.47788, -0.03279
0.47944, -0.03272
0.48100, -0.03265
0.48257, -0.03259
0.48413, -0.03252
0.48569, -0.03245
0.48726, -0.03239
0.48882, -0.03232
0.49038, -0.03225
0.49195, -0.03218
0.49351, -0.03212
0.49508, -0.03205
0.49664, -0.03198
0.49821, -0.03191
0.49978, -0.03184
0.50134, -0.03177
0.50291, -0.03170
0.50448, -0.03163
0.50604, -0.03156
0.50761, -0.03149
0.50918, -0.03142
0.51074, -0.03134
0.51231, -0.03127
0.51388, -0.03120
0.51545, -0.03113
0.51702, -0.03106
0.51859, -0.03098
0.52015, -0.03091
0.52172, -0.03083
0.52329, -0.03076
0.52486, -0.03069
0.52643, -0.03061
0.52800, -0.03053
0.52956, -0.03046
0.53113, -0.03038
0.53270, -0.03031
0.53427, -0.03023
0.53584, -0.03015
0.53741, -0.03007
0.53897, -0.03000
0.54054, -0.02992
0.54211, -0.02984
0.54368, -0.02976
0.54524, -0.02968
0.54681, -0.02960
0.54837, -0.02952
0.54994, -0.02944
0.55151, -0.02936
0.55307, -0.02928
0.55464, -0.02919
0.55620, -0.02911
0.55777, -0.02903
0.55933, -0.02895
0.56089, -0.02886
0.56246, -0.02878
0.56402, -0.02869
0.56558, -0.02861
0.56714, -0.02852
0.56870, -0.02844
0.57026, -0.02835
0.57182, -0.02827
0.57338, -0.02818
0.57494, -0.02809
0.57650, -0.02800
0.57805, -0.02791
0.57961, -0.02783
0.58117, -0.02774
0.58272, -0.02765
0.58427, -0.02756
0.58583, -0.02747
0.58738, -0.02738
0.58893, -0.02728
0.59048, -0.02719
0.59203, -0.02710
0.59358, -0.02701
0.59513, -0.02692
0.59668, -0.02682
0.59822, -0.02673
0.59977, -0.02663
0.60131, -0.02654
0.60285, -0.02644
0.60440, -0.02635
0.60594, -0.02625
0.60748, -0.02616
0.60901, -0.02606
0.61055, -0.02596
0.61209, -0.02587
0.61362, -0.02577
0.61516, -0.02567
0.61669, -0.02557
0.61822, -0.02548
0.61975, -0.02538
0.62128, -0.02528
0.62281, -0.02518
0.62433, -0.02508
0.62586, -0.02498
0.62738, -0.02488
0.62891, -0.02478
0.63043, -0.02468
0.63195, -0.02457
0.63346, -0.02447
0.63498, -0.02437
0.63650, -0.02427
0.63801, -0.02417
0.63952, -0.02406
0.64103, -0.02396
0.64254, -0.02386
0.64405, -0.02375
0.64555, -0.02365
0.64706, -0.02355
0.64857, -0.02344
0.65008, -0.02334
0.65165, -0.02324
0.65336, -0.02313
0.65532, -0.02301
0.65758, -0.02286
0.65994, -0.02266
0.66199, -0.02243
0.66334, -0.02221
0.66404, -0.02204
0.66448, -0.02190
0.66511, -0.02177
0.66609, -0.02166
0.66735, -0.02157
0.66875, -0.02148
0.67020, -0.02140
0.67167, -0.02132
0.67314, -0.02124
0.67460, -0.02116
0.67607, -0.02109
0.67754, -0.02101
0.67900, -0.02093
0.68046, -0.02085
0.68192, -0.02077
0.68338, -0.02069
0.68484, -0.02061
0.68629, -0.02054
0.68775, -0.02046
0.68920, -0.02038
0.69065, -0.02030
0.69210, -0.02022
0.69354, -0.02015
0.69499, -0.02007
0.69643, -0.01999
0.69788, -0.01992
0.69932, -0.01984
0.70075, -0.01976
0.70219, -0.01968
0.70363, -0.01961
0.70506, -0.01953
0.70649, -0.01945
0.70792, -0.01938
0.70935, -0.01930
0.71077, -0.01922
0.71220, -0.01915
0.71362, -0.01907
0.71504, -0.01900
0.71645, -0.01892
0.71787, -0.01884
0.71928, -0.01877
0.72070, -0.01869
0.72211, -0.01861
0.72351, -0.01854
0.72492, -0.01846
0.72632, -0.01839
0.72772, -0.01831
0.72912, -0.01823
0.73052, -0.01816
0.73192, -0.01808
0.73331, -0.01801
0.73470, -0.01793
0.73609, -0.01785
0.73748, -0.01778
0.73886, -0.01770
0.74024, -0.01763
0.74162, -0.01755
0.74300, -0.01747
0.74437, -0.01740
0.74575, -0.01732
0.74712, -0.01724
0.74849, -0.01717
0.74985, -0.01709
0.75121, -0.01702
0.75257, -0.01694
0.75393, -0.01686
0.75529, -0.01679
0.75664, -0.01671
0.75799, -0.01663
0.75934, -0.01656
0.76069, -0.01648
0.76203, -0.01640
0.76337, -0.01633
0.76471, -0.01625
0.76604, -0.01617
0.76737, -0.01610
0.76870, -0.01602
0.77003, -0.01594
0.77135, -0.01587
0.77268, -0.01579
0.77399, -0.01571
0.77531, -0.01564
0.77662, -0.01556
0.77793, -0.01548
0.77924, -0.01541
0.78055, -0.01533
0.78185, -0.01525
0.78315, -0.01518
0.78445, -0.01510
0.78574, -0.01502
0.78703, -0.01495
0.78832, -0.01487
0.78960, -0.01480
0.79089, -0.01472
0.79216, -0.01464
0.79344, -0.01457
0.79471, -0.01449
0.79599, -0.01441
0.79725, -0.01434
0.79852, -0.01426
0.79978, -0.01419
0.80104, -0.01411
0.80229, -0.01404
0.80355, -0.01396
0.80480, -0.01388
0.80604, -0.01381
0.80729, -0.01373
0.80853, -0.01366
0.80976, -0.01358
0.81100, -0.01351
0.81223, -0.01343
0.81346, -0.01336
0.81468, -0.01328
0.81591, -0.01321
0.81712, -0.01313
0.81834, -0.01306
0.81955, -0.01299
0.82076, -0.01291
0.82197, -0.01284
0.82317, -0.01276
0.82437, -0.01269
0.82557, -0.01262
0.82676, -0.01254
0.82795, -0.01247
0.82914, -0.01240
0.83032, -0.01232
0.83150, -0.01225
0.83268, -0.01218
0.83385, -0.01210
0.83502, -0.01203
0.83619, -0.01196
0.83735, -0.01189
0.83852, -0.01181
0.83967, -0.01174
0.84083, -0.01167
0.84198, -0.01160
0.84312, -0.01153
0.84427, -0.01145
0.84541, -0.01138
0.84654, -0.01131
0.84768, -0.01124
0.84881, -0.01117
0.84993, -0.01110
0.85106, -0.01103
0.85218, -0.01096
0.85329, -0.01089
0.85441, -0.01082
0.85552, -0.01075
0.85662, -0.01068
0.85772, -0.01061
0.85882, -0.01054
0.85992, -0.01047
0.86101, -0.01040
0.86210, -0.01033
0.86318, -0.01026
0.86426, -0.01019
0.86534, -0.01012
0.86641, -0.01006
0.86748, -0.00999
0.86855, -0.00992
0.86961, -0.00985
0.87067, -0.00978
0.87173, -0.00972
0.87278, -0.00965
0.87383, -0.00958
0.87487, -0.00951
0.87591, -0.00945
0.87695, -0.00938
0.87798, -0.00931
0.87901, -0.00925
0.88004, -0.00918
0.88106, -0.00912
0.88208, -0.00905
0.88309, -0.00899
0.88410, -0.00892
0.88511, -0.00886
0.88611, -0.00879
0.88711, -0.00873
0.88811, -0.00866
0.88910, -0.00860
0.89009, -0.00853
0.89107, -0.00847
0.89205, -0.00841
0.89303, -0.00834
0.89400, -0.00828
0.89497, -0.00822
0.89593, -0.00815
0.89689, -0.00809
0.89785, -0.00803
0.89880, -0.00797
0.89975, -0.00790
0.90069, -0.00784
0.90163, -0.00778
0.90257, -0.00772
0.90350, -0.00766
0.90443, -0.00760
0.90536, -0.00754
0.90628, -0.00747
0.90719, -0.00741
0.90811, -0.00735
0.90902, -0.00729
0.90992, -0.00723
0.91082, -0.00718
0.91172, -0.00712
0.91261, -0.00706
0.91350, -0.00700
0.91438, -0.00694
0.91526, -0.00688
0.91614, -0.00682
0.91701, -0.00676
0.91788, -0.00671
0.91874, -0.00665
0.91960, -0.00659
0.92046, -0.00654
0.92131, -0.00648
0.92215, -0.00642
0.92300, -0.00637
0.92383, -0.00631
0.92467, -0.00625
0.92550, -0.00620
0.92632, -0.00614
0.92715, -0.00609
0.92796, -0.00603
0.92878, -0.00598
0.92959, -0.00592
0.93039, -0.00587
0.93119, -0.00582
0.93199, -0.00576
0.93278, -0.00571
0.93357, -0.00566
0.93435, -0.00560
0.93513, -0.00555
0.93590, -0.00550
0.93667, -0.00545
0.93744, -0.00540
0.93820, -0.00534
0.93896, -0.00529
0.93971, -0.00524
0.94046, -0.00519
0.94120, -0.00514
0.94194, -0.00509
0.94268, -0.00504
0.94341, -0.00499
0.94413, -0.00494
0.94486, -0.00489
0.94557, -0.00484
0.94629, -0.00479
0.94700, -0.00475
0.94770, -0.00470
0.94840, -0.00465
0.94909, -0.00460
0.94979, -0.00455
0.95047, -0.00451
0.95115, -0.00446
0.95183, -0.00441
0.95250, -0.00437
0.95317, -0.00432
0.95384, -0.00428
0.95450, -0.00423
0.95515, -0.00419
0.95580, -0.00414
0.95645, -0.00410
0.95709, -0.00405
0.95773, -0.00401
0.95836, -0.00397
0.95899, -0.00392
0.95961, -0.00388
0.96023, -0.00384
0.96084, -0.00379
0.96145, -0.00375
0.96206, -0.00371
0.96266, -0.00367
0.96325, -0.00363
0.96384, -0.00359
0.96443, -0.00355
0.96501, -0.00350
0.96559, -0.00346
0.96616, -0.00342
0.96673, -0.00339
0.96729, -0.00335
0.96785, -0.00331
0.96840, -0.00327
0.96895, -0.00323
0.96950, -0.00319
0.97004, -0.00315
0.97057, -0.00312
0.97110, -0.00308
0.97163, -0.00304
0.97215, -0.00301
0.97267, -0.00297
0.97318, -0.00293
0.97369, -0.00290
0.97419, -0.00286
0.97468, -0.00283
0.97518, -0.00279
0.97567, -0.00276
0.97615, -0.00273
0.97663, -0.00269
0.97710, -0.00266
0.97757, -0.00263
0.97804, -0.00259
0.97849, -0.00256
0.97895, -0.00253
0.97940, -0.00250
0.97984, -0.00247
0.98029, -0.00243
0.98072, -0.00240
0.98115, -0.00237
0.98158, -0.00234
0.98200, -0.00231
0.98242, -0.00228
0.98283, -0.00225
0.98323, -0.00223
0.98364, -0.00220
0.98403, -0.00217
0.98443, -0.00214
0.98481, -0.00211
0.98520, -0.00209
0.98557, -0.00206
0.98595, -0.00203
0.98632, -0.00201
0.98668, -0.00198
0.98704, -0.00196
0.98739, -0.00193
0.98774, -0.00191
0.98808, -0.00188
0.98842, -0.00186
0.98876, -0.00183
0.98909, -0.00181
0.98941, -0.00179
0.98973, -0.00176
0.99005, -0.00174
0.99036, -0.00172
0.99066, -0.00170
0.99096, -0.00168
0.99126, -0.00166
0.99155, -0.00163
0.99183, -0.00161
0.99211, -0.00159
0.99239, -0.00157
0.99266, -0.00156
0.99292, -0.00154
0.99318, -0.00152
0.99344, -0.00150
0.99369, -0.00148
0.99394, -0.00146
0.99418, -0.00145
0.99441, -0.00143
0.99465, -0.00141
0.99487, -0.00140
0.99509, -0.00138
0.99531, -0.00137
0.99552, -0.00135
0.99573, -0.00134
0.99593, -0.00132
0.99613, -0.00131
0.99632, -0.00129
0.99650, -0.00128
0.99669, -0.00127
0.99686, -0.00125
0.99703, -0.00124
0.99720, -0.00123
0.99736, -0.00122
0.99752, -0.00121
0.99767, -0.00120
0.99782, -0.00119
0.99796, -0.00117
0.99810, -0.00117
0.99823, -0.00116
0.99836, -0.00115
0.99848, -0.00114
0.99860, -0.00113
0.99871, -0.00112
0.99882, -0.00111
0.99892, -0.00111
0.99901, -0.00110
0.99911, -0.00109
0.99919, -0.00109
0.99928, -0.00108
0.99935, -0.00107
0.99943, -0.00107
0.99949, -0.00106
0.99956, -0.00106
0.99961, -0.00106
0.99967, -0.00105
0.99971, -0.00105
0.99976, -0.00105
0.99979, -0.00104
0.99983, -0.00104
0.99985, -0.00104
0.99987, -0.00104
0.99989, -0.00104
0.99990, -0.00103
0.99987, -0.00103
0.99986, -0.00103
