=== Airfoil Parameters ===
m = 0.02
p = 0.4
t = 0.12

=== Control Points ===
0.00000, 0.00760, 0.00760
0.06667, 0.01344, 0.00733
0.13333, 0.01793, 0.00682
0.20000, 0.02110, 0.00610
0.26667, 0.02302, 0.00524
0.66667, 0.02035, 0.00430
0.75000, 0.01656, 0.00337
0.83333, 0.01210, 0.00253
0.91667, 0.00706, 0.00189
1.00000, 0.00154, 0.00154

=== Upper Surface ===
0.00000, 0.00760
-0.00004, 0.00788
-0.00005, 0.00816
-0.00006, 0.00844
-0.00007, 0.00872
-0.00007, 0.00899
-0.00007, 0.00927
-0.00007, 0.00955
-0.00006, 0.00983
-0.00004, 0.01011
-0.00002, 0.01039
0.00000, 0.01067
0.00003, 0.01095
0.00007, 0.01123
0.00011, 0.01151
0.00015, 0.01179
0.00020, 0.01207
0.00026, 0.01235
0.00032, 0.01263
0.00038, 0.01292
0.00045, 0.01320
0.00053, 0.01348
0.00061, 0.01376
0.00069, 0.01404
0.00078, 0.01432
0.00088, 0.01460
0.00098, 0.01488
0.00108, 0.01516
0.00119, 0.01545
0.00130, 0.01573
0.00142, 0.01601
0.00155, 0.01629
0.00168, 0.01657
0.00181, 0.01685
0.00195, 0.01714
0.00210, 0.01742
0.00225, 0.01770
0.00240, 0.01798
0.00256, 0.01826
0.00273, 0.01855
0.00290, 0.01883
0.00307, 0.01911
0.00325, 0.01939
0.00344, 0.01968
0.00363, 0.01996
0.00382, 0.02024
0.00402, 0.02052
0.00423, 0.02081
0.00444, 0.02109
0.00465, 0.02137
0.00487, 0.02165
0.00510, 0.02194
0.00533, 0.02222
0.00556, 0.02250
0.00580, 0.02278
0.00605, 0.02307
0.00630, 0.02335
0.00655, 0.02363
0.00681, 0.02391
0.00708, 0.02420
0.00735, 0.02448
0.00762, 0.02476
0.00790, 0.02504
0.00819, 0.02533
0.00848, 0.02561
0.00877, 0.02589
0.00907, 0.02617
0.00937, 0.02646
0.00968, 0.02674
0.01000, 0.02702
0.01032, 0.02730
0.01064, 0.02759
0.01097, 0.02787
0.01130, 0.02815
0.01164, 0.02843
0.01199, 0.02871
0.01234, 0.02900
0.01269, 0.02928
0.01305, 0.02956
0.01341, 0.02984
0.01378, 0.03012
0.01416, 0.03040
0.01453, 0.03068
0.01492, 0.03097
0.01531, 0.03125
0.01570, 0.03153
0.01610, 0.03181
0.01650, 0.03209
0.01691, 0.03237
0.01732, 0.03265
0.01774, 0.03293
0.01816, 0.03321
0.01859, 0.03349
0.01902, 0.03377
0.01946, 0.03405
0.01990, 0.03433
0.02035, 0.03461
0.02080, 0.03489
0.02126, 0.03517
0.02172, 0.03544
0.02219, 0.03572
0.02266, 0.03600
0.02314, 0.03628
0.02362, 0.03656
0.02410, 0.03683
0.02459, 0.03711
0.02509, 0.03739
0.02559, 0.03767
0.02610, 0.03794
0.02661, 0.03822
0.02712, 0.03849
0.02764, 0.03877
0.02817, 0.03905
0.02870, 0.03932
0.02923, 0.03960
0.02977, 0.03987
0.03031, 0.04015
0.03086, 0.04042
0.03142, 0.04069
0.03197, 0.04097
0.03254, 0.04124
0.03311, 0.04151
0.03368, 0.04179
0.03426, 0.04206
0.03484, 0.04233
0.03543, 0.04260
0.03602, 0.04287
0.03661, 0.04314
0.03721, 0.04341
0.03782, 0.04369
0.03843, 0.04395
0.03905, 0.04422
0.03967, 0.04449
0.04029, 0.04476
0.04092, 0.04503
0.04155, 0.04530
0.04219, 0.04557
0.04284, 0.04583
0.04349, 0.04610
0.04414, 0.04637
0.04480, 0.04663
0.04546, 0.04690
0.04613, 0.04716
0.04680, 0.04743
0.04747, 0.04769
0.04815, 0.04795
0.04884, 0.04822
0.04953, 0.04848
0.05022, 0.04874
0.05092, 0.04900
0.05163, 0.04926
0.05234, 0.04952
0.05305, 0.04978
0.05377, 0.05004
0.05449, 0.05030
0.05522, 0.05056
0.05595, 0.05082
0.05668, 0.05108
0.05742, 0.05133
0.05817, 0.05159
0.05892, 0.05184
0.05967, 0.05210
0.06043, 0.05235
0.06119, 0.05261
0.06196, 0.05286
0.06273, 0.05311
0.06351, 0.05337
0.06429, 0.05362
0.06508, 0.05387
0.06587, 0.05412
0.06666, 0.05437
0.06746, 0.05462
0.06826, 0.05487
0.06907, 0.05511
0.06988, 0.05536
0.07070, 0.05561
0.07152, 0.05585
0.07235, 0.05610
0.07318, 0.05634
0.07401, 0.05658
0.07485, 0.05683
0.07569, 0.05707
0.07654, 0.05731
0.07739, 0.05755
0.07825, 0.05779
0.07911, 0.05803
0.07997, 0.05827
0.08084, 0.05851
0.08171, 0.05874
0.08259, 0.05898
0.08347, 0.05922
0.08436, 0.05945
0.08525, 0.05969
0.08614, 0.05992
0.08704, 0.06015
0.08795, 0.06038
0.08885, 0.06061
0.08977, 0.06084
0.09068, 0.06107
0.09160, 0.06130
0.09253, 0.06153
0.09345, 0.06175
0.09439, 0.06198
0.09532, 0.06221
0.09627, 0.06243
0.09721, 0.06265
0.09816, 0.06288
0.09911, 0.06310
0.10007, 0.06332
0.10103, 0.06354
0.10200, 0.06376
0.10297, 0.06397
0.10394, 0.06419
0.10492, 0.06441
0.10590, 0.06462
0.10689, 0.06484
0.10788, 0.06505
0.10887, 0.06526
0.10987, 0.06547
0.11087, 0.06568
0.11188, 0.06589
0.11289, 0.06610
0.11390, 0.06631
0.11492, 0.06652
0.11594, 0.06672
0.11697, 0.06693
0.11800, 0.06713
0.11903, 0.06733
0.12007, 0.06754
0.12111, 0.06774
0.12216, 0.06794
0.12321, 0.06813
0.12426, 0.06833
0.12532, 0.06853
0.12638, 0.06872
0.12745, 0.06892
0.12852, 0.06911
0.12959, 0.06930
0.13066, 0.06950
0.13175, 0.06969
0.13283, 0.06988
0.13392, 0.07006
0.13501, 0.07025
0.13610, 0.07044
0.13720, 0.07062
0.13831, 0.07081
0.13941, 0.07099
0.14052, 0.07117
0.14164, 0.07135
0.14276, 0.07153
0.14388, 0.07171
0.14500, 0.07188
0.14613, 0.07206
0.14727, 0.07224
0.14840, 0.07241
0.14954, 0.07258
0.15069, 0.07275
0.15184, 0.07292
0.15299, 0.07309
0.15414, 0.07326
0.15530, 0.07343
0.15646, 0.07359
0.15763, 0.07375
0.15880, 0.07392
0.15997, 0.07408
0.16115, 0.07424
0.16233, 0.07440
0.16351, 0.07456
0.16470, 0.07471
0.16589, 0.07487
0.16708, 0.07502
0.16828, 0.07518
0.16948, 0.07533
0.17068, 0.07548
0.17189, 0.07563
0.17310, 0.07578
0.17432, 0.07592
0.17553, 0.07607
0.17675, 0.07621
0.17798, 0.07635
0.17921, 0.07649
0.18044, 0.07663
0.18167, 0.07677
0.18291, 0.07691
0.18415, 0.07705
0.18540, 0.07718
0.18665, 0.07731
0.18790, 0.07745
0.18915, 0.07758
0.19041, 0.07771
0.19167, 0.07783
0.19294, 0.07796
0.19420, 0.07809
0.19547, 0.07821
0.19675, 0.07833
0.19802, 0.07845
0.19930, 0.07857
0.20059, 0.07869
0.20187, 0.07881
0.20316, 0.07892
0.20445, 0.07903
0.20575, 0.07915
0.20704, 0.07926
0.20834, 0.07937
0.20965, 0.07948
0.21095, 0.07958
0.21226, 0.07969
0.21357, 0.07979
0.21488, 0.07989
0.21620, 0.08000
0.21752, 0.08010
0.21884, 0.08019
0.22016, 0.08029
0.22149, 0.08039
0.22281, 0.08048
0.22415, 0.08057
0.22548, 0.08067
0.22681, 0.08076
0.22815, 0.08085
0.22949, 0.08093
0.23084, 0.08102
0.23218, 0.08110
0.23353, 0.08119
0.23488, 0.08127
0.23624, 0.08135
0.23759, 0.08143
0.23895, 0.08151
0.24031, 0.08159
0.24167, 0.08166
0.24304, 0.08174
0.24440, 0.08181
0.24577, 0.08188
0.24715, 0.08195
0.24852, 0.08202
0.24990, 0.08209
0.25127, 0.08216
0.25265, 0.08222
0.25404, 0.08228
0.25542, 0.08235
0.25681, 0.08241
0.25820, 0.08247
0.25959, 0.08253
0.26098, 0.08259
0.26238, 0.08264
0.26378, 0.08270
0.26518, 0.08275
0.26658, 0.08281
0.26798, 0.08286
0.26939, 0.08291
0.27080, 0.08296
0.27221, 0.08301
0.27362, 0.08306
0.27504, 0.08310
0.27645, 0.08315
0.27787, 0.08319
0.27930, 0.08324
0.28072, 0.08328
0.28215, 0.08332
0.28358, 0.08336
0.28501, 0.08339
0.28644, 0.08343
0.28788, 0.08347
0.28932, 0.08350
0.29075, 0.08354
0.29220, 0.08357
0.29364, 0.08360
0.29509, 0.08363
0.29653, 0.08366
0.29798, 0.08368
0.29944, 0.08371
0.30089, 0.08374
0.30235, 0.08376
0.30381, 0.08378
0.30527, 0.08380
0.30673, 0.08382
0.30819, 0.08384
0.30966, 0.08386
0.31113, 0.08388
0.31260, 0.08389
0.31407, 0.08391
0.31554, 0.08392
0.31702, 0.08393
0.31849, 0.08395
0.31997, 0.08396
0.32145, 0.08396
0.32294, 0.08397
0.32442, 0.08398
0.32591, 0.08398
0.32740, 0.08399
0.32889, 0.08399
0.33039, 0.08399
0.33189, 0.08399
0.33339, 0.08399
0.33490, 0.08399
0.33640, 0.08398
0.33791, 0.08398
0.33943, 0.08397
0.34094, 0.08396
0.34245, 0.08395
0.34397, 0.08394
0.34549, 0.08393
0.34701, 0.08392
0.34853, 0.08390
0.35006, 0.08389
0.35158, 0.08387
0.35311, 0.08385
0.35464, 0.08383
0.35617, 0.08380
0.35770, 0.08378
0.35923, 0.08375
0.36077, 0.08373
0.36231, 0.08370
0.36384, 0.08367
0.36538, 0.08364
0.36692, 0.08360
0.36847, 0.08357
0.37001, 0.08353
0.37156, 0.08350
0.37310, 0.08346
0.37465, 0.08342
0.37620, 0.08337
0.37775, 0.08333
0.37930, 0.08329
0.38085, 0.08324
0.38241, 0.08319
0.38396, 0.08314
0.38552, 0.08309
0.38708, 0.08304
0.38864, 0.08298
0.39020, 0.08293
0.39176, 0.08287
0.39332, 0.08281
0.39488, 0.08275
0.39644, 0.08269
0.39801, 0.08263
0.39957, 0.08257
0.40114, 0.08250
0.40271, 0.08243
0.40428, 0.08236
0.40584, 0.08229
0.40741, 0.08222
0.40898, 0.08215
0.41056, 0.08207
0.41213, 0.08200
0.41370, 0.08192
0.41527, 0.08184
0.41685, 0.08176
0.41842, 0.08168
0.42000, 0.08160
0.42157, 0.08151
0.42315, 0.08143
0.42473, 0.08134
0.42630, 0.08125
0.42788, 0.08116
0.42946, 0.08107
0.43104, 0.08098
0.43262, 0.08088
0.43420, 0.08079
0.43578, 0.08069
0.43736, 0.08059
0.43894, 0.08049
0.44052, 0.08039
0.44210, 0.08029
0.44368, 0.08019
0.44526, 0.08008
0.44684, 0.07998
0.44843, 0.07987
0.45001, 0.07976
0.45159, 0.07965
0.45317, 0.07954
0.45476, 0.07943
0.45634, 0.07932
0.45792, 0.07920
0.45951, 0.07909
0.46109, 0.07897
0.46267, 0.07886
0.46425, 0.07874
0.46584, 0.07862
0.46742, 0.07850
0.46900, 0.07837
0.47059, 0.07825
0.47217, 0.07813
0.47375, 0.07800
0.47533, 0.07788
0.47692, 0.07775
0.47850, 0.07762
0.48008, 0.07749
0.48166, 0.07736
0.48324, 0.07723
0.48482, 0.07710
0.48641, 0.07697
0.48799, 0.07683
0.48957, 0.07670
0.49115, 0.07656
0.49273, 0.07643
0.49431, 0.07629
0.49589, 0.07615
0.49746, 0.07601
0.49904, 0.07587
0.50062, 0.07573
0.50220, 0.07559
0.50378, 0.07545
0.50535, 0.07530
0.50693, 0.07516
0.50851, 0.07502
0.51008, 0.07487
0.51166, 0.07473
0.51323, 0.07458
0.51481, 0.07443
0.51638, 0.07429
0.51795, 0.07414
0.51953, 0.07399
0.52110, 0.07384
0.52267, 0.07369
0.52424, 0.07354
0.52581, 0.07339
0.52738, 0.07323
0.52895, 0.07308
0.53052, 0.07293
0.53209, 0.07278
0.53365, 0.07262
0.53522, 0.07247
0.53679, 0.07231
0.53835, 0.07216
0.53992, 0.07200
0.54148, 0.07185
0.54305, 0.07169
0.54461, 0.07153
0.54617, 0.07137
0.54773, 0.07122
0.54929, 0.07106
0.55085, 0.07090
0.55241, 0.07074
0.55397, 0.07058
0.55553, 0.07042
0.55708, 0.07026
0.55864, 0.07010
0.56020, 0.06994
0.56175, 0.06978
0.56330, 0.06962
0.56486, 0.06946
0.56641, 0.06930
0.56796, 0.06914
0.56951, 0.06897
0.57106, 0.06881
0.57261, 0.06865
0.57416, 0.06849
0.57570, 0.06832
0.57725, 0.06816
0.57880, 0.06800
0.58034, 0.06783
0.58189, 0.06767
0.58343, 0.06751
0.58497, 0.06734
0.58651, 0.06718
0.58805, 0.06701
0.58959, 0.06685
0.59113, 0.06668
0.59267, 0.06652
0.59420, 0.06636
0.59574, 0.06619
0.59727, 0.06603
0.59881, 0.06586
0.60034, 0.06570
0.60187, 0.06553
0.60340, 0.06537
0.60493, 0.06520
0.60646, 0.06503
0.60799, 0.06487
0.60951, 0.06470
0.61104, 0.06454
0.61256, 0.06437
0.61409, 0.06421
0.61561, 0.06404
0.61713, 0.06387
0.61865, 0.06371
0.62017, 0.06354
0.62169, 0.06338
0.62320, 0.06321
0.62472, 0.06304
0.62624, 0.06288
0.62775, 0.06271
0.62926, 0.06254
0.63077, 0.06238
0.63228, 0.06221
0.63379, 0.06204
0.63530, 0.06188
0.63681, 0.06171
0.63831, 0.06154
0.63982, 0.06138
0.64132, 0.06121
0.64282, 0.06104
0.64432, 0.06088
0.64582, 0.06071
0.64732, 0.06054
0.64882, 0.06037
0.65030, 0.06021
0.65174, 0.06004
0.65300, 0.05988
0.65383, 0.05974
0.65382, 0.05959
0.65283, 0.05938
0.65148, 0.05906
0.65110, 0.05886
0.65273, 0.05910
0.65635, 0.05967
0.66086, 0.06010
0.66490, 0.06018
0.66791, 0.06004
0.67007, 0.05985
0.67178, 0.05965
0.67332, 0.05945
0.67481, 0.05925
0.67629, 0.05905
0.67777, 0.05886
0.67924, 0.05866
0.68071, 0.05846
0.68218, 0.05826
0.68365, 0.05806
0.68512, 0.05786
0.68658, 0.05766
0.68805, 0.05745
0.68951, 0.05725
0.69097, 0.05705
0.69242, 0.05685
0.69388, 0.05664
0.69533, 0.05644
0.69678, 0.05624
0.69823, 0.05603
0.69967, 0.05583
0.70112, 0.05562
0.70256, 0.05542
0.70400, 0.05521
0.70544, 0.05501
0.70687, 0.05480
0.70831, 0.05460
0.70974, 0.05439
0.71117, 0.05418
0.71259, 0.05398
0.71402, 0.05377
0.71544, 0.05356
0.71686, 0.05336
0.71828, 0.05315
0.71969, 0.05294
0.72110, 0.05273
0.72252, 0.05253
0.72392, 0.05232
0.72533, 0.05211
0.72673, 0.05190
0.72813, 0.05169
0.72953, 0.05148
0.73093, 0.05127
0.73232, 0.05106
0.73372, 0.05085
0.73511, 0.05065
0.73649, 0.05044
0.73788, 0.05023
0.73926, 0.05002
0.74064, 0.04981
0.74202, 0.04960
0.74339, 0.04939
0.74476, 0.04918
0.74613, 0.04897
0.74750, 0.04876
0.74886, 0.04855
0.75022, 0.04834
0.75158, 0.04813
0.75294, 0.04792
0.75430, 0.04771
0.75565, 0.04750
0.75700, 0.04729
0.75834, 0.04708
0.75969, 0.04687
0.76103, 0.04666
0.76237, 0.04645
0.76370, 0.04624
0.76504, 0.04603
0.76637, 0.04582
0.76770, 0.04561
0.76902, 0.04540
0.77034, 0.04519
0.77166, 0.04498
0.77298, 0.04477
0.77430, 0.04456
0.77561, 0.04435
0.77692, 0.04414
0.77823, 0.04393
0.77953, 0.04372
0.78083, 0.04351
0.78213, 0.04330
0.78342, 0.04309
0.78472, 0.04288
0.78601, 0.04267
0.78729, 0.04246
0.78858, 0.04225
0.78986, 0.04205
0.79114, 0.04184
0.79241, 0.04163
0.79369, 0.04142
0.79496, 0.04121
0.79622, 0.04100
0.79749, 0.04080
0.79875, 0.04059
0.80001, 0.04038
0.80126, 0.04017
0.80251, 0.03997
0.80376, 0.03976
0.80501, 0.03955
0.80625, 0.03934
0.80749, 0.03914
0.80873, 0.03893
0.80996, 0.03872
0.81119, 0.03852
0.81242, 0.03831
0.81364, 0.03811
0.81487, 0.03790
0.81608, 0.03769
0.81730, 0.03749
0.81851, 0.03728
0.81972, 0.03708
0.82093, 0.03687
0.82213, 0.03667
0.82333, 0.03647
0.82452, 0.03626
0.82572, 0.03606
0.82691, 0.03585
0.82809, 0.03565
0.82928, 0.03545
0.83045, 0.03524
0.83163, 0.03504
0.83280, 0.03484
0.83397, 0.03464
0.83514, 0.03444
0.83630, 0.03423
0.83746, 0.03403
0.83862, 0.03383
0.83977, 0.03363
0.84092, 0.03343
0.84207, 0.03323
0.84321, 0.03303
0.84435, 0.03283
0.84549, 0.03263
0.84662, 0.03243
0.84775, 0.03223
0.84888, 0.03204
0.85000, 0.03184
0.85112, 0.03164
0.85224, 0.03144
0.85335, 0.03125
0.85446, 0.03105
0.85556, 0.03085
0.85666, 0.03066
0.85776, 0.03046
0.85886, 0.03027
0.85995, 0.03007
0.86103, 0.02988
0.86212, 0.02968
0.86320, 0.02949
0.86427, 0.02929
0.86535, 0.02910
0.86642, 0.02891
0.86748, 0.02872
0.86855, 0.02852
0.86960, 0.02833
0.87066, 0.02814
0.87171, 0.02795
0.87276, 0.02776
0.87380, 0.02757
0.87484, 0.02738
0.87588, 0.02719
0.87691, 0.02701
0.87794, 0.02682
0.87896, 0.02663
0.87999, 0.02644
0.88100, 0.02626
0.88202, 0.02607
0.88303, 0.02588
0.88403, 0.02570
0.88504, 0.02551
0.88603, 0.02533
0.88703, 0.02515
0.88802, 0.02496
0.88901, 0.02478
0.88999, 0.02460
0.89097, 0.02442
0.89195, 0.02423
0.89292, 0.02405
0.89389, 0.02387
0.89485, 0.02369
0.89581, 0.02351
0.89677, 0.02333
0.89772, 0.02316
0.89867, 0.02298
0.89961, 0.02280
0.90055, 0.02263
0.90149, 0.02245
0.90242, 0.02227
0.90335, 0.02210
0.90428, 0.02192
0.90520, 0.02175
0.90611, 0.02158
0.90703, 0.02140
0.90793, 0.02123
0.90884, 0.02106
0.90974, 0.02089
0.91064, 0.02072
0.91153, 0.02055
0.91242, 0.02038
0.91330, 0.02021
0.91418, 0.02004
0.91506, 0.01988
0.91593, 0.01971
0.91680, 0.01954
0.91766, 0.01938
0.91852, 0.01921
0.91938, 0.01905
0.92023, 0.01888
0.92108, 0.01872
0.92192, 0.01856
0.92276, 0.01840
0.92359, 0.01824
0.92442, 0.01808
0.92525, 0.01792
0.92607, 0.01776
0.92689, 0.01760
0.92771, 0.01744
0.92852, 0.01728
0.92932, 0.01713
0.93012, 0.01697
0.93092, 0.01681
0.93171, 0.01666
0.93250, 0.01651
0.93329, 0.01635
0.93407, 0.01620
0.93484, 0.01605
0.93561, 0.01590
0.93638, 0.01575
0.93714, 0.01560
0.93790, 0.01545
0.93866, 0.01530
0.93941, 0.01515
0.94015, 0.01501
0.94089, 0.01486
0.94163, 0.01472
0.94236, 0.01457
0.94309, 0.01443
0.94382, 0.01428
0.94454, 0.01414
0.94525, 0.01400
0.94596, 0.01386
0.94667, 0.01372
0.94737, 0.01358
0.94807, 0.01344
0.94876, 0.01330
0.94945, 0.01317
0.95014, 0.01303
0.95082, 0.01290
0.95149, 0.01276
0.95216, 0.01263
0.95283, 0.01249
0.95349, 0.01236
0.95415, 0.01223
0.95480, 0.01210
0.95545, 0.01197
0.95610, 0.01184
0.95674, 0.01171
0.95737, 0.01158
0.95800, 0.01146
0.95863, 0.01133
0.95925, 0.01121
0.95987, 0.01108
0.96048, 0.01096
0.96109, 0.01084
0.96170, 0.01071
0.96229, 0.01059
0.96289, 0.01047
0.96348, 0.01035
0.96407, 0.01024
0.96465, 0.01012
0.96522, 0.01000
0.96580, 0.00989
0.96636, 0.00977
0.96693, 0.00966
0.96748, 0.00954
0.96804, 0.00943
0.96859, 0.00932
0.96913, 0.00921
0.96967, 0.00910
0.97021, 0.00899
0.97074, 0.00888
0.97126, 0.00877
0.97179, 0.00867
0.97230, 0.00856
0.97282, 0.00846
0.97332, 0.00835
0.97383, 0.00825
0.97432, 0.00815
0.97482, 0.00805
0.97531, 0.00795
0.97579, 0.00785
0.97627, 0.00775
0.97675, 0.00765
0.97722, 0.00756
0.97768, 0.00746
0.97814, 0.00737
0.97860, 0.00727
0.97905, 0.00718
0.97950, 0.00709
0.97994, 0.00700
0.98038, 0.00691
0.98081, 0.00682
0.98124, 0.00673
0.98166, 0.00664
0.98208, 0.00655
0.98249, 0.00647
0.98290, 0.00639
0.98331, 0.00630
0.98371, 0.00622
0.98410, 0.00614
0.98449, 0.00606
0.98488, 0.00598
0.98526, 0.00590
0.98564, 0.00582
0.98601, 0.00574
0.98637, 0.00567
0.98673, 0.00559
0.98709, 0.00552
0.98744, 0.00544
0.98779, 0.00537
0.98813, 0.00530
0.98847, 0.00523
0.98880, 0.00516
0.98913, 0.00509
0.98946, 0.00503
0.98977, 0.00496
0.99009, 0.00489
0.99040, 0.00483
0.99070, 0.00477
0.99100, 0.00470
0.99130, 0.00464
0.99159, 0.00458
0.99187, 0.00452
0.99215, 0.00446
0.99243, 0.00441
0.99270, 0.00435
0.99296, 0.00430
0.99322, 0.00424
0.99348, 0.00419
0.99373, 0.00413
0.99398, 0.00408
0.99422, 0.00403
0.99445, 0.00398
0.99469, 0.00393
0.99491, 0.00389
0.99514, 0.00384
0.99535, 0.00380
0.99557, 0.00375
0.99577, 0.00371
0.99598, 0.00366
0.99617, 0.00362
0.99637, 0.00358
0.99655, 0.00354
0.99674, 0.00351
0.99692, 0.00347
0.99709, 0.00343
0.99726, 0.00340
0.99742, 0.00336
0.99758, 0.00333
0.99773, 0.00330
0.99788, 0.00326
0.99803, 0.00323
0.99817, 0.00320
0.99830, 0.00318
0.99843, 0.00315
0.99856, 0.00312
0.99868, 0.00310
0.99879, 0.00307
0.99890, 0.00305
0.99901, 0.00303
0.99911, 0.00301
0.99920, 0.00299
0.99929, 0.00297
0.99938, 0.00295
0.99946, 0.00293
0.99954, 0.00292
0.99961, 0.00290
0.99967, 0.00289
0.99973, 0.00288
0.99979, 0.00286
0.99984, 0.00285
0.99989, 0.00284
0.99993, 0.00283
0.99997, 0.00283
1.00000, 0.00282
1.00003, 0.00281
1.00005, 0.00281
1.00007, 0.00281
1.00008, 0.00280
1.00013, 0.00280
1.00014, 0.00280

=== Lower Surface ===
0.00000, 0.00760
0.00004, 0.00732
0.00007, 0.00704
0.00011, 0.00677
0.00015, 0.00649
0.00020, 0.00622
0.00025, 0.00594
0.00031, 0.00567
0.00038, 0.00540
0.00044, 0.00513
0.00052, 0.00485
0.00060, 0.00458
0.00068, 0.00432
0.00077, 0.00405
0.00086, 0.00378
0.00096, 0.00351
0.00107, 0.00325
0.00117, 0.00298
0.00129, 0.00272
0.00140, 0.00246
0.00153, 0.00220
0.00165, 0.00194
0.00179, 0.00167
0.00192, 0.00142
0.00207, 0.00116
0.00221, 0.00090
0.00237, 0.00064
0.00252, 0.00039
0.00268, 0.00013
0.00285, -0.00012
0.00302, -0.00038
0.00320, -0.00063
0.00338, -0.00088
0.00357, -0.00113
0.00376, -0.00138
0.00395, -0.00163
0.00415, -0.00188
0.00436, -0.00212
0.00457, -0.00237
0.00478, -0.00261
0.00500, -0.00286
0.00523, -0.00310
0.00546, -0.00335
0.00569, -0.00359
0.00593, -0.00383
0.00617, -0.00407
0.00642, -0.00431
0.00667, -0.00455
0.00693, -0.00478
0.00719, -0.00502
0.00746, -0.00526
0.00774, -0.00549
0.00801, -0.00572
0.00829, -0.00596
0.00858, -0.00619
0.00887, -0.00642
0.00917, -0.00665
0.00947, -0.00688
0.00978, -0.00711
0.01009, -0.00734
0.01040, -0.00756
0.01072, -0.00779
0.01105, -0.00801
0.01138, -0.00824
0.01171, -0.00846
0.01205, -0.00868
0.01239, -0.00891
0.01274, -0.00913
0.01309, -0.00935
0.01345, -0.00956
0.01381, -0.00978
0.01418, -0.01000
0.01455, -0.01022
0.01493, -0.01043
0.01531, -0.01064
0.01570, -0.01086
0.01609, -0.01107
0.01648, -0.01128
0.01688, -0.01149
0.01729, -0.01170
0.01770, -0.01191
0.01811, -0.01212
0.01853, -0.01233
0.01895, -0.01253
0.01938, -0.01274
0.01981, -0.01294
0.02025, -0.01315
0.02069, -0.01335
0.02114, -0.01355
0.02159, -0.01375
0.02204, -0.01395
0.02251, -0.01415
0.02297, -0.01435
0.02344, -0.01455
0.02391, -0.01474
0.02439, -0.01494
0.02487, -0.01513
0.02536, -0.01533
0.02585, -0.01552
0.02635, -0.01571
0.02685, -0.01590
0.02736, -0.01609
0.02787, -0.01628
0.02838, -0.01647
0.02890, -0.01666
0.02943, -0.01684
0.02996, -0.01703
0.03049, -0.01721
0.03103, -0.01740
0.03157, -0.01758
0.03211, -0.01776
0.03267, -0.01794
0.03322, -0.01812
0.03378, -0.01830
0.03434, -0.01848
0.03491, -0.01866
0.03549, -0.01883
0.03606, -0.01901
0.03665, -0.01918
0.03723, -0.01936
0.03782, -0.01953
0.03842, -0.01970
0.03902, -0.01987
0.03962, -0.02004
0.04023, -0.02021
0.04085, -0.02038
0.04146, -0.02055
0.04209, -0.02071
0.04271, -0.02088
0.04334, -0.02104
0.04398, -0.02121
0.04462, -0.02137
0.04526, -0.02153
0.04591, -0.02169
0.04656, -0.02185
0.04722, -0.02201
0.04788, -0.02217
0.04854, -0.02233
0.04921, -0.02248
0.04989, -0.02264
0.05056, -0.02279
0.05125, -0.02295
0.05193, -0.02310
0.05262, -0.02325
0.05332, -0.02340
0.05402, -0.02355
0.05472, -0.02370
0.05543, -0.02385
0.05614, -0.02400
0.05686, -0.02414
0.05758, -0.02429
0.05831, -0.02443
0.05903, -0.02458
0.05977, -0.02472
0.06051, -0.02486
0.06125, -0.02500
0.06199, -0.02514
0.06274, -0.02528
0.06350, -0.02542
0.06426, -0.02556
0.06502, -0.02570
0.06579, -0.02583
0.06656, -0.02597
0.06733, -0.02610
0.06811, -0.02623
0.06889, -0.02636
0.06968, -0.02650
0.07047, -0.02663
0.07127, -0.02676
0.07207, -0.02688
0.07287, -0.02701
0.07368, -0.02714
0.07449, -0.02726
0.07530, -0.02739
0.07612, -0.02751
0.07695, -0.02763
0.07778, -0.02776
0.07861, -0.02788
0.07944, -0.02800
0.08028, -0.02812
0.08113, -0.02824
0.08198, -0.02835
0.08283, -0.02847
0.08368, -0.02859
0.08454, -0.02870
0.08541, -0.02882
0.08627, -0.02893
0.08714, -0.02904
0.08802, -0.02915
0.08890, -0.02926
0.08978, -0.02937
0.09067, -0.02948
0.09156, -0.02959
0.09246, -0.02970
0.09335, -0.02980
0.09426, -0.02991
0.09516, -0.03001
0.09607, -0.03011
0.09699, -0.03022
0.09790, -0.03032
0.09883, -0.03042
0.09975, -0.03052
0.10068, -0.03062
0.10161, -0.03072
0.10255, -0.03081
0.10349, -0.03091
0.10444, -0.03101
0.10538, -0.03110
0.10634, -0.03119
0.10729, -0.03129
0.10825, -0.03138
0.10921, -0.03147
0.11018, -0.03156
0.11115, -0.03165
0.11213, -0.03174
0.11310, -0.03183
0.11409, -0.03191
0.11507, -0.03200
0.11606, -0.03208
0.11705, -0.03217
0.11805, -0.03225
0.11905, -0.03233
0.12005, -0.03242
0.12106, -0.03250
0.12207, -0.03258
0.12308, -0.03266
0.12410, -0.03273
0.12512, -0.03281
0.12615, -0.03289
0.12718, -0.03296
0.12821, -0.03304
0.12924, -0.03311
0.13028, -0.03319
0.13132, -0.03326
0.13237, -0.03333
0.13342, -0.03340
0.13447, -0.03347
0.13553, -0.03354
0.13659, -0.03361
0.13765, -0.03368
0.13872, -0.03374
0.13979, -0.03381
0.14086, -0.03387
0.14194, -0.03394
0.14302, -0.03400
0.14410, -0.03406
0.14519, -0.03413
0.14628, -0.03419
0.14737, -0.03425
0.14847, -0.03431
0.14957, -0.03436
0.15067, -0.03442
0.15178, -0.03448
0.15289, -0.03454
0.15400, -0.03459
0.15512, -0.03465
0.15624, -0.03470
0.15736, -0.03475
0.15849, -0.03481
0.15962, -0.03486
0.16075, -0.03491
0.16189, -0.03496
0.16302, -0.03501
0.16417, -0.03506
0.16531, -0.03510
0.16646, -0.03515
0.16761, -0.03520
0.16876, -0.03524
0.16992, -0.03529
0.17108, -0.03533
0.17225, -0.03538
0.17341, -0.03542
0.17458, -0.03546
0.17575, -0.03550
0.17693, -0.03554
0.17811, -0.03558
0.17929, -0.03562
0.18048, -0.03566
0.18166, -0.03570
0.18285, -0.03573
0.18405, -0.03577
0.18524, -0.03581
0.18644, -0.03584
0.18765, -0.03588
0.18885, -0.03591
0.19006, -0.03594
0.19127, -0.03598
0.19248, -0.03601
0.19370, -0.03604
0.19492, -0.03607
0.19614, -0.03610
0.19737, -0.03613
0.19860, -0.03616
0.19983, -0.03618
0.20106, -0.03621
0.20230, -0.03624
0.20354, -0.03626
0.20478, -0.03629
0.20603, -0.03631
0.20727, -0.03634
0.20853, -0.03636
0.20978, -0.03639
0.21104, -0.03641
0.21230, -0.03643
0.21356, -0.03645
0.21483, -0.03647
0.21610, -0.03649
0.21737, -0.03651
0.21865, -0.03653
0.21993, -0.03655
0.22121, -0.03656
0.22249, -0.03658
0.22378, -0.03659
0.22507, -0.03661
0.22636, -0.03662
0.22766, -0.03664
0.22896, -0.03665
0.23026, -0.03666
0.23157, -0.03668
0.23287, -0.03669
0.23418, -0.03670
0.23550, -0.03671
0.23681, -0.03672
0.23813, -0.03672
0.23946, -0.03673
0.24078, -0.03674
0.24211, -0.03674
0.24344, -0.03675
0.24477, -0.03675
0.24611, -0.03676
0.24745, -0.03676
0.24879, -0.03676
0.25013, -0.03677
0.25148, -0.03677
0.25283, -0.03677
0.25418, -0.03677
0.25554, -0.03677
0.25690, -0.03676
0.25826, -0.03676
0.25962, -0.03676
0.26098, -0.03675
0.26235, -0.03675
0.26372, -0.03674
0.26510, -0.03674
0.26647, -0.03673
0.26785, -0.03672
0.26923, -0.03671
0.27062, -0.03670
0.27200, -0.03669
0.27339, -0.03668
0.27478, -0.03667
0.27617, -0.03666
0.27757, -0.03665
0.27897, -0.03663
0.28037, -0.03662
0.28177, -0.03660
0.28317, -0.03658
0.28457, -0.03657
0.28598, -0.03655
0.28739, -0.03653
0.28880, -0.03651
0.29022, -0.03649
0.29163, -0.03647
0.29305, -0.03645
0.29447, -0.03643
0.29589, -0.03640
0.29731, -0.03638
0.29874, -0.03635
0.30017, -0.03633
0.30160, -0.03630
0.30303, -0.03628
0.30446, -0.03625
0.30590, -0.03622
0.30733, -0.03619
0.30877, -0.03616
0.31021, -0.03613
0.31166, -0.03610
0.31310, -0.03607
0.31455, -0.03604
0.31600, -0.03601
0.31745, -0.03597
0.31890, -0.03594
0.32035, -0.03591
0.32181, -0.03587
0.32326, -0.03583
0.32472, -0.03580
0.32618, -0.03576
0.32764, -0.03572
0.32910, -0.03568
0.33057, -0.03565
0.33203, -0.03561
0.33349, -0.03557
0.33495, -0.03553
0.33641, -0.03548
0.33788, -0.03544
0.33934, -0.03540
0.34081, -0.03536
0.34228, -0.03532
0.34375, -0.03528
0.34522, -0.03523
0.34669, -0.03519
0.34816, -0.03515
0.34964, -0.03510
0.35111, -0.03506
0.35259, -0.03501
0.35407, -0.03497
0.35555, -0.03492
0.35703, -0.03488
0.35851, -0.03483
0.35999, -0.03479
0.36148, -0.03474
0.36296, -0.03470
0.36445, -0.03465
0.36594, -0.03460
0.36743, -0.03456
0.36892, -0.03451
0.37041, -0.03446
0.37190, -0.03442
0.37340, -0.03437
0.37489, -0.03432
0.37639, -0.03428
0.37789, -0.03423
0.37939, -0.03418
0.38089, -0.03413
0.38239, -0.03408
0.38389, -0.03404
0.38539, -0.03399
0.38690, -0.03394
0.38841, -0.03389
0.38991, -0.03384
0.39142, -0.03379
0.39293, -0.03374
0.39444, -0.03369
0.39595, -0.03365
0.39747, -0.03360
0.39898, -0.03355
0.40049, -0.03350
0.40201, -0.03345
0.40353, -0.03340
0.40505, -0.03335
0.40656, -0.03330
0.40808, -0.03325
0.40961, -0.03320
0.41113, -0.03315
0.41265, -0.03310
0.41418, -0.03305
0.41570, -0.03300
0.41723, -0.03295
0.41876, -0.03290
0.42028, -0.03285
0.42181, -0.03280
0.42335, -0.03275
0.42488, -0.03270
0.42641, -0.03265
0.42794, -0.03260
0.42948, -0.03255
0.43101, -0.03250
0.43255, -0.03245
0.43409, -0.03240
0.43563, -0.03235
0.43716, -0.03229
0.43871, -0.03224
0.44025, -0.03219
0.44179, -0.03214
0.44333, -0.03209
0.44487, -0.03204
0.44642, -0.03199
0.44797, -0.03194
0.44951, -0.03188
0.45106, -0.03183
0.45261, -0.03178
0.45416, -0.03173
0.45571, -0.03168
0.45726, -0.03163
0.45881, -0.03157
0.46036, -0.03152
0.46191, -0.03147
0.46347, -0.03142
0.46502, -0.03136
0.46657, -0.03131
0.46813, -0.03126
0.46969, -0.03120
0.47124, -0.03115
0.47280, -0.03110
0.47436, -0.03104
0.47592, -0.03099
0.47748, -0.03094
0.47904, -0.03088
0.48060, -0.03083
0.48216, -0.03077
0.48372, -0.03072
0.48529, -0.03066
0.48685, -0.03061
0.48841, -0.03055
0.48998, -0.03049
0.49154, -0.03044
0.49311, -0.03038
0.49467, -0.03033
0.49624, -0.03027
0.49781, -0.03021
0.49937, -0.03015
0.50094, -0.03010
0.50251, -0.03004
0.50408, -0.02998
0.50564, -0.02992
0.50721, -0.02986
0.50878, -0.02980
0.51035, -0.02974
0.51192, -0.02968
0.51349, -0.02962
0.51506, -0.02956
0.51663, -0.02950
0.51820, -0.02944
0.51977, -0.02938
0.52134, -0.02931
0.52291, -0.02925
0.52448, -0.02919
0.52605, -0.02913
0.52763, -0.02906
0.52920, -0.02900
0.53077, -0.02893
0.53234, -0.02887
0.53391, -0.02880
0.53548, -0.02874
0.53705, -0.02867
0.53862, -0.02860
0.54019, -0.02853
0.54176, -0.02847
0.54334, -0.02840
0.54491, -0.02833
0.54648, -0.02826
0.54805, -0.02819
0.54962, -0.02812
0.55118, -0.02805
0.55275, -0.02798
0.55432, -0.02791
0.55589, -0.02783
0.55746, -0.02776
0.55903, -0.02769
0.56059, -0.02761
0.56216, -0.02754
0.56373, -0.02746
0.56529, -0.02739
0.56686, -0.02731
0.56842, -0.02724
0.56999, -0.02716
0.57155, -0.02708
0.57312, -0.02700
0.57468, -0.02692
0.57624, -0.02684
0.57780, -0.02676
0.57936, -0.02668
0.58092, -0.02660
0.58248, -0.02652
0.58404, -0.02644
0.58560, -0.02636
0.58715, -0.02627
0.58871, -0.02619
0.59027, -0.02611
0.59182, -0.02602
0.59337, -0.02594
0.59493, -0.02585
0.59648, -0.02576
0.59803, -0.02568
0.59958, -0.02559
0.60113, -0.02550
0.60267, -0.02541
0.60422, -0.02532
0.60577, -0.02523
0.60731, -0.02514
0.60885, -0.02505
0.61040, -0.02496
0.61194, -0.02487
0.61348, -0.02478
0.61502, -0.02468
0.61655, -0.02459
0.61809, -0.02450
0.61962, -0.02440
0.62116, -0.02431
0.62269, -0.02421
0.62422, -0.02412
0.62575, -0.02402
0.62728, -0.02393
0.62881, -0.02383
0.63033, -0.02373
0.63185, -0.02363
0.63338, -0.02353
0.63490, -0.02344
0.63642, -0.02334
0.63794, -0.02324
0.63945, -0.02314
0.64097, -0.02304
0.64248, -0.02294
0.64399, -0.02284
0.64550, -0.02273
0.64701, -0.02263
0.64853, -0.02253
0.65009, -0.02243
0.65182, -0.02232
0.65399, -0.02221
0.65699, -0.02202
0.66097, -0.02162
0.66530, -0.02089
0.66866, -0.02007
0.67001, -0.01961
0.66936, -0.01958
0.66783, -0.01963
0.66675, -0.01956
0.66671, -0.01943
0.66751, -0.01932
0.66877, -0.01923
0.67018, -0.01915
0.67164, -0.01907
0.67311, -0.01899
0.67458, -0.01891
0.67604, -0.01884
0.67751, -0.01876
0.67897, -0.01868
0.68043, -0.01860
0.68189, -0.01852
0.68335, -0.01845
0.68481, -0.01837
0.68627, -0.01829
0.68772, -0.01822
0.68917, -0.01814
0.69062, -0.01806
0.69207, -0.01799
0.69352, -0.01791
0.69496, -0.01783
0.69641, -0.01776
0.69785, -0.01768
0.69929, -0.01761
0.70072, -0.01753
0.70216, -0.01745
0.70359, -0.01738
0.70503, -0.01730
0.70646, -0.01723
0.70789, -0.01715
0.70931, -0.01708
0.71074, -0.01700
0.71216, -0.01693
0.71358, -0.01685
0.71500, -0.01678
0.71642, -0.01670
0.71783, -0.01663
0.71924, -0.01655
0.72065, -0.01648
0.72206, -0.01640
0.72347, -0.01633
0.72487, -0.01625
0.72628, -0.01618
0.72768, -0.01611
0.72908, -0.01603
0.73047, -0.01596
0.73187, -0.01588
0.73326, -0.01581
0.73465, -0.01574
0.73603, -0.01566
0.73742, -0.01559
0.73880, -0.01551
0.74018, -0.01544
0.74156, -0.01537
0.74294, -0.01529
0.74431, -0.01522
0.74568, -0.01515
0.74705, -0.01507
0.74842, -0.01500
0.74978, -0.01493
0.75114, -0.01485
0.75250, -0.01478
0.75386, -0.01471
0.75521, -0.01463
0.75656, -0.01456
0.75791, -0.01449
0.75926, -0.01441
0.76060, -0.01434
0.76195, -0.01427
0.76328, -0.01419
0.76462, -0.01412
0.76596, -0.01405
0.76729, -0.01398
0.76862, -0.01390
0.76994, -0.01383
0.77126, -0.01376
0.77259, -0.01369
0.77390, -0.01361
0.77522, -0.01354
0.77653, -0.01347
0.77784, -0.01340
0.77915, -0.01332
0.78045, -0.01325
0.78175, -0.01318
0.78305, -0.01311
0.78435, -0.01303
0.78564, -0.01296
0.78693, -0.01289
0.78822, -0.01282
0.78950, -0.01275
0.79079, -0.01268
0.79207, -0.01260
0.79334, -0.01253
0.79462, -0.01246
0.79589, -0.01239
0.79715, -0.01232
0.79842, -0.01225
0.79968, -0.01218
0.80094, -0.01211
0.80219, -0.01204
0.80345, -0.01196
0.80470, -0.01189
0.80594, -0.01182
0.80719, -0.01175
0.80843, -0.01168
0.80966, -0.01161
0.81090, -0.01154
0.81213, -0.01147
0.81336, -0.01140
0.81458, -0.01133
0.81581, -0.01126
0.81703, -0.01119
0.81824, -0.01112
0.81945, -0.01105
0.82066, -0.01099
0.82187, -0.01092
0.82307, -0.01085
0.82427, -0.01078
0.82547, -0.01071
0.82667, -0.01064
0.82786, -0.01057
0.82904, -0.01050
0.83023, -0.01044
0.83141, -0.01037
0.83259, -0.01030
0.83376, -0.01023
0.83493, -0.01016
0.83610, -0.01010
0.83726, -0.01003
0.83842, -0.00996
0.83958, -0.00989
0.84074, -0.00983
0.84189, -0.00976
0.84303, -0.00969
0.84418, -0.00963
0.84532, -0.00956
0.84646, -0.00949
0.84759, -0.00943
0.84872, -0.00936
0.84985, -0.00929
0.85097, -0.00923
0.85209, -0.00916
0.85321, -0.00910
0.85432, -0.00903
0.85543, -0.00897
0.85654, -0.00890
0.85764, -0.00884
0.85874, -0.00877
0.85984, -0.00871
0.86093, -0.00864
0.86202, -0.00858
0.86310, -0.00851
0.86419, -0.00845
0.86526, -0.00838
0.86634, -0.00832
0.86741, -0.00826
0.86848, -0.00819
0.86954, -0.00813
0.87060, -0.00807
0.87165, -0.00800
0.87271, -0.00794
0.87376, -0.00788
0.87480, -0.00781
0.87584, -0.00775
0.87688, -0.00769
0.87791, -0.00763
0.87894, -0.00757
0.87997, -0.00750
0.88099, -0.00744
0.88201, -0.00738
0.88303, -0.00732
0.88404, -0.00726
0.88504, -0.00720
0.88605, -0.00714
0.88705, -0.00708
0.88804, -0.00701
0.88904, -0.00695
0.89002, -0.00689
0.89101, -0.00683
0.89199, -0.00677
0.89297, -0.00671
0.89394, -0.00666
0.89491, -0.00660
0.89587, -0.00654
0.89683, -0.00648
0.89779, -0.00642
0.89874, -0.00636
0.89969, -0.00630
0.90064, -0.00624
0.90158, -0.00619
0.90252, -0.00613
0.90345, -0.00607
0.90438, -0.00601
0.90531, -0.00596
0.90623, -0.00590
0.90714, -0.00584
0.90806, -0.00578
0.90897, -0.00573
0.90987, -0.00567
0.91077, -0.00562
0.91167, -0.00556
0.91256, -0.00550
0.91345, -0.00545
0.91434, -0.00539
0.91522, -0.00534
0.91609, -0.00528
0.91697, -0.00523
0.91783, -0.00517
0.91870, -0.00512
0.91956, -0.00506
0.92041, -0.00501
0.92127, -0.00496
0.92211, -0.00490
0.92296, -0.00485
0.92380, -0.00480
0.92463, -0.00474
0.92546, -0.00469
0.92629, -0.00464
0.92711, -0.00459
0.92793, -0.00453
0.92874, -0.00448
0.92955, -0.00443
0.93035, -0.00438
0.93116, -0.00433
0.93195, -0.00428
0.93274, -0.00423
0.93353, -0.00418
0.93432, -0.00413
0.93510, -0.00408
0.93587, -0.00403
0.93664, -0.00398
0.93741, -0.00393
0.93817, -0.00388
0.93893, -0.00383
0.93968, -0.00378
0.94043, -0.00373
0.94117, -0.00368
0.94191, -0.00364
0.94265, -0.00359
0.94338, -0.00354
0.94411, -0.00349
0.94483, -0.00345
0.94555, -0.00340
0.94626, -0.00335
0.94697, -0.00331
0.94768, -0.00326
0.94838, -0.00322
0.94907, -0.00317
0.94976, -0.00312
0.95045, -0.00308
0.95113, -0.00303
0.95181, -0.00299
0.95248, -0.00295
0.95315, -0.00290
0.95382, -0.00286
0.95448, -0.00281
0.95513, -0.00277
0.95578, -0.00273
0.95643, -0.00269
0.95707, -0.00264
0.95771, -0.00260
0.95834, -0.00256
0.95897, -0.00252
0.95959, -0.00248
0.96021, -0.00243
0.96082, -0.00239
0.96143, -0.00235
0.96204, -0.00231
0.96264, -0.00227
0.96324, -0.00223
0.96383, -0.00219
0.96441, -0.00215
0.96500, -0.00212
0.96557, -0.00208
0.96615, -0.00204
0.96671, -0.00200
0.96728, -0.00196
0.96784, -0.00192
0.96839, -0.00189
0.96894, -0.00185
0.96948, -0.00181
0.97002, -0.00178
0.97056, -0.00174
0.97109, -0.00171
0.97162, -0.00167
0.97214, -0.00163
0.97266, -0.00160
0.97317, -0.00156
0.97367, -0.00153
0.97418, -0.00150
0.97467, -0.00146
0.97517, -0.00143
0.97566, -0.00140
0.97614, -0.00136
0.97662, -0.00133
0.97709, -0.00130
0.97756, -0.00127
0.97803, -0.00123
0.97849, -0.00120
0.97894, -0.00117
0.97939, -0.00114
0.97984, -0.00111
0.98028, -0.00108
0.98071, -0.00105
0.98114, -0.00102
0.98157, -0.00099
0.98199, -0.00096
0.98241, -0.00093
0.98282, -0.00091
0.98323, -0.00088
0.98363, -0.00085
0.98403, -0.00082
0.98442, -0.00080
0.98481, -0.00077
0.98519, -0.00074
0.98557, -0.00072
0.98594, -0.00069
0.98631, -0.00066
0.98667, -0.00064
0.98703, -0.00061
0.98739, -0.00059
0.98774, -0.00057
0.98808, -0.00054
0.98842, -0.00052
0.98875, -0.00050
0.98908, -0.00047
0.98941, -0.00045
0.98973, -0.00043
0.99004, -0.00041
0.99035, -0.00038
0.99066, -0.00036
0.99096, -0.00034
0.99125, -0.00032
0.99154, -0.00030
0.99183, -0.00028
0.99211, -0.00026
0.99238, -0.00024
0.99265, -0.00022
0.99292, -0.00020
0.99318, -0.00019
0.99344, -0.00017
0.99369, -0.00015
0.99393, -0.00013
0.99417, -0.00012
0.99441, -0.00010
0.99464, -0.00008
0.99487, -0.00007
0.99509, -0.00005
0.99531, -0.00004
0.99552, -0.00002
0.99572, -0.00001
0.99593, 0.00001
0.99612, 0.00002
0.99631, 0.00003
0.99650, 0.00005
0.99668, 0.00006
0.99686, 0.00007
0.99703, 0.00008
0.99720, 0.00010
0.99736, 0.00011
0.99752, 0.00012
0.99767, 0.00013
0.99782, 0.00014
0.99796, 0.00015
0.99810, 0.00016
0.99823, 0.00017
0.99835, 0.00018
0.99848, 0.00019
0.99859, 0.00019
0.99871, 0.00020
0.99881, 0.00021
0.99892, 0.00022
0.99901, 0.00022
0.99911, 0.00023
0.99919, 0.00024
0.99927, 0.00024
0.99935, 0.00025
0.99942, 0.00025
0.99949, 0.00026
0.99955, 0.00026
0.99961, 0.00027
0.99966, 0.00027
0.99971, 0.00027
0.99975, 0.00028
0.99979, 0.00028
0.99982, 0.00028
0.99985, 0.00028
0.99987, 0.00028
0.99989, 0.00029
0.99990, 0.00029
0.99987, 0.00029
0.99986, 0.00029
