=== Airfoil Parameters ===
m = 0.02
p = 0.4
t = 0.12

=== Control Points ===
0.00000, 0.00469, 0.00469
0.06667, 0.01034, 0.00422
0.13333, 0.01446, 0.00334
0.20000, 0.01713, 0.00213
0.26667, 0.01848, 0.00071
0.66667, 0.01524, -0.00081
0.75000, 0.01093, -0.00226
0.83333, 0.00605, -0.00351
0.91667, 0.00073, -0.00444
1.00000, -0.00493, -0.00493

=== Upper Surface ===
0.00000, 0.00469
-0.00004, 0.00497
-0.00005, 0.00525
-0.00006, 0.00553
-0.00007, 0.00580
-0.00007, 0.00608
-0.00007, 0.00636
-0.00007, 0.00664
-0.00006, 0.00692
-0.00004, 0.00720
-0.00002, 0.00748
0.00000, 0.00776
0.00003, 0.00804
0.00007, 0.00832
0.00011, 0.00860
0.00016, 0.00888
0.00021, 0.00916
0.00026, 0.00944
0.00032, 0.00972
0.00039, 0.01000
0.00046, 0.01028
0.00053, 0.01057
0.00061, 0.01085
0.00070, 0.01113
0.00079, 0.01141
0.00088, 0.01169
0.00099, 0.01197
0.00109, 0.01225
0.00120, 0.01253
0.00132, 0.01281
0.00144, 0.01310
0.00156, 0.01338
0.00169, 0.01366
0.00183, 0.01394
0.00197, 0.01422
0.00211, 0.01450
0.00226, 0.01479
0.00242, 0.01507
0.00258, 0.01535
0.00275, 0.01563
0.00292, 0.01591
0.00309, 0.01620
0.00327, 0.01648
0.00346, 0.01676
0.00365, 0.01704
0.00384, 0.01732
0.00404, 0.01761
0.00425, 0.01789
0.00446, 0.01817
0.00468, 0.01845
0.00490, 0.01874
0.00512, 0.01902
0.00535, 0.01930
0.00559, 0.01958
0.00583, 0.01986
0.00607, 0.02015
0.00632, 0.02043
0.00658, 0.02071
0.00684, 0.02099
0.00710, 0.02128
0.00737, 0.02156
0.00765, 0.02184
0.00793, 0.02212
0.00822, 0.02240
0.00851, 0.02269
0.00880, 0.02297
0.00910, 0.02325
0.00941, 0.02353
0.00972, 0.02381
0.01003, 0.02409
0.01035, 0.02438
0.01068, 0.02466
0.01101, 0.02494
0.01134, 0.02522
0.01168, 0.02550
0.01203, 0.02578
0.01238, 0.02606
0.01273, 0.02635
0.01309, 0.02663
0.01346, 0.02691
0.01383, 0.02719
0.01420, 0.02747
0.01458, 0.02775
0.01497, 0.02803
0.01535, 0.02831
0.01575, 0.02859
0.01615, 0.02887
0.01655, 0.02915
0.01696, 0.02943
0.01738, 0.02971
0.01779, 0.02999
0.01822, 0.03027
0.01865, 0.03055
0.01908, 0.03082
0.01952, 0.03110
0.01996, 0.03138
0.02041, 0.03166
0.02086, 0.03194
0.02132, 0.03221
0.02179, 0.03249
0.02225, 0.03277
0.02273, 0.03305
0.02320, 0.03332
0.02369, 0.03360
0.02417, 0.03388
0.02467, 0.03415
0.02516, 0.03443
0.02567, 0.03470
0.02617, 0.03498
0.02668, 0.03525
0.02720, 0.03553
0.02772, 0.03580
0.02825, 0.03608
0.02878, 0.03635
0.02931, 0.03663
0.02985, 0.03690
0.03040, 0.03717
0.03095, 0.03744
0.03151, 0.03772
0.03207, 0.03799
0.03263, 0.03826
0.03320, 0.03853
0.03377, 0.03880
0.03435, 0.03907
0.03494, 0.03934
0.03552, 0.03961
0.03612, 0.03988
0.03672, 0.04015
0.03732, 0.04042
0.03793, 0.04069
0.03854, 0.04096
0.03916, 0.04122
0.03978, 0.04149
0.04040, 0.04176
0.04103, 0.04202
0.04167, 0.04229
0.04231, 0.04256
0.04296, 0.04282
0.04361, 0.04308
0.04426, 0.04335
0.04492, 0.04361
0.04558, 0.04387
0.04625, 0.04414
0.04693, 0.04440
0.04760, 0.04466
0.04829, 0.04492
0.04897, 0.04518
0.04967, 0.04544
0.05036, 0.04570
0.05106, 0.04596
0.05177, 0.04622
0.05248, 0.04648
0.05319, 0.04673
0.05391, 0.04699
0.05464, 0.04725
0.05537, 0.04750
0.05610, 0.04776
0.05684, 0.04801
0.05758, 0.04827
0.05833, 0.04852
0.05908, 0.04877
0.05983, 0.04902
0.06059, 0.04927
0.06136, 0.04953
0.06213, 0.04978
0.06290, 0.05003
0.06368, 0.05027
0.06447, 0.05052
0.06525, 0.05077
0.06604, 0.05102
0.06684, 0.05126
0.06764, 0.05151
0.06845, 0.05175
0.06926, 0.05200
0.07007, 0.05224
0.07089, 0.05248
0.07171, 0.05272
0.07254, 0.05297
0.07337, 0.05321
0.07421, 0.05345
0.07505, 0.05369
0.07590, 0.05392
0.07675, 0.05416
0.07760, 0.05440
0.07846, 0.05463
0.07932, 0.05487
0.08019, 0.05510
0.08106, 0.05534
0.08193, 0.05557
0.08281, 0.05580
0.08370, 0.05603
0.08459, 0.05626
0.08548, 0.05649
0.08638, 0.05672
0.08728, 0.05695
0.08818, 0.05718
0.08909, 0.05740
0.09001, 0.05763
0.09092, 0.05785
0.09185, 0.05807
0.09277, 0.05830
0.09370, 0.05852
0.09464, 0.05874
0.09558, 0.05896
0.09652, 0.05918
0.09747, 0.05940
0.09842, 0.05961
0.09938, 0.05983
0.10034, 0.06005
0.10130, 0.06026
0.10227, 0.06047
0.10324, 0.06069
0.10422, 0.06090
0.10520, 0.06111
0.10618, 0.06132
0.10717, 0.06153
0.10816, 0.06173
0.10916, 0.06194
0.11016, 0.06215
0.11116, 0.06235
0.11217, 0.06255
0.11319, 0.06276
0.11420, 0.06296
0.11522, 0.06316
0.11625, 0.06336
0.11728, 0.06356
0.11831, 0.06376
0.11934, 0.06395
0.12038, 0.06415
0.12143, 0.06434
0.12248, 0.06453
0.12353, 0.06473
0.12458, 0.06492
0.12564, 0.06511
0.12671, 0.06530
0.12777, 0.06548
0.12884, 0.06567
0.12992, 0.06586
0.13100, 0.06604
0.13208, 0.06622
0.13317, 0.06641
0.13426, 0.06659
0.13535, 0.06677
0.13645, 0.06695
0.13755, 0.06712
0.13866, 0.06730
0.13977, 0.06748
0.14088, 0.06765
0.14200, 0.06782
0.14312, 0.06799
0.14424, 0.06817
0.14537, 0.06833
0.14650, 0.06850
0.14764, 0.06867
0.14877, 0.06884
0.14992, 0.06900
0.15106, 0.06916
0.15221, 0.06933
0.15337, 0.06949
0.15453, 0.06965
0.15569, 0.06980
0.15685, 0.06996
0.15802, 0.07012
0.15919, 0.07027
0.16037, 0.07042
0.16155, 0.07058
0.16273, 0.07073
0.16391, 0.07088
0.16510, 0.07102
0.16630, 0.07117
0.16749, 0.07132
0.16869, 0.07146
0.16990, 0.07160
0.17110, 0.07174
0.17231, 0.07188
0.17353, 0.07202
0.17475, 0.07216
0.17597, 0.07230
0.17719, 0.07243
0.17842, 0.07256
0.17965, 0.07269
0.18088, 0.07283
0.18212, 0.07295
0.18336, 0.07308
0.18461, 0.07321
0.18586, 0.07333
0.18711, 0.07346
0.18836, 0.07358
0.18962, 0.07370
0.19088, 0.07382
0.19214, 0.07393
0.19341, 0.07405
0.19468, 0.07416
0.19596, 0.07428
0.19723, 0.07439
0.19851, 0.07450
0.19980, 0.07461
0.20108, 0.07471
0.20237, 0.07482
0.20366, 0.07492
0.20496, 0.07503
0.20625, 0.07513
0.20755, 0.07523
0.20885, 0.07533
0.21016, 0.07542
0.21146, 0.07552
0.21277, 0.07561
0.21409, 0.07570
0.21540, 0.07579
0.21672, 0.07588
0.21804, 0.07597
0.21936, 0.07606
0.22068, 0.07614
0.22201, 0.07623
0.22334, 0.07631
0.22467, 0.07639
0.22600, 0.07647
0.22734, 0.07655
0.22868, 0.07663
0.23002, 0.07670
0.23136, 0.07678
0.23270, 0.07685
0.23405, 0.07692
0.23540, 0.07699
0.23675, 0.07706
0.23811, 0.07713
0.23946, 0.07719
0.24082, 0.07726
0.24218, 0.07732
0.24354, 0.07739
0.24491, 0.07745
0.24627, 0.07751
0.24764, 0.07757
0.24901, 0.07762
0.25038, 0.07768
0.25176, 0.07774
0.25313, 0.07779
0.25451, 0.07784
0.25589, 0.07790
0.25728, 0.07795
0.25866, 0.07800
0.26005, 0.07805
0.26143, 0.07809
0.26282, 0.07814
0.26422, 0.07818
0.26561, 0.07823
0.26701, 0.07827
0.26840, 0.07831
0.26980, 0.07835
0.27121, 0.07839
0.27261, 0.07843
0.27402, 0.07847
0.27543, 0.07851
0.27684, 0.07854
0.27825, 0.07858
0.27967, 0.07861
0.28109, 0.07865
0.28251, 0.07868
0.28393, 0.07871
0.28536, 0.07874
0.28679, 0.07877
0.28822, 0.07879
0.28965, 0.07882
0.29108, 0.07885
0.29252, 0.07887
0.29396, 0.07889
0.29540, 0.07892
0.29684, 0.07894
0.29828, 0.07896
0.29973, 0.07898
0.30118, 0.07899
0.30263, 0.07901
0.30408, 0.07903
0.30554, 0.07904
0.30699, 0.07905
0.30845, 0.07907
0.30991, 0.07908
0.31138, 0.07909
0.31284, 0.07910
0.31431, 0.07911
0.31578, 0.07912
0.31725, 0.07912
0.31872, 0.07913
0.32019, 0.07913
0.32167, 0.07913
0.32315, 0.07914
0.32463, 0.07914
0.32611, 0.07914
0.32759, 0.07914
0.32907, 0.07914
0.33056, 0.07913
0.33205, 0.07913
0.33353, 0.07912
0.33502, 0.07912
0.33651, 0.07911
0.33801, 0.07910
0.33950, 0.07909
0.34100, 0.07908
0.34250, 0.07907
0.34400, 0.07906
0.34550, 0.07905
0.34701, 0.07903
0.34851, 0.07902
0.35002, 0.07900
0.35153, 0.07898
0.35304, 0.07897
0.35455, 0.07895
0.35607, 0.07893
0.35759, 0.07890
0.35910, 0.07888
0.36062, 0.07886
0.36214, 0.07883
0.36367, 0.07881
0.36519, 0.07878
0.36672, 0.07875
0.36824, 0.07872
0.36977, 0.07869
0.37130, 0.07866
0.37284, 0.07863
0.37437, 0.07860
0.37590, 0.07856
0.37744, 0.07853
0.37898, 0.07849
0.38052, 0.07845
0.38206, 0.07841
0.38360, 0.07837
0.38514, 0.07833
0.38669, 0.07829
0.38823, 0.07825
0.38978, 0.07820
0.39133, 0.07816
0.39288, 0.07811
0.39443, 0.07806
0.39598, 0.07801
0.39753, 0.07796
0.39908, 0.07791
0.40064, 0.07786
0.40220, 0.07781
0.40375, 0.07775
0.40531, 0.07769
0.40687, 0.07764
0.40843, 0.07758
0.40999, 0.07752
0.41155, 0.07746
0.41311, 0.07740
0.41468, 0.07734
0.41624, 0.07727
0.41781, 0.07721
0.41937, 0.07714
0.42094, 0.07707
0.42251, 0.07701
0.42408, 0.07694
0.42565, 0.07687
0.42722, 0.07679
0.42879, 0.07672
0.43036, 0.07665
0.43193, 0.07657
0.43350, 0.07650
0.43508, 0.07642
0.43665, 0.07634
0.43823, 0.07626
0.43980, 0.07618
0.44138, 0.07610
0.44295, 0.07602
0.44453, 0.07593
0.44610, 0.07585
0.44768, 0.07576
0.44926, 0.07567
0.45084, 0.07559
0.45242, 0.07550
0.45400, 0.07541
0.45557, 0.07532
0.45715, 0.07522
0.45873, 0.07513
0.46031, 0.07504
0.46189, 0.07494
0.46347, 0.07485
0.46506, 0.07475
0.46664, 0.07465
0.46822, 0.07455
0.46980, 0.07445
0.47138, 0.07435
0.47296, 0.07425
0.47454, 0.07414
0.47612, 0.07404
0.47771, 0.07393
0.47929, 0.07383
0.48087, 0.07372
0.48245, 0.07361
0.48403, 0.07351
0.48562, 0.07340
0.48720, 0.07328
0.48878, 0.07317
0.49036, 0.07306
0.49194, 0.07295
0.49352, 0.07283
0.49510, 0.07272
0.49669, 0.07260
0.49827, 0.07249
0.49985, 0.07237
0.50143, 0.07225
0.50301, 0.07213
0.50459, 0.07201
0.50617, 0.07189
0.50775, 0.07177
0.50933, 0.07165
0.51091, 0.07152
0.51249, 0.07140
0.51406, 0.07128
0.51564, 0.07115
0.51722, 0.07102
0.51880, 0.07090
0.52037, 0.07077
0.52195, 0.07064
0.52353, 0.07051
0.52510, 0.07038
0.52668, 0.07025
0.52825, 0.07012
0.52983, 0.06999
0.53140, 0.06986
0.53297, 0.06973
0.53455, 0.06959
0.53612, 0.06946
0.53769, 0.06932
0.53926, 0.06919
0.54083, 0.06905
0.54240, 0.06892
0.54397, 0.06878
0.54554, 0.06864
0.54711, 0.06850
0.54868, 0.06836
0.55025, 0.06822
0.55181, 0.06808
0.55338, 0.06794
0.55495, 0.06780
0.55651, 0.06766
0.55808, 0.06752
0.55964, 0.06737
0.56120, 0.06723
0.56276, 0.06709
0.56433, 0.06694
0.56589, 0.06680
0.56745, 0.06665
0.56900, 0.06651
0.57056, 0.06636
0.57212, 0.06622
0.57368, 0.06607
0.57523, 0.06592
0.57679, 0.06577
0.57834, 0.06562
0.57990, 0.06547
0.58145, 0.06533
0.58300, 0.06518
0.58455, 0.06503
0.58610, 0.06487
0.58765, 0.06472
0.58920, 0.06457
0.59075, 0.06442
0.59230, 0.06427
0.59384, 0.06412
0.59539, 0.06396
0.59693, 0.06381
0.59847, 0.06365
0.60002, 0.06350
0.60156, 0.06335
0.60310, 0.06319
0.60464, 0.06303
0.60618, 0.06288
0.60771, 0.06272
0.60925, 0.06257
0.61079, 0.06241
0.61232, 0.06225
0.61385, 0.06209
0.61539, 0.06193
0.61692, 0.06178
0.61845, 0.06162
0.61998, 0.06146
0.62150, 0.06130
0.62303, 0.06114
0.62456, 0.06098
0.62608, 0.06082
0.62761, 0.06065
0.62913, 0.06049
0.63065, 0.06033
0.63217, 0.06017
0.63369, 0.06000
0.63521, 0.05984
0.63672, 0.05968
0.63824, 0.05951
0.63975, 0.05935
0.64127, 0.05918
0.64278, 0.05902
0.64429, 0.05885
0.64580, 0.05869
0.64731, 0.05852
0.64881, 0.05835
0.65033, 0.05818
0.65186, 0.05801
0.65349, 0.05784
0.65536, 0.05765
0.65769, 0.05741
0.66058, 0.05707
0.66374, 0.05658
0.66644, 0.05603
0.66807, 0.05561
0.66860, 0.05538
0.66862, 0.05524
0.66884, 0.05509
0.66957, 0.05491
0.67071, 0.05471
0.67209, 0.05451
0.67354, 0.05430
0.67502, 0.05410
0.67650, 0.05389
0.67798, 0.05369
0.67945, 0.05348
0.68093, 0.05327
0.68240, 0.05306
0.68387, 0.05285
0.68534, 0.05264
0.68681, 0.05244
0.68827, 0.05222
0.68973, 0.05201
0.69119, 0.05180
0.69265, 0.05159
0.69411, 0.05138
0.69556, 0.05117
0.69701, 0.05095
0.69846, 0.05074
0.69991, 0.05053
0.70135, 0.05031
0.70279, 0.05010
0.70423, 0.04989
0.70567, 0.04967
0.70711, 0.04946
0.70854, 0.04924
0.70997, 0.04902
0.71140, 0.04881
0.71283, 0.04859
0.71425, 0.04838
0.71567, 0.04816
0.71709, 0.04794
0.71851, 0.04773
0.71992, 0.04751
0.72134, 0.04729
0.72275, 0.04707
0.72415, 0.04686
0.72556, 0.04664
0.72696, 0.04642
0.72836, 0.04620
0.72976, 0.04598
0.73115, 0.04577
0.73255, 0.04555
0.73394, 0.04533
0.73532, 0.04511
0.73671, 0.04489
0.73809, 0.04467
0.73947, 0.04445
0.74085, 0.04424
0.74222, 0.04402
0.74360, 0.04380
0.74497, 0.04358
0.74633, 0.04336
0.74770, 0.04314
0.74906, 0.04292
0.75042, 0.04271
0.75178, 0.04249
0.75313, 0.04227
0.75448, 0.04205
0.75583, 0.04183
0.75718, 0.04161
0.75852, 0.04140
0.75987, 0.04118
0.76121, 0.04096
0.76254, 0.04074
0.76388, 0.04053
0.76521, 0.04031
0.76654, 0.04009
0.76786, 0.03987
0.76919, 0.03966
0.77051, 0.03944
0.77183, 0.03922
0.77314, 0.03900
0.77445, 0.03879
0.77577, 0.03857
0.77707, 0.03835
0.77838, 0.03814
0.77968, 0.03792
0.78098, 0.03771
0.78228, 0.03749
0.78357, 0.03727
0.78486, 0.03706
0.78615, 0.03684
0.78743, 0.03663
0.78872, 0.03641
0.79000, 0.03620
0.79127, 0.03598
0.79255, 0.03577
0.79382, 0.03555
0.79509, 0.03534
0.79635, 0.03512
0.79761, 0.03491
0.79887, 0.03470
0.80013, 0.03448
0.80138, 0.03427
0.80263, 0.03406
0.80388, 0.03384
0.80513, 0.03363
0.80637, 0.03342
0.80761, 0.03320
0.80884, 0.03299
0.81007, 0.03278
0.81130, 0.03257
0.81253, 0.03236
0.81375, 0.03215
0.81497, 0.03193
0.81619, 0.03172
0.81741, 0.03151
0.81862, 0.03130
0.81982, 0.03109
0.82103, 0.03088
0.82223, 0.03067
0.82343, 0.03046
0.82462, 0.03025
0.82581, 0.03005
0.82700, 0.02984
0.82819, 0.02963
0.82937, 0.02942
0.83055, 0.02921
0.83173, 0.02900
0.83290, 0.02880
0.83407, 0.02859
0.83523, 0.02838
0.83639, 0.02818
0.83755, 0.02797
0.83871, 0.02777
0.83986, 0.02756
0.84101, 0.02736
0.84216, 0.02715
0.84330, 0.02695
0.84444, 0.02674
0.84557, 0.02654
0.84671, 0.02634
0.84783, 0.02613
0.84896, 0.02593
0.85008, 0.02573
0.85120, 0.02553
0.85231, 0.02532
0.85342, 0.02512
0.85453, 0.02492
0.85564, 0.02472
0.85674, 0.02452
0.85783, 0.02432
0.85893, 0.02412
0.86002, 0.02392
0.86111, 0.02372
0.86219, 0.02353
0.86327, 0.02333
0.86434, 0.02313
0.86542, 0.02293
0.86648, 0.02274
0.86755, 0.02254
0.86861, 0.02235
0.86967, 0.02215
0.87072, 0.02196
0.87177, 0.02176
0.87282, 0.02157
0.87386, 0.02138
0.87490, 0.02118
0.87594, 0.02099
0.87697, 0.02080
0.87800, 0.02061
0.87902, 0.02042
0.88004, 0.02023
0.88106, 0.02004
0.88207, 0.01985
0.88308, 0.01966
0.88409, 0.01947
0.88509, 0.01928
0.88609, 0.01909
0.88708, 0.01891
0.88807, 0.01872
0.88906, 0.01853
0.89004, 0.01835
0.89102, 0.01816
0.89200, 0.01798
0.89297, 0.01779
0.89393, 0.01761
0.89490, 0.01743
0.89586, 0.01725
0.89681, 0.01706
0.89776, 0.01688
0.89871, 0.01670
0.89966, 0.01652
0.90060, 0.01634
0.90153, 0.01616
0.90246, 0.01599
0.90339, 0.01581
0.90432, 0.01563
0.90524, 0.01545
0.90615, 0.01528
0.90706, 0.01510
0.90797, 0.01493
0.90888, 0.01475
0.90978, 0.01458
0.91067, 0.01441
0.91156, 0.01424
0.91245, 0.01406
0.91334, 0.01389
0.91422, 0.01372
0.91509, 0.01355
0.91596, 0.01338
0.91683, 0.01322
0.91769, 0.01305
0.91855, 0.01288
0.91941, 0.01271
0.92026, 0.01255
0.92111, 0.01238
0.92195, 0.01222
0.92279, 0.01205
0.92362, 0.01189
0.92445, 0.01173
0.92528, 0.01157
0.92610, 0.01141
0.92692, 0.01124
0.92773, 0.01108
0.92854, 0.01093
0.92935, 0.01077
0.93015, 0.01061
0.93094, 0.01045
0.93174, 0.01030
0.93253, 0.01014
0.93331, 0.00999
0.93409, 0.00983
0.93486, 0.00968
0.93564, 0.00953
0.93640, 0.00937
0.93717, 0.00922
0.93792, 0.00907
0.93868, 0.00892
0.93943, 0.00877
0.94017, 0.00862
0.94091, 0.00848
0.94165, 0.00833
0.94238, 0.00818
0.94311, 0.00804
0.94384, 0.00789
0.94455, 0.00775
0.94527, 0.00761
0.94598, 0.00746
0.94669, 0.00732
0.94739, 0.00718
0.94809, 0.00704
0.94878, 0.00690
0.94947, 0.00677
0.95015, 0.00663
0.95083, 0.00649
0.95151, 0.00635
0.95218, 0.00622
0.95284, 0.00609
0.95351, 0.00595
0.95416, 0.00582
0.95482, 0.00569
0.95547, 0.00556
0.95611, 0.00543
0.95675, 0.00530
0.95739, 0.00517
0.95802, 0.00504
0.95864, 0.00491
0.95926, 0.00479
0.95988, 0.00466
0.96049, 0.00454
0.96110, 0.00441
0.96171, 0.00429
0.96231, 0.00417
0.96290, 0.00405
0.96349, 0.00393
0.96408, 0.00381
0.96466, 0.00369
0.96523, 0.00357
0.96581, 0.00345
0.96637, 0.00334
0.96694, 0.00322
0.96749, 0.00311
0.96805, 0.00300
0.96860, 0.00288
0.96914, 0.00277
0.96968, 0.00266
0.97022, 0.00255
0.97075, 0.00244
0.97127, 0.00233
0.97179, 0.00223
0.97231, 0.00212
0.97282, 0.00202
0.97333, 0.00191
0.97383, 0.00181
0.97433, 0.00171
0.97482, 0.00160
0.97531, 0.00150
0.97580, 0.00140
0.97628, 0.00130
0.97675, 0.00121
0.97722, 0.00111
0.97769, 0.00101
0.97815, 0.00092
0.97861, 0.00082
0.97906, 0.00073
0.97950, 0.00064
0.97995, 0.00055
0.98038, 0.00046
0.98082, 0.00037
0.98124, 0.00028
0.98167, 0.00019
0.98209, 0.00010
0.98250, 0.00002
0.98291, -0.00007
0.98331, -0.00015
0.98371, -0.00024
0.98411, -0.00032
0.98450, -0.00040
0.98488, -0.00048
0.98526, -0.00056
0.98564, -0.00064
0.98601, -0.00071
0.98638, -0.00079
0.98674, -0.00087
0.98709, -0.00094
0.98745, -0.00101
0.98779, -0.00109
0.98814, -0.00116
0.98847, -0.00123
0.98881, -0.00130
0.98914, -0.00137
0.98946, -0.00143
0.98978, -0.00150
0.99009, -0.00157
0.99040, -0.00163
0.99070, -0.00169
0.99100, -0.00176
0.99130, -0.00182
0.99159, -0.00188
0.99187, -0.00194
0.99215, -0.00200
0.99243, -0.00206
0.99270, -0.00211
0.99296, -0.00217
0.99322, -0.00222
0.99348, -0.00228
0.99373, -0.00233
0.99398, -0.00238
0.99422, -0.00243
0.99446, -0.00248
0.99469, -0.00253
0.99491, -0.00258
0.99514, -0.00263
0.99535, -0.00267
0.99557, -0.00272
0.99577, -0.00276
0.99598, -0.00280
0.99617, -0.00284
0.99637, -0.00288
0.99656, -0.00292
0.99674, -0.00296
0.99692, -0.00300
0.99709, -0.00304
0.99726, -0.00307
0.99742, -0.00311
0.99758, -0.00314
0.99774, -0.00317
0.99789, -0.00320
0.99803, -0.00323
0.99817, -0.00326
0.99830, -0.00329
0.99843, -0.00332
0.99856, -0.00335
0.99868, -0.00337
0.99879, -0.00340
0.99890, -0.00342
0.99901, -0.00344
0.99911, -0.00346
0.99920, -0.00348
0.99929, -0.00350
0.99938, -0.00352
0.99946, -0.00354
0.99954, -0.00355
0.99961, -0.00357
0.99967, -0.00358
0.99973, -0.00359
0.99979, -0.00361
0.99984, -0.00362
0.99989, -0.00363
0.99993, -0.00364
0.99997, -0.00364
1.00000, -0.00365
1.00003, -0.00366
1.00005, -0.00366
1.00007, -0.00366
1.00009, -0.00367
1.00013, -0.00367
1.00015, -0.00367

=== Lower Surface ===
0.00000, 0.00469
0.00004, 0.00441
0.00007, 0.00413
0.00011, 0.00386
0.00015, 0.00358
0.00020, 0.00331
0.00025, 0.00303
0.00031, 0.00276
0.00037, 0.00249
0.00044, 0.00221
0.00052, 0.00194
0.00059, 0.00167
0.00068, 0.00140
0.00077, 0.00114
0.00086, 0.00087
0.00096, 0.00060
0.00106, 0.00034
0.00117, 0.00007
0.00128, -0.00019
0.00140, -0.00045
0.00152, -0.00072
0.00165, -0.00098
0.00178, -0.00124
0.00192, -0.00150
0.00206, -0.00176
0.00220, -0.00201
0.00236, -0.00227
0.00251, -0.00253
0.00267, -0.00278
0.00284, -0.00304
0.00301, -0.00329
0.00319, -0.00354
0.00337, -0.00379
0.00355, -0.00405
0.00374, -0.00430
0.00394, -0.00454
0.00414, -0.00479
0.00434, -0.00504
0.00455, -0.00529
0.00477, -0.00553
0.00499, -0.00578
0.00521, -0.00602
0.00544, -0.00626
0.00567, -0.00651
0.00591, -0.00675
0.00615, -0.00699
0.00640, -0.00723
0.00665, -0.00747
0.00691, -0.00770
0.00717, -0.00794
0.00744, -0.00818
0.00771, -0.00841
0.00799, -0.00865
0.00827, -0.00888
0.00856, -0.00911
0.00885, -0.00934
0.00914, -0.00958
0.00944, -0.00981
0.00975, -0.01003
0.01006, -0.01026
0.01037, -0.01049
0.01069, -0.01072
0.01102, -0.01094
0.01135, -0.01117
0.01168, -0.01139
0.01202, -0.01161
0.01236, -0.01184
0.01271, -0.01206
0.01306, -0.01228
0.01342, -0.01250
0.01378, -0.01272
0.01415, -0.01293
0.01452, -0.01315
0.01489, -0.01337
0.01527, -0.01358
0.01566, -0.01380
0.01605, -0.01401
0.01644, -0.01422
0.01684, -0.01443
0.01724, -0.01464
0.01765, -0.01485
0.01807, -0.01506
0.01848, -0.01527
0.01891, -0.01548
0.01933, -0.01568
0.01976, -0.01589
0.02020, -0.01609
0.02064, -0.01630
0.02109, -0.01650
0.02154, -0.01670
0.02199, -0.01690
0.02245, -0.01710
0.02291, -0.01730
0.02338, -0.01750
0.02385, -0.01770
0.02433, -0.01790
0.02481, -0.01809
0.02530, -0.01829
0.02579, -0.01848
0.02629, -0.01867
0.02679, -0.01887
0.02729, -0.01906
0.02780, -0.01925
0.02831, -0.01944
0.02883, -0.01963
0.02936, -0.01981
0.02988, -0.02000
0.03041, -0.02019
0.03095, -0.02037
0.03149, -0.02056
0.03204, -0.02074
0.03259, -0.02092
0.03314, -0.02110
0.03370, -0.02128
0.03426, -0.02146
0.03483, -0.02164
0.03540, -0.02182
0.03598, -0.02200
0.03656, -0.02217
0.03714, -0.02235
0.03773, -0.02253
0.03833, -0.02270
0.03893, -0.02287
0.03953, -0.02304
0.04013, -0.02321
0.04075, -0.02339
0.04136, -0.02355
0.04198, -0.02372
0.04261, -0.02389
0.04324, -0.02406
0.04387, -0.02422
0.04451, -0.02439
0.04515, -0.02455
0.04580, -0.02472
0.04645, -0.02488
0.04710, -0.02504
0.04776, -0.02520
0.04842, -0.02536
0.04909, -0.02552
0.04976, -0.02568
0.05044, -0.02583
0.05112, -0.02599
0.05181, -0.02615
0.05250, -0.02630
0.05319, -0.02645
0.05389, -0.02661
0.05459, -0.02676
0.05530, -0.02691
0.05601, -0.02706
0.05672, -0.02721
0.05744, -0.02736
0.05816, -0.02750
0.05889, -0.02765
0.05962, -0.02780
0.06036, -0.02794
0.06110, -0.02809
0.06184, -0.02823
0.06259, -0.02837
0.06334, -0.02851
0.06410, -0.02865
0.06486, -0.02879
0.06562, -0.02893
0.06639, -0.02907
0.06716, -0.02921
0.06794, -0.02934
0.06872, -0.02948
0.06951, -0.02961
0.07030, -0.02975
0.07109, -0.02988
0.07189, -0.03001
0.07269, -0.03014
0.07349, -0.03027
0.07430, -0.03040
0.07512, -0.03053
0.07594, -0.03066
0.07676, -0.03079
0.07758, -0.03091
0.07841, -0.03104
0.07925, -0.03116
0.08008, -0.03128
0.08092, -0.03141
0.08177, -0.03153
0.08262, -0.03165
0.08347, -0.03177
0.08433, -0.03189
0.08519, -0.03201
0.08606, -0.03213
0.08693, -0.03224
0.08780, -0.03236
0.08868, -0.03247
0.08956, -0.03259
0.09044, -0.03270
0.09133, -0.03281
0.09222, -0.03292
0.09312, -0.03304
0.09402, -0.03315
0.09492, -0.03325
0.09583, -0.03336
0.09674, -0.03347
0.09766, -0.03358
0.09858, -0.03368
0.09950, -0.03379
0.10043, -0.03389
0.10136, -0.03400
0.10230, -0.03410
0.10323, -0.03420
0.10418, -0.03430
0.10512, -0.03440
0.10607, -0.03450
0.10702, -0.03460
0.10798, -0.03470
0.10894, -0.03479
0.10991, -0.03489
0.11088, -0.03498
0.11185, -0.03508
0.11282, -0.03517
0.11380, -0.03526
0.11478, -0.03536
0.11577, -0.03545
0.11676, -0.03554
0.11776, -0.03563
0.11875, -0.03571
0.11975, -0.03580
0.12076, -0.03589
0.12177, -0.03598
0.12278, -0.03606
0.12379, -0.03615
0.12481, -0.03623
0.12584, -0.03631
0.12686, -0.03640
0.12789, -0.03648
0.12892, -0.03656
0.12996, -0.03664
0.13100, -0.03672
0.13205, -0.03679
0.13309, -0.03687
0.13414, -0.03695
0.13520, -0.03703
0.13626, -0.03710
0.13732, -0.03717
0.13838, -0.03725
0.13945, -0.03732
0.14052, -0.03739
0.14159, -0.03746
0.14267, -0.03754
0.14375, -0.03761
0.14484, -0.03767
0.14593, -0.03774
0.14702, -0.03781
0.14811, -0.03788
0.14921, -0.03794
0.15031, -0.03801
0.15141, -0.03807
0.15252, -0.03814
0.15363, -0.03820
0.15475, -0.03826
0.15586, -0.03833
0.15698, -0.03839
0.15811, -0.03845
0.15923, -0.03851
0.16036, -0.03857
0.16150, -0.03862
0.16263, -0.03868
0.16377, -0.03874
0.16491, -0.03879
0.16606, -0.03885
0.16721, -0.03891
0.16836, -0.03896
0.16951, -0.03901
0.17067, -0.03907
0.17183, -0.03912
0.17300, -0.03917
0.17416, -0.03922
0.17533, -0.03927
0.17650, -0.03932
0.17768, -0.03937
0.17886, -0.03942
0.18004, -0.03947
0.18123, -0.03951
0.18241, -0.03956
0.18360, -0.03961
0.18480, -0.03965
0.18599, -0.03970
0.18719, -0.03974
0.18840, -0.03978
0.18960, -0.03983
0.19081, -0.03987
0.19202, -0.03991
0.19323, -0.03995
0.19445, -0.03999
0.19567, -0.04003
0.19689, -0.04007
0.19812, -0.04011
0.19934, -0.04015
0.20057, -0.04019
0.20181, -0.04022
0.20304, -0.04026
0.20428, -0.04030
0.20553, -0.04033
0.20677, -0.04037
0.20802, -0.04040
0.20927, -0.04044
0.21053, -0.04047
0.21179, -0.04050
0.21305, -0.04053
0.21432, -0.04057
0.21558, -0.04060
0.21685, -0.04063
0.21813, -0.04066
0.21941, -0.04069
0.22069, -0.04071
0.22197, -0.04074
0.22326, -0.04077
0.22455, -0.04080
0.22584, -0.04082
0.22714, -0.04085
0.22844, -0.04087
0.22974, -0.04090
0.23104, -0.04092
0.23235, -0.04094
0.23366, -0.04096
0.23498, -0.04099
0.23630, -0.04101
0.23762, -0.04103
0.23894, -0.04105
0.24027, -0.04106
0.24160, -0.04108
0.24293, -0.04110
0.24427, -0.04111
0.24560, -0.04113
0.24695, -0.04114
0.24829, -0.04116
0.24964, -0.04117
0.25099, -0.04118
0.25234, -0.04120
0.25370, -0.04121
0.25506, -0.04122
0.25642, -0.04122
0.25779, -0.04123
0.25915, -0.04124
0.26052, -0.04125
0.26190, -0.04125
0.26327, -0.04126
0.26465, -0.04126
0.26604, -0.04126
0.26742, -0.04127
0.26881, -0.04127
0.27020, -0.04127
0.27159, -0.04127
0.27298, -0.04126
0.27438, -0.04126
0.27578, -0.04126
0.27718, -0.04125
0.27858, -0.04125
0.27999, -0.04124
0.28139, -0.04124
0.28280, -0.04123
0.28421, -0.04122
0.28563, -0.04121
0.28704, -0.04120
0.28846, -0.04119
0.28988, -0.04118
0.29130, -0.04116
0.29272, -0.04115
0.29415, -0.04113
0.29558, -0.04112
0.29700, -0.04110
0.29844, -0.04109
0.29987, -0.04107
0.30130, -0.04105
0.30274, -0.04103
0.30418, -0.04101
0.30562, -0.04099
0.30706, -0.04097
0.30851, -0.04094
0.30995, -0.04092
0.31140, -0.04089
0.31285, -0.04087
0.31430, -0.04084
0.31576, -0.04082
0.31721, -0.04079
0.31867, -0.04076
0.32013, -0.04073
0.32159, -0.04070
0.32305, -0.04067
0.32451, -0.04064
0.32598, -0.04061
0.32744, -0.04057
0.32891, -0.04054
0.33038, -0.04050
0.33186, -0.04047
0.33333, -0.04043
0.33481, -0.04040
0.33629, -0.04036
0.33777, -0.04032
0.33925, -0.04028
0.34073, -0.04024
0.34222, -0.04020
0.34370, -0.04016
0.34519, -0.04012
0.34668, -0.04007
0.34817, -0.04003
0.34966, -0.03999
0.35115, -0.03994
0.35264, -0.03990
0.35414, -0.03985
0.35563, -0.03980
0.35713, -0.03976
0.35863, -0.03971
0.36012, -0.03966
0.36162, -0.03961
0.36313, -0.03956
0.36463, -0.03951
0.36613, -0.03946
0.36764, -0.03941
0.36914, -0.03935
0.37065, -0.03930
0.37216, -0.03925
0.37366, -0.03919
0.37517, -0.03914
0.37668, -0.03908
0.37820, -0.03903
0.37971, -0.03897
0.38122, -0.03892
0.38274, -0.03886
0.38425, -0.03880
0.38577, -0.03874
0.38729, -0.03869
0.38881, -0.03863
0.39033, -0.03857
0.39185, -0.03851
0.39337, -0.03845
0.39489, -0.03839
0.39642, -0.03833
0.39794, -0.03826
0.39947, -0.03820
0.40099, -0.03814
0.40252, -0.03808
0.40405, -0.03801
0.40558, -0.03795
0.40711, -0.03789
0.40864, -0.03782
0.41017, -0.03776
0.41170, -0.03769
0.41324, -0.03763
0.41477, -0.03756
0.41631, -0.03750
0.41784, -0.03743
0.41938, -0.03736
0.42092, -0.03730
0.42245, -0.03723
0.42399, -0.03716
0.42553, -0.03709
0.42707, -0.03703
0.42861, -0.03696
0.43016, -0.03689
0.43170, -0.03682
0.43324, -0.03675
0.43479, -0.03668
0.43633, -0.03661
0.43788, -0.03654
0.43942, -0.03647
0.44097, -0.03640
0.44252, -0.03633
0.44407, -0.03626
0.44561, -0.03619
0.44716, -0.03611
0.44871, -0.03604
0.45026, -0.03597
0.45182, -0.03590
0.45337, -0.03582
0.45492, -0.03575
0.45647, -0.03568
0.45803, -0.03560
0.45958, -0.03553
0.46114, -0.03546
0.46269, -0.03538
0.46425, -0.03531
0.46580, -0.03523
0.46736, -0.03516
0.46892, -0.03508
0.47048, -0.03501
0.47203, -0.03493
0.47359, -0.03485
0.47515, -0.03478
0.47671, -0.03470
0.47827, -0.03462
0.47983, -0.03455
0.48139, -0.03447
0.48295, -0.03439
0.48451, -0.03431
0.48608, -0.03424
0.48764, -0.03416
0.48920, -0.03408
0.49076, -0.03400
0.49233, -0.03392
0.49389, -0.03384
0.49545, -0.03376
0.49702, -0.03368
0.49858, -0.03360
0.50014, -0.03352
0.50171, -0.03344
0.50327, -0.03336
0.50484, -0.03328
0.50640, -0.03320
0.50797, -0.03312
0.50953, -0.03303
0.51110, -0.03295
0.51266, -0.03287
0.51423, -0.03279
0.51579, -0.03270
0.51736, -0.03262
0.51893, -0.03254
0.52049, -0.03245
0.52206, -0.03237
0.52362, -0.03228
0.52519, -0.03220
0.52675, -0.03211
0.52832, -0.03203
0.52988, -0.03194
0.53145, -0.03186
0.53301, -0.03177
0.53458, -0.03168
0.53614, -0.03160
0.53771, -0.03151
0.53927, -0.03142
0.54083, -0.03134
0.54240, -0.03125
0.54396, -0.03116
0.54552, -0.03107
0.54709, -0.03098
0.54865, -0.03089
0.55021, -0.03080
0.55177, -0.03071
0.55333, -0.03062
0.55490, -0.03053
0.55646, -0.03044
0.55802, -0.03035
0.55958, -0.03026
0.56113, -0.03017
0.56269, -0.03008
0.56425, -0.02999
0.56581, -0.02989
0.56737, -0.02980
0.56892, -0.02971
0.57048, -0.02961
0.57203, -0.02952
0.57359, -0.02943
0.57514, -0.02933
0.57669, -0.02924
0.57825, -0.02914
0.57980, -0.02905
0.58135, -0.02895
0.58290, -0.02886
0.58445, -0.02876
0.58599, -0.02866
0.58754, -0.02857
0.58909, -0.02847
0.59063, -0.02837
0.59218, -0.02828
0.59372, -0.02818
0.59527, -0.02808
0.59681, -0.02798
0.59835, -0.02789
0.59989, -0.02779
0.60143, -0.02769
0.60297, -0.02759
0.60450, -0.02749
0.60604, -0.02739
0.60757, -0.02729
0.60911, -0.02719
0.61064, -0.02709
0.61217, -0.02699
0.61370, -0.02689
0.61523, -0.02679
0.61676, -0.02669
0.61828, -0.02659
0.61981, -0.02649
0.62133, -0.02639
0.62285, -0.02629
0.62437, -0.02619
0.62589, -0.02608
0.62741, -0.02598
0.62893, -0.02588
0.63044, -0.02578
0.63196, -0.02568
0.63347, -0.02557
0.63498, -0.02547
0.63649, -0.02537
0.63800, -0.02527
0.63951, -0.02517
0.64101, -0.02506
0.64251, -0.02496
0.64402, -0.02486
0.64552, -0.02476
0.64701, -0.02465
0.64850, -0.02455
0.64997, -0.02445
0.65134, -0.02435
0.65246, -0.02424
0.65312, -0.02413
0.65322, -0.02400
0.65304, -0.02384
0.65332, -0.02375
0.65467, -0.02385
0.65712, -0.02410
0.66007, -0.02434
0.66281, -0.02445
0.66505, -0.02445
0.66687, -0.02441
0.66846, -0.02435
0.66995, -0.02428
0.67143, -0.02421
0.67290, -0.02413
0.67436, -0.02406
0.67583, -0.02399
0.67729, -0.02392
0.67875, -0.02385
0.68021, -0.02379
0.68167, -0.02372
0.68313, -0.02365
0.68458, -0.02358
0.68604, -0.02351
0.68749, -0.02344
0.68894, -0.02337
0.69039, -0.02331
0.69184, -0.02324
0.69329, -0.02317
0.69473, -0.02310
0.69617, -0.02304
0.69761, -0.02297
0.69905, -0.02290
0.70049, -0.02284
0.70193, -0.02277
0.70336, -0.02270
0.70479, -0.02264
0.70622, -0.02257
0.70765, -0.02250
0.70908, -0.02244
0.71050, -0.02237
0.71193, -0.02231
0.71335, -0.02224
0.71477, -0.02218
0.71619, -0.02211
0.71760, -0.02205
0.71901, -0.02198
0.72043, -0.02192
0.72184, -0.02185
0.72324, -0.02179
0.72465, -0.02172
0.72605, -0.02166
0.72745, -0.02159
0.72885, -0.02153
0.73025, -0.02146
0.73165, -0.02140
0.73304, -0.02133
0.73443, -0.02127
0.73582, -0.02120
0.73721, -0.02114
0.73859, -0.02107
0.73997, -0.02101
0.74136, -0.02094
0.74273, -0.02088
0.74411, -0.02081
0.74548, -0.02075
0.74685, -0.02068
0.74822, -0.02062
0.74959, -0.02055
0.75095, -0.02049
0.75231, -0.02042
0.75367, -0.02036
0.75503, -0.02029
0.75638, -0.02023
0.75774, -0.02016
0.75908, -0.02010
0.76043, -0.02003
0.76177, -0.01997
0.76312, -0.01990
0.76445, -0.01984
0.76579, -0.01977
0.76712, -0.01971
0.76845, -0.01964
0.76978, -0.01957
0.77111, -0.01951
0.77243, -0.01944
0.77375, -0.01938
0.77507, -0.01931
0.77638, -0.01925
0.77769, -0.01918
0.77900, -0.01912
0.78031, -0.01905
0.78161, -0.01899
0.78291, -0.01892
0.78421, -0.01886
0.78550, -0.01879
0.78680, -0.01872
0.78808, -0.01866
0.78937, -0.01859
0.79065, -0.01853
0.79194, -0.01846
0.79321, -0.01840
0.79449, -0.01833
0.79576, -0.01827
0.79703, -0.01820
0.79829, -0.01814
0.79956, -0.01807
0.80082, -0.01801
0.80207, -0.01794
0.80333, -0.01788
0.80458, -0.01781
0.80583, -0.01775
0.80707, -0.01768
0.80831, -0.01762
0.80955, -0.01755
0.81079, -0.01749
0.81202, -0.01743
0.81325, -0.01736
0.81448, -0.01730
0.81570, -0.01723
0.81692, -0.01717
0.81814, -0.01710
0.81935, -0.01704
0.82056, -0.01698
0.82177, -0.01691
0.82298, -0.01685
0.82418, -0.01678
0.82537, -0.01672
0.82657, -0.01666
0.82776, -0.01659
0.82895, -0.01653
0.83013, -0.01647
0.83132, -0.01640
0.83249, -0.01634
0.83367, -0.01628
0.83484, -0.01621
0.83601, -0.01615
0.83718, -0.01609
0.83834, -0.01603
0.83950, -0.01596
0.84065, -0.01590
0.84180, -0.01584
0.84295, -0.01578
0.84410, -0.01571
0.84524, -0.01565
0.84638, -0.01559
0.84751, -0.01553
0.84864, -0.01546
0.84977, -0.01540
0.85090, -0.01534
0.85202, -0.01528
0.85314, -0.01522
0.85425, -0.01516
0.85536, -0.01510
0.85647, -0.01504
0.85757, -0.01497
0.85867, -0.01491
0.85977, -0.01485
0.86086, -0.01479
0.86195, -0.01473
0.86304, -0.01467
0.86412, -0.01461
0.86520, -0.01455
0.86627, -0.01449
0.86734, -0.01443
0.86841, -0.01437
0.86948, -0.01431
0.87054, -0.01425
0.87159, -0.01419
0.87265, -0.01413
0.87370, -0.01407
0.87474, -0.01401
0.87578, -0.01396
0.87682, -0.01390
0.87786, -0.01384
0.87889, -0.01378
0.87991, -0.01372
0.88094, -0.01366
0.88196, -0.01360
0.88297, -0.01355
0.88398, -0.01349
0.88499, -0.01343
0.88600, -0.01337
0.88700, -0.01332
0.88799, -0.01326
0.88899, -0.01320
0.88998, -0.01314
0.89096, -0.01309
0.89194, -0.01303
0.89292, -0.01297
0.89389, -0.01292
0.89486, -0.01286
0.89583, -0.01280
0.89679, -0.01275
0.89775, -0.01269
0.89870, -0.01264
0.89965, -0.01258
0.90060, -0.01253
0.90154, -0.01247
0.90248, -0.01242
0.90341, -0.01236
0.90434, -0.01231
0.90527, -0.01225
0.90619, -0.01220
0.90711, -0.01214
0.90802, -0.01209
0.90893, -0.01203
0.90984, -0.01198
0.91074, -0.01193
0.91164, -0.01187
0.91253, -0.01182
0.91342, -0.01177
0.91430, -0.01171
0.91518, -0.01166
0.91606, -0.01161
0.91693, -0.01156
0.91780, -0.01150
0.91867, -0.01145
0.91953, -0.01140
0.92038, -0.01135
0.92124, -0.01130
0.92208, -0.01124
0.92293, -0.01119
0.92377, -0.01114
0.92460, -0.01109
0.92543, -0.01104
0.92626, -0.01099
0.92708, -0.01094
0.92790, -0.01089
0.92872, -0.01084
0.92952, -0.01079
0.93033, -0.01074
0.93113, -0.01069
0.93193, -0.01064
0.93272, -0.01059
0.93351, -0.01055
0.93429, -0.01050
0.93507, -0.01045
0.93585, -0.01040
0.93662, -0.01035
0.93739, -0.01030
0.93815, -0.01026
0.93891, -0.01021
0.93966, -0.01016
0.94041, -0.01012
0.94115, -0.01007
0.94189, -0.01002
0.94263, -0.00998
0.94336, -0.00993
0.94409, -0.00989
0.94481, -0.00984
0.94553, -0.00979
0.94624, -0.00975
0.94695, -0.00970
0.94766, -0.00966
0.94836, -0.00962
0.94906, -0.00957
0.94975, -0.00953
0.95043, -0.00948
0.95112, -0.00944
0.95180, -0.00940
0.95247, -0.00935
0.95314, -0.00931
0.95380, -0.00927
0.95446, -0.00923
0.95512, -0.00918
0.95577, -0.00914
0.95642, -0.00910
0.95706, -0.00906
0.95770, -0.00902
0.95833, -0.00898
0.95896, -0.00894
0.95958, -0.00890
0.96020, -0.00886
0.96081, -0.00882
0.96142, -0.00878
0.96203, -0.00874
0.96263, -0.00870
0.96323, -0.00866
0.96382, -0.00862
0.96440, -0.00858
0.96499, -0.00854
0.96556, -0.00851
0.96614, -0.00847
0.96671, -0.00843
0.96727, -0.00840
0.96783, -0.00836
0.96838, -0.00832
0.96893, -0.00829
0.96948, -0.00825
0.97002, -0.00821
0.97055, -0.00818
0.97108, -0.00814
0.97161, -0.00811
0.97213, -0.00807
0.97265, -0.00804
0.97316, -0.00801
0.97367, -0.00797
0.97417, -0.00794
0.97467, -0.00791
0.97516, -0.00787
0.97565, -0.00784
0.97613, -0.00781
0.97661, -0.00778
0.97709, -0.00774
0.97756, -0.00771
0.97802, -0.00768
0.97848, -0.00765
0.97894, -0.00762
0.97939, -0.00759
0.97983, -0.00756
0.98027, -0.00753
0.98071, -0.00750
0.98114, -0.00747
0.98157, -0.00744
0.98199, -0.00742
0.98240, -0.00739
0.98282, -0.00736
0.98322, -0.00733
0.98363, -0.00730
0.98402, -0.00728
0.98442, -0.00725
0.98480, -0.00722
0.98519, -0.00720
0.98557, -0.00717
0.98594, -0.00715
0.98631, -0.00712
0.98667, -0.00710
0.98703, -0.00707
0.98738, -0.00705
0.98773, -0.00702
0.98808, -0.00700
0.98842, -0.00698
0.98875, -0.00696
0.98908, -0.00693
0.98940, -0.00691
0.98972, -0.00689
0.99004, -0.00687
0.99035, -0.00685
0.99065, -0.00682
0.99095, -0.00680
0.99125, -0.00678
0.99154, -0.00676
0.99182, -0.00674
0.99211, -0.00672
0.99238, -0.00671
0.99265, -0.00669
0.99292, -0.00667
0.99318, -0.00665
0.99343, -0.00663
0.99369, -0.00662
0.99393, -0.00660
0.99417, -0.00658
0.99441, -0.00657
0.99464, -0.00655
0.99487, -0.00653
0.99509, -0.00652
0.99530, -0.00650
0.99552, -0.00649
0.99572, -0.00647
0.99592, -0.00646
0.99612, -0.00645
0.99631, -0.00643
0.99650, -0.00642
0.99668, -0.00641
0.99686, -0.00640
0.99703, -0.00638
0.99720, -0.00637
0.99736, -0.00636
0.99752, -0.00635
0.99767, -0.00634
0.99782, -0.00633
0.99796, -0.00632
0.99809, -0.00631
0.99823, -0.00630
0.99835, -0.00629
0.99848, -0.00628
0.99859, -0.00627
0.99871, -0.00627
0.99881, -0.00626
0.99891, -0.00625
0.99901, -0.00625
0.99910, -0.00624
0.99919, -0.00623
0.99927, -0.00623
0.99935, -0.00622
0.99942, -0.00622
0.99949, -0.00621
0.99955, -0.00621
0.99961, -0.00620
0.99966, -0.00620
0.99971, -0.00620
0.99975, -0.00619
0.99979, -0.00619
0.99982, -0.00619
0.99985, -0.00619
0.99987, -0.00619
0.99989, -0.00618
0.99989, -0.00618
0.99986, -0.00618
0.99985, -0.00618
