airfoil_points_0845
1.000000 0.021783
0.999748 0.021832
0.998993 0.021979
0.997736 0.022222
0.995977 0.022559
0.993719 0.022989
0.990964 0.023507
0.987715 0.024110
0.983974 0.024793
0.979746 0.025551
0.975036 0.026380
0.969846 0.027272
0.964184 0.028222
0.958054 0.029224
0.951463 0.030270
0.944418 0.031354
0.936925 0.032470
0.928992 0.033610
0.920627 0.034769
0.911838 0.035939
0.902635 0.037116
0.893027 0.038293
0.883022 0.039466
0.872632 0.040629
0.861867 0.041780
0.850737 0.042914
0.839255 0.044028
0.827430 0.045122
0.815276 0.046199
0.802805 0.047266
0.790028 0.048336
0.776960 0.049419
0.763613 0.050532
0.750000 0.051691
0.736136 0.052908
0.722033 0.054176
0.707708 0.055486
0.693173 0.056828
0.678443 0.058191
0.663534 0.059261
0.648460 0.059718
0.633237 0.061186
0.617879 0.062645
0.602403 0.064089
0.586824 0.065513
0.571157 0.066909
0.555419 0.068273
0.539625 0.069599
0.523791 0.070881
0.507933 0.072114
0.492067 0.073291
0.476209 0.074407
0.460375 0.075456
0.444581 0.076432
0.428843 0.077330
0.413176 0.078144
0.397597 0.078869
0.382121 0.079501
0.366763 0.080035
0.351540 0.080469
0.336466 0.080799
0.321557 0.081025
0.306827 0.081144
0.292292 0.081155
0.277967 0.081055
0.263864 0.080843
0.250000 0.080517
0.236387 0.080082
0.223040 0.079541
0.209972 0.078901
0.197195 0.078163
0.184724 0.077331
0.172570 0.076394
0.160745 0.075343
0.149263 0.074170
0.138133 0.072870
0.127368 0.071439
0.116978 0.069875
0.106973 0.068184
0.097365 0.066370
0.088162 0.064442
0.079373 0.062405
0.071008 0.060266
0.063075 0.058034
0.055582 0.055716
0.048537 0.053319
0.041946 0.050852
0.035816 0.048321
0.030154 0.045736
0.024964 0.043102
0.020254 0.040428
0.016026 0.037721
0.012285 0.034986
0.009036 0.032231
0.006281 0.029463
0.004023 0.026687
0.002264 0.023915
0.001007 0.021165
0.000252 0.018512
0.000000 0.016762
0.000252 0.012273
0.001007 0.009685
0.002264 0.007075
0.004023 0.004517
0.006281 0.002027
0.009036 -0.000388
0.012285 -0.002727
0.016026 -0.004990
0.020254 -0.007176
0.024964 -0.009285
0.030154 -0.011319
0.035816 -0.013277
0.041946 -0.015162
0.048537 -0.016975
0.055582 -0.018716
0.063075 -0.020389
0.071008 -0.021993
0.079373 -0.023532
0.088162 -0.025006
0.097365 -0.026417
0.106973 -0.027768
0.116978 -0.029059
0.127368 -0.030293
0.138133 -0.031469
0.149263 -0.032584
0.160745 -0.033630
0.172570 -0.034598
0.184724 -0.035478
0.197195 -0.036258
0.209972 -0.036929
0.223040 -0.037491
0.236387 -0.037949
0.250000 -0.038308
0.263864 -0.038575
0.277967 -0.038756
0.292292 -0.038853
0.306827 -0.038868
0.321557 -0.038803
0.336466 -0.038659
0.351540 -0.038440
0.366763 -0.038151
0.382121 -0.037794
0.397597 -0.037371
0.413176 -0.036886
0.428843 -0.036340
0.444581 -0.035736
0.460375 -0.035073
0.476209 -0.034356
0.492067 -0.033583
0.507933 -0.032758
0.523791 -0.031882
0.539625 -0.030956
0.555419 -0.029981
0.571157 -0.028961
0.586824 -0.027895
0.602403 -0.026786
0.617879 -0.025635
0.633237 -0.024443
0.648460 -0.023211
0.663534 -0.021772
0.678443 -0.019216
0.693173 -0.017772
0.707708 -0.016286
0.722033 -0.014751
0.736136 -0.013165
0.750000 -0.011524
0.763613 -0.009829
0.776960 -0.008094
0.790028 -0.006341
0.802805 -0.004592
0.815276 -0.002865
0.827430 -0.001177
0.839255 0.000458
0.850737 0.002029
0.861867 0.003532
0.872632 0.004965
0.883022 0.006324
0.893027 0.007609
0.902635 0.008819
0.911838 0.009953
0.920627 0.011012
0.928992 0.011998
0.936925 0.012910
0.944418 0.013750
0.951463 0.014521
0.958054 0.015225
0.964184 0.015863
0.969846 0.016439
0.975036 0.016954
0.979746 0.017411
0.983974 0.017813
0.987715 0.018162
0.990964 0.018459
0.993719 0.018708
0.995977 0.018908
0.997736 0.019063
0.998993 0.019172
0.999748 0.019238
1.000000 0.019257
