=== Airfoil Parameters ===
m = 0.02
p = 0.4
t = 0.12

=== Control Points ===
0.00000, -0.01017, -0.01017
0.06667, -0.00314, -0.00925
0.13333, 0.00353, -0.00758
0.20000, 0.00951, -0.00549
0.26667, 0.01447, -0.00331
0.66667, 0.01470, -0.00134
0.75000, 0.01341, 0.00021
0.83333, 0.01087, 0.00130
0.91667, 0.00712, 0.00195
1.00000, 0.00225, 0.00225

=== Upper Surface ===
0.00000, -0.01017
-0.00004, -0.00989
-0.00006, -0.00961
-0.00007, -0.00933
-0.00008, -0.00905
-0.00009, -0.00877
-0.00009, -0.00849
-0.00009, -0.00821
-0.00008, -0.00793
-0.00006, -0.00765
-0.00005, -0.00737
-0.00002, -0.00709
0.00000, -0.00681
0.00004, -0.00653
0.00007, -0.00625
0.00012, -0.00597
0.00016, -0.00569
0.00022, -0.00541
0.00027, -0.00513
0.00034, -0.00485
0.00040, -0.00457
0.00048, -0.00428
0.00055, -0.00400
0.00064, -0.00372
0.00072, -0.00344
0.00082, -0.00316
0.00091, -0.00287
0.00102, -0.00259
0.00112, -0.00231
0.00124, -0.00203
0.00135, -0.00174
0.00147, -0.00146
0.00160, -0.00118
0.00173, -0.00090
0.00187, -0.00061
0.00201, -0.00033
0.00216, -0.00005
0.00231, 0.00024
0.00247, 0.00052
0.00263, 0.00080
0.00280, 0.00109
0.00297, 0.00137
0.00315, 0.00166
0.00333, 0.00194
0.00351, 0.00222
0.00371, 0.00251
0.00390, 0.00279
0.00410, 0.00308
0.00431, 0.00336
0.00452, 0.00365
0.00474, 0.00393
0.00496, 0.00422
0.00519, 0.00450
0.00542, 0.00479
0.00565, 0.00507
0.00589, 0.00536
0.00614, 0.00564
0.00639, 0.00593
0.00665, 0.00621
0.00691, 0.00650
0.00717, 0.00678
0.00744, 0.00707
0.00772, 0.00735
0.00800, 0.00764
0.00828, 0.00792
0.00857, 0.00821
0.00887, 0.00850
0.00917, 0.00878
0.00947, 0.00907
0.00978, 0.00935
0.01010, 0.00964
0.01042, 0.00992
0.01074, 0.01021
0.01107, 0.01050
0.01140, 0.01078
0.01174, 0.01107
0.01209, 0.01135
0.01243, 0.01164
0.01279, 0.01193
0.01315, 0.01221
0.01351, 0.01250
0.01388, 0.01278
0.01425, 0.01307
0.01463, 0.01336
0.01501, 0.01364
0.01540, 0.01393
0.01579, 0.01421
0.01619, 0.01450
0.01659, 0.01479
0.01700, 0.01507
0.01741, 0.01536
0.01782, 0.01564
0.01825, 0.01593
0.01867, 0.01621
0.01910, 0.01650
0.01954, 0.01679
0.01998, 0.01707
0.02042, 0.01736
0.02087, 0.01764
0.02133, 0.01793
0.02179, 0.01821
0.02225, 0.01850
0.02272, 0.01878
0.02320, 0.01907
0.02367, 0.01935
0.02416, 0.01964
0.02465, 0.01992
0.02514, 0.02021
0.02564, 0.02049
0.02614, 0.02078
0.02665, 0.02106
0.02716, 0.02135
0.02767, 0.02163
0.02820, 0.02191
0.02872, 0.02220
0.02925, 0.02248
0.02979, 0.02277
0.03033, 0.02305
0.03087, 0.02333
0.03142, 0.02362
0.03198, 0.02390
0.03254, 0.02418
0.03310, 0.02447
0.03367, 0.02475
0.03424, 0.02503
0.03482, 0.02531
0.03540, 0.02560
0.03599, 0.02588
0.03658, 0.02616
0.03718, 0.02644
0.03778, 0.02672
0.03838, 0.02700
0.03899, 0.02729
0.03961, 0.02757
0.04023, 0.02785
0.04085, 0.02813
0.04148, 0.02841
0.04212, 0.02869
0.04275, 0.02897
0.04340, 0.02925
0.04404, 0.02953
0.04470, 0.02981
0.04535, 0.03009
0.04601, 0.03036
0.04668, 0.03064
0.04735, 0.03092
0.04802, 0.03120
0.04870, 0.03148
0.04939, 0.03175
0.05008, 0.03203
0.05077, 0.03231
0.05147, 0.03258
0.05217, 0.03286
0.05287, 0.03314
0.05359, 0.03341
0.05430, 0.03369
0.05502, 0.03396
0.05575, 0.03424
0.05647, 0.03451
0.05721, 0.03479
0.05795, 0.03506
0.05869, 0.03533
0.05944, 0.03561
0.06019, 0.03588
0.06094, 0.03615
0.06170, 0.03642
0.06247, 0.03669
0.06324, 0.03697
0.06401, 0.03724
0.06479, 0.03751
0.06557, 0.03778
0.06636, 0.03805
0.06715, 0.03832
0.06794, 0.03859
0.06874, 0.03886
0.06955, 0.03912
0.07036, 0.03939
0.07117, 0.03966
0.07199, 0.03993
0.07281, 0.04019
0.07364, 0.04046
0.07447, 0.04072
0.07530, 0.04099
0.07614, 0.04125
0.07698, 0.04152
0.07783, 0.04178
0.07868, 0.04205
0.07954, 0.04231
0.08040, 0.04257
0.08127, 0.04283
0.08213, 0.04309
0.08301, 0.04336
0.08389, 0.04362
0.08477, 0.04388
0.08565, 0.04414
0.08654, 0.04439
0.08744, 0.04465
0.08834, 0.04491
0.08924, 0.04517
0.09015, 0.04543
0.09106, 0.04568
0.09198, 0.04594
0.09290, 0.04619
0.09382, 0.04645
0.09475, 0.04670
0.09568, 0.04695
0.09662, 0.04721
0.09756, 0.04746
0.09850, 0.04771
0.09945, 0.04796
0.10040, 0.04821
0.10136, 0.04846
0.10232, 0.04871
0.10329, 0.04896
0.10426, 0.04921
0.10523, 0.04946
0.10621, 0.04970
0.10719, 0.04995
0.10818, 0.05020
0.10917, 0.05044
0.11016, 0.05068
0.11116, 0.05093
0.11216, 0.05117
0.11317, 0.05141
0.11418, 0.05165
0.11519, 0.05190
0.11621, 0.05214
0.11723, 0.05238
0.11825, 0.05261
0.11928, 0.05285
0.12032, 0.05309
0.12136, 0.05333
0.12240, 0.05356
0.12344, 0.05380
0.12449, 0.05403
0.12554, 0.05426
0.12660, 0.05450
0.12766, 0.05473
0.12873, 0.05496
0.12980, 0.05519
0.13087, 0.05542
0.13194, 0.05565
0.13302, 0.05588
0.13411, 0.05611
0.13520, 0.05633
0.13629, 0.05656
0.13738, 0.05678
0.13848, 0.05701
0.13958, 0.05723
0.14069, 0.05745
0.14180, 0.05767
0.14291, 0.05789
0.14403, 0.05811
0.14515, 0.05833
0.14627, 0.05855
0.14740, 0.05877
0.14853, 0.05899
0.14967, 0.05920
0.15081, 0.05942
0.15195, 0.05963
0.15310, 0.05984
0.15425, 0.06005
0.15540, 0.06027
0.15656, 0.06048
0.15772, 0.06069
0.15888, 0.06089
0.16005, 0.06110
0.16122, 0.06131
0.16239, 0.06151
0.16357, 0.06172
0.16475, 0.06192
0.16593, 0.06213
0.16712, 0.06233
0.16831, 0.06253
0.16951, 0.06273
0.17070, 0.06293
0.17191, 0.06313
0.17311, 0.06332
0.17432, 0.06352
0.17553, 0.06372
0.17675, 0.06391
0.17796, 0.06410
0.17918, 0.06430
0.18041, 0.06449
0.18164, 0.06468
0.18287, 0.06487
0.18410, 0.06506
0.18534, 0.06524
0.18658, 0.06543
0.18783, 0.06562
0.18907, 0.06580
0.19032, 0.06598
0.19158, 0.06617
0.19283, 0.06635
0.19409, 0.06653
0.19536, 0.06671
0.19663, 0.06689
0.19790, 0.06706
0.19917, 0.06724
0.20045, 0.06742
0.20173, 0.06759
0.20301, 0.06776
0.20430, 0.06794
0.20559, 0.06811
0.20689, 0.06828
0.20818, 0.06845
0.20949, 0.06861
0.21079, 0.06878
0.21210, 0.06895
0.21341, 0.06911
0.21473, 0.06927
0.21605, 0.06943
0.21737, 0.06960
0.21870, 0.06975
0.22003, 0.06991
0.22136, 0.07007
0.22270, 0.07023
0.22404, 0.07038
0.22538, 0.07053
0.22673, 0.07068
0.22808, 0.07083
0.22943, 0.07098
0.23078, 0.07113
0.23214, 0.07128
0.23351, 0.07142
0.23487, 0.07157
0.23624, 0.07171
0.23762, 0.07185
0.23899, 0.07199
0.24037, 0.07212
0.24176, 0.07226
0.24314, 0.07239
0.24453, 0.07253
0.24592, 0.07266
0.24732, 0.07279
0.24872, 0.07291
0.25012, 0.07304
0.25153, 0.07317
0.25294, 0.07329
0.25435, 0.07341
0.25576, 0.07353
0.25718, 0.07365
0.25860, 0.07376
0.26003, 0.07388
0.26145, 0.07399
0.26288, 0.07410
0.26432, 0.07421
0.26575, 0.07432
0.26719, 0.07442
0.26863, 0.07452
0.27007, 0.07463
0.27151, 0.07473
0.27296, 0.07482
0.27441, 0.07492
0.27586, 0.07501
0.27731, 0.07510
0.27877, 0.07519
0.28023, 0.07528
0.28169, 0.07537
0.28315, 0.07545
0.28461, 0.07554
0.28608, 0.07562
0.28754, 0.07570
0.28901, 0.07577
0.29048, 0.07585
0.29196, 0.07592
0.29343, 0.07599
0.29491, 0.07606
0.29639, 0.07613
0.29787, 0.07620
0.29935, 0.07626
0.30084, 0.07632
0.30232, 0.07638
0.30381, 0.07644
0.30530, 0.07650
0.30679, 0.07655
0.30829, 0.07661
0.30978, 0.07666
0.31128, 0.07671
0.31278, 0.07675
0.31428, 0.07680
0.31578, 0.07684
0.31729, 0.07689
0.31879, 0.07693
0.32030, 0.07696
0.32181, 0.07700
0.32332, 0.07704
0.32483, 0.07707
0.32634, 0.07710
0.32785, 0.07713
0.32937, 0.07716
0.33088, 0.07718
0.33239, 0.07721
0.33391, 0.07723
0.33542, 0.07725
0.33694, 0.07727
0.33846, 0.07729
0.33998, 0.07731
0.34151, 0.07732
0.34303, 0.07733
0.34456, 0.07735
0.34609, 0.07736
0.34762, 0.07736
0.34915, 0.07737
0.35068, 0.07738
0.35222, 0.07738
0.35375, 0.07738
0.35529, 0.07738
0.35683, 0.07738
0.35837, 0.07738
0.35991, 0.07737
0.36146, 0.07737
0.36300, 0.07736
0.36455, 0.07735
0.36609, 0.07734
0.36764, 0.07733
0.36919, 0.07731
0.37074, 0.07730
0.37230, 0.07728
0.37385, 0.07726
0.37540, 0.07724
0.37696, 0.07722
0.37852, 0.07719
0.38007, 0.07717
0.38163, 0.07714
0.38319, 0.07711
0.38475, 0.07708
0.38631, 0.07705
0.38788, 0.07701
0.38944, 0.07698
0.39100, 0.07694
0.39257, 0.07690
0.39413, 0.07686
0.39570, 0.07682
0.39727, 0.07678
0.39884, 0.07673
0.40041, 0.07669
0.40197, 0.07664
0.40354, 0.07659
0.40512, 0.07654
0.40669, 0.07649
0.40826, 0.07644
0.40983, 0.07638
0.41140, 0.07633
0.41298, 0.07627
0.41455, 0.07621
0.41613, 0.07615
0.41770, 0.07609
0.41928, 0.07602
0.42085, 0.07596
0.42243, 0.07589
0.42401, 0.07583
0.42558, 0.07576
0.42716, 0.07569
0.42874, 0.07562
0.43032, 0.07554
0.43190, 0.07547
0.43347, 0.07539
0.43505, 0.07532
0.43663, 0.07524
0.43821, 0.07516
0.43979, 0.07508
0.44137, 0.07500
0.44295, 0.07492
0.44453, 0.07483
0.44611, 0.07475
0.44769, 0.07466
0.44927, 0.07457
0.45085, 0.07449
0.45243, 0.07440
0.45401, 0.07431
0.45559, 0.07421
0.45717, 0.07412
0.45875, 0.07403
0.46034, 0.07393
0.46192, 0.07384
0.46350, 0.07374
0.46508, 0.07364
0.46666, 0.07354
0.46824, 0.07344
0.46982, 0.07334
0.47140, 0.07324
0.47298, 0.07314
0.47456, 0.07303
0.47614, 0.07293
0.47772, 0.07282
0.47930, 0.07272
0.48088, 0.07261
0.48246, 0.07250
0.48404, 0.07239
0.48561, 0.07228
0.48719, 0.07217
0.48877, 0.07206
0.49035, 0.07195
0.49193, 0.07184
0.49351, 0.07172
0.49508, 0.07161
0.49666, 0.07149
0.49824, 0.07138
0.49981, 0.07126
0.50139, 0.07115
0.50297, 0.07103
0.50454, 0.07091
0.50612, 0.07079
0.50769, 0.07067
0.50927, 0.07055
0.51084, 0.07043
0.51242, 0.07031
0.51399, 0.07018
0.51557, 0.07006
0.51714, 0.06994
0.51871, 0.06981
0.52028, 0.06969
0.52186, 0.06956
0.52343, 0.06944
0.52500, 0.06931
0.52657, 0.06918
0.52814, 0.06906
0.52971, 0.06893
0.53128, 0.06880
0.53285, 0.06867
0.53442, 0.06854
0.53598, 0.06841
0.53755, 0.06828
0.53912, 0.06815
0.54068, 0.06802
0.54225, 0.06789
0.54382, 0.06776
0.54538, 0.06762
0.54695, 0.06749
0.54851, 0.06736
0.55007, 0.06722
0.55164, 0.06709
0.55320, 0.06695
0.55476, 0.06682
0.55632, 0.06668
0.55788, 0.06655
0.55944, 0.06641
0.56100, 0.06627
0.56256, 0.06614
0.56412, 0.06600
0.56567, 0.06586
0.56723, 0.06572
0.56878, 0.06558
0.57034, 0.06544
0.57189, 0.06531
0.57345, 0.06517
0.57500, 0.06503
0.57655, 0.06489
0.57811, 0.06474
0.57966, 0.06460
0.58121, 0.06446
0.58276, 0.06432
0.58430, 0.06418
0.58585, 0.06404
0.58740, 0.06389
0.58894, 0.06375
0.59049, 0.06361
0.59203, 0.06346
0.59358, 0.06332
0.59512, 0.06318
0.59666, 0.06303
0.59820, 0.06289
0.59974, 0.06274
0.60128, 0.06260
0.60282, 0.06245
0.60436, 0.06230
0.60589, 0.06216
0.60743, 0.06201
0.60896, 0.06186
0.61049, 0.06172
0.61203, 0.06157
0.61356, 0.06142
0.61509, 0.06127
0.61661, 0.06113
0.61814, 0.06098
0.61967, 0.06083
0.62119, 0.06068
0.62272, 0.06053
0.62424, 0.06038
0.62576, 0.06023
0.62728, 0.06008
0.62880, 0.05993
0.63032, 0.05978
0.63184, 0.05963
0.63335, 0.05948
0.63487, 0.05933
0.63638, 0.05917
0.63789, 0.05902
0.63940, 0.05887
0.64091, 0.05872
0.64242, 0.05857
0.64393, 0.05841
0.64543, 0.05826
0.64693, 0.05811
0.64844, 0.05795
0.64995, 0.05780
0.65149, 0.05764
0.65316, 0.05748
0.65516, 0.05730
0.65778, 0.05706
0.66116, 0.05665
0.66484, 0.05603
0.66784, 0.05533
0.66933, 0.05488
0.66932, 0.05473
0.66865, 0.05468
0.66827, 0.05458
0.66864, 0.05443
0.66962, 0.05427
0.67093, 0.05411
0.67235, 0.05395
0.67381, 0.05379
0.67528, 0.05363
0.67674, 0.05347
0.67821, 0.05331
0.67967, 0.05315
0.68113, 0.05300
0.68259, 0.05284
0.68405, 0.05268
0.68550, 0.05252
0.68696, 0.05236
0.68841, 0.05220
0.68987, 0.05204
0.69132, 0.05188
0.69277, 0.05172
0.69421, 0.05156
0.69566, 0.05140
0.69711, 0.05124
0.69855, 0.05108
0.69999, 0.05092
0.70143, 0.05076
0.70287, 0.05060
0.70431, 0.05044
0.70574, 0.05028
0.70717, 0.05012
0.70861, 0.04996
0.71004, 0.04980
0.71146, 0.04963
0.71289, 0.04947
0.71432, 0.04931
0.71574, 0.04915
0.71716, 0.04899
0.71858, 0.04882
0.72000, 0.04866
0.72141, 0.04850
0.72283, 0.04834
0.72424, 0.04817
0.72565, 0.04801
0.72705, 0.04784
0.72846, 0.04768
0.72986, 0.04751
0.73127, 0.04735
0.73266, 0.04718
0.73406, 0.04702
0.73546, 0.04685
0.73685, 0.04669
0.73824, 0.04652
0.73963, 0.04635
0.74102, 0.04618
0.74240, 0.04602
0.74379, 0.04585
0.74517, 0.04568
0.74654, 0.04551
0.74792, 0.04534
0.74929, 0.04517
0.75066, 0.04500
0.75203, 0.04483
0.75340, 0.04466
0.75476, 0.04449
0.75612, 0.04432
0.75748, 0.04414
0.75884, 0.04397
0.76019, 0.04380
0.76154, 0.04362
0.76288, 0.04345
0.76423, 0.04328
0.76557, 0.04310
0.76691, 0.04293
0.76824, 0.04275
0.76958, 0.04258
0.77091, 0.04240
0.77223, 0.04222
0.77356, 0.04205
0.77488, 0.04187
0.77620, 0.04169
0.77752, 0.04152
0.77883, 0.04134
0.78014, 0.04116
0.78145, 0.04098
0.78275, 0.04081
0.78405, 0.04063
0.78535, 0.04045
0.78664, 0.04027
0.78794, 0.04009
0.78923, 0.03991
0.79051, 0.03973
0.79179, 0.03955
0.79308, 0.03937
0.79435, 0.03919
0.79563, 0.03901
0.79690, 0.03883
0.79817, 0.03865
0.79943, 0.03847
0.80069, 0.03829
0.80195, 0.03811
0.80321, 0.03793
0.80446, 0.03775
0.80571, 0.03757
0.80695, 0.03739
0.80820, 0.03721
0.80944, 0.03703
0.81067, 0.03685
0.81191, 0.03667
0.81314, 0.03649
0.81437, 0.03630
0.81559, 0.03612
0.81681, 0.03594
0.81803, 0.03576
0.81924, 0.03558
0.82045, 0.03540
0.82166, 0.03522
0.82286, 0.03504
0.82407, 0.03486
0.82526, 0.03468
0.82646, 0.03450
0.82765, 0.03431
0.82884, 0.03413
0.83002, 0.03395
0.83120, 0.03377
0.83238, 0.03359
0.83355, 0.03341
0.83473, 0.03323
0.83589, 0.03305
0.83706, 0.03287
0.83822, 0.03269
0.83938, 0.03251
0.84053, 0.03233
0.84168, 0.03215
0.84283, 0.03197
0.84397, 0.03180
0.84511, 0.03162
0.84625, 0.03144
0.84738, 0.03126
0.84851, 0.03108
0.84964, 0.03090
0.85076, 0.03072
0.85188, 0.03055
0.85300, 0.03037
0.85411, 0.03019
0.85522, 0.03001
0.85632, 0.02984
0.85743, 0.02966
0.85853, 0.02948
0.85962, 0.02931
0.86071, 0.02913
0.86180, 0.02895
0.86288, 0.02878
0.86396, 0.02860
0.86504, 0.02843
0.86611, 0.02825
0.86718, 0.02808
0.86825, 0.02790
0.86931, 0.02773
0.87037, 0.02755
0.87142, 0.02738
0.87247, 0.02721
0.87352, 0.02703
0.87456, 0.02686
0.87560, 0.02669
0.87664, 0.02652
0.87767, 0.02634
0.87870, 0.02617
0.87973, 0.02600
0.88075, 0.02583
0.88176, 0.02566
0.88278, 0.02549
0.88379, 0.02532
0.88479, 0.02515
0.88579, 0.02498
0.88679, 0.02481
0.88779, 0.02464
0.88878, 0.02447
0.88976, 0.02430
0.89075, 0.02414
0.89172, 0.02397
0.89270, 0.02380
0.89367, 0.02363
0.89464, 0.02347
0.89560, 0.02330
0.89656, 0.02314
0.89752, 0.02297
0.89847, 0.02281
0.89941, 0.02264
0.90036, 0.02248
0.90130, 0.02232
0.90223, 0.02215
0.90316, 0.02199
0.90409, 0.02183
0.90501, 0.02167
0.90593, 0.02150
0.90685, 0.02134
0.90776, 0.02118
0.90867, 0.02102
0.90957, 0.02086
0.91047, 0.02070
0.91136, 0.02055
0.91226, 0.02039
0.91314, 0.02023
0.91402, 0.02007
0.91490, 0.01992
0.91578, 0.01976
0.91665, 0.01960
0.91751, 0.01945
0.91838, 0.01929
0.91923, 0.01914
0.92009, 0.01899
0.92094, 0.01883
0.92178, 0.01868
0.92263, 0.01853
0.92346, 0.01838
0.92430, 0.01822
0.92512, 0.01807
0.92595, 0.01792
0.92677, 0.01777
0.92758, 0.01763
0.92840, 0.01748
0.92920, 0.01733
0.93001, 0.01718
0.93081, 0.01704
0.93160, 0.01689
0.93239, 0.01674
0.93318, 0.01660
0.93396, 0.01645
0.93474, 0.01631
0.93551, 0.01617
0.93628, 0.01603
0.93705, 0.01588
0.93781, 0.01574
0.93856, 0.01560
0.93931, 0.01546
0.94006, 0.01532
0.94080, 0.01518
0.94154, 0.01504
0.94228, 0.01491
0.94301, 0.01477
0.94373, 0.01463
0.94445, 0.01450
0.94517, 0.01436
0.94588, 0.01423
0.94659, 0.01410
0.94730, 0.01396
0.94799, 0.01383
0.94869, 0.01370
0.94938, 0.01357
0.95007, 0.01344
0.95075, 0.01331
0.95142, 0.01318
0.95210, 0.01305
0.95276, 0.01292
0.95343, 0.01280
0.95409, 0.01267
0.95474, 0.01255
0.95539, 0.01242
0.95604, 0.01230
0.95668, 0.01217
0.95732, 0.01205
0.95795, 0.01193
0.95858, 0.01181
0.95920, 0.01169
0.95982, 0.01157
0.96043, 0.01145
0.96104, 0.01133
0.96165, 0.01121
0.96225, 0.01110
0.96284, 0.01098
0.96343, 0.01087
0.96402, 0.01075
0.96460, 0.01064
0.96518, 0.01053
0.96575, 0.01041
0.96632, 0.01030
0.96689, 0.01019
0.96745, 0.01008
0.96800, 0.00998
0.96855, 0.00987
0.96910, 0.00976
0.96964, 0.00965
0.97017, 0.00955
0.97070, 0.00944
0.97123, 0.00934
0.97175, 0.00924
0.97227, 0.00913
0.97278, 0.00903
0.97329, 0.00893
0.97380, 0.00883
0.97430, 0.00873
0.97479, 0.00864
0.97528, 0.00854
0.97576, 0.00844
0.97624, 0.00835
0.97672, 0.00825
0.97719, 0.00816
0.97766, 0.00807
0.97812, 0.00797
0.97858, 0.00788
0.97903, 0.00779
0.97948, 0.00770
0.97992, 0.00761
0.98036, 0.00753
0.98079, 0.00744
0.98122, 0.00735
0.98164, 0.00727
0.98206, 0.00718
0.98248, 0.00710
0.98289, 0.00702
0.98329, 0.00694
0.98369, 0.00686
0.98409, 0.00678
0.98448, 0.00670
0.98486, 0.00662
0.98524, 0.00654
0.98562, 0.00647
0.98599, 0.00639
0.98636, 0.00632
0.98672, 0.00624
0.98708, 0.00617
0.98743, 0.00610
0.98778, 0.00603
0.98812, 0.00596
0.98846, 0.00589
0.98879, 0.00582
0.98912, 0.00576
0.98944, 0.00569
0.98976, 0.00563
0.99008, 0.00556
0.99039, 0.00550
0.99069, 0.00544
0.99099, 0.00538
0.99129, 0.00532
0.99158, 0.00526
0.99186, 0.00520
0.99214, 0.00514
0.99242, 0.00508
0.99269, 0.00503
0.99295, 0.00497
0.99321, 0.00492
0.99347, 0.00487
0.99372, 0.00482
0.99397, 0.00477
0.99421, 0.00472
0.99445, 0.00467
0.99468, 0.00462
0.99491, 0.00457
0.99513, 0.00453
0.99535, 0.00448
0.99556, 0.00444
0.99577, 0.00440
0.99597, 0.00435
0.99617, 0.00431
0.99636, 0.00427
0.99655, 0.00424
0.99673, 0.00420
0.99691, 0.00416
0.99708, 0.00413
0.99725, 0.00409
0.99742, 0.00406
0.99758, 0.00402
0.99773, 0.00399
0.99788, 0.00396
0.99802, 0.00393
0.99816, 0.00390
0.99830, 0.00387
0.99843, 0.00385
0.99855, 0.00382
0.99867, 0.00380
0.99879, 0.00377
0.99890, 0.00375
0.99900, 0.00373
0.99910, 0.00371
0.99920, 0.00369
0.99929, 0.00367
0.99937, 0.00365
0.99946, 0.00363
0.99953, 0.00362
0.99960, 0.00360
0.99967, 0.00359
0.99973, 0.00358
0.99979, 0.00357
0.99984, 0.00356
0.99988, 0.00355
0.99993, 0.00354
0.99996, 0.00353
0.99999, 0.00352
1.00002, 0.00352
1.00004, 0.00351
1.00006, 0.00351
1.00008, 0.00351
1.00012, 0.00350
1.00014, 0.00350

=== Lower Surface ===
0.00000, -0.01017
0.00005, -0.01044
0.00007, -0.01072
0.00011, -0.01100
0.00016, -0.01127
0.00021, -0.01155
0.00027, -0.01182
0.00033, -0.01209
0.00039, -0.01237
0.00047, -0.01264
0.00054, -0.01291
0.00062, -0.01318
0.00071, -0.01344
0.00080, -0.01371
0.00090, -0.01398
0.00100, -0.01424
0.00110, -0.01451
0.00121, -0.01477
0.00133, -0.01503
0.00145, -0.01529
0.00157, -0.01556
0.00170, -0.01582
0.00184, -0.01607
0.00198, -0.01633
0.00212, -0.01659
0.00227, -0.01685
0.00243, -0.01710
0.00259, -0.01736
0.00275, -0.01761
0.00292, -0.01786
0.00309, -0.01811
0.00327, -0.01836
0.00346, -0.01861
0.00365, -0.01886
0.00384, -0.01911
0.00404, -0.01936
0.00424, -0.01960
0.00445, -0.01985
0.00466, -0.02009
0.00488, -0.02034
0.00510, -0.02058
0.00533, -0.02082
0.00556, -0.02106
0.00580, -0.02130
0.00604, -0.02154
0.00629, -0.02178
0.00654, -0.02201
0.00680, -0.02225
0.00706, -0.02248
0.00733, -0.02272
0.00760, -0.02295
0.00787, -0.02318
0.00816, -0.02341
0.00844, -0.02364
0.00873, -0.02387
0.00903, -0.02410
0.00933, -0.02433
0.00963, -0.02455
0.00994, -0.02478
0.01026, -0.02500
0.01058, -0.02523
0.01090, -0.02545
0.01123, -0.02567
0.01156, -0.02589
0.01190, -0.02611
0.01225, -0.02633
0.01259, -0.02654
0.01295, -0.02676
0.01331, -0.02697
0.01367, -0.02719
0.01403, -0.02740
0.01441, -0.02761
0.01478, -0.02783
0.01517, -0.02804
0.01555, -0.02825
0.01594, -0.02845
0.01634, -0.02866
0.01674, -0.02887
0.01715, -0.02907
0.01756, -0.02928
0.01797, -0.02948
0.01839, -0.02968
0.01881, -0.02988
0.01924, -0.03008
0.01968, -0.03028
0.02012, -0.03048
0.02056, -0.03068
0.02101, -0.03088
0.02146, -0.03107
0.02192, -0.03126
0.02238, -0.03146
0.02284, -0.03165
0.02332, -0.03184
0.02379, -0.03203
0.02427, -0.03222
0.02476, -0.03241
0.02525, -0.03259
0.02574, -0.03278
0.02624, -0.03297
0.02674, -0.03315
0.02725, -0.03333
0.02777, -0.03351
0.02828, -0.03369
0.02881, -0.03387
0.02933, -0.03405
0.02986, -0.03423
0.03040, -0.03441
0.03094, -0.03458
0.03149, -0.03476
0.03204, -0.03493
0.03259, -0.03510
0.03315, -0.03527
0.03371, -0.03544
0.03428, -0.03561
0.03485, -0.03578
0.03543, -0.03594
0.03601, -0.03611
0.03660, -0.03627
0.03719, -0.03644
0.03779, -0.03660
0.03838, -0.03676
0.03899, -0.03692
0.03960, -0.03708
0.04021, -0.03724
0.04083, -0.03740
0.04145, -0.03755
0.04208, -0.03771
0.04271, -0.03786
0.04334, -0.03801
0.04398, -0.03816
0.04463, -0.03831
0.04528, -0.03846
0.04593, -0.03861
0.04659, -0.03876
0.04725, -0.03890
0.04792, -0.03905
0.04859, -0.03919
0.04926, -0.03934
0.04994, -0.03948
0.05063, -0.03962
0.05132, -0.03976
0.05201, -0.03989
0.05271, -0.04003
0.05341, -0.04017
0.05411, -0.04030
0.05482, -0.04044
0.05554, -0.04057
0.05626, -0.04070
0.05698, -0.04083
0.05771, -0.04096
0.05844, -0.04109
0.05918, -0.04121
0.05992, -0.04134
0.06066, -0.04146
0.06141, -0.04159
0.06216, -0.04171
0.06292, -0.04183
0.06368, -0.04195
0.06445, -0.04207
0.06522, -0.04219
0.06599, -0.04230
0.06677, -0.04242
0.06755, -0.04253
0.06834, -0.04265
0.06913, -0.04276
0.06992, -0.04287
0.07072, -0.04298
0.07153, -0.04309
0.07233, -0.04319
0.07314, -0.04330
0.07396, -0.04341
0.07478, -0.04351
0.07560, -0.04361
0.07643, -0.04371
0.07726, -0.04381
0.07810, -0.04391
0.07894, -0.04401
0.07978, -0.04411
0.08063, -0.04420
0.08148, -0.04430
0.08234, -0.04439
0.08320, -0.04448
0.08406, -0.04458
0.08493, -0.04467
0.08580, -0.04475
0.08668, -0.04484
0.08756, -0.04493
0.08845, -0.04501
0.08933, -0.04510
0.09022, -0.04518
0.09112, -0.04526
0.09202, -0.04534
0.09292, -0.04542
0.09383, -0.04550
0.09474, -0.04558
0.09566, -0.04565
0.09658, -0.04573
0.09750, -0.04580
0.09843, -0.04588
0.09936, -0.04595
0.10029, -0.04602
0.10123, -0.04609
0.10217, -0.04616
0.10312, -0.04622
0.10407, -0.04629
0.10502, -0.04635
0.10598, -0.04642
0.10694, -0.04648
0.10790, -0.04654
0.10887, -0.04660
0.10985, -0.04666
0.11082, -0.04672
0.11180, -0.04677
0.11278, -0.04683
0.11377, -0.04688
0.11476, -0.04694
0.11575, -0.04699
0.11675, -0.04704
0.11775, -0.04709
0.11876, -0.04714
0.11977, -0.04718
0.12078, -0.04723
0.12180, -0.04728
0.12282, -0.04732
0.12384, -0.04736
0.12486, -0.04741
0.12589, -0.04745
0.12693, -0.04749
0.12796, -0.04752
0.12901, -0.04756
0.13005, -0.04760
0.13110, -0.04763
0.13215, -0.04767
0.13320, -0.04770
0.13426, -0.04773
0.13532, -0.04776
0.13639, -0.04779
0.13745, -0.04782
0.13853, -0.04785
0.13960, -0.04788
0.14068, -0.04790
0.14176, -0.04792
0.14285, -0.04795
0.14394, -0.04797
0.14503, -0.04799
0.14612, -0.04801
0.14722, -0.04803
0.14832, -0.04805
0.14943, -0.04806
0.15054, -0.04808
0.15165, -0.04809
0.15277, -0.04811
0.15388, -0.04812
0.15501, -0.04813
0.15613, -0.04814
0.15726, -0.04815
0.15839, -0.04816
0.15953, -0.04816
0.16067, -0.04817
0.16181, -0.04818
0.16295, -0.04818
0.16410, -0.04818
0.16525, -0.04818
0.16641, -0.04818
0.16756, -0.04818
0.16873, -0.04818
0.16989, -0.04818
0.17106, -0.04818
0.17223, -0.04817
0.17340, -0.04817
0.17458, -0.04816
0.17576, -0.04815
0.17694, -0.04814
0.17812, -0.04813
0.17931, -0.04812
0.18051, -0.04811
0.18170, -0.04810
0.18290, -0.04808
0.18410, -0.04807
0.18530, -0.04805
0.18651, -0.04803
0.18772, -0.04802
0.18893, -0.04800
0.19015, -0.04798
0.19137, -0.04796
0.19259, -0.04793
0.19381, -0.04791
0.19504, -0.04789
0.19627, -0.04786
0.19750, -0.04784
0.19874, -0.04781
0.19998, -0.04778
0.20122, -0.04775
0.20247, -0.04772
0.20371, -0.04769
0.20496, -0.04766
0.20622, -0.04763
0.20747, -0.04759
0.20873, -0.04756
0.20999, -0.04752
0.21125, -0.04748
0.21252, -0.04745
0.21378, -0.04741
0.21505, -0.04737
0.21632, -0.04733
0.21760, -0.04729
0.21887, -0.04725
0.22015, -0.04721
0.22143, -0.04716
0.22271, -0.04712
0.22399, -0.04708
0.22528, -0.04703
0.22657, -0.04698
0.22786, -0.04694
0.22915, -0.04689
0.23045, -0.04684
0.23174, -0.04679
0.23304, -0.04674
0.23434, -0.04670
0.23564, -0.04664
0.23695, -0.04659
0.23825, -0.04654
0.23956, -0.04649
0.24087, -0.04644
0.24218, -0.04638
0.24350, -0.04633
0.24481, -0.04628
0.24613, -0.04622
0.24745, -0.04617
0.24877, -0.04611
0.25010, -0.04606
0.25142, -0.04600
0.25275, -0.04594
0.25408, -0.04589
0.25541, -0.04583
0.25674, -0.04577
0.25807, -0.04572
0.25941, -0.04566
0.26074, -0.04560
0.26208, -0.04554
0.26342, -0.04548
0.26476, -0.04542
0.26611, -0.04536
0.26745, -0.04531
0.26880, -0.04525
0.27015, -0.04519
0.27150, -0.04513
0.27285, -0.04507
0.27420, -0.04501
0.27556, -0.04495
0.27692, -0.04489
0.27828, -0.04483
0.27965, -0.04477
0.28101, -0.04471
0.28238, -0.04464
0.28375, -0.04458
0.28512, -0.04452
0.28650, -0.04446
0.28787, -0.04440
0.28925, -0.04434
0.29063, -0.04428
0.29202, -0.04422
0.29340, -0.04415
0.29479, -0.04409
0.29618, -0.04403
0.29757, -0.04397
0.29897, -0.04391
0.30037, -0.04385
0.30176, -0.04378
0.30316, -0.04372
0.30457, -0.04366
0.30597, -0.04360
0.30738, -0.04353
0.30879, -0.04347
0.31020, -0.04341
0.31161, -0.04335
0.31303, -0.04328
0.31444, -0.04322
0.31586, -0.04316
0.31728, -0.04309
0.31871, -0.04303
0.32013, -0.04297
0.32156, -0.04290
0.32299, -0.04284
0.32442, -0.04278
0.32585, -0.04271
0.32728, -0.04265
0.32872, -0.04259
0.33016, -0.04252
0.33160, -0.04246
0.33305, -0.04239
0.33450, -0.04233
0.33595, -0.04226
0.33740, -0.04220
0.33886, -0.04213
0.34032, -0.04207
0.34177, -0.04200
0.34323, -0.04194
0.34469, -0.04187
0.34616, -0.04181
0.34762, -0.04174
0.34909, -0.04167
0.35055, -0.04161
0.35202, -0.04154
0.35349, -0.04148
0.35496, -0.04141
0.35643, -0.04134
0.35791, -0.04128
0.35938, -0.04121
0.36086, -0.04114
0.36233, -0.04107
0.36381, -0.04101
0.36529, -0.04094
0.36678, -0.04087
0.36826, -0.04080
0.36974, -0.04074
0.37123, -0.04067
0.37272, -0.04060
0.37421, -0.04053
0.37569, -0.04047
0.37719, -0.04040
0.37868, -0.04033
0.38017, -0.04026
0.38167, -0.04019
0.38317, -0.04013
0.38466, -0.04006
0.38616, -0.03999
0.38766, -0.03992
0.38917, -0.03985
0.39067, -0.03979
0.39217, -0.03972
0.39368, -0.03965
0.39519, -0.03958
0.39670, -0.03951
0.39820, -0.03944
0.39972, -0.03938
0.40123, -0.03931
0.40274, -0.03924
0.40426, -0.03917
0.40577, -0.03910
0.40729, -0.03903
0.40881, -0.03896
0.41033, -0.03890
0.41185, -0.03883
0.41337, -0.03876
0.41490, -0.03869
0.41642, -0.03862
0.41795, -0.03855
0.41948, -0.03848
0.42100, -0.03841
0.42253, -0.03834
0.42406, -0.03827
0.42560, -0.03820
0.42713, -0.03813
0.42866, -0.03806
0.43020, -0.03799
0.43173, -0.03792
0.43327, -0.03785
0.43481, -0.03778
0.43635, -0.03771
0.43789, -0.03764
0.43943, -0.03757
0.44097, -0.03750
0.44252, -0.03743
0.44406, -0.03736
0.44561, -0.03729
0.44716, -0.03721
0.44870, -0.03714
0.45025, -0.03707
0.45180, -0.03700
0.45335, -0.03693
0.45490, -0.03685
0.45645, -0.03678
0.45801, -0.03671
0.45956, -0.03663
0.46111, -0.03656
0.46267, -0.03649
0.46423, -0.03641
0.46578, -0.03634
0.46734, -0.03626
0.46890, -0.03619
0.47046, -0.03611
0.47202, -0.03604
0.47358, -0.03596
0.47514, -0.03589
0.47670, -0.03581
0.47826, -0.03574
0.47982, -0.03566
0.48139, -0.03558
0.48295, -0.03550
0.48451, -0.03543
0.48608, -0.03535
0.48764, -0.03527
0.48921, -0.03519
0.49078, -0.03511
0.49234, -0.03503
0.49391, -0.03495
0.49548, -0.03487
0.49704, -0.03479
0.49861, -0.03471
0.50018, -0.03463
0.50175, -0.03455
0.50332, -0.03446
0.50489, -0.03438
0.50646, -0.03430
0.50803, -0.03422
0.50960, -0.03413
0.51117, -0.03405
0.51274, -0.03396
0.51431, -0.03388
0.51588, -0.03379
0.51745, -0.03371
0.51902, -0.03362
0.52059, -0.03353
0.52216, -0.03345
0.52373, -0.03336
0.52530, -0.03327
0.52687, -0.03318
0.52844, -0.03309
0.53001, -0.03301
0.53158, -0.03292
0.53314, -0.03283
0.53471, -0.03274
0.53628, -0.03264
0.53785, -0.03255
0.53942, -0.03246
0.54099, -0.03237
0.54256, -0.03228
0.54412, -0.03218
0.54569, -0.03209
0.54726, -0.03199
0.54882, -0.03190
0.55039, -0.03180
0.55196, -0.03171
0.55352, -0.03161
0.55509, -0.03152
0.55665, -0.03142
0.55821, -0.03132
0.55978, -0.03123
0.56134, -0.03113
0.56290, -0.03103
0.56446, -0.03093
0.56602, -0.03083
0.56758, -0.03073
0.56914, -0.03063
0.57070, -0.03053
0.57226, -0.03043
0.57382, -0.03033
0.57538, -0.03023
0.57693, -0.03012
0.57849, -0.03002
0.58004, -0.02992
0.58159, -0.02981
0.58315, -0.02971
0.58470, -0.02961
0.58625, -0.02950
0.58780, -0.02940
0.58935, -0.02929
0.59090, -0.02919
0.59244, -0.02908
0.59399, -0.02897
0.59554, -0.02887
0.59708, -0.02876
0.59862, -0.02865
0.60017, -0.02855
0.60171, -0.02844
0.60325, -0.02833
0.60479, -0.02822
0.60633, -0.02811
0.60786, -0.02800
0.60940, -0.02789
0.61093, -0.02778
0.61247, -0.02767
0.61400, -0.02756
0.61553, -0.02745
0.61706, -0.02734
0.61859, -0.02723
0.62012, -0.02712
0.62164, -0.02700
0.62317, -0.02689
0.62469, -0.02678
0.62622, -0.02667
0.62774, -0.02655
0.62926, -0.02644
0.63078, -0.02633
0.63229, -0.02621
0.63381, -0.02610
0.63532, -0.02599
0.63684, -0.02587
0.63835, -0.02576
0.63986, -0.02564
0.64137, -0.02553
0.64288, -0.02541
0.64438, -0.02530
0.64589, -0.02518
0.64739, -0.02507
0.64888, -0.02495
0.65034, -0.02483
0.65167, -0.02472
0.65266, -0.02460
0.65303, -0.02447
0.65264, -0.02430
0.65194, -0.02407
0.65193, -0.02394
0.65341, -0.02412
0.65639, -0.02453
0.66004, -0.02489
0.66338, -0.02503
0.66598, -0.02501
0.66796, -0.02492
0.66961, -0.02481
0.67114, -0.02470
0.67264, -0.02458
0.67412, -0.02447
0.67560, -0.02435
0.67708, -0.02424
0.67855, -0.02412
0.68003, -0.02400
0.68150, -0.02388
0.68297, -0.02377
0.68443, -0.02365
0.68590, -0.02353
0.68736, -0.02341
0.68882, -0.02329
0.69028, -0.02317
0.69173, -0.02305
0.69319, -0.02293
0.69464, -0.02281
0.69608, -0.02269
0.69753, -0.02257
0.69897, -0.02245
0.70042, -0.02233
0.70186, -0.02221
0.70329, -0.02209
0.70473, -0.02197
0.70616, -0.02185
0.70759, -0.02173
0.70902, -0.02161
0.71044, -0.02149
0.71186, -0.02137
0.71328, -0.02125
0.71470, -0.02113
0.71612, -0.02101
0.71753, -0.02089
0.71894, -0.02077
0.72035, -0.02065
0.72175, -0.02053
0.72316, -0.02041
0.72456, -0.02029
0.72596, -0.02017
0.72735, -0.02005
0.72874, -0.01993
0.73013, -0.01982
0.73152, -0.01970
0.73291, -0.01958
0.73429, -0.01946
0.73567, -0.01934
0.73705, -0.01923
0.73843, -0.01911
0.73980, -0.01899
0.74117, -0.01888
0.74254, -0.01876
0.74390, -0.01865
0.74526, -0.01853
0.74662, -0.01842
0.74798, -0.01830
0.74934, -0.01819
0.75069, -0.01808
0.75204, -0.01797
0.75339, -0.01785
0.75473, -0.01774
0.75607, -0.01763
0.75742, -0.01752
0.75875, -0.01741
0.76009, -0.01730
0.76142, -0.01719
0.76275, -0.01708
0.76408, -0.01697
0.76541, -0.01686
0.76673, -0.01675
0.76805, -0.01665
0.76937, -0.01654
0.77069, -0.01643
0.77200, -0.01633
0.77331, -0.01622
0.77462, -0.01611
0.77593, -0.01601
0.77723, -0.01590
0.77853, -0.01580
0.77983, -0.01570
0.78113, -0.01559
0.78242, -0.01549
0.78371, -0.01539
0.78500, -0.01528
0.78628, -0.01518
0.78757, -0.01508
0.78885, -0.01498
0.79012, -0.01488
0.79140, -0.01478
0.79267, -0.01467
0.79394, -0.01457
0.79520, -0.01447
0.79647, -0.01438
0.79773, -0.01428
0.79899, -0.01418
0.80024, -0.01408
0.80149, -0.01398
0.80274, -0.01388
0.80399, -0.01379
0.80523, -0.01369
0.80647, -0.01359
0.80771, -0.01350
0.80894, -0.01340
0.81018, -0.01330
0.81140, -0.01321
0.81263, -0.01311
0.81385, -0.01302
0.81507, -0.01292
0.81629, -0.01283
0.81750, -0.01274
0.81871, -0.01264
0.81992, -0.01255
0.82113, -0.01246
0.82233, -0.01236
0.82353, -0.01227
0.82472, -0.01218
0.82591, -0.01209
0.82710, -0.01200
0.82829, -0.01190
0.82947, -0.01181
0.83065, -0.01172
0.83183, -0.01163
0.83300, -0.01154
0.83417, -0.01145
0.83534, -0.01136
0.83650, -0.01127
0.83766, -0.01118
0.83882, -0.01110
0.83997, -0.01101
0.84112, -0.01092
0.84227, -0.01083
0.84341, -0.01074
0.84455, -0.01066
0.84569, -0.01057
0.84682, -0.01048
0.84795, -0.01040
0.84908, -0.01031
0.85020, -0.01022
0.85132, -0.01014
0.85244, -0.01005
0.85355, -0.00997
0.85466, -0.00988
0.85577, -0.00980
0.85687, -0.00972
0.85797, -0.00963
0.85907, -0.00955
0.86016, -0.00947
0.86125, -0.00938
0.86233, -0.00930
0.86341, -0.00922
0.86449, -0.00914
0.86556, -0.00905
0.86664, -0.00897
0.86770, -0.00889
0.86877, -0.00881
0.86983, -0.00873
0.87088, -0.00865
0.87193, -0.00857
0.87298, -0.00849
0.87403, -0.00841
0.87507, -0.00833
0.87611, -0.00825
0.87714, -0.00818
0.87817, -0.00810
0.87920, -0.00802
0.88022, -0.00794
0.88124, -0.00786
0.88226, -0.00779
0.88327, -0.00771
0.88428, -0.00764
0.88528, -0.00756
0.88628, -0.00748
0.88728, -0.00741
0.88827, -0.00733
0.88926, -0.00726
0.89025, -0.00718
0.89123, -0.00711
0.89221, -0.00704
0.89318, -0.00696
0.89415, -0.00689
0.89512, -0.00682
0.89608, -0.00674
0.89704, -0.00667
0.89799, -0.00660
0.89894, -0.00653
0.89989, -0.00646
0.90083, -0.00639
0.90177, -0.00632
0.90270, -0.00625
0.90363, -0.00618
0.90456, -0.00611
0.90548, -0.00604
0.90640, -0.00597
0.90732, -0.00590
0.90823, -0.00583
0.90913, -0.00576
0.91004, -0.00569
0.91093, -0.00563
0.91183, -0.00556
0.91272, -0.00549
0.91361, -0.00543
0.91449, -0.00536
0.91537, -0.00529
0.91624, -0.00523
0.91711, -0.00516
0.91798, -0.00510
0.91884, -0.00503
0.91970, -0.00497
0.92055, -0.00491
0.92140, -0.00484
0.92224, -0.00478
0.92309, -0.00472
0.92392, -0.00465
0.92476, -0.00459
0.92558, -0.00453
0.92641, -0.00447
0.92723, -0.00441
0.92804, -0.00435
0.92886, -0.00428
0.92966, -0.00422
0.93047, -0.00416
0.93127, -0.00410
0.93206, -0.00405
0.93285, -0.00399
0.93364, -0.00393
0.93442, -0.00387
0.93520, -0.00381
0.93597, -0.00375
0.93674, -0.00370
0.93750, -0.00364
0.93826, -0.00358
0.93902, -0.00353
0.93977, -0.00347
0.94052, -0.00341
0.94126, -0.00336
0.94200, -0.00330
0.94273, -0.00325
0.94346, -0.00319
0.94419, -0.00314
0.94491, -0.00309
0.94563, -0.00303
0.94634, -0.00298
0.94705, -0.00293
0.94775, -0.00288
0.94845, -0.00282
0.94914, -0.00277
0.94983, -0.00272
0.95052, -0.00267
0.95120, -0.00262
0.95187, -0.00257
0.95255, -0.00252
0.95321, -0.00247
0.95388, -0.00242
0.95454, -0.00237
0.95519, -0.00232
0.95584, -0.00227
0.95649, -0.00223
0.95713, -0.00218
0.95776, -0.00213
0.95839, -0.00208
0.95902, -0.00204
0.95964, -0.00199
0.96026, -0.00195
0.96087, -0.00190
0.96148, -0.00186
0.96209, -0.00181
0.96269, -0.00177
0.96328, -0.00172
0.96387, -0.00168
0.96446, -0.00163
0.96504, -0.00159
0.96561, -0.00155
0.96619, -0.00151
0.96675, -0.00146
0.96732, -0.00142
0.96787, -0.00138
0.96843, -0.00134
0.96898, -0.00130
0.96952, -0.00126
0.97006, -0.00122
0.97059, -0.00118
0.97112, -0.00114
0.97165, -0.00110
0.97217, -0.00106
0.97269, -0.00102
0.97320, -0.00099
0.97370, -0.00095
0.97421, -0.00091
0.97470, -0.00087
0.97520, -0.00084
0.97568, -0.00080
0.97617, -0.00077
0.97664, -0.00073
0.97712, -0.00070
0.97759, -0.00066
0.97805, -0.00063
0.97851, -0.00059
0.97896, -0.00056
0.97941, -0.00053
0.97986, -0.00049
0.98030, -0.00046
0.98073, -0.00043
0.98116, -0.00040
0.98159, -0.00036
0.98201, -0.00033
0.98243, -0.00030
0.98284, -0.00027
0.98325, -0.00024
0.98365, -0.00021
0.98404, -0.00018
0.98444, -0.00015
0.98482, -0.00013
0.98521, -0.00010
0.98558, -0.00007
0.98596, -0.00004
0.98632, -0.00001
0.98669, 0.00001
0.98705, 0.00004
0.98740, 0.00007
0.98775, 0.00009
0.98809, 0.00012
0.98843, 0.00014
0.98876, 0.00017
0.98909, 0.00019
0.98942, 0.00021
0.98974, 0.00024
0.99005, 0.00026
0.99036, 0.00028
0.99067, 0.00031
0.99097, 0.00033
0.99126, 0.00035
0.99155, 0.00037
0.99184, 0.00039
0.99212, 0.00041
0.99239, 0.00043
0.99266, 0.00045
0.99293, 0.00047
0.99319, 0.00049
0.99344, 0.00051
0.99370, 0.00053
0.99394, 0.00055
0.99418, 0.00057
0.99442, 0.00058
0.99465, 0.00060
0.99488, 0.00062
0.99510, 0.00063
0.99531, 0.00065
0.99552, 0.00067
0.99573, 0.00068
0.99593, 0.00070
0.99613, 0.00071
0.99632, 0.00072
0.99651, 0.00074
0.99669, 0.00075
0.99687, 0.00076
0.99704, 0.00078
0.99720, 0.00079
0.99737, 0.00080
0.99752, 0.00081
0.99767, 0.00082
0.99782, 0.00084
0.99796, 0.00085
0.99810, 0.00086
0.99823, 0.00087
0.99836, 0.00088
0.99848, 0.00088
0.99860, 0.00089
0.99871, 0.00090
0.99882, 0.00091
0.99892, 0.00092
0.99902, 0.00092
0.99911, 0.00093
0.99920, 0.00094
0.99928, 0.00094
0.99936, 0.00095
0.99943, 0.00095
0.99950, 0.00096
0.99956, 0.00096
0.99962, 0.00097
0.99967, 0.00097
0.99972, 0.00098
0.99976, 0.00098
0.99980, 0.00098
0.99983, 0.00098
0.99986, 0.00099
0.99988, 0.00099
0.99989, 0.00099
0.99990, 0.00099
0.99987, 0.00099
0.99986, 0.00099
