=== Airfoil Parameters ===
m = 0.02
p = 0.4
t = 0.12

=== Control Points ===
0.00000, 0.01098, 0.01098
0.06667, 0.01693, 0.01082
0.13333, 0.02165, 0.01054
0.20000, 0.02520, 0.01020
0.26667, 0.02765, 0.00987
0.66667, 0.02567, 0.00962
0.75000, 0.02265, 0.00946
0.83333, 0.01895, 0.00938
0.91667, 0.01454, 0.00937
1.00000, 0.00937, 0.00937

=== Upper Surface ===
0.00000, 0.01098
-0.00004, 0.01126
-0.00005, 0.01154
-0.00006, 0.01182
-0.00007, 0.01210
-0.00008, 0.01238
-0.00008, 0.01266
-0.00007, 0.01294
-0.00006, 0.01322
-0.00005, 0.01350
-0.00003, 0.01378
-0.00000, 0.01406
0.00003, 0.01434
0.00006, 0.01462
0.00010, 0.01490
0.00015, 0.01518
0.00020, 0.01546
0.00025, 0.01574
0.00031, 0.01602
0.00038, 0.01630
0.00045, 0.01658
0.00052, 0.01686
0.00060, 0.01714
0.00069, 0.01742
0.00078, 0.01770
0.00087, 0.01799
0.00097, 0.01827
0.00108, 0.01855
0.00118, 0.01883
0.00130, 0.01911
0.00142, 0.01939
0.00154, 0.01968
0.00167, 0.01996
0.00181, 0.02024
0.00195, 0.02052
0.00209, 0.02080
0.00224, 0.02109
0.00240, 0.02137
0.00256, 0.02165
0.00272, 0.02193
0.00289, 0.02221
0.00307, 0.02250
0.00325, 0.02278
0.00343, 0.02306
0.00362, 0.02334
0.00381, 0.02363
0.00401, 0.02391
0.00422, 0.02419
0.00443, 0.02447
0.00464, 0.02476
0.00486, 0.02504
0.00509, 0.02532
0.00532, 0.02561
0.00555, 0.02589
0.00579, 0.02617
0.00604, 0.02645
0.00628, 0.02674
0.00654, 0.02702
0.00680, 0.02730
0.00706, 0.02759
0.00733, 0.02787
0.00761, 0.02815
0.00789, 0.02843
0.00817, 0.02872
0.00846, 0.02900
0.00875, 0.02928
0.00905, 0.02956
0.00936, 0.02985
0.00967, 0.03013
0.00998, 0.03041
0.01030, 0.03070
0.01062, 0.03098
0.01095, 0.03126
0.01128, 0.03154
0.01162, 0.03182
0.01197, 0.03211
0.01232, 0.03239
0.01267, 0.03267
0.01303, 0.03295
0.01339, 0.03324
0.01376, 0.03352
0.01413, 0.03380
0.01451, 0.03408
0.01489, 0.03436
0.01528, 0.03464
0.01567, 0.03492
0.01607, 0.03521
0.01647, 0.03549
0.01688, 0.03577
0.01729, 0.03605
0.01771, 0.03633
0.01813, 0.03661
0.01856, 0.03689
0.01899, 0.03717
0.01943, 0.03745
0.01987, 0.03773
0.02032, 0.03801
0.02077, 0.03829
0.02123, 0.03857
0.02169, 0.03885
0.02215, 0.03913
0.02262, 0.03941
0.02310, 0.03968
0.02358, 0.03996
0.02407, 0.04024
0.02456, 0.04052
0.02505, 0.04080
0.02555, 0.04108
0.02606, 0.04135
0.02657, 0.04163
0.02708, 0.04191
0.02760, 0.04218
0.02812, 0.04246
0.02865, 0.04274
0.02919, 0.04301
0.02972, 0.04329
0.03027, 0.04356
0.03082, 0.04384
0.03137, 0.04411
0.03193, 0.04439
0.03249, 0.04466
0.03305, 0.04493
0.03363, 0.04521
0.03420, 0.04548
0.03478, 0.04575
0.03537, 0.04603
0.03596, 0.04630
0.03656, 0.04657
0.03716, 0.04684
0.03776, 0.04711
0.03837, 0.04739
0.03899, 0.04766
0.03960, 0.04793
0.04023, 0.04820
0.04086, 0.04846
0.04149, 0.04873
0.04213, 0.04900
0.04277, 0.04927
0.04342, 0.04954
0.04407, 0.04981
0.04473, 0.05007
0.04539, 0.05034
0.04605, 0.05061
0.04672, 0.05087
0.04740, 0.05114
0.04808, 0.05140
0.04876, 0.05167
0.04945, 0.05193
0.05014, 0.05219
0.05084, 0.05246
0.05155, 0.05272
0.05225, 0.05298
0.05296, 0.05324
0.05368, 0.05350
0.05440, 0.05376
0.05513, 0.05402
0.05586, 0.05428
0.05659, 0.05454
0.05733, 0.05480
0.05808, 0.05506
0.05882, 0.05532
0.05958, 0.05557
0.06033, 0.05583
0.06110, 0.05609
0.06186, 0.05634
0.06263, 0.05659
0.06341, 0.05685
0.06419, 0.05710
0.06497, 0.05736
0.06576, 0.05761
0.06655, 0.05786
0.06735, 0.05811
0.06815, 0.05836
0.06896, 0.05861
0.06977, 0.05886
0.07059, 0.05911
0.07140, 0.05936
0.07223, 0.05960
0.07306, 0.05985
0.07389, 0.06010
0.07473, 0.06034
0.07557, 0.06059
0.07641, 0.06083
0.07726, 0.06107
0.07812, 0.06131
0.07898, 0.06156
0.07984, 0.06180
0.08071, 0.06204
0.08158, 0.06228
0.08246, 0.06252
0.08334, 0.06275
0.08422, 0.06299
0.08511, 0.06323
0.08600, 0.06346
0.08690, 0.06370
0.08780, 0.06393
0.08871, 0.06417
0.08962, 0.06440
0.09053, 0.06463
0.09145, 0.06486
0.09237, 0.06509
0.09330, 0.06532
0.09423, 0.06555
0.09517, 0.06578
0.09611, 0.06601
0.09705, 0.06623
0.09800, 0.06646
0.09895, 0.06669
0.09990, 0.06691
0.10086, 0.06713
0.10183, 0.06735
0.10280, 0.06758
0.10377, 0.06780
0.10475, 0.06802
0.10573, 0.06823
0.10671, 0.06845
0.10770, 0.06867
0.10869, 0.06889
0.10969, 0.06910
0.11069, 0.06931
0.11169, 0.06953
0.11270, 0.06974
0.11371, 0.06995
0.11473, 0.07016
0.11575, 0.07037
0.11677, 0.07058
0.11780, 0.07079
0.11883, 0.07100
0.11987, 0.07120
0.12091, 0.07141
0.12195, 0.07161
0.12300, 0.07181
0.12405, 0.07201
0.12511, 0.07222
0.12617, 0.07242
0.12723, 0.07261
0.12830, 0.07281
0.12937, 0.07301
0.13044, 0.07321
0.13152, 0.07340
0.13260, 0.07359
0.13369, 0.07379
0.13478, 0.07398
0.13587, 0.07417
0.13697, 0.07436
0.13807, 0.07455
0.13918, 0.07474
0.14028, 0.07492
0.14140, 0.07511
0.14251, 0.07529
0.14363, 0.07547
0.14475, 0.07566
0.14588, 0.07584
0.14701, 0.07602
0.14814, 0.07620
0.14928, 0.07638
0.15042, 0.07655
0.15157, 0.07673
0.15272, 0.07690
0.15387, 0.07708
0.15502, 0.07725
0.15618, 0.07742
0.15734, 0.07759
0.15851, 0.07776
0.15968, 0.07793
0.16085, 0.07809
0.16203, 0.07826
0.16321, 0.07842
0.16439, 0.07858
0.16558, 0.07875
0.16677, 0.07891
0.16796, 0.07907
0.16916, 0.07922
0.17036, 0.07938
0.17156, 0.07954
0.17277, 0.07969
0.17398, 0.07985
0.17520, 0.08000
0.17641, 0.08015
0.17763, 0.08030
0.17886, 0.08045
0.18008, 0.08060
0.18131, 0.08074
0.18255, 0.08089
0.18378, 0.08103
0.18502, 0.08117
0.18627, 0.08132
0.18751, 0.08146
0.18876, 0.08159
0.19002, 0.08173
0.19127, 0.08187
0.19253, 0.08200
0.19379, 0.08214
0.19506, 0.08227
0.19633, 0.08240
0.19760, 0.08253
0.19887, 0.08266
0.20015, 0.08279
0.20143, 0.08291
0.20272, 0.08304
0.20400, 0.08316
0.20529, 0.08328
0.20659, 0.08341
0.20788, 0.08353
0.20918, 0.08364
0.21048, 0.08376
0.21179, 0.08388
0.21309, 0.08399
0.21440, 0.08410
0.21572, 0.08422
0.21703, 0.08433
0.21835, 0.08444
0.21967, 0.08455
0.22100, 0.08465
0.22232, 0.08476
0.22365, 0.08486
0.22498, 0.08496
0.22632, 0.08507
0.22766, 0.08517
0.22900, 0.08526
0.23034, 0.08536
0.23169, 0.08546
0.23304, 0.08555
0.23439, 0.08565
0.23574, 0.08574
0.23710, 0.08583
0.23846, 0.08592
0.23982, 0.08601
0.24118, 0.08610
0.24255, 0.08618
0.24392, 0.08627
0.24529, 0.08635
0.24667, 0.08643
0.24804, 0.08651
0.24942, 0.08659
0.25081, 0.08667
0.25219, 0.08674
0.25358, 0.08682
0.25497, 0.08689
0.25636, 0.08697
0.25775, 0.08704
0.25915, 0.08711
0.26055, 0.08718
0.26195, 0.08724
0.26335, 0.08731
0.26476, 0.08737
0.26617, 0.08744
0.26758, 0.08750
0.26899, 0.08756
0.27040, 0.08762
0.27182, 0.08768
0.27324, 0.08773
0.27466, 0.08779
0.27609, 0.08784
0.27751, 0.08790
0.27894, 0.08795
0.28037, 0.08800
0.28181, 0.08805
0.28324, 0.08809
0.28468, 0.08814
0.28612, 0.08818
0.28756, 0.08823
0.28900, 0.08827
0.29045, 0.08831
0.29190, 0.08835
0.29335, 0.08839
0.29480, 0.08843
0.29625, 0.08846
0.29771, 0.08850
0.29917, 0.08853
0.30063, 0.08856
0.30209, 0.08859
0.30355, 0.08862
0.30502, 0.08865
0.30649, 0.08867
0.30796, 0.08870
0.30943, 0.08872
0.31090, 0.08875
0.31238, 0.08877
0.31385, 0.08879
0.31533, 0.08881
0.31681, 0.08882
0.31830, 0.08884
0.31978, 0.08885
0.32127, 0.08887
0.32275, 0.08888
0.32425, 0.08889
0.32574, 0.08890
0.32724, 0.08891
0.32874, 0.08892
0.33025, 0.08892
0.33176, 0.08893
0.33328, 0.08893
0.33480, 0.08893
0.33632, 0.08893
0.33785, 0.08892
0.33938, 0.08892
0.34091, 0.08891
0.34244, 0.08890
0.34397, 0.08889
0.34551, 0.08888
0.34704, 0.08886
0.34858, 0.08885
0.35012, 0.08883
0.35166, 0.08881
0.35321, 0.08879
0.35475, 0.08876
0.35630, 0.08874
0.35785, 0.08871
0.35940, 0.08868
0.36095, 0.08865
0.36250, 0.08862
0.36405, 0.08858
0.36561, 0.08855
0.36716, 0.08851
0.36872, 0.08847
0.37028, 0.08842
0.37184, 0.08838
0.37340, 0.08833
0.37496, 0.08828
0.37652, 0.08823
0.37809, 0.08818
0.37965, 0.08813
0.38122, 0.08807
0.38279, 0.08801
0.38436, 0.08795
0.38592, 0.08789
0.38750, 0.08783
0.38907, 0.08776
0.39064, 0.08769
0.39221, 0.08763
0.39379, 0.08755
0.39536, 0.08748
0.39694, 0.08741
0.39851, 0.08733
0.40009, 0.08725
0.40167, 0.08717
0.40324, 0.08709
0.40482, 0.08701
0.40640, 0.08692
0.40798, 0.08684
0.40956, 0.08675
0.41114, 0.08666
0.41273, 0.08656
0.41431, 0.08647
0.41589, 0.08637
0.41747, 0.08628
0.41906, 0.08618
0.42064, 0.08608
0.42222, 0.08597
0.42381, 0.08587
0.42539, 0.08576
0.42698, 0.08566
0.42856, 0.08555
0.43015, 0.08544
0.43173, 0.08532
0.43332, 0.08521
0.43491, 0.08510
0.43649, 0.08498
0.43808, 0.08486
0.43967, 0.08474
0.44125, 0.08462
0.44284, 0.08450
0.44442, 0.08437
0.44601, 0.08425
0.44760, 0.08412
0.44918, 0.08399
0.45077, 0.08386
0.45236, 0.08373
0.45394, 0.08360
0.45553, 0.08346
0.45711, 0.08333
0.45870, 0.08319
0.46029, 0.08305
0.46187, 0.08292
0.46346, 0.08278
0.46504, 0.08263
0.46663, 0.08249
0.46821, 0.08235
0.46979, 0.08220
0.47138, 0.08206
0.47296, 0.08191
0.47455, 0.08176
0.47613, 0.08161
0.47771, 0.08146
0.47929, 0.08131
0.48087, 0.08116
0.48246, 0.08101
0.48404, 0.08085
0.48562, 0.08070
0.48720, 0.08054
0.48878, 0.08038
0.49035, 0.08023
0.49193, 0.08007
0.49351, 0.07991
0.49509, 0.07975
0.49667, 0.07959
0.49824, 0.07942
0.49982, 0.07926
0.50139, 0.07910
0.50297, 0.07893
0.50454, 0.07877
0.50612, 0.07860
0.50769, 0.07844
0.50926, 0.07827
0.51083, 0.07810
0.51240, 0.07793
0.51397, 0.07776
0.51554, 0.07760
0.51711, 0.07743
0.51868, 0.07726
0.52025, 0.07708
0.52181, 0.07691
0.52338, 0.07674
0.52495, 0.07657
0.52651, 0.07640
0.52808, 0.07622
0.52964, 0.07605
0.53120, 0.07588
0.53276, 0.07570
0.53432, 0.07553
0.53588, 0.07535
0.53744, 0.07518
0.53900, 0.07500
0.54056, 0.07483
0.54212, 0.07465
0.54367, 0.07447
0.54523, 0.07430
0.54678, 0.07412
0.54834, 0.07395
0.54989, 0.07377
0.55144, 0.07359
0.55299, 0.07341
0.55454, 0.07324
0.55609, 0.07306
0.55764, 0.07288
0.55919, 0.07270
0.56074, 0.07253
0.56228, 0.07235
0.56383, 0.07217
0.56537, 0.07199
0.56692, 0.07182
0.56846, 0.07164
0.57000, 0.07146
0.57154, 0.07128
0.57308, 0.07111
0.57462, 0.07093
0.57616, 0.07075
0.57770, 0.07057
0.57923, 0.07040
0.58077, 0.07022
0.58230, 0.07004
0.58384, 0.06986
0.58537, 0.06969
0.58690, 0.06951
0.58843, 0.06933
0.58996, 0.06916
0.59149, 0.06898
0.59302, 0.06881
0.59454, 0.06863
0.59607, 0.06845
0.59759, 0.06828
0.59912, 0.06810
0.60064, 0.06793
0.60216, 0.06775
0.60368, 0.06758
0.60520, 0.06740
0.60672, 0.06723
0.60824, 0.06706
0.60975, 0.06688
0.61127, 0.06671
0.61278, 0.06654
0.61430, 0.06636
0.61581, 0.06619
0.61732, 0.06602
0.61883, 0.06585
0.62034, 0.06567
0.62185, 0.06550
0.62335, 0.06533
0.62486, 0.06516
0.62636, 0.06499
0.62787, 0.06482
0.62937, 0.06465
0.63087, 0.06448
0.63237, 0.06431
0.63387, 0.06414
0.63537, 0.06397
0.63686, 0.06380
0.63836, 0.06363
0.63985, 0.06347
0.64135, 0.06330
0.64284, 0.06313
0.64433, 0.06296
0.64582, 0.06280
0.64730, 0.06263
0.64879, 0.06246
0.65024, 0.06230
0.65157, 0.06214
0.65247, 0.06199
0.65221, 0.06183
0.64982, 0.06146
0.64521, 0.06029
0.64051, 0.05831
0.63844, 0.05705
0.64005, 0.05795
0.64530, 0.06074
0.65313, 0.06362
0.66077, 0.06505
0.66611, 0.06531
0.66931, 0.06519
0.67137, 0.06500
0.67299, 0.06482
0.67450, 0.06463
0.67598, 0.06444
0.67746, 0.06426
0.67893, 0.06407
0.68040, 0.06388
0.68186, 0.06369
0.68333, 0.06351
0.68480, 0.06332
0.68626, 0.06313
0.68772, 0.06294
0.68918, 0.06275
0.69063, 0.06256
0.69209, 0.06237
0.69354, 0.06218
0.69499, 0.06199
0.69644, 0.06180
0.69789, 0.06161
0.69933, 0.06142
0.70078, 0.06123
0.70222, 0.06104
0.70366, 0.06085
0.70509, 0.06066
0.70653, 0.06046
0.70796, 0.06027
0.70939, 0.06008
0.71082, 0.05989
0.71225, 0.05969
0.71367, 0.05950
0.71509, 0.05931
0.71651, 0.05911
0.71793, 0.05892
0.71935, 0.05873
0.72076, 0.05853
0.72217, 0.05834
0.72358, 0.05814
0.72499, 0.05795
0.72639, 0.05776
0.72780, 0.05756
0.72920, 0.05737
0.73059, 0.05717
0.73199, 0.05698
0.73338, 0.05678
0.73477, 0.05658
0.73616, 0.05639
0.73755, 0.05619
0.73893, 0.05600
0.74031, 0.05580
0.74169, 0.05561
0.74307, 0.05541
0.74444, 0.05521
0.74581, 0.05502
0.74718, 0.05482
0.74855, 0.05462
0.74991, 0.05443
0.75127, 0.05423
0.75263, 0.05403
0.75399, 0.05384
0.75534, 0.05364
0.75669, 0.05344
0.75804, 0.05325
0.75939, 0.05305
0.76073, 0.05285
0.76207, 0.05266
0.76341, 0.05246
0.76475, 0.05226
0.76608, 0.05206
0.76741, 0.05187
0.76874, 0.05167
0.77006, 0.05147
0.77138, 0.05128
0.77270, 0.05108
0.77402, 0.05088
0.77534, 0.05068
0.77665, 0.05049
0.77796, 0.05029
0.77926, 0.05009
0.78056, 0.04990
0.78186, 0.04970
0.78316, 0.04950
0.78446, 0.04930
0.78575, 0.04911
0.78704, 0.04891
0.78832, 0.04871
0.78961, 0.04852
0.79089, 0.04832
0.79216, 0.04812
0.79344, 0.04793
0.79471, 0.04773
0.79598, 0.04753
0.79725, 0.04734
0.79851, 0.04714
0.79977, 0.04694
0.80102, 0.04675
0.80228, 0.04655
0.80353, 0.04635
0.80478, 0.04616
0.80602, 0.04596
0.80726, 0.04577
0.80850, 0.04557
0.80974, 0.04538
0.81097, 0.04518
0.81220, 0.04498
0.81343, 0.04479
0.81465, 0.04459
0.81587, 0.04440
0.81709, 0.04420
0.81830, 0.04401
0.81951, 0.04382
0.82072, 0.04362
0.82192, 0.04343
0.82312, 0.04323
0.82432, 0.04304
0.82551, 0.04285
0.82671, 0.04265
0.82789, 0.04246
0.82908, 0.04227
0.83026, 0.04207
0.83144, 0.04188
0.83261, 0.04169
0.83378, 0.04150
0.83495, 0.04130
0.83612, 0.04111
0.83728, 0.04092
0.83844, 0.04073
0.83959, 0.04054
0.84074, 0.04035
0.84189, 0.04016
0.84304, 0.03997
0.84418, 0.03978
0.84532, 0.03959
0.84645, 0.03940
0.84758, 0.03921
0.84871, 0.03902
0.84983, 0.03883
0.85095, 0.03864
0.85207, 0.03845
0.85318, 0.03826
0.85429, 0.03808
0.85540, 0.03789
0.85650, 0.03770
0.85760, 0.03752
0.85870, 0.03733
0.85979, 0.03714
0.86088, 0.03696
0.86197, 0.03677
0.86305, 0.03659
0.86413, 0.03640
0.86520, 0.03622
0.86627, 0.03603
0.86734, 0.03585
0.86840, 0.03566
0.86946, 0.03548
0.87052, 0.03530
0.87157, 0.03512
0.87262, 0.03493
0.87367, 0.03475
0.87471, 0.03457
0.87575, 0.03439
0.87678, 0.03421
0.87781, 0.03403
0.87884, 0.03385
0.87986, 0.03367
0.88088, 0.03349
0.88189, 0.03331
0.88290, 0.03313
0.88391, 0.03295
0.88492, 0.03278
0.88592, 0.03260
0.88691, 0.03242
0.88791, 0.03225
0.88889, 0.03207
0.88988, 0.03190
0.89086, 0.03172
0.89184, 0.03155
0.89281, 0.03137
0.89378, 0.03120
0.89474, 0.03103
0.89571, 0.03085
0.89666, 0.03068
0.89762, 0.03051
0.89857, 0.03034
0.89951, 0.03017
0.90045, 0.03000
0.90139, 0.02983
0.90233, 0.02966
0.90326, 0.02949
0.90418, 0.02932
0.90510, 0.02915
0.90602, 0.02899
0.90694, 0.02882
0.90785, 0.02865
0.90875, 0.02849
0.90965, 0.02832
0.91055, 0.02816
0.91144, 0.02799
0.91233, 0.02783
0.91322, 0.02767
0.91410, 0.02750
0.91498, 0.02734
0.91585, 0.02718
0.91672, 0.02702
0.91759, 0.02686
0.91845, 0.02670
0.91930, 0.02654
0.92016, 0.02638
0.92101, 0.02622
0.92185, 0.02607
0.92269, 0.02591
0.92353, 0.02575
0.92436, 0.02560
0.92519, 0.02544
0.92601, 0.02529
0.92683, 0.02513
0.92764, 0.02498
0.92845, 0.02483
0.92926, 0.02468
0.93006, 0.02453
0.93086, 0.02437
0.93165, 0.02422
0.93244, 0.02408
0.93323, 0.02393
0.93401, 0.02378
0.93479, 0.02363
0.93556, 0.02348
0.93633, 0.02334
0.93709, 0.02319
0.93785, 0.02305
0.93861, 0.02290
0.93936, 0.02276
0.94010, 0.02262
0.94085, 0.02247
0.94158, 0.02233
0.94232, 0.02219
0.94305, 0.02205
0.94377, 0.02191
0.94449, 0.02177
0.94521, 0.02164
0.94592, 0.02150
0.94663, 0.02136
0.94733, 0.02123
0.94803, 0.02109
0.94872, 0.02096
0.94941, 0.02082
0.95010, 0.02069
0.95078, 0.02056
0.95146, 0.02043
0.95213, 0.02029
0.95279, 0.02016
0.95346, 0.02004
0.95412, 0.01991
0.95477, 0.01978
0.95542, 0.01965
0.95607, 0.01953
0.95671, 0.01940
0.95734, 0.01928
0.95797, 0.01915
0.95860, 0.01903
0.95922, 0.01891
0.95984, 0.01878
0.96045, 0.01866
0.96106, 0.01854
0.96167, 0.01842
0.96227, 0.01831
0.96286, 0.01819
0.96345, 0.01807
0.96404, 0.01795
0.96462, 0.01784
0.96520, 0.01772
0.96577, 0.01761
0.96634, 0.01750
0.96690, 0.01739
0.96746, 0.01727
0.96802, 0.01716
0.96857, 0.01705
0.96911, 0.01695
0.96965, 0.01684
0.97019, 0.01673
0.97072, 0.01663
0.97125, 0.01652
0.97177, 0.01642
0.97229, 0.01631
0.97280, 0.01621
0.97331, 0.01611
0.97381, 0.01601
0.97431, 0.01591
0.97480, 0.01581
0.97529, 0.01571
0.97578, 0.01561
0.97626, 0.01551
0.97673, 0.01542
0.97720, 0.01532
0.97767, 0.01523
0.97813, 0.01514
0.97859, 0.01504
0.97904, 0.01495
0.97949, 0.01486
0.97993, 0.01477
0.98037, 0.01468
0.98080, 0.01459
0.98123, 0.01451
0.98165, 0.01442
0.98207, 0.01434
0.98248, 0.01425
0.98289, 0.01417
0.98330, 0.01409
0.98370, 0.01400
0.98409, 0.01392
0.98448, 0.01384
0.98487, 0.01377
0.98525, 0.01369
0.98563, 0.01361
0.98600, 0.01354
0.98636, 0.01346
0.98673, 0.01339
0.98708, 0.01331
0.98744, 0.01324
0.98778, 0.01317
0.98813, 0.01310
0.98846, 0.01303
0.98880, 0.01296
0.98913, 0.01289
0.98945, 0.01283
0.98977, 0.01276
0.99008, 0.01270
0.99039, 0.01263
0.99070, 0.01257
0.99099, 0.01251
0.99129, 0.01245
0.99158, 0.01239
0.99186, 0.01233
0.99214, 0.01227
0.99242, 0.01222
0.99269, 0.01216
0.99296, 0.01211
0.99322, 0.01205
0.99347, 0.01200
0.99373, 0.01195
0.99397, 0.01190
0.99421, 0.01185
0.99445, 0.01180
0.99468, 0.01175
0.99491, 0.01170
0.99513, 0.01166
0.99535, 0.01161
0.99556, 0.01157
0.99577, 0.01152
0.99597, 0.01148
0.99617, 0.01144
0.99636, 0.01140
0.99655, 0.01136
0.99673, 0.01132
0.99691, 0.01129
0.99709, 0.01125
0.99725, 0.01122
0.99742, 0.01118
0.99758, 0.01115
0.99773, 0.01112
0.99788, 0.01109
0.99803, 0.01106
0.99816, 0.01103
0.99830, 0.01100
0.99843, 0.01097
0.99855, 0.01095
0.99867, 0.01092
0.99879, 0.01090
0.99890, 0.01087
0.99900, 0.01085
0.99910, 0.01083
0.99920, 0.01081
0.99929, 0.01079
0.99938, 0.01077
0.99946, 0.01076
0.99953, 0.01074
0.99960, 0.01073
0.99967, 0.01071
0.99973, 0.01070
0.99979, 0.01069
0.99984, 0.01068
0.99989, 0.01067
0.99993, 0.01066
0.99996, 0.01065
1.00000, 0.01065
1.00002, 0.01064
1.00005, 0.01063
1.00006, 0.01063
1.00008, 0.01063
1.00013, 0.01062
1.00014, 0.01062

=== Lower Surface ===
0.00000, 0.01098
0.00004, 0.01071
0.00007, 0.01043
0.00011, 0.01015
0.00015, 0.00988
0.00020, 0.00960
0.00025, 0.00933
0.00031, 0.00905
0.00038, 0.00878
0.00045, 0.00851
0.00052, 0.00824
0.00060, 0.00797
0.00068, 0.00770
0.00077, 0.00743
0.00087, 0.00717
0.00096, 0.00690
0.00107, 0.00663
0.00118, 0.00637
0.00129, 0.00611
0.00141, 0.00584
0.00153, 0.00558
0.00166, 0.00532
0.00179, 0.00506
0.00193, 0.00480
0.00207, 0.00454
0.00222, 0.00429
0.00237, 0.00403
0.00253, 0.00377
0.00269, 0.00352
0.00286, 0.00326
0.00303, 0.00301
0.00320, 0.00276
0.00339, 0.00251
0.00357, 0.00226
0.00376, 0.00201
0.00396, 0.00176
0.00416, 0.00151
0.00436, 0.00126
0.00457, 0.00102
0.00479, 0.00077
0.00501, 0.00053
0.00523, 0.00028
0.00546, 0.00004
0.00570, -0.00020
0.00594, -0.00044
0.00618, -0.00068
0.00643, -0.00092
0.00668, -0.00116
0.00694, -0.00139
0.00721, -0.00163
0.00747, -0.00187
0.00775, -0.00210
0.00802, -0.00233
0.00831, -0.00257
0.00859, -0.00280
0.00888, -0.00303
0.00918, -0.00326
0.00948, -0.00349
0.00979, -0.00372
0.01010, -0.00394
0.01042, -0.00417
0.01074, -0.00440
0.01106, -0.00462
0.01139, -0.00485
0.01173, -0.00507
0.01207, -0.00529
0.01241, -0.00551
0.01276, -0.00573
0.01311, -0.00595
0.01347, -0.00617
0.01383, -0.00639
0.01420, -0.00660
0.01457, -0.00682
0.01495, -0.00703
0.01533, -0.00725
0.01572, -0.00746
0.01611, -0.00767
0.01650, -0.00788
0.01691, -0.00809
0.01731, -0.00830
0.01772, -0.00851
0.01813, -0.00872
0.01855, -0.00893
0.01898, -0.00913
0.01941, -0.00934
0.01984, -0.00954
0.02028, -0.00974
0.02072, -0.00995
0.02117, -0.01015
0.02162, -0.01035
0.02207, -0.01055
0.02253, -0.01074
0.02300, -0.01094
0.02347, -0.01114
0.02394, -0.01133
0.02442, -0.01153
0.02491, -0.01172
0.02540, -0.01192
0.02589, -0.01211
0.02639, -0.01230
0.02689, -0.01249
0.02739, -0.01268
0.02790, -0.01287
0.02842, -0.01305
0.02894, -0.01324
0.02947, -0.01343
0.02999, -0.01361
0.03053, -0.01380
0.03107, -0.01398
0.03161, -0.01416
0.03216, -0.01434
0.03271, -0.01452
0.03326, -0.01470
0.03382, -0.01488
0.03439, -0.01506
0.03496, -0.01523
0.03553, -0.01541
0.03611, -0.01558
0.03670, -0.01576
0.03728, -0.01593
0.03787, -0.01610
0.03847, -0.01627
0.03907, -0.01644
0.03968, -0.01661
0.04029, -0.01678
0.04090, -0.01694
0.04152, -0.01711
0.04214, -0.01728
0.04277, -0.01744
0.04340, -0.01760
0.04404, -0.01777
0.04468, -0.01793
0.04532, -0.01809
0.04597, -0.01825
0.04662, -0.01841
0.04728, -0.01857
0.04794, -0.01872
0.04861, -0.01888
0.04928, -0.01903
0.04996, -0.01919
0.05063, -0.01934
0.05132, -0.01949
0.05201, -0.01964
0.05270, -0.01979
0.05339, -0.01994
0.05409, -0.02009
0.05480, -0.02024
0.05551, -0.02039
0.05622, -0.02053
0.05694, -0.02068
0.05766, -0.02082
0.05839, -0.02096
0.05912, -0.02111
0.05985, -0.02125
0.06059, -0.02139
0.06133, -0.02153
0.06208, -0.02166
0.06283, -0.02180
0.06359, -0.02194
0.06435, -0.02207
0.06511, -0.02221
0.06588, -0.02234
0.06665, -0.02248
0.06743, -0.02261
0.06821, -0.02274
0.06899, -0.02287
0.06978, -0.02300
0.07057, -0.02312
0.07137, -0.02325
0.07217, -0.02338
0.07298, -0.02350
0.07379, -0.02363
0.07460, -0.02375
0.07542, -0.02387
0.07624, -0.02400
0.07706, -0.02412
0.07789, -0.02424
0.07872, -0.02435
0.07956, -0.02447
0.08040, -0.02459
0.08125, -0.02471
0.08210, -0.02482
0.08295, -0.02493
0.08381, -0.02505
0.08467, -0.02516
0.08553, -0.02527
0.08640, -0.02538
0.08728, -0.02549
0.08815, -0.02560
0.08903, -0.02571
0.08992, -0.02581
0.09081, -0.02592
0.09170, -0.02603
0.09260, -0.02613
0.09350, -0.02623
0.09440, -0.02633
0.09531, -0.02644
0.09622, -0.02654
0.09714, -0.02664
0.09806, -0.02673
0.09898, -0.02683
0.09991, -0.02693
0.10084, -0.02702
0.10177, -0.02712
0.10271, -0.02721
0.10365, -0.02731
0.10460, -0.02740
0.10555, -0.02749
0.10650, -0.02758
0.10746, -0.02767
0.10842, -0.02776
0.10939, -0.02785
0.11035, -0.02793
0.11133, -0.02802
0.11230, -0.02810
0.11328, -0.02819
0.11427, -0.02827
0.11525, -0.02835
0.11624, -0.02843
0.11724, -0.02851
0.11824, -0.02859
0.11924, -0.02867
0.12024, -0.02875
0.12125, -0.02883
0.12226, -0.02890
0.12328, -0.02898
0.12430, -0.02905
0.12532, -0.02913
0.12635, -0.02920
0.12738, -0.02927
0.12841, -0.02934
0.12945, -0.02941
0.13049, -0.02948
0.13154, -0.02955
0.13258, -0.02961
0.13364, -0.02968
0.13469, -0.02975
0.13575, -0.02981
0.13681, -0.02987
0.13788, -0.02994
0.13894, -0.03000
0.14002, -0.03006
0.14109, -0.03012
0.14217, -0.03018
0.14325, -0.03024
0.14434, -0.03029
0.14543, -0.03035
0.14652, -0.03041
0.14762, -0.03046
0.14872, -0.03052
0.14982, -0.03057
0.15092, -0.03062
0.15203, -0.03067
0.15315, -0.03072
0.15426, -0.03077
0.15538, -0.03082
0.15650, -0.03087
0.15763, -0.03092
0.15876, -0.03097
0.15989, -0.03101
0.16103, -0.03106
0.16216, -0.03110
0.16331, -0.03114
0.16445, -0.03119
0.16560, -0.03123
0.16675, -0.03127
0.16791, -0.03131
0.16906, -0.03135
0.17022, -0.03139
0.17139, -0.03142
0.17256, -0.03146
0.17373, -0.03150
0.17490, -0.03153
0.17608, -0.03157
0.17726, -0.03160
0.17844, -0.03163
0.17962, -0.03166
0.18081, -0.03170
0.18201, -0.03173
0.18320, -0.03176
0.18440, -0.03178
0.18560, -0.03181
0.18680, -0.03184
0.18801, -0.03187
0.18922, -0.03189
0.19043, -0.03192
0.19165, -0.03194
0.19287, -0.03196
0.19409, -0.03199
0.19531, -0.03201
0.19654, -0.03203
0.19777, -0.03205
0.19900, -0.03207
0.20024, -0.03209
0.20148, -0.03211
0.20272, -0.03212
0.20397, -0.03214
0.20521, -0.03216
0.20647, -0.03217
0.20772, -0.03219
0.20897, -0.03220
0.21023, -0.03221
0.21150, -0.03222
0.21276, -0.03224
0.21403, -0.03225
0.21530, -0.03226
0.21657, -0.03227
0.21785, -0.03227
0.21913, -0.03228
0.22041, -0.03229
0.22169, -0.03230
0.22298, -0.03230
0.22427, -0.03231
0.22556, -0.03231
0.22686, -0.03231
0.22815, -0.03232
0.22945, -0.03232
0.23076, -0.03232
0.23206, -0.03232
0.23337, -0.03232
0.23468, -0.03232
0.23599, -0.03232
0.23731, -0.03232
0.23863, -0.03231
0.23995, -0.03231
0.24127, -0.03231
0.24260, -0.03230
0.24393, -0.03230
0.24526, -0.03229
0.24660, -0.03228
0.24793, -0.03228
0.24927, -0.03227
0.25061, -0.03226
0.25196, -0.03225
0.25330, -0.03224
0.25465, -0.03223
0.25600, -0.03222
0.25736, -0.03220
0.25871, -0.03219
0.26007, -0.03218
0.26143, -0.03216
0.26279, -0.03215
0.26416, -0.03213
0.26553, -0.03212
0.26690, -0.03210
0.26827, -0.03208
0.26965, -0.03206
0.27102, -0.03205
0.27240, -0.03203
0.27378, -0.03201
0.27517, -0.03199
0.27655, -0.03196
0.27794, -0.03194
0.27933, -0.03192
0.28073, -0.03190
0.28212, -0.03187
0.28352, -0.03185
0.28492, -0.03182
0.28632, -0.03180
0.28772, -0.03177
0.28913, -0.03174
0.29053, -0.03172
0.29194, -0.03169
0.29336, -0.03166
0.29477, -0.03163
0.29618, -0.03160
0.29760, -0.03157
0.29902, -0.03154
0.30044, -0.03151
0.30187, -0.03147
0.30329, -0.03144
0.30472, -0.03141
0.30615, -0.03137
0.30758, -0.03134
0.30901, -0.03130
0.31045, -0.03127
0.31189, -0.03123
0.31333, -0.03120
0.31477, -0.03116
0.31621, -0.03112
0.31765, -0.03108
0.31910, -0.03104
0.32055, -0.03100
0.32200, -0.03096
0.32345, -0.03092
0.32490, -0.03088
0.32636, -0.03084
0.32781, -0.03080
0.32927, -0.03076
0.33072, -0.03071
0.33217, -0.03067
0.33362, -0.03063
0.33507, -0.03059
0.33651, -0.03054
0.33796, -0.03050
0.33941, -0.03046
0.34086, -0.03041
0.34231, -0.03037
0.34376, -0.03033
0.34522, -0.03028
0.34667, -0.03024
0.34813, -0.03020
0.34959, -0.03016
0.35105, -0.03011
0.35251, -0.03007
0.35397, -0.03003
0.35543, -0.02999
0.35690, -0.02995
0.35836, -0.02990
0.35983, -0.02986
0.36130, -0.02982
0.36277, -0.02978
0.36424, -0.02974
0.36572, -0.02970
0.36719, -0.02966
0.36867, -0.02962
0.37014, -0.02958
0.37162, -0.02954
0.37310, -0.02950
0.37458, -0.02946
0.37607, -0.02942
0.37755, -0.02938
0.37904, -0.02934
0.38052, -0.02930
0.38201, -0.02926
0.38350, -0.02922
0.38499, -0.02918
0.38648, -0.02915
0.38797, -0.02911
0.38947, -0.02907
0.39097, -0.02903
0.39246, -0.02900
0.39396, -0.02896
0.39546, -0.02892
0.39696, -0.02889
0.39846, -0.02885
0.39997, -0.02881
0.40147, -0.02878
0.40298, -0.02874
0.40449, -0.02871
0.40600, -0.02867
0.40751, -0.02864
0.40902, -0.02860
0.41053, -0.02857
0.41204, -0.02854
0.41356, -0.02850
0.41508, -0.02847
0.41659, -0.02843
0.41811, -0.02840
0.41963, -0.02837
0.42115, -0.02834
0.42268, -0.02830
0.42420, -0.02827
0.42573, -0.02824
0.42725, -0.02821
0.42878, -0.02817
0.43031, -0.02814
0.43184, -0.02811
0.43337, -0.02808
0.43490, -0.02805
0.43644, -0.02802
0.43797, -0.02798
0.43951, -0.02795
0.44104, -0.02792
0.44258, -0.02789
0.44412, -0.02786
0.44566, -0.02783
0.44720, -0.02780
0.44875, -0.02777
0.45029, -0.02774
0.45183, -0.02771
0.45338, -0.02768
0.45493, -0.02765
0.45647, -0.02762
0.45802, -0.02759
0.45957, -0.02756
0.46112, -0.02753
0.46268, -0.02750
0.46423, -0.02747
0.46578, -0.02743
0.46734, -0.02740
0.46889, -0.02737
0.47045, -0.02734
0.47201, -0.02731
0.47357, -0.02728
0.47512, -0.02725
0.47668, -0.02722
0.47825, -0.02719
0.47981, -0.02716
0.48137, -0.02712
0.48293, -0.02709
0.48450, -0.02706
0.48606, -0.02703
0.48763, -0.02699
0.48919, -0.02696
0.49076, -0.02693
0.49233, -0.02690
0.49390, -0.02686
0.49547, -0.02683
0.49703, -0.02679
0.49860, -0.02676
0.50018, -0.02672
0.50175, -0.02669
0.50332, -0.02665
0.50489, -0.02662
0.50646, -0.02658
0.50804, -0.02654
0.50961, -0.02651
0.51118, -0.02647
0.51276, -0.02643
0.51433, -0.02639
0.51591, -0.02635
0.51748, -0.02631
0.51906, -0.02627
0.52064, -0.02623
0.52221, -0.02619
0.52379, -0.02615
0.52537, -0.02611
0.52694, -0.02607
0.52852, -0.02602
0.53010, -0.02598
0.53168, -0.02594
0.53325, -0.02589
0.53483, -0.02584
0.53641, -0.02580
0.53799, -0.02575
0.53957, -0.02570
0.54114, -0.02566
0.54272, -0.02561
0.54430, -0.02556
0.54588, -0.02551
0.54745, -0.02546
0.54903, -0.02541
0.55061, -0.02535
0.55219, -0.02530
0.55376, -0.02525
0.55534, -0.02519
0.55692, -0.02514
0.55849, -0.02508
0.56007, -0.02503
0.56164, -0.02497
0.56322, -0.02491
0.56479, -0.02485
0.56637, -0.02479
0.56794, -0.02473
0.56952, -0.02467
0.57109, -0.02461
0.57266, -0.02455
0.57423, -0.02448
0.57580, -0.02442
0.57737, -0.02435
0.57894, -0.02429
0.58051, -0.02422
0.58208, -0.02415
0.58365, -0.02408
0.58522, -0.02401
0.58678, -0.02394
0.58835, -0.02387
0.58991, -0.02380
0.59148, -0.02373
0.59304, -0.02365
0.59460, -0.02358
0.59617, -0.02350
0.59773, -0.02343
0.59929, -0.02335
0.60085, -0.02327
0.60240, -0.02319
0.60396, -0.02311
0.60551, -0.02303
0.60707, -0.02295
0.60862, -0.02287
0.61018, -0.02279
0.61173, -0.02270
0.61328, -0.02262
0.61483, -0.02253
0.61637, -0.02244
0.61792, -0.02236
0.61946, -0.02227
0.62101, -0.02218
0.62255, -0.02209
0.62409, -0.02200
0.62563, -0.02191
0.62717, -0.02182
0.62871, -0.02172
0.63024, -0.02163
0.63178, -0.02153
0.63331, -0.02144
0.63484, -0.02134
0.63637, -0.02125
0.63790, -0.02115
0.63943, -0.02105
0.64095, -0.02095
0.64248, -0.02085
0.64400, -0.02075
0.64552, -0.02065
0.64704, -0.02054
0.64859, -0.02044
0.65026, -0.02034
0.65236, -0.02023
0.65561, -0.02004
0.66099, -0.01945
0.66859, -0.01768
0.67628, -0.01451
0.68132, -0.01150
0.68270, -0.01042
0.68042, -0.01148
0.67556, -0.01321
0.67089, -0.01406
0.66851, -0.01414
0.66827, -0.01402
0.66917, -0.01390
0.67050, -0.01381
0.67195, -0.01372
0.67342, -0.01363
0.67489, -0.01354
0.67636, -0.01345
0.67782, -0.01336
0.67929, -0.01327
0.68075, -0.01318
0.68222, -0.01309
0.68368, -0.01300
0.68514, -0.01291
0.68660, -0.01282
0.68805, -0.01273
0.68950, -0.01264
0.69096, -0.01255
0.69241, -0.01246
0.69385, -0.01237
0.69530, -0.01228
0.69675, -0.01219
0.69819, -0.01210
0.69963, -0.01201
0.70107, -0.01192
0.70250, -0.01184
0.70394, -0.01175
0.70537, -0.01166
0.70680, -0.01157
0.70823, -0.01148
0.70966, -0.01139
0.71108, -0.01130
0.71250, -0.01121
0.71393, -0.01112
0.71534, -0.01103
0.71676, -0.01095
0.71817, -0.01086
0.71959, -0.01077
0.72100, -0.01068
0.72240, -0.01059
0.72381, -0.01050
0.72521, -0.01041
0.72662, -0.01033
0.72801, -0.01024
0.72941, -0.01015
0.73081, -0.01006
0.73220, -0.00997
0.73359, -0.00989
0.73498, -0.00980
0.73636, -0.00971
0.73775, -0.00962
0.73913, -0.00953
0.74051, -0.00945
0.74188, -0.00936
0.74326, -0.00927
0.74463, -0.00919
0.74600, -0.00910
0.74736, -0.00901
0.74873, -0.00892
0.75009, -0.00884
0.75145, -0.00875
0.75281, -0.00866
0.75416, -0.00858
0.75551, -0.00849
0.75686, -0.00840
0.75821, -0.00832
0.75956, -0.00823
0.76090, -0.00814
0.76224, -0.00806
0.76357, -0.00797
0.76491, -0.00789
0.76624, -0.00780
0.76757, -0.00772
0.76890, -0.00763
0.77022, -0.00754
0.77154, -0.00746
0.77286, -0.00737
0.77418, -0.00729
0.77549, -0.00720
0.77680, -0.00712
0.77811, -0.00704
0.77941, -0.00695
0.78071, -0.00687
0.78201, -0.00678
0.78331, -0.00670
0.78461, -0.00661
0.78590, -0.00653
0.78719, -0.00645
0.78847, -0.00636
0.78975, -0.00628
0.79103, -0.00620
0.79231, -0.00611
0.79359, -0.00603
0.79486, -0.00595
0.79613, -0.00586
0.79739, -0.00578
0.79865, -0.00570
0.79991, -0.00562
0.80117, -0.00553
0.80242, -0.00545
0.80367, -0.00537
0.80492, -0.00529
0.80617, -0.00521
0.80741, -0.00512
0.80865, -0.00504
0.80988, -0.00496
0.81112, -0.00488
0.81235, -0.00480
0.81357, -0.00472
0.81480, -0.00464
0.81602, -0.00456
0.81724, -0.00448
0.81845, -0.00440
0.81966, -0.00432
0.82087, -0.00424
0.82207, -0.00416
0.82328, -0.00408
0.82447, -0.00400
0.82567, -0.00392
0.82686, -0.00384
0.82805, -0.00376
0.82924, -0.00368
0.83042, -0.00361
0.83160, -0.00353
0.83277, -0.00345
0.83395, -0.00337
0.83512, -0.00329
0.83628, -0.00322
0.83745, -0.00314
0.83860, -0.00306
0.83976, -0.00299
0.84091, -0.00291
0.84206, -0.00283
0.84321, -0.00276
0.84435, -0.00268
0.84549, -0.00260
0.84663, -0.00253
0.84776, -0.00245
0.84889, -0.00238
0.85001, -0.00230
0.85114, -0.00223
0.85226, -0.00215
0.85337, -0.00208
0.85448, -0.00200
0.85559, -0.00193
0.85670, -0.00185
0.85780, -0.00178
0.85890, -0.00171
0.85999, -0.00163
0.86108, -0.00156
0.86217, -0.00149
0.86325, -0.00141
0.86433, -0.00134
0.86541, -0.00127
0.86648, -0.00120
0.86755, -0.00112
0.86861, -0.00105
0.86968, -0.00098
0.87073, -0.00091
0.87179, -0.00084
0.87284, -0.00077
0.87389, -0.00070
0.87493, -0.00063
0.87597, -0.00056
0.87701, -0.00049
0.87804, -0.00042
0.87907, -0.00035
0.88009, -0.00028
0.88111, -0.00021
0.88213, -0.00014
0.88315, -0.00007
0.88416, -0.00000
0.88516, 0.00007
0.88616, 0.00014
0.88716, 0.00020
0.88816, 0.00027
0.88915, 0.00034
0.89013, 0.00041
0.89112, 0.00047
0.89210, 0.00054
0.89307, 0.00061
0.89404, 0.00067
0.89501, 0.00074
0.89598, 0.00080
0.89693, 0.00087
0.89789, 0.00094
0.89884, 0.00100
0.89979, 0.00107
0.90073, 0.00113
0.90167, 0.00119
0.90261, 0.00126
0.90354, 0.00132
0.90447, 0.00139
0.90540, 0.00145
0.90632, 0.00151
0.90723, 0.00158
0.90814, 0.00164
0.90905, 0.00170
0.90996, 0.00176
0.91086, 0.00182
0.91175, 0.00189
0.91264, 0.00195
0.91353, 0.00201
0.91441, 0.00207
0.91529, 0.00213
0.91617, 0.00219
0.91704, 0.00225
0.91791, 0.00231
0.91877, 0.00237
0.91963, 0.00243
0.92048, 0.00249
0.92133, 0.00255
0.92218, 0.00261
0.92302, 0.00266
0.92386, 0.00272
0.92469, 0.00278
0.92552, 0.00284
0.92635, 0.00290
0.92717, 0.00295
0.92799, 0.00301
0.92880, 0.00307
0.92961, 0.00312
0.93041, 0.00318
0.93121, 0.00323
0.93201, 0.00329
0.93280, 0.00334
0.93359, 0.00340
0.93437, 0.00345
0.93515, 0.00351
0.93592, 0.00356
0.93669, 0.00361
0.93746, 0.00367
0.93822, 0.00372
0.93898, 0.00377
0.93973, 0.00383
0.94048, 0.00388
0.94122, 0.00393
0.94196, 0.00398
0.94269, 0.00403
0.94342, 0.00409
0.94415, 0.00414
0.94487, 0.00419
0.94559, 0.00424
0.94630, 0.00429
0.94701, 0.00434
0.94771, 0.00439
0.94841, 0.00444
0.94911, 0.00448
0.94980, 0.00453
0.95049, 0.00458
0.95117, 0.00463
0.95184, 0.00468
0.95252, 0.00472
0.95319, 0.00477
0.95385, 0.00482
0.95451, 0.00486
0.95516, 0.00491
0.95581, 0.00496
0.95646, 0.00500
0.95710, 0.00505
0.95774, 0.00509
0.95837, 0.00514
0.95900, 0.00518
0.95962, 0.00522
0.96024, 0.00527
0.96085, 0.00531
0.96146, 0.00535
0.96207, 0.00540
0.96267, 0.00544
0.96326, 0.00548
0.96385, 0.00552
0.96444, 0.00557
0.96502, 0.00561
0.96560, 0.00565
0.96617, 0.00569
0.96674, 0.00573
0.96730, 0.00577
0.96786, 0.00581
0.96841, 0.00585
0.96896, 0.00589
0.96950, 0.00593
0.97004, 0.00596
0.97058, 0.00600
0.97111, 0.00604
0.97164, 0.00608
0.97216, 0.00611
0.97267, 0.00615
0.97318, 0.00619
0.97369, 0.00622
0.97419, 0.00626
0.97469, 0.00630
0.97518, 0.00633
0.97567, 0.00637
0.97615, 0.00640
0.97663, 0.00643
0.97711, 0.00647
0.97758, 0.00650
0.97804, 0.00653
0.97850, 0.00657
0.97895, 0.00660
0.97940, 0.00663
0.97985, 0.00666
0.98029, 0.00670
0.98073, 0.00673
0.98116, 0.00676
0.98158, 0.00679
0.98200, 0.00682
0.98242, 0.00685
0.98283, 0.00688
0.98324, 0.00691
0.98364, 0.00694
0.98404, 0.00696
0.98443, 0.00699
0.98482, 0.00702
0.98520, 0.00705
0.98558, 0.00708
0.98595, 0.00710
0.98632, 0.00713
0.98668, 0.00716
0.98704, 0.00718
0.98739, 0.00721
0.98774, 0.00723
0.98809, 0.00726
0.98843, 0.00728
0.98876, 0.00730
0.98909, 0.00733
0.98941, 0.00735
0.98973, 0.00737
0.99005, 0.00740
0.99036, 0.00742
0.99066, 0.00744
0.99096, 0.00746
0.99126, 0.00748
0.99155, 0.00751
0.99183, 0.00753
0.99211, 0.00755
0.99239, 0.00757
0.99266, 0.00759
0.99292, 0.00761
0.99319, 0.00762
0.99344, 0.00764
0.99369, 0.00766
0.99394, 0.00768
0.99418, 0.00770
0.99442, 0.00771
0.99465, 0.00773
0.99487, 0.00775
0.99509, 0.00776
0.99531, 0.00778
0.99552, 0.00779
0.99573, 0.00781
0.99593, 0.00782
0.99613, 0.00784
0.99632, 0.00785
0.99650, 0.00786
0.99669, 0.00788
0.99686, 0.00789
0.99703, 0.00790
0.99720, 0.00792
0.99736, 0.00793
0.99752, 0.00794
0.99767, 0.00795
0.99782, 0.00796
0.99796, 0.00797
0.99810, 0.00798
0.99823, 0.00799
0.99836, 0.00800
0.99848, 0.00801
0.99860, 0.00802
0.99871, 0.00802
0.99882, 0.00803
0.99892, 0.00804
0.99902, 0.00805
0.99911, 0.00805
0.99920, 0.00806
0.99928, 0.00807
0.99935, 0.00807
0.99943, 0.00808
0.99949, 0.00808
0.99956, 0.00809
0.99961, 0.00809
0.99967, 0.00809
0.99971, 0.00810
0.99976, 0.00810
0.99979, 0.00810
0.99983, 0.00811
0.99985, 0.00811
0.99988, 0.00811
0.99989, 0.00811
0.99990, 0.00811
0.99987, 0.00812
0.99986, 0.00812
