=== Airfoil Parameters ===
m = 0.02
p = 0.4
t = 0.12

=== Control Points ===
0.00000, -0.02218, -0.02218
0.06667, -0.01467, -0.02078
0.13333, -0.00710, -0.01821
0.20000, 0.00012, -0.01488
0.26667, 0.00651, -0.01127
0.66667, 0.00822, -0.00783
0.75000, 0.00831, -0.00488
0.83333, 0.00694, -0.00263
0.91667, 0.00403, -0.00114
1.00000, -0.00041, -0.00041

=== Upper Surface ===
0.00000, -0.02218
-0.00004, -0.02191
-0.00006, -0.02163
-0.00007, -0.02135
-0.00008, -0.02107
-0.00009, -0.02079
-0.00009, -0.02051
-0.00009, -0.02023
-0.00008, -0.01995
-0.00007, -0.01967
-0.00006, -0.01939
-0.00003, -0.01911
-0.00001, -0.01883
0.00002, -0.01855
0.00006, -0.01827
0.00010, -0.01799
0.00015, -0.01771
0.00020, -0.01743
0.00026, -0.01714
0.00032, -0.01686
0.00039, -0.01658
0.00046, -0.01630
0.00053, -0.01602
0.00061, -0.01574
0.00070, -0.01545
0.00079, -0.01517
0.00089, -0.01489
0.00099, -0.01461
0.00110, -0.01432
0.00121, -0.01404
0.00132, -0.01376
0.00144, -0.01347
0.00157, -0.01319
0.00170, -0.01291
0.00184, -0.01262
0.00198, -0.01234
0.00212, -0.01206
0.00227, -0.01177
0.00243, -0.01149
0.00259, -0.01120
0.00276, -0.01092
0.00293, -0.01063
0.00310, -0.01035
0.00328, -0.01007
0.00347, -0.00978
0.00366, -0.00950
0.00385, -0.00921
0.00405, -0.00893
0.00426, -0.00864
0.00447, -0.00835
0.00468, -0.00807
0.00490, -0.00778
0.00513, -0.00750
0.00536, -0.00721
0.00559, -0.00693
0.00583, -0.00664
0.00608, -0.00635
0.00632, -0.00607
0.00658, -0.00578
0.00684, -0.00549
0.00710, -0.00521
0.00737, -0.00492
0.00764, -0.00463
0.00792, -0.00435
0.00821, -0.00406
0.00849, -0.00377
0.00879, -0.00349
0.00909, -0.00320
0.00939, -0.00291
0.00970, -0.00263
0.01001, -0.00234
0.01033, -0.00205
0.01065, -0.00176
0.01098, -0.00148
0.01131, -0.00119
0.01164, -0.00090
0.01199, -0.00061
0.01233, -0.00033
0.01268, -0.00004
0.01304, 0.00025
0.01340, 0.00054
0.01377, 0.00082
0.01414, 0.00111
0.01451, 0.00140
0.01489, 0.00169
0.01528, 0.00198
0.01567, 0.00226
0.01606, 0.00255
0.01646, 0.00284
0.01687, 0.00313
0.01727, 0.00342
0.01769, 0.00370
0.01811, 0.00399
0.01853, 0.00428
0.01896, 0.00457
0.01939, 0.00486
0.01983, 0.00514
0.02027, 0.00543
0.02072, 0.00572
0.02117, 0.00601
0.02163, 0.00630
0.02209, 0.00658
0.02255, 0.00687
0.02303, 0.00716
0.02350, 0.00745
0.02398, 0.00774
0.02447, 0.00802
0.02496, 0.00831
0.02545, 0.00860
0.02595, 0.00889
0.02645, 0.00918
0.02696, 0.00946
0.02748, 0.00975
0.02799, 0.01004
0.02852, 0.01033
0.02905, 0.01061
0.02958, 0.01090
0.03011, 0.01119
0.03066, 0.01148
0.03120, 0.01176
0.03175, 0.01205
0.03231, 0.01234
0.03287, 0.01262
0.03343, 0.01291
0.03400, 0.01320
0.03458, 0.01348
0.03516, 0.01377
0.03574, 0.01406
0.03633, 0.01434
0.03692, 0.01463
0.03752, 0.01492
0.03812, 0.01520
0.03872, 0.01549
0.03934, 0.01577
0.03995, 0.01606
0.04057, 0.01635
0.04120, 0.01663
0.04183, 0.01692
0.04246, 0.01720
0.04310, 0.01749
0.04374, 0.01777
0.04439, 0.01806
0.04504, 0.01834
0.04570, 0.01863
0.04636, 0.01891
0.04702, 0.01919
0.04769, 0.01948
0.04837, 0.01976
0.04905, 0.02004
0.04973, 0.02033
0.05042, 0.02061
0.05111, 0.02089
0.05181, 0.02118
0.05251, 0.02146
0.05322, 0.02174
0.05393, 0.02202
0.05465, 0.02231
0.05537, 0.02259
0.05609, 0.02287
0.05682, 0.02315
0.05755, 0.02343
0.05829, 0.02371
0.05903, 0.02399
0.05978, 0.02427
0.06053, 0.02455
0.06128, 0.02483
0.06204, 0.02511
0.06281, 0.02539
0.06358, 0.02567
0.06435, 0.02595
0.06513, 0.02623
0.06591, 0.02651
0.06669, 0.02678
0.06748, 0.02706
0.06828, 0.02734
0.06908, 0.02762
0.06988, 0.02789
0.07069, 0.02817
0.07150, 0.02845
0.07232, 0.02872
0.07314, 0.02900
0.07397, 0.02927
0.07479, 0.02955
0.07563, 0.02982
0.07647, 0.03010
0.07731, 0.03037
0.07816, 0.03064
0.07901, 0.03092
0.07986, 0.03119
0.08072, 0.03146
0.08159, 0.03173
0.08245, 0.03200
0.08333, 0.03228
0.08420, 0.03255
0.08508, 0.03282
0.08597, 0.03309
0.08686, 0.03336
0.08775, 0.03363
0.08865, 0.03390
0.08955, 0.03416
0.09046, 0.03443
0.09137, 0.03470
0.09228, 0.03497
0.09320, 0.03523
0.09412, 0.03550
0.09505, 0.03577
0.09598, 0.03603
0.09691, 0.03630
0.09785, 0.03656
0.09880, 0.03682
0.09975, 0.03709
0.10070, 0.03735
0.10165, 0.03761
0.10261, 0.03788
0.10358, 0.03814
0.10454, 0.03840
0.10552, 0.03866
0.10649, 0.03892
0.10747, 0.03918
0.10846, 0.03944
0.10944, 0.03970
0.11044, 0.03995
0.11143, 0.04021
0.11243, 0.04047
0.11344, 0.04072
0.11445, 0.04098
0.11546, 0.04124
0.11647, 0.04149
0.11749, 0.04174
0.11852, 0.04200
0.11955, 0.04225
0.12058, 0.04250
0.12161, 0.04275
0.12265, 0.04301
0.12370, 0.04326
0.12475, 0.04351
0.12580, 0.04375
0.12685, 0.04400
0.12791, 0.04425
0.12897, 0.04450
0.13004, 0.04475
0.13111, 0.04499
0.13219, 0.04524
0.13326, 0.04548
0.13435, 0.04573
0.13543, 0.04597
0.13652, 0.04621
0.13761, 0.04645
0.13871, 0.04669
0.13981, 0.04693
0.14091, 0.04717
0.14202, 0.04741
0.14313, 0.04765
0.14425, 0.04789
0.14537, 0.04813
0.14649, 0.04836
0.14761, 0.04860
0.14874, 0.04883
0.14987, 0.04907
0.15101, 0.04930
0.15215, 0.04953
0.15329, 0.04977
0.15444, 0.05000
0.15559, 0.05023
0.15674, 0.05046
0.15790, 0.05069
0.15906, 0.05092
0.16022, 0.05114
0.16139, 0.05137
0.16256, 0.05160
0.16373, 0.05182
0.16491, 0.05205
0.16609, 0.05227
0.16727, 0.05249
0.16846, 0.05271
0.16965, 0.05294
0.17085, 0.05316
0.17204, 0.05338
0.17324, 0.05360
0.17445, 0.05381
0.17565, 0.05403
0.17686, 0.05425
0.17808, 0.05447
0.17929, 0.05468
0.18051, 0.05490
0.18174, 0.05511
0.18296, 0.05532
0.18419, 0.05553
0.18543, 0.05575
0.18666, 0.05596
0.18790, 0.05617
0.18914, 0.05637
0.19039, 0.05658
0.19164, 0.05679
0.19289, 0.05700
0.19414, 0.05720
0.19540, 0.05741
0.19667, 0.05761
0.19793, 0.05781
0.19920, 0.05802
0.20048, 0.05822
0.20175, 0.05842
0.20304, 0.05862
0.20432, 0.05882
0.20561, 0.05902
0.20690, 0.05922
0.20820, 0.05941
0.20950, 0.05961
0.21081, 0.05980
0.21212, 0.06000
0.21343, 0.06019
0.21475, 0.06038
0.21607, 0.06057
0.21739, 0.06076
0.21872, 0.06095
0.22006, 0.06113
0.22139, 0.06132
0.22273, 0.06150
0.22408, 0.06169
0.22542, 0.06187
0.22678, 0.06205
0.22813, 0.06223
0.22949, 0.06241
0.23085, 0.06258
0.23222, 0.06276
0.23359, 0.06293
0.23497, 0.06311
0.23635, 0.06328
0.23773, 0.06345
0.23911, 0.06361
0.24050, 0.06378
0.24190, 0.06394
0.24329, 0.06411
0.24470, 0.06427
0.24610, 0.06443
0.24751, 0.06459
0.24892, 0.06474
0.25034, 0.06490
0.25176, 0.06505
0.25318, 0.06520
0.25461, 0.06535
0.25604, 0.06549
0.25747, 0.06564
0.25891, 0.06578
0.26035, 0.06592
0.26180, 0.06606
0.26324, 0.06619
0.26469, 0.06633
0.26615, 0.06646
0.26760, 0.06659
0.26906, 0.06672
0.27052, 0.06684
0.27198, 0.06696
0.27344, 0.06708
0.27491, 0.06720
0.27638, 0.06732
0.27785, 0.06743
0.27932, 0.06754
0.28079, 0.06765
0.28227, 0.06776
0.28375, 0.06787
0.28523, 0.06797
0.28671, 0.06807
0.28819, 0.06817
0.28968, 0.06826
0.29117, 0.06836
0.29266, 0.06845
0.29415, 0.06854
0.29564, 0.06863
0.29714, 0.06871
0.29863, 0.06879
0.30013, 0.06887
0.30163, 0.06895
0.30313, 0.06903
0.30464, 0.06910
0.30614, 0.06918
0.30765, 0.06925
0.30916, 0.06931
0.31067, 0.06938
0.31218, 0.06944
0.31369, 0.06950
0.31521, 0.06956
0.31673, 0.06962
0.31825, 0.06967
0.31977, 0.06973
0.32129, 0.06978
0.32281, 0.06983
0.32433, 0.06987
0.32585, 0.06992
0.32737, 0.06996
0.32888, 0.07000
0.33040, 0.07004
0.33191, 0.07007
0.33342, 0.07011
0.33493, 0.07014
0.33644, 0.07017
0.33796, 0.07020
0.33947, 0.07023
0.34099, 0.07026
0.34251, 0.07029
0.34403, 0.07031
0.34556, 0.07034
0.34708, 0.07036
0.34861, 0.07038
0.35013, 0.07040
0.35166, 0.07041
0.35319, 0.07043
0.35473, 0.07045
0.35626, 0.07046
0.35779, 0.07047
0.35933, 0.07048
0.36087, 0.07049
0.36241, 0.07050
0.36395, 0.07050
0.36549, 0.07051
0.36703, 0.07051
0.36858, 0.07051
0.37012, 0.07051
0.37167, 0.07051
0.37321, 0.07051
0.37476, 0.07050
0.37631, 0.07050
0.37786, 0.07049
0.37941, 0.07048
0.38097, 0.07047
0.38252, 0.07046
0.38408, 0.07045
0.38563, 0.07043
0.38719, 0.07042
0.38874, 0.07040
0.39030, 0.07038
0.39186, 0.07036
0.39342, 0.07034
0.39498, 0.07032
0.39654, 0.07030
0.39810, 0.07027
0.39967, 0.07025
0.40123, 0.07022
0.40279, 0.07019
0.40436, 0.07016
0.40592, 0.07013
0.40749, 0.07010
0.40906, 0.07006
0.41062, 0.07003
0.41219, 0.06999
0.41376, 0.06995
0.41533, 0.06992
0.41690, 0.06988
0.41847, 0.06983
0.42004, 0.06979
0.42161, 0.06975
0.42318, 0.06970
0.42475, 0.06966
0.42632, 0.06961
0.42789, 0.06956
0.42947, 0.06951
0.43104, 0.06946
0.43261, 0.06941
0.43419, 0.06936
0.43576, 0.06931
0.43733, 0.06925
0.43891, 0.06920
0.44048, 0.06914
0.44206, 0.06908
0.44363, 0.06902
0.44521, 0.06896
0.44678, 0.06890
0.44836, 0.06884
0.44994, 0.06878
0.45151, 0.06871
0.45309, 0.06865
0.45467, 0.06859
0.45624, 0.06852
0.45782, 0.06845
0.45940, 0.06838
0.46097, 0.06831
0.46255, 0.06824
0.46413, 0.06817
0.46570, 0.06810
0.46728, 0.06803
0.46886, 0.06796
0.47044, 0.06788
0.47201, 0.06781
0.47359, 0.06773
0.47517, 0.06766
0.47675, 0.06758
0.47833, 0.06750
0.47990, 0.06742
0.48148, 0.06734
0.48306, 0.06726
0.48464, 0.06718
0.48621, 0.06710
0.48779, 0.06702
0.48937, 0.06693
0.49095, 0.06685
0.49252, 0.06676
0.49410, 0.06668
0.49568, 0.06659
0.49726, 0.06651
0.49883, 0.06642
0.50041, 0.06633
0.50199, 0.06624
0.50356, 0.06615
0.50514, 0.06606
0.50672, 0.06597
0.50829, 0.06588
0.50987, 0.06579
0.51145, 0.06570
0.51302, 0.06561
0.51460, 0.06551
0.51617, 0.06542
0.51775, 0.06532
0.51932, 0.06523
0.52090, 0.06513
0.52247, 0.06503
0.52405, 0.06494
0.52562, 0.06484
0.52720, 0.06474
0.52877, 0.06464
0.53034, 0.06454
0.53192, 0.06444
0.53349, 0.06434
0.53506, 0.06424
0.53664, 0.06414
0.53821, 0.06403
0.53978, 0.06393
0.54135, 0.06383
0.54292, 0.06372
0.54450, 0.06362
0.54607, 0.06351
0.54764, 0.06341
0.54921, 0.06330
0.55078, 0.06319
0.55234, 0.06309
0.55391, 0.06298
0.55548, 0.06287
0.55705, 0.06276
0.55862, 0.06265
0.56018, 0.06254
0.56175, 0.06243
0.56332, 0.06232
0.56488, 0.06220
0.56645, 0.06209
0.56801, 0.06198
0.56957, 0.06186
0.57114, 0.06175
0.57270, 0.06163
0.57426, 0.06152
0.57582, 0.06140
0.57738, 0.06129
0.57894, 0.06117
0.58050, 0.06105
0.58206, 0.06093
0.58362, 0.06081
0.58518, 0.06069
0.58673, 0.06057
0.58829, 0.06045
0.58985, 0.06033
0.59140, 0.06021
0.59295, 0.06008
0.59451, 0.05996
0.59606, 0.05984
0.59761, 0.05971
0.59916, 0.05959
0.60071, 0.05946
0.60226, 0.05933
0.60380, 0.05921
0.60535, 0.05908
0.60690, 0.05895
0.60844, 0.05882
0.60998, 0.05869
0.61153, 0.05856
0.61307, 0.05843
0.61461, 0.05830
0.61615, 0.05817
0.61769, 0.05804
0.61922, 0.05790
0.62076, 0.05777
0.62229, 0.05763
0.62383, 0.05750
0.62536, 0.05736
0.62689, 0.05723
0.62842, 0.05709
0.62995, 0.05695
0.63147, 0.05682
0.63300, 0.05668
0.63452, 0.05654
0.63605, 0.05640
0.63757, 0.05626
0.63909, 0.05612
0.64061, 0.05598
0.64212, 0.05583
0.64364, 0.05569
0.64515, 0.05555
0.64666, 0.05540
0.64818, 0.05526
0.64972, 0.05512
0.65139, 0.05497
0.65351, 0.05480
0.65685, 0.05451
0.66238, 0.05373
0.67014, 0.05161
0.67783, 0.04806
0.68281, 0.04480
0.68422, 0.04360
0.68208, 0.04470
0.67730, 0.04665
0.67253, 0.04775
0.67000, 0.04794
0.66967, 0.04783
0.67053, 0.04769
0.67183, 0.04754
0.67326, 0.04741
0.67472, 0.04727
0.67617, 0.04713
0.67763, 0.04699
0.67909, 0.04685
0.68055, 0.04671
0.68200, 0.04658
0.68345, 0.04644
0.68491, 0.04630
0.68636, 0.04617
0.68781, 0.04603
0.68926, 0.04589
0.69070, 0.04576
0.69215, 0.04562
0.69360, 0.04549
0.69504, 0.04535
0.69648, 0.04522
0.69793, 0.04508
0.69937, 0.04494
0.70081, 0.04481
0.70224, 0.04467
0.70368, 0.04454
0.70511, 0.04440
0.70655, 0.04427
0.70798, 0.04413
0.70941, 0.04399
0.71084, 0.04386
0.71227, 0.04372
0.71369, 0.04358
0.71512, 0.04345
0.71654, 0.04331
0.71796, 0.04317
0.71938, 0.04304
0.72080, 0.04290
0.72221, 0.04276
0.72363, 0.04262
0.72504, 0.04248
0.72645, 0.04234
0.72786, 0.04221
0.72926, 0.04207
0.73067, 0.04193
0.73207, 0.04179
0.73347, 0.04164
0.73487, 0.04150
0.73627, 0.04136
0.73767, 0.04122
0.73906, 0.04108
0.74045, 0.04093
0.74184, 0.04079
0.74323, 0.04064
0.74461, 0.04050
0.74600, 0.04035
0.74738, 0.04021
0.74876, 0.04006
0.75014, 0.03991
0.75151, 0.03977
0.75288, 0.03962
0.75425, 0.03947
0.75562, 0.03932
0.75698, 0.03917
0.75834, 0.03902
0.75970, 0.03887
0.76105, 0.03871
0.76241, 0.03856
0.76376, 0.03841
0.76510, 0.03825
0.76645, 0.03810
0.76779, 0.03795
0.76912, 0.03779
0.77046, 0.03763
0.77179, 0.03748
0.77312, 0.03732
0.77445, 0.03717
0.77577, 0.03701
0.77709, 0.03685
0.77841, 0.03669
0.77972, 0.03653
0.78103, 0.03637
0.78234, 0.03622
0.78365, 0.03606
0.78495, 0.03590
0.78625, 0.03574
0.78755, 0.03557
0.78884, 0.03541
0.79013, 0.03525
0.79142, 0.03509
0.79270, 0.03493
0.79398, 0.03477
0.79526, 0.03460
0.79654, 0.03444
0.79781, 0.03428
0.79908, 0.03412
0.80034, 0.03395
0.80160, 0.03379
0.80286, 0.03362
0.80412, 0.03346
0.80537, 0.03330
0.80662, 0.03313
0.80787, 0.03297
0.80911, 0.03280
0.81035, 0.03264
0.81159, 0.03247
0.81282, 0.03231
0.81405, 0.03214
0.81528, 0.03198
0.81650, 0.03181
0.81772, 0.03164
0.81894, 0.03148
0.82016, 0.03131
0.82137, 0.03115
0.82257, 0.03098
0.82378, 0.03081
0.82498, 0.03065
0.82617, 0.03048
0.82737, 0.03032
0.82856, 0.03015
0.82975, 0.02998
0.83093, 0.02982
0.83211, 0.02965
0.83329, 0.02948
0.83446, 0.02932
0.83563, 0.02915
0.83680, 0.02898
0.83796, 0.02882
0.83912, 0.02865
0.84028, 0.02849
0.84143, 0.02832
0.84258, 0.02815
0.84373, 0.02799
0.84487, 0.02782
0.84601, 0.02766
0.84715, 0.02749
0.84828, 0.02733
0.84941, 0.02716
0.85053, 0.02699
0.85166, 0.02683
0.85277, 0.02666
0.85389, 0.02650
0.85500, 0.02633
0.85611, 0.02617
0.85721, 0.02600
0.85831, 0.02584
0.85941, 0.02567
0.86050, 0.02551
0.86159, 0.02534
0.86268, 0.02518
0.86376, 0.02502
0.86484, 0.02485
0.86592, 0.02469
0.86699, 0.02452
0.86806, 0.02436
0.86912, 0.02420
0.87018, 0.02403
0.87124, 0.02387
0.87229, 0.02371
0.87334, 0.02355
0.87439, 0.02338
0.87543, 0.02322
0.87647, 0.02306
0.87750, 0.02290
0.87853, 0.02274
0.87956, 0.02258
0.88058, 0.02241
0.88160, 0.02225
0.88261, 0.02209
0.88363, 0.02193
0.88463, 0.02177
0.88564, 0.02161
0.88664, 0.02145
0.88763, 0.02129
0.88863, 0.02113
0.88961, 0.02097
0.89060, 0.02082
0.89158, 0.02066
0.89256, 0.02050
0.89353, 0.02034
0.89450, 0.02018
0.89546, 0.02003
0.89642, 0.01987
0.89738, 0.01971
0.89833, 0.01956
0.89928, 0.01940
0.90023, 0.01925
0.90117, 0.01909
0.90211, 0.01894
0.90304, 0.01878
0.90397, 0.01863
0.90489, 0.01847
0.90582, 0.01832
0.90673, 0.01817
0.90765, 0.01801
0.90855, 0.01786
0.90946, 0.01771
0.91036, 0.01756
0.91126, 0.01741
0.91215, 0.01726
0.91304, 0.01711
0.91392, 0.01696
0.91480, 0.01681
0.91568, 0.01666
0.91655, 0.01651
0.91742, 0.01636
0.91828, 0.01621
0.91914, 0.01606
0.92000, 0.01592
0.92085, 0.01577
0.92169, 0.01562
0.92254, 0.01548
0.92337, 0.01533
0.92421, 0.01519
0.92504, 0.01504
0.92587, 0.01490
0.92669, 0.01476
0.92750, 0.01461
0.92832, 0.01447
0.92913, 0.01433
0.92993, 0.01419
0.93073, 0.01405
0.93153, 0.01391
0.93232, 0.01377
0.93311, 0.01363
0.93389, 0.01349
0.93467, 0.01335
0.93544, 0.01321
0.93621, 0.01307
0.93698, 0.01294
0.93774, 0.01280
0.93850, 0.01267
0.93925, 0.01253
0.94000, 0.01240
0.94074, 0.01226
0.94148, 0.01213
0.94222, 0.01200
0.94295, 0.01186
0.94368, 0.01173
0.94440, 0.01160
0.94512, 0.01147
0.94583, 0.01134
0.94654, 0.01121
0.94724, 0.01108
0.94794, 0.01095
0.94864, 0.01083
0.94933, 0.01070
0.95002, 0.01057
0.95070, 0.01045
0.95138, 0.01032
0.95205, 0.01020
0.95272, 0.01008
0.95338, 0.00995
0.95404, 0.00983
0.95470, 0.00971
0.95535, 0.00959
0.95600, 0.00947
0.95664, 0.00935
0.95728, 0.00923
0.95791, 0.00911
0.95854, 0.00899
0.95916, 0.00888
0.95978, 0.00876
0.96040, 0.00864
0.96101, 0.00853
0.96161, 0.00841
0.96221, 0.00830
0.96281, 0.00819
0.96340, 0.00808
0.96399, 0.00796
0.96457, 0.00785
0.96515, 0.00774
0.96572, 0.00764
0.96629, 0.00753
0.96686, 0.00742
0.96742, 0.00731
0.96797, 0.00721
0.96852, 0.00710
0.96907, 0.00700
0.96961, 0.00689
0.97015, 0.00679
0.97068, 0.00669
0.97121, 0.00659
0.97173, 0.00649
0.97225, 0.00639
0.97276, 0.00629
0.97327, 0.00619
0.97378, 0.00609
0.97427, 0.00599
0.97477, 0.00590
0.97526, 0.00580
0.97575, 0.00571
0.97623, 0.00561
0.97670, 0.00552
0.97717, 0.00543
0.97764, 0.00534
0.97810, 0.00525
0.97856, 0.00516
0.97901, 0.00507
0.97946, 0.00498
0.97990, 0.00490
0.98034, 0.00481
0.98077, 0.00472
0.98120, 0.00464
0.98163, 0.00456
0.98205, 0.00447
0.98246, 0.00439
0.98287, 0.00431
0.98328, 0.00423
0.98368, 0.00415
0.98407, 0.00407
0.98446, 0.00400
0.98485, 0.00392
0.98523, 0.00384
0.98561, 0.00377
0.98598, 0.00370
0.98635, 0.00362
0.98671, 0.00355
0.98707, 0.00348
0.98742, 0.00341
0.98777, 0.00334
0.98811, 0.00327
0.98845, 0.00320
0.98878, 0.00314
0.98911, 0.00307
0.98944, 0.00301
0.98975, 0.00294
0.99007, 0.00288
0.99038, 0.00282
0.99068, 0.00276
0.99098, 0.00269
0.99128, 0.00264
0.99157, 0.00258
0.99185, 0.00252
0.99213, 0.00246
0.99241, 0.00241
0.99268, 0.00235
0.99295, 0.00230
0.99321, 0.00225
0.99346, 0.00219
0.99372, 0.00214
0.99396, 0.00209
0.99420, 0.00205
0.99444, 0.00200
0.99467, 0.00195
0.99490, 0.00190
0.99512, 0.00186
0.99534, 0.00181
0.99555, 0.00177
0.99576, 0.00173
0.99596, 0.00169
0.99616, 0.00165
0.99636, 0.00161
0.99654, 0.00157
0.99673, 0.00153
0.99691, 0.00150
0.99708, 0.00146
0.99725, 0.00143
0.99741, 0.00139
0.99757, 0.00136
0.99773, 0.00133
0.99787, 0.00130
0.99802, 0.00127
0.99816, 0.00124
0.99829, 0.00121
0.99842, 0.00119
0.99855, 0.00116
0.99867, 0.00114
0.99878, 0.00111
0.99889, 0.00109
0.99900, 0.00107
0.99910, 0.00105
0.99919, 0.00103
0.99929, 0.00101
0.99937, 0.00099
0.99945, 0.00098
0.99953, 0.00096
0.99960, 0.00095
0.99967, 0.00093
0.99973, 0.00092
0.99978, 0.00091
0.99983, 0.00090
0.99988, 0.00089
0.99992, 0.00088
0.99996, 0.00087
0.99999, 0.00087
1.00002, 0.00086
1.00004, 0.00086
1.00006, 0.00085
1.00008, 0.00085
1.00012, 0.00085
1.00013, 0.00084

=== Lower Surface ===
0.00000, -0.02218
0.00005, -0.02246
0.00008, -0.02274
0.00012, -0.02301
0.00016, -0.02329
0.00021, -0.02356
0.00027, -0.02384
0.00033, -0.02411
0.00040, -0.02438
0.00047, -0.02465
0.00055, -0.02492
0.00063, -0.02519
0.00072, -0.02546
0.00081, -0.02572
0.00091, -0.02599
0.00101, -0.02626
0.00112, -0.02652
0.00123, -0.02678
0.00134, -0.02705
0.00147, -0.02731
0.00159, -0.02757
0.00172, -0.02783
0.00186, -0.02809
0.00200, -0.02834
0.00215, -0.02860
0.00230, -0.02886
0.00245, -0.02911
0.00261, -0.02936
0.00278, -0.02962
0.00295, -0.02987
0.00312, -0.03012
0.00330, -0.03037
0.00349, -0.03062
0.00368, -0.03087
0.00387, -0.03111
0.00407, -0.03136
0.00428, -0.03161
0.00449, -0.03185
0.00470, -0.03209
0.00492, -0.03234
0.00514, -0.03258
0.00537, -0.03282
0.00561, -0.03306
0.00585, -0.03330
0.00609, -0.03353
0.00634, -0.03377
0.00659, -0.03401
0.00685, -0.03424
0.00711, -0.03447
0.00738, -0.03471
0.00765, -0.03494
0.00793, -0.03517
0.00821, -0.03540
0.00850, -0.03563
0.00879, -0.03585
0.00909, -0.03608
0.00939, -0.03631
0.00970, -0.03653
0.01001, -0.03676
0.01033, -0.03698
0.01065, -0.03720
0.01097, -0.03742
0.01130, -0.03764
0.01164, -0.03786
0.01198, -0.03808
0.01232, -0.03829
0.01267, -0.03851
0.01303, -0.03872
0.01339, -0.03894
0.01375, -0.03915
0.01412, -0.03936
0.01450, -0.03957
0.01488, -0.03978
0.01526, -0.03999
0.01565, -0.04020
0.01604, -0.04040
0.01644, -0.04061
0.01684, -0.04081
0.01725, -0.04102
0.01766, -0.04122
0.01808, -0.04142
0.01850, -0.04162
0.01893, -0.04182
0.01936, -0.04202
0.01979, -0.04221
0.02024, -0.04241
0.02068, -0.04260
0.02113, -0.04280
0.02159, -0.04299
0.02205, -0.04318
0.02251, -0.04337
0.02298, -0.04356
0.02345, -0.04375
0.02393, -0.04393
0.02442, -0.04412
0.02490, -0.04431
0.02540, -0.04449
0.02589, -0.04467
0.02640, -0.04485
0.02690, -0.04503
0.02741, -0.04521
0.02793, -0.04539
0.02845, -0.04557
0.02898, -0.04574
0.02951, -0.04592
0.03004, -0.04609
0.03058, -0.04627
0.03112, -0.04644
0.03167, -0.04661
0.03222, -0.04678
0.03278, -0.04694
0.03334, -0.04711
0.03391, -0.04728
0.03448, -0.04744
0.03506, -0.04761
0.03564, -0.04777
0.03622, -0.04793
0.03681, -0.04809
0.03741, -0.04825
0.03801, -0.04841
0.03861, -0.04856
0.03922, -0.04872
0.03983, -0.04887
0.04045, -0.04902
0.04107, -0.04918
0.04169, -0.04933
0.04233, -0.04948
0.04296, -0.04963
0.04360, -0.04977
0.04424, -0.04992
0.04489, -0.05006
0.04554, -0.05021
0.04620, -0.05035
0.04686, -0.05049
0.04753, -0.05063
0.04820, -0.05077
0.04888, -0.05091
0.04956, -0.05104
0.05024, -0.05118
0.05093, -0.05131
0.05162, -0.05145
0.05232, -0.05158
0.05302, -0.05171
0.05372, -0.05184
0.05443, -0.05197
0.05515, -0.05209
0.05587, -0.05222
0.05659, -0.05234
0.05732, -0.05246
0.05805, -0.05259
0.05879, -0.05271
0.05953, -0.05283
0.06027, -0.05294
0.06102, -0.05306
0.06177, -0.05318
0.06253, -0.05329
0.06329, -0.05340
0.06406, -0.05352
0.06483, -0.05363
0.06561, -0.05374
0.06638, -0.05385
0.06717, -0.05395
0.06795, -0.05406
0.06875, -0.05416
0.06954, -0.05427
0.07034, -0.05437
0.07115, -0.05447
0.07195, -0.05457
0.07277, -0.05467
0.07358, -0.05476
0.07440, -0.05486
0.07523, -0.05495
0.07606, -0.05505
0.07689, -0.05514
0.07773, -0.05523
0.07857, -0.05532
0.07941, -0.05541
0.08026, -0.05549
0.08112, -0.05558
0.08197, -0.05566
0.08284, -0.05575
0.08370, -0.05583
0.08457, -0.05591
0.08544, -0.05599
0.08632, -0.05607
0.08720, -0.05614
0.08809, -0.05622
0.08898, -0.05629
0.08987, -0.05636
0.09077, -0.05644
0.09167, -0.05651
0.09257, -0.05657
0.09348, -0.05664
0.09440, -0.05671
0.09531, -0.05677
0.09623, -0.05684
0.09716, -0.05690
0.09809, -0.05696
0.09902, -0.05702
0.09996, -0.05708
0.10090, -0.05714
0.10184, -0.05719
0.10279, -0.05725
0.10374, -0.05730
0.10469, -0.05736
0.10565, -0.05741
0.10662, -0.05746
0.10758, -0.05751
0.10855, -0.05755
0.10953, -0.05760
0.11050, -0.05764
0.11149, -0.05769
0.11247, -0.05773
0.11346, -0.05777
0.11445, -0.05781
0.11545, -0.05785
0.11645, -0.05789
0.11745, -0.05792
0.11846, -0.05796
0.11947, -0.05799
0.12048, -0.05802
0.12150, -0.05805
0.12252, -0.05808
0.12355, -0.05811
0.12458, -0.05814
0.12561, -0.05816
0.12664, -0.05819
0.12768, -0.05821
0.12873, -0.05824
0.12977, -0.05826
0.13082, -0.05828
0.13187, -0.05829
0.13293, -0.05831
0.13399, -0.05833
0.13505, -0.05834
0.13612, -0.05836
0.13719, -0.05837
0.13826, -0.05838
0.13934, -0.05839
0.14042, -0.05840
0.14151, -0.05841
0.14259, -0.05841
0.14368, -0.05842
0.14478, -0.05842
0.14588, -0.05842
0.14698, -0.05842
0.14808, -0.05842
0.14919, -0.05842
0.15030, -0.05842
0.15142, -0.05842
0.15254, -0.05841
0.15366, -0.05841
0.15478, -0.05840
0.15591, -0.05839
0.15704, -0.05838
0.15818, -0.05837
0.15931, -0.05836
0.16046, -0.05835
0.16160, -0.05833
0.16275, -0.05831
0.16390, -0.05830
0.16506, -0.05828
0.16621, -0.05826
0.16737, -0.05824
0.16854, -0.05822
0.16971, -0.05819
0.17088, -0.05817
0.17205, -0.05814
0.17323, -0.05812
0.17441, -0.05809
0.17559, -0.05806
0.17678, -0.05803
0.17797, -0.05800
0.17916, -0.05796
0.18036, -0.05793
0.18156, -0.05790
0.18276, -0.05786
0.18397, -0.05782
0.18517, -0.05778
0.18639, -0.05774
0.18760, -0.05770
0.18882, -0.05766
0.19004, -0.05761
0.19126, -0.05757
0.19249, -0.05752
0.19372, -0.05748
0.19495, -0.05743
0.19619, -0.05738
0.19743, -0.05733
0.19867, -0.05727
0.19991, -0.05722
0.20116, -0.05717
0.20241, -0.05711
0.20366, -0.05705
0.20492, -0.05699
0.20618, -0.05693
0.20744, -0.05687
0.20870, -0.05681
0.20997, -0.05675
0.21123, -0.05669
0.21250, -0.05662
0.21377, -0.05656
0.21505, -0.05649
0.21632, -0.05642
0.21760, -0.05635
0.21888, -0.05628
0.22015, -0.05621
0.22144, -0.05614
0.22272, -0.05607
0.22401, -0.05600
0.22529, -0.05592
0.22658, -0.05585
0.22787, -0.05577
0.22916, -0.05570
0.23046, -0.05562
0.23175, -0.05555
0.23305, -0.05547
0.23434, -0.05539
0.23564, -0.05531
0.23695, -0.05523
0.23825, -0.05515
0.23955, -0.05507
0.24086, -0.05499
0.24216, -0.05491
0.24347, -0.05483
0.24478, -0.05475
0.24609, -0.05466
0.24740, -0.05458
0.24872, -0.05450
0.25003, -0.05442
0.25135, -0.05433
0.25267, -0.05425
0.25398, -0.05417
0.25530, -0.05408
0.25663, -0.05400
0.25795, -0.05391
0.25927, -0.05383
0.26060, -0.05375
0.26192, -0.05366
0.26325, -0.05358
0.26458, -0.05349
0.26590, -0.05341
0.26723, -0.05333
0.26857, -0.05324
0.26990, -0.05316
0.27123, -0.05308
0.27257, -0.05299
0.27391, -0.05291
0.27525, -0.05283
0.27659, -0.05275
0.27793, -0.05266
0.27928, -0.05258
0.28063, -0.05250
0.28198, -0.05242
0.28333, -0.05234
0.28469, -0.05225
0.28604, -0.05217
0.28740, -0.05209
0.28877, -0.05201
0.29013, -0.05193
0.29150, -0.05185
0.29287, -0.05177
0.29424, -0.05169
0.29561, -0.05161
0.29699, -0.05153
0.29836, -0.05145
0.29975, -0.05137
0.30113, -0.05129
0.30251, -0.05121
0.30390, -0.05113
0.30529, -0.05105
0.30668, -0.05098
0.30807, -0.05090
0.30947, -0.05082
0.31086, -0.05074
0.31226, -0.05066
0.31366, -0.05059
0.31507, -0.05051
0.31647, -0.05043
0.31788, -0.05036
0.31929, -0.05028
0.32070, -0.05020
0.32212, -0.05013
0.32353, -0.05005
0.32495, -0.04997
0.32637, -0.04990
0.32779, -0.04982
0.32922, -0.04975
0.33065, -0.04967
0.33209, -0.04960
0.33353, -0.04952
0.33498, -0.04944
0.33644, -0.04937
0.33789, -0.04929
0.33935, -0.04921
0.34082, -0.04914
0.34228, -0.04906
0.34374, -0.04898
0.34521, -0.04890
0.34668, -0.04882
0.34815, -0.04874
0.34962, -0.04866
0.35109, -0.04858
0.35256, -0.04850
0.35404, -0.04842
0.35551, -0.04834
0.35699, -0.04826
0.35847, -0.04818
0.35995, -0.04810
0.36143, -0.04802
0.36292, -0.04794
0.36440, -0.04786
0.36589, -0.04777
0.36737, -0.04769
0.36886, -0.04761
0.37035, -0.04752
0.37185, -0.04744
0.37334, -0.04736
0.37483, -0.04727
0.37633, -0.04719
0.37783, -0.04711
0.37933, -0.04702
0.38083, -0.04694
0.38233, -0.04685
0.38383, -0.04677
0.38533, -0.04668
0.38684, -0.04660
0.38835, -0.04651
0.38985, -0.04643
0.39136, -0.04634
0.39287, -0.04625
0.39439, -0.04617
0.39590, -0.04608
0.39741, -0.04599
0.39893, -0.04590
0.40045, -0.04582
0.40197, -0.04573
0.40349, -0.04564
0.40501, -0.04555
0.40653, -0.04546
0.40805, -0.04538
0.40958, -0.04529
0.41110, -0.04520
0.41263, -0.04511
0.41416, -0.04502
0.41569, -0.04493
0.41722, -0.04484
0.41875, -0.04475
0.42029, -0.04466
0.42182, -0.04456
0.42336, -0.04447
0.42489, -0.04438
0.42643, -0.04429
0.42797, -0.04420
0.42951, -0.04410
0.43105, -0.04401
0.43259, -0.04392
0.43413, -0.04382
0.43568, -0.04373
0.43722, -0.04364
0.43877, -0.04354
0.44031, -0.04345
0.44186, -0.04335
0.44341, -0.04326
0.44496, -0.04316
0.44651, -0.04306
0.44806, -0.04297
0.44961, -0.04287
0.45117, -0.04277
0.45272, -0.04268
0.45427, -0.04258
0.45583, -0.04248
0.45738, -0.04238
0.45894, -0.04228
0.46050, -0.04218
0.46206, -0.04208
0.46362, -0.04198
0.46517, -0.04188
0.46673, -0.04178
0.46830, -0.04168
0.46986, -0.04157
0.47142, -0.04147
0.47298, -0.04137
0.47454, -0.04127
0.47611, -0.04116
0.47767, -0.04106
0.47923, -0.04095
0.48080, -0.04085
0.48236, -0.04074
0.48393, -0.04064
0.48549, -0.04053
0.48706, -0.04043
0.48863, -0.04032
0.49019, -0.04021
0.49176, -0.04010
0.49333, -0.03999
0.49489, -0.03989
0.49646, -0.03978
0.49803, -0.03967
0.49959, -0.03956
0.50116, -0.03945
0.50273, -0.03934
0.50430, -0.03922
0.50587, -0.03911
0.50743, -0.03900
0.50900, -0.03889
0.51057, -0.03878
0.51214, -0.03866
0.51371, -0.03855
0.51527, -0.03843
0.51684, -0.03832
0.51841, -0.03820
0.51998, -0.03809
0.52154, -0.03797
0.52311, -0.03786
0.52468, -0.03774
0.52624, -0.03762
0.52781, -0.03751
0.52937, -0.03739
0.53094, -0.03727
0.53250, -0.03715
0.53407, -0.03703
0.53563, -0.03691
0.53720, -0.03679
0.53876, -0.03667
0.54032, -0.03655
0.54189, -0.03643
0.54345, -0.03631
0.54501, -0.03619
0.54657, -0.03607
0.54813, -0.03595
0.54969, -0.03583
0.55125, -0.03570
0.55281, -0.03558
0.55437, -0.03546
0.55593, -0.03534
0.55748, -0.03521
0.55904, -0.03509
0.56059, -0.03497
0.56215, -0.03484
0.56370, -0.03472
0.56526, -0.03459
0.56681, -0.03447
0.56836, -0.03434
0.56991, -0.03422
0.57146, -0.03409
0.57301, -0.03397
0.57456, -0.03384
0.57611, -0.03372
0.57765, -0.03359
0.57920, -0.03346
0.58074, -0.03334
0.58229, -0.03321
0.58383, -0.03308
0.58537, -0.03296
0.58691, -0.03283
0.58845, -0.03270
0.58999, -0.03258
0.59153, -0.03245
0.59307, -0.03232
0.59460, -0.03220
0.59614, -0.03207
0.59767, -0.03194
0.59921, -0.03182
0.60074, -0.03169
0.60227, -0.03156
0.60380, -0.03143
0.60533, -0.03131
0.60686, -0.03118
0.60838, -0.03105
0.60991, -0.03092
0.61143, -0.03080
0.61296, -0.03067
0.61448, -0.03054
0.61600, -0.03042
0.61752, -0.03029
0.61904, -0.03016
0.62055, -0.03003
0.62207, -0.02991
0.62358, -0.02978
0.62510, -0.02965
0.62661, -0.02953
0.62812, -0.02940
0.62963, -0.02927
0.63114, -0.02915
0.63265, -0.02902
0.63415, -0.02890
0.63566, -0.02877
0.63716, -0.02864
0.63867, -0.02852
0.64017, -0.02839
0.64167, -0.02826
0.64317, -0.02814
0.64466, -0.02801
0.64616, -0.02789
0.64765, -0.02776
0.64911, -0.02764
0.65044, -0.02751
0.65131, -0.02739
0.65097, -0.02722
0.64843, -0.02675
0.64366, -0.02536
0.63895, -0.02314
0.63695, -0.02180
0.63852, -0.02278
0.64363, -0.02580
0.65139, -0.02907
0.65913, -0.03088
0.66462, -0.03137
0.66792, -0.03136
0.67002, -0.03125
0.67167, -0.03112
0.67319, -0.03098
0.67468, -0.03084
0.67617, -0.03071
0.67765, -0.03057
0.67913, -0.03043
0.68061, -0.03029
0.68209, -0.03015
0.68356, -0.03001
0.68503, -0.02987
0.68650, -0.02973
0.68796, -0.02958
0.68943, -0.02944
0.69089, -0.02930
0.69235, -0.02916
0.69380, -0.02901
0.69526, -0.02887
0.69671, -0.02872
0.69815, -0.02858
0.69960, -0.02843
0.70104, -0.02829
0.70248, -0.02814
0.70392, -0.02800
0.70535, -0.02785
0.70679, -0.02771
0.70822, -0.02756
0.70964, -0.02742
0.71107, -0.02727
0.71249, -0.02713
0.71391, -0.02698
0.71532, -0.02684
0.71674, -0.02669
0.71815, -0.02655
0.71956, -0.02640
0.72096, -0.02626
0.72237, -0.02611
0.72377, -0.02597
0.72517, -0.02582
0.72656, -0.02568
0.72795, -0.02554
0.72934, -0.02539
0.73073, -0.02525
0.73211, -0.02511
0.73350, -0.02496
0.73488, -0.02482
0.73625, -0.02468
0.73763, -0.02454
0.73900, -0.02440
0.74036, -0.02426
0.74173, -0.02412
0.74309, -0.02398
0.74445, -0.02384
0.74581, -0.02370
0.74716, -0.02357
0.74852, -0.02343
0.74986, -0.02329
0.75121, -0.02316
0.75256, -0.02302
0.75390, -0.02289
0.75524, -0.02275
0.75658, -0.02262
0.75791, -0.02249
0.75924, -0.02236
0.76057, -0.02222
0.76190, -0.02209
0.76323, -0.02196
0.76455, -0.02183
0.76587, -0.02170
0.76719, -0.02158
0.76851, -0.02145
0.76982, -0.02132
0.77113, -0.02119
0.77244, -0.02107
0.77375, -0.02094
0.77505, -0.02082
0.77635, -0.02069
0.77765, -0.02057
0.77895, -0.02044
0.78024, -0.02032
0.78153, -0.02020
0.78282, -0.02008
0.78411, -0.01996
0.78539, -0.01983
0.78667, -0.01971
0.78795, -0.01959
0.78923, -0.01947
0.79050, -0.01936
0.79177, -0.01924
0.79304, -0.01912
0.79430, -0.01900
0.79557, -0.01888
0.79683, -0.01877
0.79808, -0.01865
0.79934, -0.01854
0.80059, -0.01842
0.80184, -0.01831
0.80308, -0.01819
0.80432, -0.01808
0.80556, -0.01797
0.80680, -0.01785
0.80804, -0.01774
0.80927, -0.01763
0.81050, -0.01752
0.81172, -0.01741
0.81294, -0.01729
0.81416, -0.01718
0.81538, -0.01707
0.81659, -0.01696
0.81780, -0.01686
0.81901, -0.01675
0.82022, -0.01664
0.82142, -0.01653
0.82262, -0.01642
0.82381, -0.01632
0.82501, -0.01621
0.82619, -0.01610
0.82738, -0.01600
0.82856, -0.01589
0.82974, -0.01579
0.83092, -0.01568
0.83210, -0.01558
0.83327, -0.01547
0.83443, -0.01537
0.83560, -0.01527
0.83676, -0.01516
0.83792, -0.01506
0.83907, -0.01496
0.84022, -0.01486
0.84137, -0.01476
0.84251, -0.01466
0.84365, -0.01455
0.84479, -0.01445
0.84593, -0.01435
0.84706, -0.01426
0.84819, -0.01416
0.84931, -0.01406
0.85043, -0.01396
0.85155, -0.01386
0.85266, -0.01376
0.85377, -0.01367
0.85488, -0.01357
0.85598, -0.01347
0.85708, -0.01338
0.85818, -0.01328
0.85927, -0.01319
0.86036, -0.01309
0.86145, -0.01300
0.86253, -0.01290
0.86361, -0.01281
0.86469, -0.01272
0.86576, -0.01262
0.86683, -0.01253
0.86789, -0.01244
0.86895, -0.01235
0.87001, -0.01225
0.87107, -0.01216
0.87212, -0.01207
0.87316, -0.01198
0.87421, -0.01189
0.87525, -0.01180
0.87628, -0.01171
0.87731, -0.01162
0.87834, -0.01154
0.87937, -0.01145
0.88039, -0.01136
0.88140, -0.01127
0.88242, -0.01119
0.88343, -0.01110
0.88443, -0.01101
0.88544, -0.01093
0.88644, -0.01084
0.88743, -0.01076
0.88842, -0.01067
0.88941, -0.01059
0.89039, -0.01051
0.89137, -0.01042
0.89235, -0.01034
0.89332, -0.01026
0.89429, -0.01018
0.89525, -0.01009
0.89621, -0.01001
0.89717, -0.00993
0.89812, -0.00985
0.89907, -0.00977
0.90001, -0.00969
0.90095, -0.00961
0.90189, -0.00953
0.90282, -0.00946
0.90375, -0.00938
0.90468, -0.00930
0.90560, -0.00922
0.90652, -0.00915
0.90743, -0.00907
0.90834, -0.00899
0.90924, -0.00892
0.91014, -0.00884
0.91104, -0.00877
0.91193, -0.00869
0.91282, -0.00862
0.91371, -0.00855
0.91459, -0.00847
0.91547, -0.00840
0.91634, -0.00833
0.91721, -0.00825
0.91807, -0.00818
0.91893, -0.00811
0.91979, -0.00804
0.92064, -0.00797
0.92149, -0.00790
0.92233, -0.00783
0.92317, -0.00776
0.92401, -0.00769
0.92484, -0.00762
0.92567, -0.00756
0.92649, -0.00749
0.92731, -0.00742
0.92812, -0.00735
0.92893, -0.00729
0.92974, -0.00722
0.93054, -0.00716
0.93134, -0.00709
0.93213, -0.00702
0.93292, -0.00696
0.93371, -0.00690
0.93449, -0.00683
0.93526, -0.00677
0.93603, -0.00671
0.93680, -0.00664
0.93757, -0.00658
0.93833, -0.00652
0.93908, -0.00646
0.93983, -0.00640
0.94058, -0.00634
0.94132, -0.00628
0.94206, -0.00622
0.94279, -0.00616
0.94352, -0.00610
0.94424, -0.00604
0.94496, -0.00598
0.94568, -0.00592
0.94639, -0.00587
0.94710, -0.00581
0.94780, -0.00575
0.94850, -0.00570
0.94919, -0.00564
0.94988, -0.00559
0.95056, -0.00553
0.95124, -0.00548
0.95192, -0.00542
0.95259, -0.00537
0.95326, -0.00531
0.95392, -0.00526
0.95458, -0.00521
0.95523, -0.00516
0.95588, -0.00510
0.95652, -0.00505
0.95716, -0.00500
0.95780, -0.00495
0.95843, -0.00490
0.95906, -0.00485
0.95968, -0.00480
0.96029, -0.00475
0.96091, -0.00470
0.96152, -0.00466
0.96212, -0.00461
0.96272, -0.00456
0.96331, -0.00451
0.96390, -0.00447
0.96449, -0.00442
0.96507, -0.00437
0.96564, -0.00433
0.96621, -0.00428
0.96678, -0.00424
0.96734, -0.00419
0.96790, -0.00415
0.96845, -0.00411
0.96900, -0.00406
0.96954, -0.00402
0.97008, -0.00398
0.97062, -0.00394
0.97115, -0.00389
0.97167, -0.00385
0.97219, -0.00381
0.97271, -0.00377
0.97322, -0.00373
0.97372, -0.00369
0.97423, -0.00365
0.97472, -0.00361
0.97521, -0.00358
0.97570, -0.00354
0.97618, -0.00350
0.97666, -0.00346
0.97713, -0.00343
0.97760, -0.00339
0.97807, -0.00335
0.97853, -0.00332
0.97898, -0.00328
0.97943, -0.00325
0.97987, -0.00321
0.98031, -0.00318
0.98075, -0.00314
0.98118, -0.00311
0.98160, -0.00308
0.98202, -0.00304
0.98244, -0.00301
0.98285, -0.00298
0.98326, -0.00295
0.98366, -0.00292
0.98406, -0.00289
0.98445, -0.00286
0.98484, -0.00283
0.98522, -0.00280
0.98559, -0.00277
0.98597, -0.00274
0.98634, -0.00271
0.98670, -0.00268
0.98706, -0.00265
0.98741, -0.00263
0.98776, -0.00260
0.98810, -0.00257
0.98844, -0.00255
0.98877, -0.00252
0.98910, -0.00250
0.98943, -0.00247
0.98975, -0.00245
0.99006, -0.00242
0.99037, -0.00240
0.99067, -0.00237
0.99097, -0.00235
0.99127, -0.00233
0.99156, -0.00231
0.99184, -0.00228
0.99212, -0.00226
0.99240, -0.00224
0.99267, -0.00222
0.99293, -0.00220
0.99320, -0.00218
0.99345, -0.00216
0.99370, -0.00214
0.99395, -0.00212
0.99419, -0.00210
0.99442, -0.00209
0.99465, -0.00207
0.99488, -0.00205
0.99510, -0.00203
0.99532, -0.00202
0.99553, -0.00200
0.99574, -0.00199
0.99594, -0.00197
0.99613, -0.00196
0.99632, -0.00194
0.99651, -0.00193
0.99669, -0.00191
0.99687, -0.00190
0.99704, -0.00189
0.99721, -0.00187
0.99737, -0.00186
0.99753, -0.00185
0.99768, -0.00184
0.99783, -0.00183
0.99797, -0.00182
0.99810, -0.00181
0.99824, -0.00179
0.99836, -0.00179
0.99849, -0.00178
0.99860, -0.00177
0.99871, -0.00176
0.99882, -0.00175
0.99892, -0.00174
0.99902, -0.00174
0.99911, -0.00173
0.99920, -0.00172
0.99928, -0.00172
0.99936, -0.00171
0.99943, -0.00170
0.99950, -0.00170
0.99956, -0.00169
0.99962, -0.00169
0.99967, -0.00169
0.99972, -0.00168
0.99976, -0.00168
0.99980, -0.00168
0.99983, -0.00167
0.99986, -0.00167
0.99988, -0.00167
0.99990, -0.00167
0.99990, -0.00167
0.99988, -0.00166
0.99987, -0.00166
