=== Airfoil Parameters ===
m = 0.02
p = 0.4
t = 0.12

=== Control Points ===
0.00000, -0.01458, -0.01458
0.06667, -0.00758, -0.01369
0.13333, -0.00092, -0.01204
0.20000, 0.00514, -0.00986
0.26667, 0.01033, -0.00745
0.66667, 0.01098, -0.00507
0.75000, 0.01024, -0.00295
0.83333, 0.00832, -0.00125
0.91667, 0.00510, -0.00007
1.00000, 0.00053, 0.00053

=== Upper Surface ===
0.00000, -0.01458
-0.00004, -0.01431
-0.00005, -0.01403
-0.00007, -0.01375
-0.00008, -0.01347
-0.00009, -0.01319
-0.00009, -0.01291
-0.00008, -0.01263
-0.00008, -0.01235
-0.00006, -0.01207
-0.00005, -0.01179
-0.00002, -0.01151
0.00000, -0.01123
0.00004, -0.01095
0.00007, -0.01067
0.00012, -0.01039
0.00016, -0.01011
0.00022, -0.00983
0.00028, -0.00955
0.00034, -0.00926
0.00041, -0.00898
0.00048, -0.00870
0.00056, -0.00842
0.00064, -0.00814
0.00073, -0.00786
0.00082, -0.00757
0.00092, -0.00729
0.00102, -0.00701
0.00113, -0.00673
0.00124, -0.00645
0.00135, -0.00616
0.00148, -0.00588
0.00160, -0.00560
0.00174, -0.00531
0.00187, -0.00503
0.00202, -0.00475
0.00216, -0.00446
0.00232, -0.00418
0.00247, -0.00390
0.00263, -0.00361
0.00280, -0.00333
0.00297, -0.00305
0.00315, -0.00276
0.00333, -0.00248
0.00352, -0.00219
0.00371, -0.00191
0.00391, -0.00163
0.00411, -0.00134
0.00431, -0.00106
0.00453, -0.00077
0.00474, -0.00049
0.00496, -0.00020
0.00519, 0.00008
0.00542, 0.00037
0.00566, 0.00065
0.00590, 0.00094
0.00614, 0.00122
0.00640, 0.00151
0.00665, 0.00179
0.00691, 0.00208
0.00718, 0.00236
0.00745, 0.00265
0.00772, 0.00293
0.00800, 0.00322
0.00829, 0.00350
0.00858, 0.00379
0.00887, 0.00407
0.00917, 0.00436
0.00948, 0.00465
0.00979, 0.00493
0.01010, 0.00522
0.01042, 0.00550
0.01075, 0.00579
0.01108, 0.00607
0.01141, 0.00636
0.01175, 0.00665
0.01209, 0.00693
0.01244, 0.00722
0.01280, 0.00750
0.01315, 0.00779
0.01352, 0.00808
0.01389, 0.00836
0.01426, 0.00865
0.01464, 0.00893
0.01502, 0.00922
0.01541, 0.00950
0.01580, 0.00979
0.01620, 0.01008
0.01660, 0.01036
0.01701, 0.01065
0.01742, 0.01093
0.01783, 0.01122
0.01825, 0.01150
0.01868, 0.01179
0.01911, 0.01208
0.01955, 0.01236
0.01999, 0.01265
0.02043, 0.01293
0.02088, 0.01322
0.02134, 0.01350
0.02180, 0.01379
0.02226, 0.01407
0.02273, 0.01436
0.02321, 0.01464
0.02368, 0.01493
0.02417, 0.01521
0.02466, 0.01550
0.02515, 0.01578
0.02565, 0.01607
0.02615, 0.01635
0.02666, 0.01663
0.02717, 0.01692
0.02769, 0.01720
0.02821, 0.01749
0.02873, 0.01777
0.02926, 0.01805
0.02980, 0.01834
0.03034, 0.01862
0.03089, 0.01890
0.03144, 0.01919
0.03199, 0.01947
0.03255, 0.01975
0.03311, 0.02004
0.03368, 0.02032
0.03426, 0.02060
0.03483, 0.02088
0.03542, 0.02116
0.03600, 0.02145
0.03659, 0.02173
0.03719, 0.02201
0.03779, 0.02229
0.03840, 0.02257
0.03901, 0.02285
0.03962, 0.02313
0.04024, 0.02341
0.04087, 0.02369
0.04150, 0.02397
0.04213, 0.02425
0.04277, 0.02453
0.04341, 0.02481
0.04406, 0.02509
0.04471, 0.02537
0.04537, 0.02565
0.04603, 0.02593
0.04669, 0.02621
0.04736, 0.02648
0.04804, 0.02676
0.04872, 0.02704
0.04940, 0.02732
0.05009, 0.02759
0.05078, 0.02787
0.05148, 0.02815
0.05218, 0.02842
0.05289, 0.02870
0.05360, 0.02897
0.05432, 0.02925
0.05504, 0.02952
0.05576, 0.02980
0.05649, 0.03007
0.05722, 0.03035
0.05796, 0.03062
0.05870, 0.03089
0.05945, 0.03116
0.06020, 0.03144
0.06096, 0.03171
0.06172, 0.03198
0.06248, 0.03225
0.06325, 0.03252
0.06402, 0.03279
0.06480, 0.03306
0.06558, 0.03333
0.06637, 0.03360
0.06716, 0.03387
0.06796, 0.03414
0.06876, 0.03441
0.06956, 0.03468
0.07037, 0.03495
0.07118, 0.03521
0.07200, 0.03548
0.07282, 0.03575
0.07365, 0.03601
0.07448, 0.03628
0.07531, 0.03654
0.07615, 0.03681
0.07700, 0.03707
0.07784, 0.03733
0.07870, 0.03760
0.07955, 0.03786
0.08041, 0.03812
0.08128, 0.03838
0.08215, 0.03865
0.08302, 0.03891
0.08390, 0.03917
0.08478, 0.03943
0.08566, 0.03969
0.08655, 0.03994
0.08745, 0.04020
0.08835, 0.04046
0.08925, 0.04072
0.09016, 0.04097
0.09107, 0.04123
0.09198, 0.04149
0.09290, 0.04174
0.09383, 0.04200
0.09476, 0.04225
0.09569, 0.04250
0.09662, 0.04276
0.09756, 0.04301
0.09851, 0.04326
0.09946, 0.04351
0.10041, 0.04376
0.10137, 0.04401
0.10233, 0.04426
0.10329, 0.04451
0.10426, 0.04476
0.10523, 0.04500
0.10621, 0.04525
0.10719, 0.04550
0.10818, 0.04574
0.10917, 0.04599
0.11016, 0.04623
0.11116, 0.04647
0.11216, 0.04672
0.11316, 0.04696
0.11417, 0.04720
0.11519, 0.04744
0.11620, 0.04768
0.11723, 0.04792
0.11825, 0.04816
0.11928, 0.04840
0.12031, 0.04863
0.12135, 0.04887
0.12239, 0.04911
0.12343, 0.04934
0.12448, 0.04958
0.12554, 0.04981
0.12659, 0.05004
0.12765, 0.05028
0.12872, 0.05051
0.12978, 0.05074
0.13086, 0.05097
0.13193, 0.05120
0.13301, 0.05143
0.13409, 0.05165
0.13518, 0.05188
0.13627, 0.05211
0.13736, 0.05233
0.13846, 0.05256
0.13956, 0.05278
0.14067, 0.05300
0.14177, 0.05322
0.14289, 0.05344
0.14400, 0.05367
0.14512, 0.05388
0.14624, 0.05410
0.14737, 0.05432
0.14850, 0.05454
0.14963, 0.05475
0.15077, 0.05497
0.15191, 0.05518
0.15306, 0.05540
0.15420, 0.05561
0.15535, 0.05582
0.15651, 0.05603
0.15767, 0.05624
0.15883, 0.05645
0.15999, 0.05666
0.16116, 0.05687
0.16233, 0.05708
0.16351, 0.05728
0.16468, 0.05749
0.16587, 0.05769
0.16705, 0.05790
0.16824, 0.05810
0.16943, 0.05830
0.17063, 0.05850
0.17183, 0.05870
0.17303, 0.05890
0.17423, 0.05910
0.17544, 0.05929
0.17665, 0.05949
0.17787, 0.05968
0.17908, 0.05988
0.18031, 0.06007
0.18153, 0.06027
0.18276, 0.06046
0.18399, 0.06065
0.18522, 0.06084
0.18646, 0.06103
0.18770, 0.06121
0.18894, 0.06140
0.19019, 0.06159
0.19144, 0.06177
0.19269, 0.06196
0.19395, 0.06214
0.19521, 0.06232
0.19647, 0.06250
0.19774, 0.06268
0.19901, 0.06286
0.20028, 0.06304
0.20156, 0.06322
0.20284, 0.06340
0.20412, 0.06357
0.20541, 0.06375
0.20670, 0.06392
0.20800, 0.06410
0.20929, 0.06427
0.21060, 0.06444
0.21190, 0.06461
0.21321, 0.06478
0.21453, 0.06494
0.21584, 0.06511
0.21716, 0.06528
0.21849, 0.06544
0.21982, 0.06560
0.22115, 0.06576
0.22248, 0.06592
0.22382, 0.06608
0.22516, 0.06624
0.22651, 0.06640
0.22786, 0.06655
0.22921, 0.06671
0.23056, 0.06686
0.23192, 0.06701
0.23329, 0.06716
0.23465, 0.06731
0.23602, 0.06746
0.23740, 0.06760
0.23877, 0.06775
0.24015, 0.06789
0.24154, 0.06803
0.24292, 0.06817
0.24431, 0.06831
0.24571, 0.06844
0.24710, 0.06858
0.24850, 0.06871
0.24991, 0.06884
0.25132, 0.06897
0.25273, 0.06910
0.25414, 0.06923
0.25556, 0.06935
0.25698, 0.06947
0.25840, 0.06960
0.25983, 0.06971
0.26126, 0.06983
0.26269, 0.06995
0.26413, 0.07006
0.26557, 0.07017
0.26701, 0.07028
0.26845, 0.07039
0.26990, 0.07050
0.27134, 0.07060
0.27279, 0.07070
0.27425, 0.07080
0.27570, 0.07090
0.27716, 0.07100
0.27862, 0.07109
0.28008, 0.07118
0.28154, 0.07127
0.28300, 0.07136
0.28447, 0.07145
0.28594, 0.07153
0.28741, 0.07161
0.28888, 0.07169
0.29036, 0.07177
0.29183, 0.07185
0.29331, 0.07192
0.29479, 0.07200
0.29627, 0.07207
0.29776, 0.07214
0.29924, 0.07220
0.30073, 0.07227
0.30222, 0.07233
0.30371, 0.07239
0.30520, 0.07245
0.30670, 0.07251
0.30820, 0.07256
0.30969, 0.07262
0.31119, 0.07267
0.31270, 0.07272
0.31420, 0.07277
0.31570, 0.07281
0.31721, 0.07286
0.31872, 0.07290
0.32023, 0.07294
0.32174, 0.07298
0.32325, 0.07302
0.32476, 0.07305
0.32628, 0.07308
0.32779, 0.07311
0.32930, 0.07314
0.33081, 0.07317
0.33231, 0.07320
0.33382, 0.07322
0.33533, 0.07325
0.33684, 0.07327
0.33835, 0.07329
0.33987, 0.07331
0.34139, 0.07332
0.34290, 0.07334
0.34442, 0.07336
0.34594, 0.07337
0.34747, 0.07338
0.34899, 0.07339
0.35052, 0.07340
0.35204, 0.07341
0.35357, 0.07341
0.35510, 0.07342
0.35663, 0.07342
0.35817, 0.07342
0.35970, 0.07343
0.36124, 0.07342
0.36278, 0.07342
0.36431, 0.07342
0.36585, 0.07341
0.36740, 0.07341
0.36894, 0.07340
0.37048, 0.07339
0.37203, 0.07338
0.37357, 0.07337
0.37512, 0.07335
0.37667, 0.07334
0.37822, 0.07332
0.37977, 0.07330
0.38132, 0.07328
0.38287, 0.07326
0.38443, 0.07324
0.38598, 0.07322
0.38754, 0.07319
0.38909, 0.07317
0.39065, 0.07314
0.39221, 0.07311
0.39377, 0.07308
0.39533, 0.07305
0.39689, 0.07302
0.39845, 0.07298
0.40001, 0.07295
0.40158, 0.07291
0.40314, 0.07287
0.40470, 0.07283
0.40627, 0.07279
0.40784, 0.07275
0.40940, 0.07271
0.41097, 0.07266
0.41254, 0.07262
0.41410, 0.07257
0.41567, 0.07252
0.41724, 0.07247
0.41881, 0.07242
0.42038, 0.07237
0.42195, 0.07232
0.42353, 0.07226
0.42510, 0.07221
0.42667, 0.07215
0.42824, 0.07209
0.42982, 0.07203
0.43139, 0.07197
0.43296, 0.07191
0.43454, 0.07185
0.43611, 0.07179
0.43769, 0.07172
0.43926, 0.07166
0.44084, 0.07159
0.44241, 0.07152
0.44399, 0.07146
0.44557, 0.07139
0.44714, 0.07131
0.44872, 0.07124
0.45030, 0.07117
0.45187, 0.07110
0.45345, 0.07102
0.45503, 0.07095
0.45660, 0.07087
0.45818, 0.07079
0.45976, 0.07071
0.46134, 0.07063
0.46292, 0.07055
0.46449, 0.07047
0.46607, 0.07039
0.46765, 0.07031
0.46923, 0.07022
0.47081, 0.07014
0.47239, 0.07005
0.47396, 0.06997
0.47554, 0.06988
0.47712, 0.06979
0.47870, 0.06970
0.48028, 0.06961
0.48186, 0.06952
0.48343, 0.06943
0.48501, 0.06934
0.48659, 0.06925
0.48817, 0.06915
0.48975, 0.06906
0.49132, 0.06896
0.49290, 0.06887
0.49448, 0.06877
0.49606, 0.06867
0.49764, 0.06858
0.49921, 0.06848
0.50079, 0.06838
0.50237, 0.06828
0.50394, 0.06818
0.50552, 0.06808
0.50710, 0.06798
0.50867, 0.06787
0.51025, 0.06777
0.51182, 0.06767
0.51340, 0.06756
0.51498, 0.06746
0.51655, 0.06735
0.51813, 0.06724
0.51970, 0.06714
0.52127, 0.06703
0.52285, 0.06692
0.52442, 0.06681
0.52600, 0.06670
0.52757, 0.06659
0.52914, 0.06648
0.53071, 0.06637
0.53229, 0.06626
0.53386, 0.06615
0.53543, 0.06603
0.53700, 0.06592
0.53857, 0.06581
0.54014, 0.06569
0.54171, 0.06558
0.54328, 0.06546
0.54485, 0.06535
0.54642, 0.06523
0.54799, 0.06511
0.54956, 0.06500
0.55112, 0.06488
0.55269, 0.06476
0.55426, 0.06464
0.55582, 0.06452
0.55739, 0.06440
0.55895, 0.06428
0.56052, 0.06416
0.56208, 0.06404
0.56364, 0.06391
0.56521, 0.06379
0.56677, 0.06367
0.56833, 0.06354
0.56989, 0.06342
0.57145, 0.06329
0.57301, 0.06317
0.57457, 0.06304
0.57613, 0.06292
0.57769, 0.06279
0.57924, 0.06266
0.58080, 0.06253
0.58235, 0.06241
0.58391, 0.06228
0.58546, 0.06215
0.58702, 0.06202
0.58857, 0.06189
0.59012, 0.06176
0.59167, 0.06162
0.59322, 0.06149
0.59477, 0.06136
0.59632, 0.06123
0.59787, 0.06109
0.59941, 0.06096
0.60096, 0.06083
0.60250, 0.06069
0.60405, 0.06056
0.60559, 0.06042
0.60713, 0.06028
0.60867, 0.06015
0.61021, 0.06001
0.61175, 0.05987
0.61329, 0.05973
0.61482, 0.05959
0.61636, 0.05945
0.61789, 0.05931
0.61943, 0.05917
0.62096, 0.05903
0.62249, 0.05889
0.62402, 0.05875
0.62555, 0.05861
0.62707, 0.05847
0.62860, 0.05832
0.63012, 0.05818
0.63165, 0.05803
0.63317, 0.05789
0.63469, 0.05775
0.63621, 0.05760
0.63773, 0.05745
0.63924, 0.05731
0.64076, 0.05716
0.64227, 0.05701
0.64378, 0.05687
0.64530, 0.05672
0.64680, 0.05657
0.64832, 0.05642
0.64984, 0.05627
0.65146, 0.05612
0.65339, 0.05595
0.65615, 0.05572
0.66047, 0.05521
0.66651, 0.05398
0.67289, 0.05185
0.67742, 0.04972
0.67887, 0.04883
0.67725, 0.04934
0.67384, 0.05026
0.67081, 0.05070
0.66951, 0.05070
0.66974, 0.05056
0.67079, 0.05041
0.67215, 0.05026
0.67359, 0.05011
0.67506, 0.04995
0.67652, 0.04980
0.67798, 0.04965
0.67944, 0.04950
0.68090, 0.04935
0.68236, 0.04920
0.68381, 0.04905
0.68527, 0.04890
0.68672, 0.04875
0.68818, 0.04860
0.68963, 0.04845
0.69108, 0.04830
0.69253, 0.04815
0.69397, 0.04800
0.69542, 0.04785
0.69686, 0.04769
0.69830, 0.04754
0.69975, 0.04739
0.70118, 0.04724
0.70262, 0.04709
0.70406, 0.04694
0.70549, 0.04679
0.70693, 0.04664
0.70836, 0.04649
0.70979, 0.04634
0.71122, 0.04619
0.71264, 0.04604
0.71407, 0.04588
0.71549, 0.04573
0.71691, 0.04558
0.71833, 0.04543
0.71975, 0.04528
0.72116, 0.04512
0.72258, 0.04497
0.72399, 0.04482
0.72540, 0.04466
0.72680, 0.04451
0.72821, 0.04436
0.72962, 0.04420
0.73102, 0.04405
0.73242, 0.04389
0.73382, 0.04374
0.73521, 0.04358
0.73661, 0.04342
0.73800, 0.04327
0.73939, 0.04311
0.74077, 0.04295
0.74216, 0.04280
0.74354, 0.04264
0.74492, 0.04248
0.74630, 0.04232
0.74768, 0.04216
0.74905, 0.04200
0.75043, 0.04184
0.75180, 0.04168
0.75316, 0.04152
0.75453, 0.04136
0.75589, 0.04120
0.75725, 0.04104
0.75860, 0.04087
0.75996, 0.04071
0.76131, 0.04055
0.76266, 0.04038
0.76400, 0.04022
0.76534, 0.04005
0.76668, 0.03989
0.76802, 0.03972
0.76936, 0.03956
0.77069, 0.03939
0.77202, 0.03923
0.77334, 0.03906
0.77466, 0.03889
0.77598, 0.03873
0.77730, 0.03856
0.77861, 0.03839
0.77993, 0.03822
0.78123, 0.03806
0.78254, 0.03789
0.78384, 0.03772
0.78514, 0.03755
0.78644, 0.03738
0.78773, 0.03721
0.78902, 0.03704
0.79031, 0.03687
0.79159, 0.03670
0.79287, 0.03653
0.79415, 0.03636
0.79543, 0.03619
0.79670, 0.03602
0.79797, 0.03585
0.79924, 0.03568
0.80050, 0.03551
0.80176, 0.03534
0.80302, 0.03517
0.80427, 0.03499
0.80552, 0.03482
0.80677, 0.03465
0.80801, 0.03448
0.80925, 0.03431
0.81049, 0.03414
0.81173, 0.03396
0.81296, 0.03379
0.81419, 0.03362
0.81541, 0.03345
0.81663, 0.03328
0.81785, 0.03310
0.81907, 0.03293
0.82028, 0.03276
0.82149, 0.03259
0.82269, 0.03241
0.82390, 0.03224
0.82510, 0.03207
0.82629, 0.03190
0.82748, 0.03173
0.82867, 0.03155
0.82986, 0.03138
0.83104, 0.03121
0.83222, 0.03104
0.83340, 0.03087
0.83457, 0.03069
0.83574, 0.03052
0.83690, 0.03035
0.83806, 0.03018
0.83922, 0.03001
0.84038, 0.02984
0.84153, 0.02966
0.84268, 0.02949
0.84382, 0.02932
0.84497, 0.02915
0.84610, 0.02898
0.84724, 0.02881
0.84837, 0.02864
0.84950, 0.02847
0.85062, 0.02830
0.85174, 0.02813
0.85286, 0.02796
0.85397, 0.02779
0.85508, 0.02762
0.85619, 0.02745
0.85729, 0.02728
0.85839, 0.02711
0.85949, 0.02694
0.86058, 0.02677
0.86167, 0.02660
0.86276, 0.02643
0.86384, 0.02626
0.86492, 0.02610
0.86599, 0.02593
0.86706, 0.02576
0.86813, 0.02559
0.86919, 0.02542
0.87025, 0.02526
0.87131, 0.02509
0.87236, 0.02492
0.87341, 0.02476
0.87445, 0.02459
0.87549, 0.02443
0.87653, 0.02426
0.87756, 0.02409
0.87859, 0.02393
0.87962, 0.02376
0.88064, 0.02360
0.88166, 0.02343
0.88267, 0.02327
0.88368, 0.02311
0.88469, 0.02294
0.88569, 0.02278
0.88669, 0.02262
0.88769, 0.02245
0.88868, 0.02229
0.88967, 0.02213
0.89065, 0.02197
0.89163, 0.02180
0.89261, 0.02164
0.89358, 0.02148
0.89455, 0.02132
0.89551, 0.02116
0.89647, 0.02100
0.89743, 0.02084
0.89838, 0.02068
0.89933, 0.02052
0.90027, 0.02037
0.90121, 0.02021
0.90215, 0.02005
0.90308, 0.01989
0.90401, 0.01974
0.90494, 0.01958
0.90586, 0.01942
0.90677, 0.01927
0.90768, 0.01911
0.90859, 0.01896
0.90950, 0.01880
0.91040, 0.01865
0.91129, 0.01849
0.91218, 0.01834
0.91307, 0.01819
0.91396, 0.01804
0.91484, 0.01788
0.91571, 0.01773
0.91658, 0.01758
0.91745, 0.01743
0.91831, 0.01728
0.91917, 0.01713
0.92003, 0.01698
0.92088, 0.01683
0.92172, 0.01668
0.92257, 0.01654
0.92340, 0.01639
0.92424, 0.01624
0.92507, 0.01609
0.92589, 0.01595
0.92671, 0.01580
0.92753, 0.01566
0.92834, 0.01551
0.92915, 0.01537
0.92996, 0.01523
0.93076, 0.01508
0.93155, 0.01494
0.93234, 0.01480
0.93313, 0.01466
0.93391, 0.01452
0.93469, 0.01438
0.93547, 0.01424
0.93623, 0.01410
0.93700, 0.01396
0.93776, 0.01382
0.93852, 0.01369
0.93927, 0.01355
0.94002, 0.01341
0.94076, 0.01328
0.94150, 0.01314
0.94224, 0.01301
0.94297, 0.01287
0.94369, 0.01274
0.94442, 0.01261
0.94513, 0.01248
0.94585, 0.01235
0.94656, 0.01222
0.94726, 0.01209
0.94796, 0.01196
0.94865, 0.01183
0.94935, 0.01170
0.95003, 0.01157
0.95071, 0.01145
0.95139, 0.01132
0.95207, 0.01119
0.95273, 0.01107
0.95340, 0.01094
0.95406, 0.01082
0.95471, 0.01070
0.95536, 0.01058
0.95601, 0.01045
0.95665, 0.01033
0.95729, 0.01021
0.95792, 0.01009
0.95855, 0.00998
0.95917, 0.00986
0.95979, 0.00974
0.96041, 0.00962
0.96102, 0.00951
0.96162, 0.00939
0.96222, 0.00928
0.96282, 0.00917
0.96341, 0.00905
0.96400, 0.00894
0.96458, 0.00883
0.96516, 0.00872
0.96573, 0.00861
0.96630, 0.00850
0.96687, 0.00839
0.96743, 0.00828
0.96798, 0.00818
0.96853, 0.00807
0.96908, 0.00796
0.96962, 0.00786
0.97016, 0.00776
0.97069, 0.00765
0.97121, 0.00755
0.97174, 0.00745
0.97225, 0.00735
0.97277, 0.00725
0.97328, 0.00715
0.97378, 0.00705
0.97428, 0.00696
0.97478, 0.00686
0.97527, 0.00676
0.97575, 0.00667
0.97623, 0.00657
0.97671, 0.00648
0.97718, 0.00639
0.97764, 0.00630
0.97811, 0.00621
0.97856, 0.00612
0.97902, 0.00603
0.97946, 0.00594
0.97991, 0.00585
0.98035, 0.00576
0.98078, 0.00568
0.98121, 0.00559
0.98163, 0.00551
0.98205, 0.00543
0.98247, 0.00534
0.98288, 0.00526
0.98328, 0.00518
0.98368, 0.00510
0.98408, 0.00502
0.98447, 0.00495
0.98485, 0.00487
0.98523, 0.00479
0.98561, 0.00472
0.98598, 0.00464
0.98635, 0.00457
0.98671, 0.00450
0.98707, 0.00443
0.98742, 0.00436
0.98777, 0.00429
0.98811, 0.00422
0.98845, 0.00415
0.98879, 0.00408
0.98911, 0.00402
0.98944, 0.00395
0.98976, 0.00389
0.99007, 0.00382
0.99038, 0.00376
0.99069, 0.00370
0.99098, 0.00364
0.99128, 0.00358
0.99157, 0.00352
0.99186, 0.00346
0.99214, 0.00341
0.99241, 0.00335
0.99268, 0.00330
0.99295, 0.00324
0.99321, 0.00319
0.99347, 0.00314
0.99372, 0.00309
0.99396, 0.00304
0.99421, 0.00299
0.99444, 0.00294
0.99467, 0.00289
0.99490, 0.00285
0.99512, 0.00280
0.99534, 0.00276
0.99555, 0.00271
0.99576, 0.00267
0.99597, 0.00263
0.99616, 0.00259
0.99636, 0.00255
0.99654, 0.00251
0.99673, 0.00247
0.99691, 0.00244
0.99708, 0.00240
0.99725, 0.00237
0.99741, 0.00233
0.99757, 0.00230
0.99773, 0.00227
0.99788, 0.00224
0.99802, 0.00221
0.99816, 0.00218
0.99829, 0.00215
0.99842, 0.00213
0.99855, 0.00210
0.99867, 0.00208
0.99878, 0.00205
0.99889, 0.00203
0.99900, 0.00201
0.99910, 0.00199
0.99920, 0.00197
0.99929, 0.00195
0.99937, 0.00193
0.99945, 0.00192
0.99953, 0.00190
0.99960, 0.00189
0.99967, 0.00187
0.99973, 0.00186
0.99978, 0.00185
0.99984, 0.00184
0.99988, 0.00183
0.99992, 0.00182
0.99996, 0.00181
0.99999, 0.00181
1.00002, 0.00180
1.00004, 0.00180
1.00006, 0.00179
1.00008, 0.00179
1.00012, 0.00179
1.00013, 0.00178

=== Lower Surface ===
0.00000, -0.01458
0.00005, -0.01486
0.00007, -0.01514
0.00011, -0.01541
0.00016, -0.01569
0.00021, -0.01596
0.00027, -0.01624
0.00033, -0.01651
0.00039, -0.01678
0.00046, -0.01705
0.00054, -0.01732
0.00062, -0.01759
0.00071, -0.01786
0.00080, -0.01813
0.00089, -0.01839
0.00100, -0.01866
0.00110, -0.01892
0.00121, -0.01919
0.00133, -0.01945
0.00145, -0.01971
0.00157, -0.01997
0.00170, -0.02023
0.00184, -0.02049
0.00198, -0.02075
0.00212, -0.02101
0.00227, -0.02126
0.00243, -0.02152
0.00258, -0.02177
0.00275, -0.02203
0.00292, -0.02228
0.00309, -0.02253
0.00327, -0.02278
0.00345, -0.02303
0.00364, -0.02328
0.00384, -0.02353
0.00404, -0.02378
0.00424, -0.02402
0.00445, -0.02427
0.00466, -0.02451
0.00488, -0.02476
0.00510, -0.02500
0.00533, -0.02524
0.00556, -0.02548
0.00580, -0.02572
0.00604, -0.02596
0.00629, -0.02620
0.00654, -0.02643
0.00679, -0.02667
0.00706, -0.02690
0.00732, -0.02714
0.00759, -0.02737
0.00787, -0.02760
0.00815, -0.02783
0.00844, -0.02806
0.00873, -0.02829
0.00902, -0.02852
0.00932, -0.02875
0.00963, -0.02897
0.00994, -0.02920
0.01025, -0.02942
0.01057, -0.02965
0.01089, -0.02987
0.01122, -0.03009
0.01156, -0.03031
0.01190, -0.03053
0.01224, -0.03075
0.01259, -0.03097
0.01294, -0.03118
0.01330, -0.03140
0.01366, -0.03161
0.01403, -0.03183
0.01440, -0.03204
0.01478, -0.03225
0.01516, -0.03246
0.01554, -0.03267
0.01594, -0.03288
0.01633, -0.03308
0.01673, -0.03329
0.01714, -0.03350
0.01755, -0.03370
0.01796, -0.03390
0.01838, -0.03411
0.01881, -0.03431
0.01923, -0.03451
0.01967, -0.03471
0.02011, -0.03491
0.02055, -0.03510
0.02100, -0.03530
0.02145, -0.03550
0.02191, -0.03569
0.02237, -0.03588
0.02283, -0.03608
0.02331, -0.03627
0.02378, -0.03646
0.02426, -0.03665
0.02475, -0.03683
0.02524, -0.03702
0.02573, -0.03721
0.02623, -0.03739
0.02673, -0.03758
0.02724, -0.03776
0.02776, -0.03794
0.02827, -0.03812
0.02880, -0.03830
0.02932, -0.03848
0.02985, -0.03866
0.03039, -0.03883
0.03093, -0.03901
0.03148, -0.03918
0.03202, -0.03936
0.03258, -0.03953
0.03314, -0.03970
0.03370, -0.03987
0.03427, -0.04004
0.03484, -0.04021
0.03542, -0.04038
0.03600, -0.04054
0.03659, -0.04071
0.03718, -0.04087
0.03777, -0.04103
0.03837, -0.04119
0.03898, -0.04135
0.03959, -0.04151
0.04020, -0.04167
0.04082, -0.04183
0.04144, -0.04199
0.04206, -0.04214
0.04270, -0.04229
0.04333, -0.04245
0.04397, -0.04260
0.04462, -0.04275
0.04526, -0.04290
0.04592, -0.04305
0.04658, -0.04319
0.04724, -0.04334
0.04790, -0.04349
0.04857, -0.04363
0.04925, -0.04377
0.04993, -0.04391
0.05061, -0.04406
0.05130, -0.04419
0.05199, -0.04433
0.05269, -0.04447
0.05339, -0.04461
0.05410, -0.04474
0.05481, -0.04488
0.05552, -0.04501
0.05624, -0.04514
0.05697, -0.04527
0.05769, -0.04540
0.05842, -0.04553
0.05916, -0.04565
0.05990, -0.04578
0.06065, -0.04591
0.06139, -0.04603
0.06215, -0.04615
0.06290, -0.04627
0.06367, -0.04639
0.06443, -0.04651
0.06520, -0.04663
0.06598, -0.04675
0.06675, -0.04686
0.06754, -0.04698
0.06832, -0.04709
0.06911, -0.04720
0.06991, -0.04731
0.07071, -0.04742
0.07151, -0.04753
0.07232, -0.04764
0.07313, -0.04775
0.07395, -0.04785
0.07477, -0.04796
0.07559, -0.04806
0.07642, -0.04816
0.07725, -0.04826
0.07809, -0.04836
0.07893, -0.04846
0.07977, -0.04856
0.08062, -0.04865
0.08147, -0.04875
0.08233, -0.04884
0.08319, -0.04893
0.08405, -0.04902
0.08492, -0.04911
0.08579, -0.04920
0.08667, -0.04929
0.08755, -0.04938
0.08843, -0.04946
0.08932, -0.04955
0.09021, -0.04963
0.09111, -0.04971
0.09201, -0.04980
0.09291, -0.04987
0.09382, -0.04995
0.09473, -0.05003
0.09565, -0.05011
0.09657, -0.05018
0.09749, -0.05026
0.09842, -0.05033
0.09935, -0.05040
0.10028, -0.05047
0.10122, -0.05054
0.10217, -0.05061
0.10311, -0.05068
0.10406, -0.05074
0.10502, -0.05081
0.10597, -0.05087
0.10693, -0.05093
0.10790, -0.05099
0.10887, -0.05105
0.10984, -0.05111
0.11082, -0.05117
0.11180, -0.05123
0.11278, -0.05128
0.11377, -0.05134
0.11476, -0.05139
0.11575, -0.05144
0.11675, -0.05149
0.11775, -0.05154
0.11876, -0.05159
0.11977, -0.05164
0.12078, -0.05169
0.12180, -0.05173
0.12282, -0.05177
0.12384, -0.05182
0.12487, -0.05186
0.12590, -0.05190
0.12693, -0.05194
0.12797, -0.05198
0.12901, -0.05201
0.13006, -0.05205
0.13110, -0.05209
0.13216, -0.05212
0.13321, -0.05215
0.13427, -0.05218
0.13533, -0.05221
0.13640, -0.05224
0.13747, -0.05227
0.13854, -0.05230
0.13961, -0.05233
0.14069, -0.05235
0.14178, -0.05237
0.14286, -0.05240
0.14395, -0.05242
0.14504, -0.05244
0.14614, -0.05246
0.14724, -0.05248
0.14834, -0.05249
0.14945, -0.05251
0.15056, -0.05253
0.15167, -0.05254
0.15279, -0.05255
0.15391, -0.05256
0.15504, -0.05257
0.15616, -0.05258
0.15729, -0.05259
0.15843, -0.05260
0.15956, -0.05260
0.16070, -0.05261
0.16185, -0.05261
0.16299, -0.05262
0.16414, -0.05262
0.16530, -0.05262
0.16645, -0.05262
0.16761, -0.05262
0.16878, -0.05261
0.16994, -0.05261
0.17111, -0.05260
0.17229, -0.05260
0.17346, -0.05259
0.17464, -0.05258
0.17582, -0.05257
0.17701, -0.05256
0.17820, -0.05255
0.17939, -0.05254
0.18058, -0.05252
0.18178, -0.05251
0.18298, -0.05249
0.18419, -0.05248
0.18539, -0.05246
0.18660, -0.05244
0.18782, -0.05242
0.18903, -0.05240
0.19025, -0.05237
0.19147, -0.05235
0.19270, -0.05233
0.19393, -0.05230
0.19516, -0.05227
0.19639, -0.05224
0.19763, -0.05222
0.19887, -0.05219
0.20011, -0.05215
0.20136, -0.05212
0.20261, -0.05209
0.20386, -0.05205
0.20511, -0.05202
0.20637, -0.05198
0.20763, -0.05194
0.20889, -0.05191
0.21016, -0.05187
0.21142, -0.05183
0.21269, -0.05178
0.21396, -0.05174
0.21523, -0.05170
0.21651, -0.05165
0.21778, -0.05161
0.21906, -0.05156
0.22034, -0.05152
0.22163, -0.05147
0.22291, -0.05142
0.22420, -0.05137
0.22549, -0.05132
0.22678, -0.05127
0.22807, -0.05122
0.22936, -0.05117
0.23066, -0.05111
0.23196, -0.05106
0.23326, -0.05101
0.23456, -0.05095
0.23586, -0.05090
0.23717, -0.05084
0.23847, -0.05079
0.23978, -0.05073
0.24109, -0.05067
0.24241, -0.05061
0.24372, -0.05055
0.24504, -0.05050
0.24635, -0.05044
0.24767, -0.05038
0.24899, -0.05032
0.25032, -0.05026
0.25164, -0.05019
0.25297, -0.05013
0.25429, -0.05007
0.25562, -0.05001
0.25695, -0.04995
0.25828, -0.04988
0.25962, -0.04982
0.26095, -0.04976
0.26229, -0.04970
0.26363, -0.04963
0.26496, -0.04957
0.26631, -0.04951
0.26765, -0.04944
0.26899, -0.04938
0.27034, -0.04932
0.27168, -0.04925
0.27303, -0.04919
0.27438, -0.04912
0.27574, -0.04906
0.27709, -0.04900
0.27845, -0.04893
0.27981, -0.04887
0.28117, -0.04880
0.28254, -0.04874
0.28391, -0.04868
0.28528, -0.04861
0.28665, -0.04855
0.28802, -0.04848
0.28940, -0.04842
0.29078, -0.04835
0.29216, -0.04829
0.29354, -0.04822
0.29492, -0.04816
0.29631, -0.04810
0.29770, -0.04803
0.29909, -0.04797
0.30048, -0.04790
0.30188, -0.04784
0.30328, -0.04777
0.30468, -0.04771
0.30608, -0.04764
0.30748, -0.04758
0.30889, -0.04751
0.31030, -0.04745
0.31171, -0.04738
0.31312, -0.04732
0.31453, -0.04725
0.31595, -0.04719
0.31737, -0.04712
0.31879, -0.04706
0.32021, -0.04699
0.32163, -0.04693
0.32306, -0.04686
0.32449, -0.04680
0.32592, -0.04673
0.32735, -0.04667
0.32879, -0.04660
0.33023, -0.04654
0.33167, -0.04647
0.33312, -0.04640
0.33457, -0.04634
0.33603, -0.04627
0.33749, -0.04620
0.33895, -0.04614
0.34042, -0.04607
0.34188, -0.04600
0.34335, -0.04593
0.34482, -0.04586
0.34629, -0.04579
0.34776, -0.04572
0.34923, -0.04566
0.35070, -0.04558
0.35218, -0.04551
0.35366, -0.04544
0.35513, -0.04537
0.35661, -0.04530
0.35809, -0.04523
0.35958, -0.04516
0.36106, -0.04509
0.36254, -0.04501
0.36403, -0.04494
0.36552, -0.04487
0.36701, -0.04479
0.36850, -0.04472
0.36999, -0.04465
0.37148, -0.04457
0.37298, -0.04450
0.37447, -0.04442
0.37597, -0.04435
0.37747, -0.04427
0.37897, -0.04420
0.38047, -0.04412
0.38197, -0.04405
0.38348, -0.04397
0.38498, -0.04389
0.38649, -0.04382
0.38800, -0.04374
0.38950, -0.04366
0.39101, -0.04359
0.39253, -0.04351
0.39404, -0.04343
0.39555, -0.04335
0.39707, -0.04328
0.39858, -0.04320
0.40010, -0.04312
0.40162, -0.04304
0.40314, -0.04296
0.40466, -0.04288
0.40619, -0.04280
0.40771, -0.04272
0.40923, -0.04264
0.41076, -0.04256
0.41229, -0.04248
0.41382, -0.04240
0.41534, -0.04232
0.41688, -0.04224
0.41841, -0.04216
0.41994, -0.04208
0.42147, -0.04200
0.42301, -0.04191
0.42455, -0.04183
0.42608, -0.04175
0.42762, -0.04167
0.42916, -0.04158
0.43070, -0.04150
0.43224, -0.04141
0.43378, -0.04133
0.43533, -0.04125
0.43687, -0.04116
0.43842, -0.04108
0.43996, -0.04099
0.44151, -0.04091
0.44306, -0.04082
0.44460, -0.04073
0.44615, -0.04065
0.44770, -0.04056
0.44926, -0.04047
0.45081, -0.04039
0.45236, -0.04030
0.45391, -0.04021
0.45547, -0.04012
0.45702, -0.04003
0.45858, -0.03994
0.46013, -0.03986
0.46169, -0.03977
0.46325, -0.03968
0.46481, -0.03959
0.46637, -0.03949
0.46793, -0.03940
0.46949, -0.03931
0.47105, -0.03922
0.47261, -0.03913
0.47417, -0.03904
0.47573, -0.03894
0.47730, -0.03885
0.47886, -0.03876
0.48042, -0.03866
0.48199, -0.03857
0.48355, -0.03847
0.48512, -0.03838
0.48668, -0.03828
0.48825, -0.03818
0.48981, -0.03809
0.49138, -0.03799
0.49295, -0.03789
0.49451, -0.03780
0.49608, -0.03770
0.49765, -0.03760
0.49922, -0.03750
0.50078, -0.03740
0.50235, -0.03730
0.50392, -0.03720
0.50549, -0.03710
0.50705, -0.03700
0.50862, -0.03690
0.51019, -0.03680
0.51176, -0.03670
0.51333, -0.03659
0.51489, -0.03649
0.51646, -0.03639
0.51803, -0.03628
0.51960, -0.03618
0.52117, -0.03608
0.52273, -0.03597
0.52430, -0.03587
0.52587, -0.03576
0.52744, -0.03565
0.52900, -0.03555
0.53057, -0.03544
0.53214, -0.03533
0.53370, -0.03523
0.53527, -0.03512
0.53683, -0.03501
0.53840, -0.03490
0.53996, -0.03479
0.54153, -0.03468
0.54309, -0.03458
0.54465, -0.03447
0.54622, -0.03436
0.54778, -0.03424
0.54934, -0.03413
0.55090, -0.03402
0.55246, -0.03391
0.55402, -0.03380
0.55558, -0.03369
0.55714, -0.03357
0.55870, -0.03346
0.56026, -0.03335
0.56182, -0.03323
0.56337, -0.03312
0.56493, -0.03301
0.56648, -0.03289
0.56804, -0.03278
0.56959, -0.03266
0.57115, -0.03255
0.57270, -0.03243
0.57425, -0.03232
0.57580, -0.03220
0.57735, -0.03209
0.57890, -0.03197
0.58045, -0.03185
0.58199, -0.03174
0.58354, -0.03162
0.58509, -0.03150
0.58663, -0.03138
0.58818, -0.03127
0.58972, -0.03115
0.59126, -0.03103
0.59280, -0.03091
0.59434, -0.03080
0.59588, -0.03068
0.59742, -0.03056
0.59895, -0.03044
0.60049, -0.03032
0.60202, -0.03020
0.60356, -0.03008
0.60509, -0.02996
0.60662, -0.02985
0.60815, -0.02973
0.60968, -0.02961
0.61121, -0.02949
0.61274, -0.02937
0.61426, -0.02925
0.61579, -0.02913
0.61731, -0.02901
0.61883, -0.02889
0.62035, -0.02877
0.62187, -0.02865
0.62339, -0.02853
0.62491, -0.02841
0.62643, -0.02829
0.62794, -0.02817
0.62946, -0.02805
0.63097, -0.02793
0.63248, -0.02781
0.63399, -0.02769
0.63550, -0.02756
0.63700, -0.02744
0.63851, -0.02732
0.64001, -0.02720
0.64152, -0.02708
0.64302, -0.02696
0.64452, -0.02684
0.64602, -0.02672
0.64751, -0.02660
0.64899, -0.02648
0.65037, -0.02636
0.65144, -0.02624
0.65167, -0.02610
0.65034, -0.02583
0.64729, -0.02512
0.64389, -0.02392
0.64234, -0.02313
0.64388, -0.02376
0.64847, -0.02563
0.65485, -0.02749
0.66084, -0.02844
0.66511, -0.02867
0.66784, -0.02863
0.66975, -0.02852
0.67135, -0.02840
0.67285, -0.02828
0.67434, -0.02815
0.67582, -0.02803
0.67730, -0.02790
0.67878, -0.02778
0.68026, -0.02765
0.68173, -0.02752
0.68320, -0.02740
0.68467, -0.02727
0.68613, -0.02714
0.68760, -0.02702
0.68906, -0.02689
0.69052, -0.02676
0.69197, -0.02663
0.69343, -0.02650
0.69488, -0.02637
0.69633, -0.02624
0.69778, -0.02611
0.69922, -0.02598
0.70066, -0.02585
0.70210, -0.02572
0.70354, -0.02559
0.70497, -0.02546
0.70641, -0.02533
0.70784, -0.02520
0.70927, -0.02507
0.71069, -0.02494
0.71211, -0.02481
0.71353, -0.02468
0.71495, -0.02455
0.71637, -0.02442
0.71778, -0.02429
0.71919, -0.02416
0.72060, -0.02403
0.72200, -0.02390
0.72341, -0.02377
0.72481, -0.02364
0.72620, -0.02351
0.72760, -0.02338
0.72899, -0.02325
0.73038, -0.02313
0.73177, -0.02300
0.73316, -0.02287
0.73454, -0.02274
0.73592, -0.02261
0.73730, -0.02249
0.73867, -0.02236
0.74004, -0.02223
0.74141, -0.02211
0.74278, -0.02198
0.74414, -0.02186
0.74550, -0.02173
0.74686, -0.02161
0.74822, -0.02148
0.74957, -0.02136
0.75092, -0.02123
0.75227, -0.02111
0.75362, -0.02099
0.75496, -0.02087
0.75631, -0.02075
0.75765, -0.02063
0.75898, -0.02050
0.76032, -0.02038
0.76165, -0.02026
0.76298, -0.02015
0.76431, -0.02003
0.76563, -0.01991
0.76696, -0.01979
0.76828, -0.01967
0.76959, -0.01956
0.77091, -0.01944
0.77222, -0.01932
0.77353, -0.01921
0.77484, -0.01909
0.77614, -0.01898
0.77745, -0.01886
0.77875, -0.01875
0.78004, -0.01863
0.78134, -0.01852
0.78263, -0.01841
0.78392, -0.01829
0.78521, -0.01818
0.78649, -0.01807
0.78777, -0.01796
0.78905, -0.01785
0.79033, -0.01774
0.79160, -0.01763
0.79287, -0.01752
0.79414, -0.01741
0.79540, -0.01730
0.79666, -0.01719
0.79792, -0.01708
0.79918, -0.01697
0.80043, -0.01687
0.80168, -0.01676
0.80293, -0.01665
0.80418, -0.01655
0.80542, -0.01644
0.80666, -0.01633
0.80789, -0.01623
0.80913, -0.01612
0.81036, -0.01602
0.81159, -0.01591
0.81281, -0.01581
0.81403, -0.01571
0.81525, -0.01560
0.81647, -0.01550
0.81768, -0.01540
0.81889, -0.01529
0.82009, -0.01519
0.82130, -0.01509
0.82250, -0.01499
0.82369, -0.01489
0.82489, -0.01479
0.82608, -0.01469
0.82727, -0.01459
0.82845, -0.01449
0.82963, -0.01439
0.83081, -0.01429
0.83199, -0.01419
0.83316, -0.01409
0.83433, -0.01399
0.83549, -0.01390
0.83666, -0.01380
0.83782, -0.01370
0.83897, -0.01361
0.84012, -0.01351
0.84127, -0.01341
0.84242, -0.01332
0.84356, -0.01322
0.84470, -0.01313
0.84583, -0.01303
0.84697, -0.01294
0.84810, -0.01284
0.84922, -0.01275
0.85034, -0.01266
0.85146, -0.01256
0.85258, -0.01247
0.85369, -0.01238
0.85480, -0.01228
0.85590, -0.01219
0.85700, -0.01210
0.85810, -0.01201
0.85919, -0.01192
0.86029, -0.01183
0.86137, -0.01174
0.86246, -0.01165
0.86354, -0.01156
0.86461, -0.01147
0.86569, -0.01138
0.86676, -0.01129
0.86782, -0.01121
0.86888, -0.01112
0.86994, -0.01103
0.87100, -0.01094
0.87205, -0.01086
0.87310, -0.01077
0.87414, -0.01068
0.87518, -0.01060
0.87622, -0.01051
0.87725, -0.01043
0.87828, -0.01034
0.87931, -0.01026
0.88033, -0.01018
0.88135, -0.01009
0.88236, -0.01001
0.88337, -0.00993
0.88438, -0.00984
0.88538, -0.00976
0.88638, -0.00968
0.88738, -0.00960
0.88837, -0.00952
0.88936, -0.00944
0.89034, -0.00936
0.89132, -0.00928
0.89230, -0.00920
0.89327, -0.00912
0.89424, -0.00904
0.89520, -0.00896
0.89616, -0.00888
0.89712, -0.00880
0.89807, -0.00873
0.89902, -0.00865
0.89997, -0.00857
0.90091, -0.00850
0.90185, -0.00842
0.90278, -0.00834
0.90371, -0.00827
0.90464, -0.00819
0.90556, -0.00812
0.90648, -0.00805
0.90739, -0.00797
0.90830, -0.00790
0.90921, -0.00782
0.91011, -0.00775
0.91101, -0.00768
0.91190, -0.00761
0.91279, -0.00754
0.91367, -0.00746
0.91456, -0.00739
0.91543, -0.00732
0.91631, -0.00725
0.91717, -0.00718
0.91804, -0.00711
0.91890, -0.00705
0.91976, -0.00698
0.92061, -0.00691
0.92146, -0.00684
0.92230, -0.00677
0.92314, -0.00671
0.92398, -0.00664
0.92481, -0.00657
0.92564, -0.00651
0.92646, -0.00644
0.92728, -0.00637
0.92810, -0.00631
0.92891, -0.00625
0.92971, -0.00618
0.93052, -0.00612
0.93131, -0.00605
0.93211, -0.00599
0.93290, -0.00593
0.93368, -0.00587
0.93446, -0.00580
0.93524, -0.00574
0.93601, -0.00568
0.93678, -0.00562
0.93755, -0.00556
0.93831, -0.00550
0.93906, -0.00544
0.93981, -0.00538
0.94056, -0.00532
0.94130, -0.00526
0.94204, -0.00520
0.94277, -0.00515
0.94350, -0.00509
0.94423, -0.00503
0.94495, -0.00497
0.94566, -0.00492
0.94637, -0.00486
0.94708, -0.00481
0.94778, -0.00475
0.94848, -0.00470
0.94917, -0.00464
0.94986, -0.00459
0.95055, -0.00453
0.95123, -0.00448
0.95191, -0.00443
0.95258, -0.00437
0.95324, -0.00432
0.95391, -0.00427
0.95456, -0.00422
0.95522, -0.00417
0.95587, -0.00412
0.95651, -0.00407
0.95715, -0.00402
0.95779, -0.00397
0.95842, -0.00392
0.95905, -0.00387
0.95967, -0.00382
0.96028, -0.00377
0.96090, -0.00372
0.96151, -0.00368
0.96211, -0.00363
0.96271, -0.00358
0.96330, -0.00354
0.96389, -0.00349
0.96448, -0.00345
0.96506, -0.00340
0.96563, -0.00336
0.96621, -0.00331
0.96677, -0.00327
0.96734, -0.00322
0.96789, -0.00318
0.96845, -0.00314
0.96899, -0.00309
0.96954, -0.00305
0.97008, -0.00301
0.97061, -0.00297
0.97114, -0.00293
0.97167, -0.00289
0.97219, -0.00285
0.97270, -0.00281
0.97321, -0.00277
0.97372, -0.00273
0.97422, -0.00269
0.97472, -0.00265
0.97521, -0.00261
0.97570, -0.00258
0.97618, -0.00254
0.97666, -0.00250
0.97713, -0.00247
0.97760, -0.00243
0.97806, -0.00239
0.97852, -0.00236
0.97898, -0.00232
0.97942, -0.00229
0.97987, -0.00226
0.98031, -0.00222
0.98074, -0.00219
0.98117, -0.00216
0.98160, -0.00212
0.98202, -0.00209
0.98244, -0.00206
0.98285, -0.00203
0.98325, -0.00200
0.98366, -0.00197
0.98405, -0.00193
0.98444, -0.00190
0.98483, -0.00188
0.98521, -0.00185
0.98559, -0.00182
0.98596, -0.00179
0.98633, -0.00176
0.98670, -0.00173
0.98705, -0.00171
0.98741, -0.00168
0.98776, -0.00165
0.98810, -0.00163
0.98844, -0.00160
0.98877, -0.00157
0.98910, -0.00155
0.98942, -0.00152
0.98974, -0.00150
0.99006, -0.00148
0.99037, -0.00145
0.99067, -0.00143
0.99097, -0.00141
0.99127, -0.00138
0.99156, -0.00136
0.99184, -0.00134
0.99212, -0.00132
0.99240, -0.00130
0.99267, -0.00128
0.99293, -0.00126
0.99319, -0.00124
0.99345, -0.00122
0.99370, -0.00120
0.99395, -0.00118
0.99419, -0.00116
0.99442, -0.00114
0.99465, -0.00113
0.99488, -0.00111
0.99510, -0.00109
0.99532, -0.00108
0.99553, -0.00106
0.99573, -0.00104
0.99594, -0.00103
0.99613, -0.00101
0.99632, -0.00100
0.99651, -0.00098
0.99669, -0.00097
0.99687, -0.00096
0.99704, -0.00094
0.99721, -0.00093
0.99737, -0.00092
0.99753, -0.00091
0.99768, -0.00090
0.99782, -0.00089
0.99797, -0.00087
0.99810, -0.00086
0.99824, -0.00085
0.99836, -0.00084
0.99848, -0.00084
0.99860, -0.00083
0.99871, -0.00082
0.99882, -0.00081
0.99892, -0.00080
0.99902, -0.00079
0.99911, -0.00079
0.99920, -0.00078
0.99928, -0.00077
0.99936, -0.00077
0.99943, -0.00076
0.99950, -0.00076
0.99956, -0.00075
0.99962, -0.00075
0.99967, -0.00075
0.99972, -0.00074
0.99976, -0.00074
0.99980, -0.00074
0.99983, -0.00073
0.99986, -0.00073
0.99988, -0.00073
0.99990, -0.00073
0.99990, -0.00073
0.99987, -0.00072
0.99987, -0.00072
