=== Airfoil Parameters ===
m = 0.02
p = 0.4
t = 0.12

=== Control Points ===
0.00000, 0.01015, 0.01015
0.06667, 0.01647, 0.01035
0.13333, 0.02190, 0.01079
0.20000, 0.02648, 0.01148
0.26667, 0.03022, 0.01244
0.66667, 0.02967, 0.01362
0.75000, 0.02811, 0.01492
0.83333, 0.02572, 0.01615
0.91667, 0.02230, 0.01713
1.00000, 0.01767, 0.01767

=== Upper Surface ===
0.00000, 0.01015
-0.00004, 0.01043
-0.00005, 0.01071
-0.00006, 0.01099
-0.00007, 0.01127
-0.00008, 0.01155
-0.00008, 0.01183
-0.00008, 0.01211
-0.00007, 0.01238
-0.00005, 0.01266
-0.00003, 0.01294
-0.00001, 0.01322
0.00002, 0.01350
0.00005, 0.01378
0.00009, 0.01407
0.00014, 0.01435
0.00019, 0.01463
0.00024, 0.01491
0.00030, 0.01519
0.00036, 0.01547
0.00043, 0.01575
0.00051, 0.01603
0.00059, 0.01631
0.00067, 0.01659
0.00076, 0.01687
0.00085, 0.01716
0.00095, 0.01744
0.00106, 0.01772
0.00117, 0.01800
0.00128, 0.01828
0.00140, 0.01857
0.00152, 0.01885
0.00165, 0.01913
0.00179, 0.01941
0.00192, 0.01969
0.00207, 0.01998
0.00222, 0.02026
0.00237, 0.02054
0.00253, 0.02082
0.00269, 0.02111
0.00286, 0.02139
0.00304, 0.02167
0.00321, 0.02196
0.00340, 0.02224
0.00359, 0.02252
0.00378, 0.02280
0.00398, 0.02309
0.00418, 0.02337
0.00439, 0.02365
0.00460, 0.02394
0.00482, 0.02422
0.00505, 0.02450
0.00528, 0.02479
0.00551, 0.02507
0.00575, 0.02536
0.00599, 0.02564
0.00624, 0.02592
0.00649, 0.02621
0.00675, 0.02649
0.00701, 0.02677
0.00728, 0.02706
0.00755, 0.02734
0.00783, 0.02762
0.00811, 0.02791
0.00840, 0.02819
0.00870, 0.02847
0.00899, 0.02876
0.00930, 0.02904
0.00960, 0.02933
0.00992, 0.02961
0.01023, 0.02989
0.01056, 0.03018
0.01088, 0.03046
0.01121, 0.03074
0.01155, 0.03103
0.01189, 0.03131
0.01224, 0.03159
0.01259, 0.03188
0.01295, 0.03216
0.01331, 0.03244
0.01368, 0.03273
0.01405, 0.03301
0.01443, 0.03329
0.01481, 0.03358
0.01519, 0.03386
0.01558, 0.03414
0.01598, 0.03442
0.01638, 0.03471
0.01679, 0.03499
0.01720, 0.03527
0.01761, 0.03555
0.01803, 0.03584
0.01846, 0.03612
0.01889, 0.03640
0.01932, 0.03668
0.01976, 0.03696
0.02021, 0.03725
0.02066, 0.03753
0.02111, 0.03781
0.02157, 0.03809
0.02203, 0.03837
0.02250, 0.03865
0.02297, 0.03893
0.02345, 0.03921
0.02394, 0.03949
0.02442, 0.03978
0.02492, 0.04006
0.02541, 0.04034
0.02592, 0.04062
0.02642, 0.04089
0.02693, 0.04117
0.02745, 0.04145
0.02797, 0.04173
0.02850, 0.04201
0.02903, 0.04229
0.02957, 0.04257
0.03011, 0.04285
0.03065, 0.04312
0.03120, 0.04340
0.03176, 0.04368
0.03232, 0.04396
0.03288, 0.04423
0.03345, 0.04451
0.03402, 0.04479
0.03460, 0.04506
0.03518, 0.04534
0.03577, 0.04561
0.03636, 0.04589
0.03696, 0.04617
0.03756, 0.04644
0.03817, 0.04671
0.03878, 0.04699
0.03940, 0.04726
0.04002, 0.04754
0.04064, 0.04781
0.04127, 0.04808
0.04191, 0.04836
0.04255, 0.04863
0.04319, 0.04890
0.04384, 0.04917
0.04449, 0.04944
0.04515, 0.04971
0.04581, 0.04998
0.04648, 0.05025
0.04715, 0.05052
0.04783, 0.05079
0.04851, 0.05106
0.04919, 0.05133
0.04988, 0.05160
0.05058, 0.05187
0.05128, 0.05213
0.05198, 0.05240
0.05269, 0.05267
0.05340, 0.05293
0.05412, 0.05320
0.05484, 0.05347
0.05557, 0.05373
0.05630, 0.05400
0.05703, 0.05426
0.05777, 0.05452
0.05852, 0.05479
0.05926, 0.05505
0.06002, 0.05531
0.06078, 0.05557
0.06154, 0.05583
0.06231, 0.05609
0.06308, 0.05635
0.06385, 0.05661
0.06463, 0.05687
0.06542, 0.05713
0.06621, 0.05739
0.06700, 0.05765
0.06780, 0.05791
0.06860, 0.05816
0.06941, 0.05842
0.07022, 0.05867
0.07103, 0.05893
0.07185, 0.05918
0.07268, 0.05944
0.07350, 0.05969
0.07434, 0.05994
0.07517, 0.06019
0.07602, 0.06045
0.07686, 0.06070
0.07771, 0.06095
0.07857, 0.06120
0.07942, 0.06145
0.08029, 0.06169
0.08115, 0.06194
0.08203, 0.06219
0.08290, 0.06244
0.08378, 0.06268
0.08467, 0.06293
0.08555, 0.06317
0.08645, 0.06342
0.08734, 0.06366
0.08825, 0.06390
0.08915, 0.06414
0.09006, 0.06439
0.09097, 0.06463
0.09189, 0.06487
0.09281, 0.06511
0.09374, 0.06534
0.09467, 0.06558
0.09561, 0.06582
0.09654, 0.06606
0.09749, 0.06629
0.09843, 0.06653
0.09939, 0.06676
0.10034, 0.06699
0.10130, 0.06723
0.10226, 0.06746
0.10323, 0.06769
0.10420, 0.06792
0.10518, 0.06815
0.10616, 0.06838
0.10714, 0.06861
0.10813, 0.06883
0.10912, 0.06906
0.11012, 0.06929
0.11112, 0.06951
0.11212, 0.06974
0.11313, 0.06996
0.11414, 0.07018
0.11515, 0.07040
0.11617, 0.07062
0.11720, 0.07084
0.11822, 0.07106
0.11926, 0.07128
0.12029, 0.07150
0.12133, 0.07171
0.12237, 0.07193
0.12342, 0.07215
0.12447, 0.07236
0.12552, 0.07257
0.12658, 0.07278
0.12764, 0.07300
0.12871, 0.07321
0.12978, 0.07342
0.13085, 0.07362
0.13193, 0.07383
0.13301, 0.07404
0.13410, 0.07424
0.13518, 0.07445
0.13628, 0.07465
0.13737, 0.07486
0.13847, 0.07506
0.13957, 0.07526
0.14068, 0.07546
0.14179, 0.07566
0.14290, 0.07586
0.14402, 0.07606
0.14514, 0.07625
0.14627, 0.07645
0.14739, 0.07664
0.14853, 0.07684
0.14966, 0.07703
0.15080, 0.07722
0.15194, 0.07741
0.15309, 0.07760
0.15424, 0.07779
0.15539, 0.07798
0.15654, 0.07816
0.15770, 0.07835
0.15887, 0.07853
0.16003, 0.07872
0.16120, 0.07890
0.16237, 0.07908
0.16355, 0.07926
0.16473, 0.07944
0.16591, 0.07962
0.16710, 0.07980
0.16829, 0.07998
0.16948, 0.08015
0.17068, 0.08033
0.17188, 0.08050
0.17308, 0.08067
0.17429, 0.08085
0.17549, 0.08102
0.17671, 0.08119
0.17792, 0.08135
0.17914, 0.08152
0.18036, 0.08169
0.18159, 0.08185
0.18282, 0.08202
0.18405, 0.08218
0.18528, 0.08234
0.18652, 0.08251
0.18776, 0.08267
0.18900, 0.08283
0.19025, 0.08298
0.19150, 0.08314
0.19275, 0.08330
0.19401, 0.08345
0.19527, 0.08361
0.19653, 0.08376
0.19780, 0.08391
0.19907, 0.08406
0.20034, 0.08421
0.20161, 0.08436
0.20289, 0.08451
0.20418, 0.08466
0.20546, 0.08480
0.20675, 0.08495
0.20804, 0.08509
0.20934, 0.08524
0.21064, 0.08538
0.21194, 0.08552
0.21324, 0.08566
0.21455, 0.08579
0.21587, 0.08593
0.21718, 0.08607
0.21850, 0.08620
0.21982, 0.08633
0.22115, 0.08647
0.22247, 0.08660
0.22381, 0.08673
0.22514, 0.08686
0.22648, 0.08698
0.22782, 0.08711
0.22916, 0.08723
0.23051, 0.08736
0.23186, 0.08748
0.23322, 0.08760
0.23457, 0.08772
0.23593, 0.08784
0.23730, 0.08795
0.23866, 0.08807
0.24003, 0.08818
0.24141, 0.08830
0.24278, 0.08841
0.24416, 0.08852
0.24554, 0.08863
0.24693, 0.08873
0.24831, 0.08884
0.24970, 0.08894
0.25110, 0.08904
0.25249, 0.08915
0.25389, 0.08925
0.25530, 0.08934
0.25670, 0.08944
0.25811, 0.08954
0.25952, 0.08963
0.26094, 0.08972
0.26235, 0.08981
0.26377, 0.08990
0.26519, 0.08999
0.26662, 0.09007
0.26805, 0.09016
0.26948, 0.09024
0.27091, 0.09032
0.27234, 0.09040
0.27378, 0.09047
0.27522, 0.09055
0.27666, 0.09062
0.27810, 0.09070
0.27954, 0.09077
0.28099, 0.09084
0.28244, 0.09090
0.28389, 0.09097
0.28534, 0.09103
0.28680, 0.09110
0.28826, 0.09116
0.28972, 0.09122
0.29118, 0.09127
0.29264, 0.09133
0.29410, 0.09138
0.29557, 0.09144
0.29704, 0.09149
0.29851, 0.09154
0.29999, 0.09159
0.30146, 0.09163
0.30294, 0.09168
0.30442, 0.09172
0.30590, 0.09176
0.30738, 0.09180
0.30886, 0.09184
0.31035, 0.09188
0.31184, 0.09191
0.31332, 0.09195
0.31482, 0.09198
0.31631, 0.09201
0.31780, 0.09204
0.31930, 0.09206
0.32080, 0.09209
0.32230, 0.09211
0.32380, 0.09214
0.32531, 0.09216
0.32682, 0.09218
0.32833, 0.09219
0.32986, 0.09221
0.33139, 0.09222
0.33292, 0.09223
0.33446, 0.09224
0.33601, 0.09225
0.33755, 0.09226
0.33910, 0.09226
0.34065, 0.09226
0.34220, 0.09226
0.34375, 0.09225
0.34530, 0.09225
0.34686, 0.09224
0.34841, 0.09223
0.34997, 0.09221
0.35153, 0.09220
0.35309, 0.09218
0.35465, 0.09216
0.35622, 0.09213
0.35778, 0.09211
0.35935, 0.09208
0.36092, 0.09205
0.36249, 0.09202
0.36406, 0.09198
0.36563, 0.09194
0.36720, 0.09190
0.36878, 0.09186
0.37035, 0.09182
0.37193, 0.09177
0.37350, 0.09172
0.37508, 0.09167
0.37666, 0.09162
0.37824, 0.09156
0.37982, 0.09150
0.38140, 0.09144
0.38298, 0.09138
0.38457, 0.09131
0.38615, 0.09125
0.38773, 0.09118
0.38932, 0.09110
0.39090, 0.09103
0.39249, 0.09095
0.39408, 0.09087
0.39567, 0.09079
0.39725, 0.09071
0.39884, 0.09062
0.40043, 0.09054
0.40202, 0.09045
0.40361, 0.09035
0.40520, 0.09026
0.40679, 0.09016
0.40838, 0.09007
0.40997, 0.08997
0.41156, 0.08986
0.41315, 0.08976
0.41475, 0.08965
0.41634, 0.08955
0.41793, 0.08943
0.41952, 0.08932
0.42112, 0.08921
0.42271, 0.08909
0.42430, 0.08897
0.42589, 0.08885
0.42749, 0.08873
0.42908, 0.08861
0.43067, 0.08848
0.43226, 0.08836
0.43385, 0.08823
0.43545, 0.08810
0.43704, 0.08797
0.43863, 0.08783
0.44022, 0.08770
0.44181, 0.08756
0.44340, 0.08742
0.44500, 0.08728
0.44659, 0.08714
0.44818, 0.08699
0.44977, 0.08685
0.45136, 0.08670
0.45295, 0.08655
0.45454, 0.08640
0.45612, 0.08625
0.45771, 0.08610
0.45930, 0.08595
0.46089, 0.08579
0.46248, 0.08564
0.46406, 0.08548
0.46565, 0.08532
0.46723, 0.08516
0.46882, 0.08500
0.47040, 0.08484
0.47199, 0.08467
0.47357, 0.08451
0.47515, 0.08434
0.47674, 0.08417
0.47832, 0.08401
0.47990, 0.08384
0.48148, 0.08367
0.48306, 0.08350
0.48464, 0.08332
0.48622, 0.08315
0.48780, 0.08298
0.48937, 0.08280
0.49095, 0.08263
0.49253, 0.08245
0.49410, 0.08227
0.49568, 0.08210
0.49725, 0.08192
0.49882, 0.08174
0.50040, 0.08156
0.50197, 0.08138
0.50354, 0.08120
0.50511, 0.08101
0.50668, 0.08083
0.50825, 0.08065
0.50982, 0.08047
0.51138, 0.08028
0.51295, 0.08010
0.51452, 0.07991
0.51608, 0.07973
0.51765, 0.07954
0.51921, 0.07935
0.52077, 0.07917
0.52233, 0.07898
0.52389, 0.07879
0.52545, 0.07861
0.52701, 0.07842
0.52857, 0.07823
0.53013, 0.07804
0.53168, 0.07785
0.53324, 0.07767
0.53480, 0.07748
0.53635, 0.07729
0.53790, 0.07710
0.53945, 0.07691
0.54101, 0.07672
0.54256, 0.07653
0.54411, 0.07634
0.54566, 0.07615
0.54720, 0.07596
0.54875, 0.07577
0.55030, 0.07558
0.55184, 0.07539
0.55339, 0.07521
0.55493, 0.07502
0.55647, 0.07483
0.55801, 0.07464
0.55955, 0.07445
0.56109, 0.07426
0.56263, 0.07407
0.56417, 0.07388
0.56571, 0.07370
0.56724, 0.07351
0.56878, 0.07332
0.57031, 0.07313
0.57185, 0.07295
0.57338, 0.07276
0.57491, 0.07257
0.57644, 0.07239
0.57797, 0.07220
0.57950, 0.07201
0.58102, 0.07183
0.58255, 0.07164
0.58408, 0.07146
0.58560, 0.07127
0.58712, 0.07109
0.58865, 0.07091
0.59017, 0.07072
0.59169, 0.07054
0.59321, 0.07036
0.59473, 0.07018
0.59624, 0.07000
0.59776, 0.06981
0.59928, 0.06963
0.60079, 0.06945
0.60230, 0.06928
0.60382, 0.06910
0.60533, 0.06892
0.60684, 0.06874
0.60835, 0.06856
0.60985, 0.06838
0.61136, 0.06821
0.61287, 0.06803
0.61437, 0.06786
0.61588, 0.06768
0.61738, 0.06751
0.61888, 0.06733
0.62038, 0.06716
0.62188, 0.06699
0.62338, 0.06682
0.62487, 0.06664
0.62637, 0.06647
0.62786, 0.06630
0.62936, 0.06613
0.63085, 0.06596
0.63234, 0.06580
0.63383, 0.06563
0.63532, 0.06546
0.63681, 0.06529
0.63829, 0.06513
0.63978, 0.06496
0.64126, 0.06480
0.64275, 0.06463
0.64423, 0.06447
0.64571, 0.06431
0.64719, 0.06414
0.64866, 0.06398
0.65009, 0.06382
0.65134, 0.06367
0.65196, 0.06352
0.65089, 0.06332
0.64682, 0.06256
0.64014, 0.06019
0.63442, 0.05672
0.63234, 0.05489
0.63392, 0.05626
0.63913, 0.06045
0.64787, 0.06541
0.65748, 0.06840
0.66444, 0.06922
0.66841, 0.06922
0.67072, 0.06907
0.67241, 0.06891
0.67392, 0.06874
0.67540, 0.06858
0.67686, 0.06841
0.67833, 0.06825
0.67980, 0.06808
0.68126, 0.06792
0.68272, 0.06776
0.68418, 0.06759
0.68564, 0.06743
0.68709, 0.06726
0.68855, 0.06710
0.69000, 0.06693
0.69145, 0.06677
0.69290, 0.06660
0.69435, 0.06644
0.69580, 0.06627
0.69724, 0.06611
0.69869, 0.06594
0.70013, 0.06578
0.70157, 0.06561
0.70301, 0.06544
0.70444, 0.06528
0.70588, 0.06511
0.70731, 0.06495
0.70874, 0.06478
0.71017, 0.06461
0.71160, 0.06445
0.71302, 0.06428
0.71444, 0.06411
0.71586, 0.06395
0.71728, 0.06378
0.71870, 0.06361
0.72012, 0.06344
0.72153, 0.06328
0.72294, 0.06311
0.72435, 0.06294
0.72575, 0.06277
0.72716, 0.06260
0.72856, 0.06244
0.72996, 0.06227
0.73136, 0.06210
0.73276, 0.06193
0.73415, 0.06176
0.73554, 0.06159
0.73693, 0.06142
0.73832, 0.06125
0.73971, 0.06108
0.74109, 0.06091
0.74247, 0.06074
0.74385, 0.06057
0.74522, 0.06040
0.74660, 0.06022
0.74797, 0.06005
0.74934, 0.05988
0.75070, 0.05971
0.75207, 0.05954
0.75343, 0.05936
0.75479, 0.05919
0.75615, 0.05902
0.75750, 0.05884
0.75885, 0.05867
0.76020, 0.05850
0.76154, 0.05832
0.76289, 0.05815
0.76423, 0.05798
0.76557, 0.05780
0.76690, 0.05763
0.76823, 0.05745
0.76956, 0.05728
0.77089, 0.05710
0.77221, 0.05693
0.77354, 0.05675
0.77486, 0.05658
0.77617, 0.05640
0.77748, 0.05622
0.77879, 0.05605
0.78010, 0.05587
0.78141, 0.05570
0.78271, 0.05552
0.78401, 0.05534
0.78530, 0.05517
0.78660, 0.05499
0.78789, 0.05481
0.78917, 0.05464
0.79046, 0.05446
0.79174, 0.05428
0.79302, 0.05411
0.79429, 0.05393
0.79557, 0.05375
0.79684, 0.05358
0.79810, 0.05340
0.79937, 0.05322
0.80063, 0.05305
0.80188, 0.05287
0.80314, 0.05269
0.80439, 0.05251
0.80564, 0.05234
0.80688, 0.05216
0.80812, 0.05198
0.80936, 0.05180
0.81060, 0.05163
0.81183, 0.05145
0.81306, 0.05127
0.81429, 0.05110
0.81551, 0.05092
0.81673, 0.05074
0.81795, 0.05056
0.81916, 0.05039
0.82037, 0.05021
0.82158, 0.05003
0.82278, 0.04986
0.82398, 0.04968
0.82518, 0.04950
0.82638, 0.04933
0.82757, 0.04915
0.82876, 0.04897
0.82994, 0.04880
0.83112, 0.04862
0.83230, 0.04845
0.83347, 0.04827
0.83464, 0.04809
0.83581, 0.04792
0.83698, 0.04774
0.83814, 0.04757
0.83930, 0.04739
0.84045, 0.04722
0.84160, 0.04704
0.84275, 0.04687
0.84389, 0.04669
0.84503, 0.04652
0.84617, 0.04634
0.84730, 0.04617
0.84843, 0.04599
0.84956, 0.04582
0.85068, 0.04565
0.85180, 0.04547
0.85292, 0.04530
0.85403, 0.04513
0.85514, 0.04495
0.85625, 0.04478
0.85735, 0.04461
0.85845, 0.04443
0.85954, 0.04426
0.86064, 0.04409
0.86172, 0.04392
0.86281, 0.04375
0.86389, 0.04358
0.86497, 0.04340
0.86604, 0.04323
0.86711, 0.04306
0.86817, 0.04289
0.86924, 0.04272
0.87030, 0.04255
0.87135, 0.04238
0.87240, 0.04221
0.87345, 0.04204
0.87449, 0.04188
0.87553, 0.04171
0.87657, 0.04154
0.87760, 0.04137
0.87863, 0.04120
0.87966, 0.04104
0.88068, 0.04087
0.88170, 0.04070
0.88271, 0.04054
0.88372, 0.04037
0.88473, 0.04020
0.88573, 0.04004
0.88673, 0.03987
0.88772, 0.03971
0.88871, 0.03954
0.88970, 0.03938
0.89068, 0.03921
0.89166, 0.03905
0.89264, 0.03889
0.89361, 0.03873
0.89458, 0.03856
0.89554, 0.03840
0.89650, 0.03824
0.89746, 0.03808
0.89841, 0.03792
0.89936, 0.03776
0.90030, 0.03760
0.90124, 0.03744
0.90218, 0.03728
0.90311, 0.03712
0.90404, 0.03696
0.90496, 0.03680
0.90588, 0.03664
0.90680, 0.03649
0.90771, 0.03633
0.90862, 0.03617
0.90952, 0.03602
0.91042, 0.03586
0.91131, 0.03570
0.91221, 0.03555
0.91309, 0.03540
0.91398, 0.03524
0.91486, 0.03509
0.91573, 0.03494
0.91660, 0.03478
0.91747, 0.03463
0.91833, 0.03448
0.91919, 0.03433
0.92004, 0.03418
0.92089, 0.03403
0.92174, 0.03388
0.92258, 0.03373
0.92342, 0.03358
0.92425, 0.03343
0.92508, 0.03329
0.92591, 0.03314
0.92673, 0.03299
0.92754, 0.03285
0.92836, 0.03270
0.92917, 0.03256
0.92997, 0.03241
0.93077, 0.03227
0.93156, 0.03212
0.93236, 0.03198
0.93314, 0.03184
0.93392, 0.03170
0.93470, 0.03156
0.93548, 0.03142
0.93625, 0.03128
0.93701, 0.03114
0.93777, 0.03100
0.93853, 0.03086
0.93928, 0.03072
0.94003, 0.03059
0.94077, 0.03045
0.94151, 0.03031
0.94225, 0.03018
0.94298, 0.03004
0.94370, 0.02991
0.94442, 0.02978
0.94514, 0.02964
0.94586, 0.02951
0.94656, 0.02938
0.94727, 0.02925
0.94797, 0.02912
0.94866, 0.02899
0.94935, 0.02886
0.95004, 0.02873
0.95072, 0.02861
0.95140, 0.02848
0.95207, 0.02835
0.95274, 0.02823
0.95340, 0.02810
0.95406, 0.02798
0.95472, 0.02786
0.95537, 0.02773
0.95602, 0.02761
0.95666, 0.02749
0.95729, 0.02737
0.95793, 0.02725
0.95855, 0.02713
0.95918, 0.02701
0.95980, 0.02690
0.96041, 0.02678
0.96102, 0.02666
0.96163, 0.02655
0.96223, 0.02643
0.96282, 0.02632
0.96342, 0.02621
0.96400, 0.02609
0.96459, 0.02598
0.96516, 0.02587
0.96574, 0.02576
0.96631, 0.02565
0.96687, 0.02554
0.96743, 0.02543
0.96798, 0.02533
0.96853, 0.02522
0.96908, 0.02511
0.96962, 0.02501
0.97016, 0.02491
0.97069, 0.02480
0.97122, 0.02470
0.97174, 0.02460
0.97226, 0.02450
0.97277, 0.02440
0.97328, 0.02430
0.97378, 0.02420
0.97428, 0.02410
0.97478, 0.02401
0.97527, 0.02391
0.97575, 0.02381
0.97623, 0.02372
0.97671, 0.02363
0.97718, 0.02353
0.97765, 0.02344
0.97811, 0.02335
0.97857, 0.02326
0.97902, 0.02317
0.97947, 0.02308
0.97991, 0.02300
0.98035, 0.02291
0.98078, 0.02282
0.98121, 0.02274
0.98163, 0.02265
0.98205, 0.02257
0.98247, 0.02249
0.98288, 0.02241
0.98328, 0.02233
0.98368, 0.02225
0.98408, 0.02217
0.98447, 0.02209
0.98485, 0.02201
0.98524, 0.02194
0.98561, 0.02186
0.98598, 0.02179
0.98635, 0.02171
0.98671, 0.02164
0.98707, 0.02157
0.98742, 0.02150
0.98777, 0.02143
0.98811, 0.02136
0.98845, 0.02129
0.98879, 0.02123
0.98911, 0.02116
0.98944, 0.02109
0.98976, 0.02103
0.99007, 0.02097
0.99038, 0.02090
0.99069, 0.02084
0.99099, 0.02078
0.99128, 0.02072
0.99157, 0.02066
0.99186, 0.02061
0.99214, 0.02055
0.99241, 0.02049
0.99268, 0.02044
0.99295, 0.02038
0.99321, 0.02033
0.99347, 0.02028
0.99372, 0.02023
0.99396, 0.02018
0.99421, 0.02013
0.99444, 0.02008
0.99467, 0.02003
0.99490, 0.01999
0.99512, 0.01994
0.99534, 0.01990
0.99555, 0.01985
0.99576, 0.01981
0.99597, 0.01977
0.99616, 0.01973
0.99636, 0.01969
0.99654, 0.01965
0.99673, 0.01962
0.99691, 0.01958
0.99708, 0.01954
0.99725, 0.01951
0.99741, 0.01948
0.99757, 0.01944
0.99773, 0.01941
0.99788, 0.01938
0.99802, 0.01935
0.99816, 0.01932
0.99829, 0.01929
0.99842, 0.01927
0.99855, 0.01924
0.99867, 0.01922
0.99878, 0.01919
0.99889, 0.01917
0.99900, 0.01915
0.99910, 0.01913
0.99920, 0.01911
0.99929, 0.01909
0.99937, 0.01907
0.99945, 0.01906
0.99953, 0.01904
0.99960, 0.01903
0.99967, 0.01901
0.99973, 0.01900
0.99978, 0.01899
0.99984, 0.01898
0.99988, 0.01897
0.99992, 0.01896
0.99996, 0.01895
0.99999, 0.01895
1.00002, 0.01894
1.00004, 0.01894
1.00006, 0.01893
1.00008, 0.01893
1.00012, 0.01893
1.00013, 0.01892

=== Lower Surface ===
0.00000, 0.01015
0.00005, 0.00987
0.00007, 0.00960
0.00011, 0.00932
0.00015, 0.00904
0.00020, 0.00877
0.00026, 0.00850
0.00032, 0.00822
0.00038, 0.00795
0.00045, 0.00768
0.00053, 0.00741
0.00061, 0.00714
0.00069, 0.00687
0.00078, 0.00660
0.00088, 0.00634
0.00097, 0.00607
0.00108, 0.00580
0.00119, 0.00554
0.00130, 0.00528
0.00142, 0.00501
0.00154, 0.00475
0.00167, 0.00449
0.00181, 0.00423
0.00194, 0.00397
0.00209, 0.00372
0.00224, 0.00346
0.00239, 0.00320
0.00255, 0.00295
0.00271, 0.00269
0.00288, 0.00244
0.00305, 0.00219
0.00323, 0.00193
0.00341, 0.00168
0.00359, 0.00143
0.00379, 0.00119
0.00398, 0.00094
0.00418, 0.00069
0.00439, 0.00044
0.00460, 0.00020
0.00482, -0.00005
0.00504, -0.00029
0.00526, -0.00053
0.00550, -0.00078
0.00573, -0.00102
0.00597, -0.00126
0.00622, -0.00150
0.00647, -0.00173
0.00672, -0.00197
0.00698, -0.00221
0.00724, -0.00244
0.00751, -0.00268
0.00779, -0.00291
0.00807, -0.00314
0.00835, -0.00338
0.00864, -0.00361
0.00893, -0.00384
0.00923, -0.00407
0.00953, -0.00429
0.00984, -0.00452
0.01015, -0.00475
0.01047, -0.00497
0.01079, -0.00520
0.01112, -0.00542
0.01145, -0.00564
0.01178, -0.00587
0.01212, -0.00609
0.01247, -0.00631
0.01282, -0.00652
0.01317, -0.00674
0.01353, -0.00696
0.01390, -0.00718
0.01427, -0.00739
0.01464, -0.00761
0.01502, -0.00782
0.01540, -0.00803
0.01579, -0.00824
0.01618, -0.00845
0.01658, -0.00866
0.01698, -0.00887
0.01739, -0.00908
0.01780, -0.00929
0.01822, -0.00949
0.01864, -0.00970
0.01906, -0.00990
0.01949, -0.01010
0.01993, -0.01031
0.02037, -0.01051
0.02081, -0.01071
0.02126, -0.01091
0.02172, -0.01110
0.02217, -0.01130
0.02264, -0.01150
0.02310, -0.01169
0.02358, -0.01189
0.02405, -0.01208
0.02453, -0.01227
0.02502, -0.01247
0.02551, -0.01266
0.02600, -0.01285
0.02650, -0.01303
0.02701, -0.01322
0.02752, -0.01341
0.02803, -0.01359
0.02855, -0.01378
0.02907, -0.01396
0.02960, -0.01415
0.03013, -0.01433
0.03067, -0.01451
0.03121, -0.01469
0.03175, -0.01487
0.03230, -0.01505
0.03286, -0.01522
0.03341, -0.01540
0.03398, -0.01557
0.03455, -0.01575
0.03512, -0.01592
0.03569, -0.01609
0.03628, -0.01627
0.03686, -0.01644
0.03745, -0.01660
0.03805, -0.01677
0.03865, -0.01694
0.03925, -0.01711
0.03986, -0.01727
0.04047, -0.01744
0.04109, -0.01760
0.04171, -0.01776
0.04233, -0.01792
0.04296, -0.01808
0.04360, -0.01824
0.04424, -0.01840
0.04488, -0.01856
0.04553, -0.01871
0.04618, -0.01887
0.04684, -0.01902
0.04750, -0.01918
0.04816, -0.01933
0.04883, -0.01948
0.04951, -0.01963
0.05019, -0.01978
0.05087, -0.01993
0.05156, -0.02008
0.05225, -0.02022
0.05294, -0.02037
0.05364, -0.02051
0.05435, -0.02066
0.05506, -0.02080
0.05577, -0.02094
0.05648, -0.02108
0.05721, -0.02122
0.05793, -0.02136
0.05866, -0.02150
0.05940, -0.02163
0.06013, -0.02177
0.06088, -0.02190
0.06162, -0.02204
0.06237, -0.02217
0.06313, -0.02230
0.06389, -0.02243
0.06465, -0.02256
0.06542, -0.02269
0.06619, -0.02281
0.06697, -0.02294
0.06775, -0.02307
0.06853, -0.02319
0.06932, -0.02331
0.07011, -0.02344
0.07091, -0.02356
0.07171, -0.02368
0.07252, -0.02380
0.07332, -0.02391
0.07414, -0.02403
0.07496, -0.02415
0.07578, -0.02426
0.07660, -0.02438
0.07743, -0.02449
0.07826, -0.02460
0.07910, -0.02471
0.07994, -0.02482
0.08079, -0.02493
0.08164, -0.02504
0.08249, -0.02515
0.08335, -0.02525
0.08421, -0.02536
0.08508, -0.02546
0.08595, -0.02556
0.08682, -0.02567
0.08770, -0.02577
0.08858, -0.02587
0.08946, -0.02597
0.09035, -0.02606
0.09125, -0.02616
0.09214, -0.02626
0.09305, -0.02635
0.09395, -0.02644
0.09486, -0.02654
0.09577, -0.02663
0.09669, -0.02672
0.09761, -0.02681
0.09853, -0.02690
0.09946, -0.02699
0.10039, -0.02707
0.10133, -0.02716
0.10227, -0.02724
0.10321, -0.02733
0.10416, -0.02741
0.10511, -0.02749
0.10606, -0.02757
0.10702, -0.02765
0.10798, -0.02773
0.10895, -0.02781
0.10992, -0.02788
0.11089, -0.02796
0.11187, -0.02803
0.11285, -0.02811
0.11383, -0.02818
0.11482, -0.02825
0.11581, -0.02832
0.11681, -0.02839
0.11781, -0.02846
0.11881, -0.02853
0.11982, -0.02859
0.12083, -0.02866
0.12184, -0.02872
0.12286, -0.02879
0.12388, -0.02885
0.12490, -0.02891
0.12593, -0.02897
0.12696, -0.02903
0.12800, -0.02909
0.12904, -0.02915
0.13008, -0.02920
0.13113, -0.02926
0.13218, -0.02931
0.13323, -0.02937
0.13428, -0.02942
0.13534, -0.02947
0.13641, -0.02952
0.13747, -0.02957
0.13854, -0.02962
0.13962, -0.02967
0.14070, -0.02972
0.14178, -0.02976
0.14286, -0.02981
0.14395, -0.02985
0.14504, -0.02989
0.14613, -0.02993
0.14723, -0.02998
0.14833, -0.03001
0.14944, -0.03005
0.15055, -0.03009
0.15166, -0.03013
0.15277, -0.03016
0.15389, -0.03020
0.15501, -0.03023
0.15614, -0.03027
0.15727, -0.03030
0.15840, -0.03033
0.15953, -0.03036
0.16067, -0.03039
0.16181, -0.03042
0.16296, -0.03044
0.16411, -0.03047
0.16526, -0.03049
0.16641, -0.03052
0.16757, -0.03054
0.16873, -0.03056
0.16990, -0.03059
0.17107, -0.03061
0.17224, -0.03062
0.17341, -0.03064
0.17459, -0.03066
0.17577, -0.03068
0.17696, -0.03069
0.17814, -0.03071
0.17933, -0.03072
0.18053, -0.03073
0.18172, -0.03074
0.18292, -0.03075
0.18413, -0.03076
0.18533, -0.03077
0.18654, -0.03078
0.18775, -0.03078
0.18897, -0.03079
0.19019, -0.03079
0.19141, -0.03080
0.19263, -0.03080
0.19386, -0.03080
0.19509, -0.03080
0.19633, -0.03080
0.19756, -0.03080
0.19880, -0.03080
0.20004, -0.03079
0.20129, -0.03079
0.20254, -0.03079
0.20379, -0.03078
0.20504, -0.03077
0.20630, -0.03076
0.20756, -0.03075
0.20882, -0.03074
0.21009, -0.03073
0.21135, -0.03072
0.21262, -0.03071
0.21389, -0.03070
0.21517, -0.03068
0.21644, -0.03067
0.21772, -0.03065
0.21900, -0.03063
0.22028, -0.03061
0.22157, -0.03060
0.22286, -0.03058
0.22415, -0.03056
0.22544, -0.03053
0.22673, -0.03051
0.22803, -0.03049
0.22933, -0.03047
0.23063, -0.03044
0.23194, -0.03042
0.23324, -0.03039
0.23455, -0.03037
0.23586, -0.03034
0.23717, -0.03031
0.23848, -0.03028
0.23980, -0.03025
0.24112, -0.03022
0.24244, -0.03019
0.24376, -0.03016
0.24509, -0.03013
0.24641, -0.03010
0.24774, -0.03007
0.24907, -0.03004
0.25040, -0.03000
0.25174, -0.02997
0.25307, -0.02993
0.25441, -0.02990
0.25575, -0.02986
0.25710, -0.02983
0.25844, -0.02979
0.25978, -0.02975
0.26113, -0.02972
0.26248, -0.02968
0.26383, -0.02964
0.26519, -0.02960
0.26654, -0.02956
0.26790, -0.02952
0.26926, -0.02948
0.27062, -0.02944
0.27198, -0.02940
0.27335, -0.02936
0.27471, -0.02932
0.27608, -0.02928
0.27746, -0.02924
0.27883, -0.02919
0.28021, -0.02915
0.28158, -0.02911
0.28297, -0.02907
0.28435, -0.02902
0.28573, -0.02898
0.28712, -0.02893
0.28851, -0.02889
0.28990, -0.02885
0.29130, -0.02880
0.29269, -0.02876
0.29409, -0.02871
0.29549, -0.02866
0.29689, -0.02862
0.29830, -0.02857
0.29970, -0.02852
0.30111, -0.02848
0.30252, -0.02843
0.30394, -0.02838
0.30535, -0.02833
0.30677, -0.02828
0.30819, -0.02824
0.30961, -0.02819
0.31103, -0.02814
0.31245, -0.02809
0.31388, -0.02804
0.31531, -0.02799
0.31674, -0.02794
0.31817, -0.02789
0.31961, -0.02784
0.32104, -0.02779
0.32248, -0.02773
0.32392, -0.02768
0.32536, -0.02763
0.32680, -0.02758
0.32825, -0.02753
0.32969, -0.02747
0.33113, -0.02742
0.33256, -0.02737
0.33399, -0.02732
0.33542, -0.02727
0.33685, -0.02721
0.33828, -0.02716
0.33971, -0.02711
0.34114, -0.02706
0.34257, -0.02701
0.34401, -0.02697
0.34544, -0.02692
0.34688, -0.02687
0.34832, -0.02682
0.34976, -0.02678
0.35120, -0.02673
0.35264, -0.02668
0.35409, -0.02664
0.35553, -0.02659
0.35698, -0.02655
0.35843, -0.02651
0.35988, -0.02646
0.36133, -0.02642
0.36278, -0.02638
0.36424, -0.02634
0.36569, -0.02630
0.36715, -0.02626
0.36861, -0.02622
0.37007, -0.02618
0.37153, -0.02614
0.37300, -0.02610
0.37446, -0.02607
0.37593, -0.02603
0.37740, -0.02599
0.37887, -0.02596
0.38034, -0.02592
0.38181, -0.02589
0.38329, -0.02586
0.38477, -0.02582
0.38624, -0.02579
0.38772, -0.02576
0.38920, -0.02573
0.39069, -0.02570
0.39217, -0.02567
0.39366, -0.02564
0.39514, -0.02561
0.39663, -0.02558
0.39812, -0.02555
0.39961, -0.02553
0.40111, -0.02550
0.40260, -0.02548
0.40410, -0.02545
0.40560, -0.02542
0.40710, -0.02540
0.40860, -0.02538
0.41010, -0.02535
0.41161, -0.02533
0.41311, -0.02531
0.41462, -0.02529
0.41613, -0.02526
0.41764, -0.02524
0.41915, -0.02522
0.42066, -0.02520
0.42218, -0.02518
0.42369, -0.02516
0.42521, -0.02514
0.42673, -0.02513
0.42825, -0.02511
0.42978, -0.02509
0.43130, -0.02507
0.43282, -0.02506
0.43435, -0.02504
0.43588, -0.02502
0.43741, -0.02501
0.43894, -0.02499
0.44047, -0.02498
0.44201, -0.02496
0.44354, -0.02495
0.44508, -0.02493
0.44662, -0.02492
0.44816, -0.02490
0.44970, -0.02489
0.45124, -0.02487
0.45278, -0.02486
0.45433, -0.02485
0.45587, -0.02483
0.45742, -0.02482
0.45897, -0.02480
0.46052, -0.02479
0.46207, -0.02478
0.46362, -0.02476
0.46517, -0.02475
0.46673, -0.02474
0.46828, -0.02472
0.46984, -0.02471
0.47140, -0.02470
0.47296, -0.02468
0.47452, -0.02467
0.47608, -0.02466
0.47764, -0.02464
0.47920, -0.02463
0.48077, -0.02461
0.48233, -0.02460
0.48390, -0.02459
0.48547, -0.02457
0.48703, -0.02456
0.48860, -0.02454
0.49017, -0.02452
0.49174, -0.02451
0.49331, -0.02449
0.49489, -0.02448
0.49646, -0.02446
0.49803, -0.02444
0.49961, -0.02442
0.50118, -0.02441
0.50276, -0.02439
0.50433, -0.02437
0.50591, -0.02435
0.50749, -0.02433
0.50907, -0.02431
0.51065, -0.02429
0.51223, -0.02426
0.51381, -0.02424
0.51539, -0.02422
0.51697, -0.02420
0.51855, -0.02417
0.52013, -0.02415
0.52171, -0.02412
0.52329, -0.02410
0.52488, -0.02407
0.52646, -0.02404
0.52804, -0.02402
0.52963, -0.02399
0.53121, -0.02396
0.53279, -0.02393
0.53438, -0.02390
0.53596, -0.02386
0.53755, -0.02383
0.53913, -0.02380
0.54072, -0.02376
0.54230, -0.02373
0.54389, -0.02369
0.54547, -0.02366
0.54706, -0.02362
0.54864, -0.02358
0.55022, -0.02354
0.55181, -0.02350
0.55339, -0.02346
0.55498, -0.02342
0.55656, -0.02337
0.55814, -0.02333
0.55973, -0.02329
0.56131, -0.02324
0.56289, -0.02319
0.56448, -0.02314
0.56606, -0.02310
0.56764, -0.02305
0.56922, -0.02299
0.57080, -0.02294
0.57238, -0.02289
0.57396, -0.02283
0.57554, -0.02278
0.57712, -0.02272
0.57870, -0.02267
0.58027, -0.02261
0.58185, -0.02255
0.58343, -0.02249
0.58500, -0.02242
0.58658, -0.02236
0.58815, -0.02230
0.58972, -0.02223
0.59130, -0.02217
0.59287, -0.02210
0.59444, -0.02203
0.59601, -0.02196
0.59758, -0.02189
0.59914, -0.02182
0.60071, -0.02175
0.60228, -0.02167
0.60384, -0.02160
0.60541, -0.02152
0.60697, -0.02144
0.60853, -0.02136
0.61009, -0.02128
0.61165, -0.02120
0.61321, -0.02112
0.61477, -0.02104
0.61632, -0.02095
0.61788, -0.02087
0.61943, -0.02078
0.62098, -0.02069
0.62254, -0.02060
0.62409, -0.02051
0.62563, -0.02042
0.62718, -0.02033
0.62873, -0.02024
0.63027, -0.02014
0.63182, -0.02005
0.63336, -0.01995
0.63490, -0.01985
0.63644, -0.01975
0.63797, -0.01965
0.63951, -0.01955
0.64104, -0.01945
0.64258, -0.01935
0.64411, -0.01924
0.64564, -0.01914
0.64717, -0.01903
0.64874, -0.01892
0.65049, -0.01881
0.65287, -0.01868
0.65693, -0.01840
0.66399, -0.01728
0.67366, -0.01398
0.68236, -0.00874
0.68742, -0.00431
0.68882, -0.00273
0.68659, -0.00433
0.68081, -0.00753
0.67417, -0.00960
0.67018, -0.01006
0.66917, -0.00999
0.66982, -0.00986
0.67109, -0.00974
0.67253, -0.00963
0.67400, -0.00952
0.67548, -0.00941
0.67695, -0.00930
0.67843, -0.00918
0.67990, -0.00907
0.68137, -0.00896
0.68283, -0.00885
0.68430, -0.00873
0.68576, -0.00862
0.68722, -0.00851
0.68868, -0.00839
0.69014, -0.00828
0.69159, -0.00816
0.69305, -0.00805
0.69450, -0.00794
0.69595, -0.00782
0.69739, -0.00771
0.69884, -0.00759
0.70028, -0.00748
0.70172, -0.00736
0.70316, -0.00725
0.70459, -0.00713
0.70602, -0.00702
0.70746, -0.00690
0.70888, -0.00679
0.71031, -0.00667
0.71173, -0.00656
0.71316, -0.00644
0.71458, -0.00633
0.71599, -0.00621
0.71741, -0.00610
0.71882, -0.00598
0.72023, -0.00587
0.72164, -0.00575
0.72305, -0.00564
0.72445, -0.00552
0.72585, -0.00541
0.72725, -0.00529
0.72865, -0.00518
0.73004, -0.00506
0.73143, -0.00495
0.73282, -0.00484
0.73421, -0.00472
0.73559, -0.00461
0.73697, -0.00450
0.73835, -0.00438
0.73973, -0.00427
0.74110, -0.00416
0.74247, -0.00404
0.74384, -0.00393
0.74521, -0.00382
0.74657, -0.00371
0.74794, -0.00359
0.74930, -0.00348
0.75065, -0.00337
0.75201, -0.00326
0.75336, -0.00315
0.75471, -0.00304
0.75606, -0.00293
0.75740, -0.00282
0.75874, -0.00271
0.76008, -0.00260
0.76142, -0.00249
0.76275, -0.00238
0.76409, -0.00227
0.76542, -0.00216
0.76674, -0.00205
0.76807, -0.00195
0.76939, -0.00184
0.77071, -0.00173
0.77203, -0.00162
0.77334, -0.00152
0.77465, -0.00141
0.77596, -0.00130
0.77727, -0.00120
0.77857, -0.00109
0.77987, -0.00098
0.78117, -0.00088
0.78246, -0.00077
0.78376, -0.00067
0.78505, -0.00056
0.78633, -0.00046
0.78762, -0.00036
0.78890, -0.00025
0.79018, -0.00015
0.79146, -0.00004
0.79273, 0.00006
0.79400, 0.00016
0.79527, 0.00026
0.79653, 0.00037
0.79779, 0.00047
0.79905, 0.00057
0.80031, 0.00067
0.80156, 0.00077
0.80281, 0.00087
0.80406, 0.00098
0.80530, 0.00108
0.80655, 0.00118
0.80778, 0.00128
0.80902, 0.00138
0.81025, 0.00148
0.81148, 0.00157
0.81271, 0.00167
0.81393, 0.00177
0.81515, 0.00187
0.81637, 0.00197
0.81758, 0.00207
0.81879, 0.00216
0.82000, 0.00226
0.82121, 0.00236
0.82241, 0.00245
0.82361, 0.00255
0.82480, 0.00265
0.82600, 0.00274
0.82718, 0.00284
0.82837, 0.00293
0.82955, 0.00303
0.83073, 0.00312
0.83191, 0.00322
0.83308, 0.00331
0.83425, 0.00341
0.83542, 0.00350
0.83658, 0.00359
0.83774, 0.00369
0.83890, 0.00378
0.84005, 0.00387
0.84120, 0.00397
0.84235, 0.00406
0.84349, 0.00415
0.84463, 0.00424
0.84577, 0.00433
0.84690, 0.00442
0.84803, 0.00451
0.84916, 0.00460
0.85028, 0.00470
0.85140, 0.00478
0.85252, 0.00487
0.85363, 0.00496
0.85474, 0.00505
0.85585, 0.00514
0.85695, 0.00523
0.85805, 0.00532
0.85914, 0.00541
0.86023, 0.00549
0.86132, 0.00558
0.86241, 0.00567
0.86349, 0.00575
0.86456, 0.00584
0.86564, 0.00593
0.86671, 0.00601
0.86777, 0.00610
0.86884, 0.00618
0.86990, 0.00627
0.87095, 0.00635
0.87200, 0.00643
0.87305, 0.00652
0.87410, 0.00660
0.87514, 0.00668
0.87618, 0.00677
0.87721, 0.00685
0.87824, 0.00693
0.87927, 0.00701
0.88029, 0.00710
0.88131, 0.00718
0.88232, 0.00726
0.88333, 0.00734
0.88434, 0.00742
0.88535, 0.00750
0.88635, 0.00758
0.88734, 0.00766
0.88833, 0.00774
0.88932, 0.00781
0.89031, 0.00789
0.89129, 0.00797
0.89227, 0.00805
0.89324, 0.00813
0.89421, 0.00820
0.89517, 0.00828
0.89614, 0.00836
0.89709, 0.00843
0.89805, 0.00851
0.89900, 0.00858
0.89994, 0.00866
0.90088, 0.00873
0.90182, 0.00881
0.90276, 0.00888
0.90369, 0.00895
0.90461, 0.00903
0.90554, 0.00910
0.90645, 0.00917
0.90737, 0.00925
0.90828, 0.00932
0.90918, 0.00939
0.91009, 0.00946
0.91098, 0.00953
0.91188, 0.00960
0.91277, 0.00967
0.91365, 0.00974
0.91454, 0.00981
0.91541, 0.00988
0.91629, 0.00995
0.91716, 0.01002
0.91802, 0.01009
0.91888, 0.01015
0.91974, 0.01022
0.92059, 0.01029
0.92144, 0.01036
0.92229, 0.01042
0.92313, 0.01049
0.92396, 0.01055
0.92480, 0.01062
0.92562, 0.01068
0.92645, 0.01075
0.92727, 0.01081
0.92808, 0.01088
0.92889, 0.01094
0.92970, 0.01100
0.93050, 0.01107
0.93130, 0.01113
0.93210, 0.01119
0.93289, 0.01125
0.93367, 0.01131
0.93445, 0.01138
0.93523, 0.01144
0.93600, 0.01150
0.93677, 0.01156
0.93754, 0.01162
0.93830, 0.01168
0.93905, 0.01173
0.93980, 0.01179
0.94055, 0.01185
0.94129, 0.01191
0.94203, 0.01197
0.94276, 0.01202
0.94349, 0.01208
0.94422, 0.01214
0.94494, 0.01219
0.94565, 0.01225
0.94637, 0.01230
0.94707, 0.01236
0.94778, 0.01241
0.94847, 0.01247
0.94917, 0.01252
0.94986, 0.01258
0.95054, 0.01263
0.95122, 0.01268
0.95190, 0.01273
0.95257, 0.01279
0.95324, 0.01284
0.95390, 0.01289
0.95456, 0.01294
0.95521, 0.01299
0.95586, 0.01304
0.95651, 0.01309
0.95715, 0.01314
0.95778, 0.01319
0.95841, 0.01324
0.95904, 0.01329
0.95966, 0.01334
0.96028, 0.01338
0.96089, 0.01343
0.96150, 0.01348
0.96210, 0.01352
0.96270, 0.01357
0.96330, 0.01362
0.96389, 0.01366
0.96447, 0.01371
0.96505, 0.01375
0.96563, 0.01380
0.96620, 0.01384
0.96677, 0.01388
0.96733, 0.01393
0.96789, 0.01397
0.96844, 0.01401
0.96899, 0.01405
0.96953, 0.01410
0.97007, 0.01414
0.97061, 0.01418
0.97114, 0.01422
0.97166, 0.01426
0.97218, 0.01430
0.97270, 0.01434
0.97321, 0.01438
0.97372, 0.01442
0.97422, 0.01446
0.97471, 0.01449
0.97521, 0.01453
0.97569, 0.01457
0.97618, 0.01461
0.97665, 0.01464
0.97713, 0.01468
0.97760, 0.01471
0.97806, 0.01475
0.97852, 0.01479
0.97897, 0.01482
0.97942, 0.01485
0.97987, 0.01489
0.98031, 0.01492
0.98074, 0.01496
0.98117, 0.01499
0.98160, 0.01502
0.98202, 0.01505
0.98244, 0.01508
0.98285, 0.01512
0.98325, 0.01515
0.98366, 0.01518
0.98405, 0.01521
0.98444, 0.01524
0.98483, 0.01527
0.98521, 0.01530
0.98559, 0.01533
0.98596, 0.01535
0.98633, 0.01538
0.98669, 0.01541
0.98705, 0.01544
0.98741, 0.01546
0.98775, 0.01549
0.98810, 0.01552
0.98844, 0.01554
0.98877, 0.01557
0.98910, 0.01559
0.98942, 0.01562
0.98974, 0.01564
0.99006, 0.01567
0.99037, 0.01569
0.99067, 0.01571
0.99097, 0.01574
0.99127, 0.01576
0.99156, 0.01578
0.99184, 0.01580
0.99212, 0.01582
0.99240, 0.01584
0.99267, 0.01586
0.99293, 0.01588
0.99319, 0.01590
0.99345, 0.01592
0.99370, 0.01594
0.99395, 0.01596
0.99419, 0.01598
0.99442, 0.01600
0.99465, 0.01601
0.99488, 0.01603
0.99510, 0.01605
0.99532, 0.01606
0.99553, 0.01608
0.99573, 0.01610
0.99594, 0.01611
0.99613, 0.01613
0.99632, 0.01614
0.99651, 0.01616
0.99669, 0.01617
0.99687, 0.01618
0.99704, 0.01620
0.99721, 0.01621
0.99737, 0.01622
0.99753, 0.01623
0.99768, 0.01624
0.99782, 0.01625
0.99797, 0.01627
0.99810, 0.01628
0.99824, 0.01629
0.99836, 0.01630
0.99848, 0.01630
0.99860, 0.01631
0.99871, 0.01632
0.99882, 0.01633
0.99892, 0.01634
0.99902, 0.01635
0.99911, 0.01635
0.99920, 0.01636
0.99928, 0.01637
0.99936, 0.01637
0.99943, 0.01638
0.99950, 0.01638
0.99956, 0.01639
0.99962, 0.01639
0.99967, 0.01639
0.99972, 0.01640
0.99976, 0.01640
0.99980, 0.01640
0.99983, 0.01641
0.99986, 0.01641
0.99988, 0.01641
0.99990, 0.01641
0.99990, 0.01641
0.99987, 0.01642
0.99987, 0.01642
