=== Airfoil Parameters ===
m = 0.02
p = 0.4
t = 0.12

=== Control Points ===
0.00000, -0.01298, -0.01298
0.06667, -0.00525, -0.01136
0.13333, 0.00284, -0.00827
0.20000, 0.01102, -0.00398
0.26667, 0.01892, 0.00114
0.66667, 0.02267, 0.00663
0.75000, 0.02513, 0.01194
0.83333, 0.02611, 0.01655
0.91667, 0.02512, 0.01995
1.00000, 0.02176, 0.02176

=== Upper Surface ===
0.00000, -0.01298
-0.00004, -0.01270
-0.00006, -0.01242
-0.00007, -0.01214
-0.00008, -0.01186
-0.00009, -0.01158
-0.00010, -0.01130
-0.00009, -0.01102
-0.00009, -0.01074
-0.00008, -0.01046
-0.00006, -0.01018
-0.00004, -0.00990
-0.00001, -0.00962
0.00002, -0.00934
0.00006, -0.00906
0.00010, -0.00878
0.00014, -0.00850
0.00020, -0.00822
0.00025, -0.00794
0.00031, -0.00766
0.00038, -0.00737
0.00045, -0.00709
0.00053, -0.00681
0.00061, -0.00653
0.00069, -0.00625
0.00078, -0.00596
0.00088, -0.00568
0.00098, -0.00540
0.00109, -0.00512
0.00120, -0.00483
0.00131, -0.00455
0.00143, -0.00427
0.00156, -0.00398
0.00169, -0.00370
0.00183, -0.00342
0.00197, -0.00313
0.00211, -0.00285
0.00226, -0.00256
0.00242, -0.00228
0.00258, -0.00199
0.00274, -0.00171
0.00291, -0.00143
0.00309, -0.00114
0.00327, -0.00086
0.00345, -0.00057
0.00364, -0.00029
0.00384, 0.00000
0.00404, 0.00029
0.00424, 0.00057
0.00445, 0.00086
0.00466, 0.00114
0.00488, 0.00143
0.00511, 0.00171
0.00534, 0.00200
0.00557, 0.00229
0.00581, 0.00257
0.00605, 0.00286
0.00630, 0.00315
0.00655, 0.00343
0.00681, 0.00372
0.00708, 0.00401
0.00734, 0.00429
0.00762, 0.00458
0.00789, 0.00487
0.00818, 0.00516
0.00846, 0.00544
0.00876, 0.00573
0.00905, 0.00602
0.00936, 0.00631
0.00966, 0.00659
0.00997, 0.00688
0.01029, 0.00717
0.01061, 0.00746
0.01094, 0.00774
0.01127, 0.00803
0.01161, 0.00832
0.01195, 0.00861
0.01229, 0.00890
0.01264, 0.00919
0.01300, 0.00947
0.01336, 0.00976
0.01372, 0.01005
0.01409, 0.01034
0.01447, 0.01063
0.01485, 0.01092
0.01523, 0.01121
0.01562, 0.01149
0.01601, 0.01178
0.01641, 0.01207
0.01681, 0.01236
0.01722, 0.01265
0.01763, 0.01294
0.01805, 0.01323
0.01847, 0.01352
0.01890, 0.01381
0.01933, 0.01409
0.01977, 0.01438
0.02021, 0.01467
0.02065, 0.01496
0.02111, 0.01525
0.02156, 0.01554
0.02202, 0.01583
0.02249, 0.01612
0.02296, 0.01641
0.02343, 0.01670
0.02391, 0.01699
0.02439, 0.01728
0.02488, 0.01756
0.02537, 0.01785
0.02587, 0.01814
0.02637, 0.01843
0.02688, 0.01872
0.02739, 0.01901
0.02791, 0.01930
0.02843, 0.01959
0.02896, 0.01988
0.02949, 0.02017
0.03002, 0.02045
0.03056, 0.02074
0.03110, 0.02103
0.03165, 0.02132
0.03221, 0.02161
0.03277, 0.02190
0.03333, 0.02219
0.03390, 0.02248
0.03447, 0.02276
0.03504, 0.02305
0.03563, 0.02334
0.03621, 0.02363
0.03680, 0.02392
0.03740, 0.02421
0.03800, 0.02449
0.03860, 0.02478
0.03921, 0.02507
0.03982, 0.02536
0.04044, 0.02565
0.04106, 0.02593
0.04169, 0.02622
0.04232, 0.02651
0.04296, 0.02680
0.04360, 0.02708
0.04424, 0.02737
0.04489, 0.02766
0.04555, 0.02795
0.04621, 0.02823
0.04687, 0.02852
0.04754, 0.02881
0.04821, 0.02909
0.04889, 0.02938
0.04957, 0.02966
0.05025, 0.02995
0.05095, 0.03024
0.05164, 0.03052
0.05234, 0.03081
0.05304, 0.03109
0.05375, 0.03138
0.05446, 0.03166
0.05518, 0.03195
0.05590, 0.03223
0.05663, 0.03252
0.05736, 0.03280
0.05809, 0.03309
0.05883, 0.03337
0.05957, 0.03366
0.06032, 0.03394
0.06107, 0.03422
0.06183, 0.03451
0.06259, 0.03479
0.06336, 0.03507
0.06413, 0.03536
0.06490, 0.03564
0.06568, 0.03592
0.06646, 0.03620
0.06725, 0.03648
0.06804, 0.03677
0.06884, 0.03705
0.06964, 0.03733
0.07044, 0.03761
0.07125, 0.03789
0.07206, 0.03817
0.07288, 0.03845
0.07370, 0.03873
0.07453, 0.03901
0.07536, 0.03929
0.07619, 0.03957
0.07703, 0.03985
0.07787, 0.04013
0.07872, 0.04041
0.07957, 0.04068
0.08043, 0.04096
0.08129, 0.04124
0.08215, 0.04152
0.08302, 0.04179
0.08389, 0.04207
0.08477, 0.04235
0.08565, 0.04262
0.08654, 0.04290
0.08743, 0.04317
0.08832, 0.04345
0.08922, 0.04372
0.09012, 0.04400
0.09102, 0.04427
0.09194, 0.04455
0.09285, 0.04482
0.09377, 0.04509
0.09469, 0.04536
0.09562, 0.04564
0.09655, 0.04591
0.09748, 0.04618
0.09842, 0.04645
0.09936, 0.04672
0.10031, 0.04699
0.10126, 0.04726
0.10222, 0.04753
0.10318, 0.04780
0.10414, 0.04807
0.10511, 0.04834
0.10608, 0.04861
0.10705, 0.04888
0.10803, 0.04914
0.10902, 0.04941
0.11000, 0.04968
0.11099, 0.04994
0.11199, 0.05021
0.11299, 0.05047
0.11399, 0.05074
0.11500, 0.05100
0.11601, 0.05126
0.11703, 0.05153
0.11804, 0.05179
0.11907, 0.05205
0.12009, 0.05231
0.12112, 0.05258
0.12216, 0.05284
0.12320, 0.05310
0.12424, 0.05336
0.12529, 0.05362
0.12634, 0.05388
0.12739, 0.05413
0.12845, 0.05439
0.12951, 0.05465
0.13057, 0.05491
0.13164, 0.05516
0.13271, 0.05542
0.13379, 0.05567
0.13487, 0.05593
0.13595, 0.05618
0.13704, 0.05643
0.13812, 0.05669
0.13922, 0.05694
0.14031, 0.05719
0.14141, 0.05744
0.14252, 0.05769
0.14362, 0.05794
0.14473, 0.05819
0.14585, 0.05844
0.14696, 0.05869
0.14808, 0.05894
0.14921, 0.05919
0.15033, 0.05943
0.15146, 0.05968
0.15260, 0.05992
0.15373, 0.06017
0.15487, 0.06041
0.15602, 0.06066
0.15716, 0.06090
0.15831, 0.06115
0.15947, 0.06139
0.16062, 0.06163
0.16178, 0.06187
0.16294, 0.06211
0.16411, 0.06235
0.16528, 0.06259
0.16645, 0.06283
0.16762, 0.06307
0.16880, 0.06331
0.16998, 0.06355
0.17117, 0.06379
0.17236, 0.06402
0.17355, 0.06426
0.17474, 0.06450
0.17594, 0.06473
0.17714, 0.06497
0.17834, 0.06520
0.17954, 0.06544
0.18075, 0.06567
0.18196, 0.06590
0.18318, 0.06613
0.18440, 0.06637
0.18562, 0.06660
0.18684, 0.06683
0.18807, 0.06706
0.18929, 0.06729
0.19053, 0.06752
0.19176, 0.06775
0.19300, 0.06798
0.19424, 0.06821
0.19549, 0.06844
0.19674, 0.06867
0.19800, 0.06889
0.19925, 0.06912
0.20052, 0.06935
0.20179, 0.06957
0.20306, 0.06980
0.20434, 0.07003
0.20562, 0.07025
0.20691, 0.07048
0.20820, 0.07070
0.20949, 0.07092
0.21079, 0.07115
0.21210, 0.07137
0.21341, 0.07159
0.21472, 0.07181
0.21604, 0.07203
0.21736, 0.07225
0.21869, 0.07247
0.22002, 0.07269
0.22136, 0.07290
0.22270, 0.07312
0.22404, 0.07333
0.22539, 0.07354
0.22675, 0.07376
0.22811, 0.07397
0.22947, 0.07418
0.23084, 0.07438
0.23221, 0.07459
0.23359, 0.07480
0.23497, 0.07500
0.23636, 0.07520
0.23775, 0.07540
0.23915, 0.07560
0.24055, 0.07580
0.24195, 0.07600
0.24336, 0.07619
0.24477, 0.07638
0.24619, 0.07657
0.24761, 0.07676
0.24904, 0.07695
0.25047, 0.07713
0.25191, 0.07732
0.25335, 0.07750
0.25480, 0.07767
0.25625, 0.07785
0.25770, 0.07802
0.25916, 0.07820
0.26062, 0.07837
0.26208, 0.07853
0.26355, 0.07870
0.26502, 0.07886
0.26650, 0.07902
0.26797, 0.07917
0.26945, 0.07932
0.27093, 0.07948
0.27241, 0.07962
0.27389, 0.07977
0.27538, 0.07991
0.27687, 0.08005
0.27836, 0.08019
0.27985, 0.08032
0.28134, 0.08045
0.28284, 0.08058
0.28434, 0.08071
0.28583, 0.08083
0.28734, 0.08095
0.28884, 0.08107
0.29034, 0.08119
0.29185, 0.08130
0.29336, 0.08141
0.29487, 0.08152
0.29638, 0.08163
0.29789, 0.08173
0.29941, 0.08183
0.30092, 0.08193
0.30244, 0.08202
0.30396, 0.08211
0.30548, 0.08220
0.30701, 0.08229
0.30853, 0.08238
0.31006, 0.08246
0.31158, 0.08254
0.31311, 0.08261
0.31464, 0.08269
0.31618, 0.08276
0.31771, 0.08283
0.31924, 0.08290
0.32078, 0.08296
0.32232, 0.08302
0.32386, 0.08308
0.32540, 0.08314
0.32694, 0.08319
0.32849, 0.08325
0.33004, 0.08330
0.33159, 0.08334
0.33315, 0.08339
0.33470, 0.08343
0.33626, 0.08347
0.33782, 0.08350
0.33938, 0.08354
0.34095, 0.08357
0.34251, 0.08360
0.34408, 0.08362
0.34564, 0.08365
0.34721, 0.08367
0.34878, 0.08369
0.35035, 0.08370
0.35193, 0.08371
0.35350, 0.08372
0.35508, 0.08373
0.35665, 0.08374
0.35823, 0.08374
0.35981, 0.08374
0.36139, 0.08373
0.36297, 0.08373
0.36455, 0.08372
0.36613, 0.08371
0.36772, 0.08369
0.36930, 0.08368
0.37088, 0.08366
0.37247, 0.08364
0.37406, 0.08361
0.37564, 0.08359
0.37723, 0.08356
0.37882, 0.08353
0.38041, 0.08349
0.38200, 0.08346
0.38359, 0.08342
0.38518, 0.08338
0.38677, 0.08333
0.38836, 0.08329
0.38995, 0.08324
0.39154, 0.08319
0.39313, 0.08314
0.39472, 0.08308
0.39632, 0.08302
0.39791, 0.08296
0.39950, 0.08290
0.40110, 0.08284
0.40269, 0.08277
0.40428, 0.08270
0.40588, 0.08263
0.40747, 0.08256
0.40906, 0.08248
0.41065, 0.08241
0.41225, 0.08233
0.41384, 0.08224
0.41543, 0.08216
0.41703, 0.08208
0.41862, 0.08199
0.42021, 0.08190
0.42181, 0.08181
0.42340, 0.08172
0.42499, 0.08162
0.42658, 0.08153
0.42817, 0.08143
0.42976, 0.08133
0.43136, 0.08123
0.43295, 0.08112
0.43454, 0.08102
0.43613, 0.08091
0.43772, 0.08080
0.43931, 0.08069
0.44090, 0.08058
0.44248, 0.08047
0.44407, 0.08036
0.44566, 0.08024
0.44725, 0.08012
0.44883, 0.08000
0.45042, 0.07988
0.45201, 0.07976
0.45359, 0.07964
0.45518, 0.07952
0.45676, 0.07939
0.45835, 0.07927
0.45993, 0.07914
0.46151, 0.07901
0.46310, 0.07888
0.46468, 0.07875
0.46626, 0.07862
0.46784, 0.07848
0.46942, 0.07835
0.47100, 0.07822
0.47258, 0.07808
0.47416, 0.07794
0.47574, 0.07780
0.47731, 0.07767
0.47889, 0.07753
0.48047, 0.07739
0.48204, 0.07725
0.48362, 0.07710
0.48519, 0.07696
0.48677, 0.07682
0.48834, 0.07667
0.48991, 0.07653
0.49149, 0.07638
0.49306, 0.07624
0.49463, 0.07609
0.49620, 0.07594
0.49777, 0.07579
0.49934, 0.07565
0.50091, 0.07550
0.50248, 0.07535
0.50404, 0.07520
0.50561, 0.07505
0.50718, 0.07490
0.50874, 0.07475
0.51031, 0.07459
0.51187, 0.07444
0.51344, 0.07429
0.51500, 0.07414
0.51656, 0.07398
0.51812, 0.07383
0.51969, 0.07368
0.52125, 0.07352
0.52281, 0.07337
0.52437, 0.07321
0.52592, 0.07306
0.52748, 0.07291
0.52904, 0.07275
0.53060, 0.07260
0.53215, 0.07244
0.53371, 0.07228
0.53527, 0.07213
0.53682, 0.07197
0.53837, 0.07182
0.53993, 0.07166
0.54148, 0.07151
0.54303, 0.07135
0.54458, 0.07119
0.54613, 0.07104
0.54768, 0.07088
0.54923, 0.07072
0.55078, 0.07057
0.55233, 0.07041
0.55388, 0.07026
0.55542, 0.07010
0.55697, 0.06994
0.55852, 0.06979
0.56006, 0.06963
0.56160, 0.06948
0.56315, 0.06932
0.56469, 0.06916
0.56623, 0.06901
0.56777, 0.06885
0.56931, 0.06870
0.57085, 0.06854
0.57239, 0.06839
0.57393, 0.06823
0.57547, 0.06808
0.57700, 0.06792
0.57854, 0.06777
0.58007, 0.06761
0.58161, 0.06746
0.58314, 0.06730
0.58467, 0.06715
0.58620, 0.06699
0.58774, 0.06684
0.58926, 0.06669
0.59079, 0.06653
0.59232, 0.06638
0.59385, 0.06623
0.59537, 0.06608
0.59690, 0.06592
0.59842, 0.06577
0.59995, 0.06562
0.60147, 0.06547
0.60299, 0.06532
0.60451, 0.06516
0.60603, 0.06501
0.60755, 0.06486
0.60906, 0.06471
0.61058, 0.06456
0.61209, 0.06441
0.61361, 0.06426
0.61512, 0.06411
0.61663, 0.06396
0.61814, 0.06382
0.61965, 0.06367
0.62116, 0.06352
0.62267, 0.06337
0.62417, 0.06322
0.62567, 0.06308
0.62718, 0.06293
0.62868, 0.06279
0.63018, 0.06264
0.63168, 0.06249
0.63317, 0.06235
0.63467, 0.06220
0.63616, 0.06206
0.63766, 0.06192
0.63915, 0.06177
0.64064, 0.06163
0.64213, 0.06149
0.64362, 0.06135
0.64510, 0.06120
0.64659, 0.06106
0.64807, 0.06092
0.64953, 0.06078
0.65091, 0.06064
0.65202, 0.06051
0.65242, 0.06037
0.65146, 0.06016
0.64896, 0.05964
0.64602, 0.05874
0.64463, 0.05811
0.64604, 0.05858
0.65023, 0.06002
0.65592, 0.06143
0.66121, 0.06215
0.66501, 0.06233
0.66751, 0.06230
0.66931, 0.06221
0.67085, 0.06211
0.67232, 0.06200
0.67377, 0.06190
0.67522, 0.06179
0.67667, 0.06169
0.67812, 0.06159
0.67957, 0.06149
0.68102, 0.06139
0.68246, 0.06129
0.68391, 0.06119
0.68536, 0.06109
0.68680, 0.06099
0.68824, 0.06089
0.68969, 0.06080
0.69113, 0.06070
0.69257, 0.06060
0.69401, 0.06051
0.69545, 0.06041
0.69689, 0.06032
0.69832, 0.06022
0.69976, 0.06013
0.70120, 0.06003
0.70263, 0.05994
0.70406, 0.05984
0.70549, 0.05975
0.70693, 0.05966
0.70836, 0.05956
0.70978, 0.05947
0.71121, 0.05937
0.71264, 0.05928
0.71406, 0.05919
0.71548, 0.05909
0.71691, 0.05900
0.71833, 0.05890
0.71975, 0.05881
0.72116, 0.05871
0.72258, 0.05862
0.72399, 0.05852
0.72541, 0.05843
0.72682, 0.05833
0.72823, 0.05823
0.72964, 0.05814
0.73105, 0.05804
0.73245, 0.05794
0.73385, 0.05784
0.73526, 0.05775
0.73666, 0.05765
0.73805, 0.05755
0.73945, 0.05745
0.74085, 0.05734
0.74224, 0.05724
0.74363, 0.05714
0.74502, 0.05704
0.74641, 0.05693
0.74779, 0.05683
0.74917, 0.05672
0.75055, 0.05662
0.75193, 0.05651
0.75331, 0.05640
0.75468, 0.05629
0.75605, 0.05619
0.75742, 0.05608
0.75878, 0.05596
0.76014, 0.05585
0.76150, 0.05574
0.76286, 0.05563
0.76421, 0.05552
0.76556, 0.05540
0.76691, 0.05529
0.76825, 0.05517
0.76959, 0.05505
0.77093, 0.05494
0.77227, 0.05482
0.77360, 0.05470
0.77493, 0.05458
0.77625, 0.05446
0.77758, 0.05434
0.77890, 0.05422
0.78022, 0.05410
0.78153, 0.05398
0.78284, 0.05386
0.78415, 0.05374
0.78546, 0.05361
0.78676, 0.05349
0.78806, 0.05337
0.78935, 0.05324
0.79065, 0.05312
0.79194, 0.05299
0.79322, 0.05287
0.79451, 0.05274
0.79579, 0.05261
0.79707, 0.05249
0.79834, 0.05236
0.79961, 0.05223
0.80088, 0.05210
0.80214, 0.05197
0.80340, 0.05184
0.80466, 0.05171
0.80592, 0.05158
0.80717, 0.05145
0.80842, 0.05132
0.80966, 0.05119
0.81091, 0.05106
0.81215, 0.05093
0.81338, 0.05080
0.81461, 0.05066
0.81584, 0.05053
0.81707, 0.05040
0.81829, 0.05027
0.81951, 0.05013
0.82073, 0.05000
0.82194, 0.04987
0.82315, 0.04973
0.82435, 0.04960
0.82556, 0.04946
0.82675, 0.04933
0.82795, 0.04919
0.82914, 0.04906
0.83033, 0.04892
0.83152, 0.04879
0.83270, 0.04865
0.83388, 0.04852
0.83505, 0.04838
0.83622, 0.04825
0.83739, 0.04811
0.83856, 0.04797
0.83972, 0.04784
0.84088, 0.04770
0.84203, 0.04756
0.84318, 0.04743
0.84433, 0.04729
0.84547, 0.04715
0.84662, 0.04702
0.84775, 0.04688
0.84889, 0.04674
0.85002, 0.04661
0.85114, 0.04647
0.85227, 0.04633
0.85339, 0.04619
0.85450, 0.04606
0.85562, 0.04592
0.85672, 0.04578
0.85783, 0.04564
0.85893, 0.04551
0.86003, 0.04537
0.86112, 0.04523
0.86222, 0.04509
0.86330, 0.04496
0.86439, 0.04482
0.86547, 0.04468
0.86654, 0.04454
0.86762, 0.04440
0.86868, 0.04427
0.86975, 0.04413
0.87081, 0.04399
0.87187, 0.04385
0.87292, 0.04371
0.87397, 0.04358
0.87502, 0.04344
0.87606, 0.04330
0.87710, 0.04316
0.87814, 0.04302
0.87917, 0.04289
0.88019, 0.04275
0.88122, 0.04261
0.88224, 0.04247
0.88325, 0.04234
0.88427, 0.04220
0.88527, 0.04206
0.88628, 0.04192
0.88728, 0.04179
0.88828, 0.04165
0.88927, 0.04151
0.89026, 0.04138
0.89124, 0.04124
0.89222, 0.04110
0.89320, 0.04096
0.89417, 0.04083
0.89514, 0.04069
0.89611, 0.04056
0.89707, 0.04042
0.89802, 0.04028
0.89898, 0.04015
0.89993, 0.04001
0.90087, 0.03988
0.90181, 0.03974
0.90275, 0.03960
0.90368, 0.03947
0.90461, 0.03933
0.90554, 0.03920
0.90646, 0.03906
0.90737, 0.03893
0.90829, 0.03880
0.90919, 0.03866
0.91010, 0.03853
0.91100, 0.03839
0.91190, 0.03826
0.91279, 0.03813
0.91367, 0.03799
0.91456, 0.03786
0.91544, 0.03773
0.91631, 0.03760
0.91718, 0.03747
0.91805, 0.03733
0.91891, 0.03720
0.91977, 0.03707
0.92063, 0.03694
0.92148, 0.03681
0.92232, 0.03668
0.92317, 0.03655
0.92400, 0.03642
0.92484, 0.03629
0.92566, 0.03616
0.92649, 0.03603
0.92731, 0.03590
0.92813, 0.03578
0.92894, 0.03565
0.92975, 0.03552
0.93055, 0.03539
0.93135, 0.03527
0.93214, 0.03514
0.93293, 0.03501
0.93372, 0.03489
0.93450, 0.03476
0.93528, 0.03464
0.93605, 0.03451
0.93682, 0.03439
0.93758, 0.03426
0.93834, 0.03414
0.93910, 0.03402
0.93985, 0.03389
0.94060, 0.03377
0.94134, 0.03365
0.94208, 0.03353
0.94281, 0.03341
0.94354, 0.03329
0.94426, 0.03317
0.94498, 0.03305
0.94570, 0.03293
0.94641, 0.03281
0.94712, 0.03269
0.94782, 0.03257
0.94852, 0.03246
0.94921, 0.03234
0.94990, 0.03222
0.95059, 0.03211
0.95127, 0.03199
0.95194, 0.03188
0.95261, 0.03176
0.95328, 0.03165
0.95394, 0.03154
0.95460, 0.03142
0.95525, 0.03131
0.95590, 0.03120
0.95654, 0.03109
0.95718, 0.03098
0.95782, 0.03087
0.95845, 0.03076
0.95907, 0.03065
0.95969, 0.03054
0.96031, 0.03044
0.96092, 0.03033
0.96153, 0.03022
0.96213, 0.03012
0.96273, 0.03001
0.96332, 0.02991
0.96391, 0.02980
0.96450, 0.02970
0.96508, 0.02960
0.96565, 0.02949
0.96622, 0.02939
0.96679, 0.02929
0.96735, 0.02919
0.96791, 0.02909
0.96846, 0.02899
0.96901, 0.02889
0.96955, 0.02880
0.97009, 0.02870
0.97062, 0.02860
0.97115, 0.02851
0.97167, 0.02841
0.97219, 0.02832
0.97271, 0.02822
0.97322, 0.02813
0.97372, 0.02804
0.97422, 0.02795
0.97472, 0.02786
0.97521, 0.02777
0.97570, 0.02768
0.97618, 0.02759
0.97666, 0.02750
0.97713, 0.02741
0.97760, 0.02733
0.97806, 0.02724
0.97852, 0.02716
0.97897, 0.02707
0.97942, 0.02699
0.97986, 0.02691
0.98030, 0.02683
0.98074, 0.02674
0.98117, 0.02666
0.98159, 0.02658
0.98201, 0.02651
0.98243, 0.02643
0.98284, 0.02635
0.98324, 0.02627
0.98365, 0.02620
0.98404, 0.02612
0.98443, 0.02605
0.98482, 0.02598
0.98520, 0.02590
0.98558, 0.02583
0.98595, 0.02576
0.98632, 0.02569
0.98668, 0.02562
0.98704, 0.02555
0.98739, 0.02549
0.98774, 0.02542
0.98809, 0.02535
0.98843, 0.02529
0.98876, 0.02523
0.98909, 0.02516
0.98941, 0.02510
0.98973, 0.02504
0.99005, 0.02498
0.99036, 0.02492
0.99066, 0.02486
0.99096, 0.02480
0.99126, 0.02474
0.99155, 0.02469
0.99184, 0.02463
0.99212, 0.02458
0.99239, 0.02453
0.99266, 0.02447
0.99293, 0.02442
0.99319, 0.02437
0.99345, 0.02432
0.99370, 0.02427
0.99395, 0.02422
0.99419, 0.02418
0.99443, 0.02413
0.99466, 0.02408
0.99489, 0.02404
0.99511, 0.02400
0.99533, 0.02395
0.99554, 0.02391
0.99575, 0.02387
0.99595, 0.02383
0.99615, 0.02379
0.99634, 0.02375
0.99653, 0.02372
0.99672, 0.02368
0.99689, 0.02365
0.99707, 0.02361
0.99724, 0.02358
0.99740, 0.02355
0.99756, 0.02351
0.99772, 0.02348
0.99786, 0.02345
0.99801, 0.02343
0.99815, 0.02340
0.99828, 0.02337
0.99841, 0.02335
0.99854, 0.02332
0.99866, 0.02330
0.99877, 0.02327
0.99888, 0.02325
0.99899, 0.02323
0.99909, 0.02321
0.99919, 0.02319
0.99928, 0.02317
0.99936, 0.02316
0.99944, 0.02314
0.99952, 0.02313
0.99959, 0.02311
0.99966, 0.02310
0.99972, 0.02309
0.99978, 0.02308
0.99983, 0.02307
0.99987, 0.02306
0.99991, 0.02305
0.99995, 0.02304
0.99998, 0.02303
1.00001, 0.02303
1.00003, 0.02302
1.00005, 0.02302
1.00007, 0.02302
1.00011, 0.02301
1.00012, 0.02301

=== Lower Surface ===
0.00000, -0.01298
0.00005, -0.01325
0.00008, -0.01353
0.00012, -0.01381
0.00016, -0.01408
0.00022, -0.01436
0.00027, -0.01463
0.00034, -0.01490
0.00040, -0.01517
0.00048, -0.01545
0.00055, -0.01571
0.00064, -0.01598
0.00072, -0.01625
0.00082, -0.01652
0.00091, -0.01678
0.00101, -0.01705
0.00112, -0.01731
0.00123, -0.01758
0.00135, -0.01784
0.00147, -0.01810
0.00160, -0.01836
0.00173, -0.01862
0.00187, -0.01888
0.00201, -0.01913
0.00215, -0.01939
0.00230, -0.01965
0.00246, -0.01990
0.00262, -0.02016
0.00279, -0.02041
0.00296, -0.02066
0.00313, -0.02091
0.00331, -0.02116
0.00350, -0.02141
0.00369, -0.02166
0.00388, -0.02190
0.00408, -0.02215
0.00429, -0.02239
0.00450, -0.02264
0.00471, -0.02288
0.00493, -0.02312
0.00516, -0.02337
0.00539, -0.02361
0.00562, -0.02384
0.00586, -0.02408
0.00611, -0.02432
0.00635, -0.02456
0.00661, -0.02479
0.00687, -0.02503
0.00713, -0.02526
0.00740, -0.02549
0.00767, -0.02572
0.00795, -0.02595
0.00823, -0.02618
0.00852, -0.02641
0.00881, -0.02664
0.00911, -0.02686
0.00941, -0.02709
0.00972, -0.02731
0.01003, -0.02754
0.01035, -0.02776
0.01067, -0.02798
0.01100, -0.02820
0.01133, -0.02842
0.01167, -0.02864
0.01201, -0.02885
0.01235, -0.02907
0.01270, -0.02928
0.01306, -0.02950
0.01342, -0.02971
0.01379, -0.02992
0.01416, -0.03013
0.01453, -0.03034
0.01491, -0.03055
0.01530, -0.03076
0.01569, -0.03097
0.01608, -0.03117
0.01648, -0.03138
0.01688, -0.03158
0.01729, -0.03178
0.01770, -0.03198
0.01812, -0.03218
0.01854, -0.03238
0.01897, -0.03258
0.01940, -0.03278
0.01984, -0.03297
0.02028, -0.03317
0.02073, -0.03336
0.02118, -0.03355
0.02164, -0.03374
0.02210, -0.03394
0.02256, -0.03412
0.02303, -0.03431
0.02351, -0.03450
0.02399, -0.03469
0.02447, -0.03487
0.02496, -0.03505
0.02546, -0.03524
0.02596, -0.03542
0.02646, -0.03560
0.02697, -0.03578
0.02748, -0.03595
0.02800, -0.03613
0.02852, -0.03631
0.02905, -0.03648
0.02958, -0.03665
0.03011, -0.03683
0.03065, -0.03700
0.03120, -0.03717
0.03175, -0.03734
0.03230, -0.03750
0.03286, -0.03767
0.03343, -0.03784
0.03400, -0.03800
0.03457, -0.03816
0.03515, -0.03832
0.03573, -0.03848
0.03632, -0.03864
0.03691, -0.03880
0.03750, -0.03896
0.03810, -0.03911
0.03871, -0.03927
0.03932, -0.03942
0.03993, -0.03957
0.04055, -0.03972
0.04118, -0.03987
0.04180, -0.04002
0.04244, -0.04017
0.04307, -0.04032
0.04371, -0.04046
0.04436, -0.04060
0.04501, -0.04075
0.04567, -0.04089
0.04632, -0.04103
0.04699, -0.04117
0.04766, -0.04130
0.04833, -0.04144
0.04901, -0.04157
0.04969, -0.04171
0.05038, -0.04184
0.05107, -0.04197
0.05176, -0.04210
0.05246, -0.04223
0.05316, -0.04236
0.05387, -0.04248
0.05459, -0.04261
0.05530, -0.04273
0.05602, -0.04285
0.05675, -0.04297
0.05748, -0.04309
0.05821, -0.04321
0.05895, -0.04333
0.05970, -0.04344
0.06044, -0.04356
0.06120, -0.04367
0.06195, -0.04378
0.06271, -0.04389
0.06348, -0.04400
0.06425, -0.04411
0.06502, -0.04422
0.06580, -0.04432
0.06658, -0.04443
0.06736, -0.04453
0.06815, -0.04463
0.06895, -0.04473
0.06975, -0.04483
0.07055, -0.04493
0.07136, -0.04502
0.07217, -0.04512
0.07299, -0.04521
0.07380, -0.04530
0.07463, -0.04540
0.07546, -0.04549
0.07629, -0.04557
0.07713, -0.04566
0.07797, -0.04575
0.07881, -0.04583
0.07966, -0.04591
0.08051, -0.04599
0.08137, -0.04607
0.08223, -0.04615
0.08309, -0.04623
0.08396, -0.04631
0.08484, -0.04638
0.08571, -0.04645
0.08660, -0.04653
0.08748, -0.04660
0.08837, -0.04667
0.08926, -0.04673
0.09016, -0.04680
0.09106, -0.04687
0.09197, -0.04693
0.09288, -0.04699
0.09379, -0.04705
0.09471, -0.04711
0.09563, -0.04717
0.09655, -0.04723
0.09748, -0.04728
0.09841, -0.04734
0.09935, -0.04739
0.10029, -0.04744
0.10123, -0.04749
0.10218, -0.04754
0.10313, -0.04759
0.10409, -0.04763
0.10505, -0.04768
0.10601, -0.04772
0.10698, -0.04776
0.10795, -0.04781
0.10893, -0.04784
0.10990, -0.04788
0.11089, -0.04792
0.11187, -0.04795
0.11286, -0.04799
0.11386, -0.04802
0.11485, -0.04805
0.11585, -0.04808
0.11686, -0.04811
0.11787, -0.04814
0.11888, -0.04816
0.11989, -0.04819
0.12091, -0.04821
0.12193, -0.04823
0.12296, -0.04825
0.12399, -0.04827
0.12502, -0.04829
0.12606, -0.04830
0.12710, -0.04832
0.12815, -0.04833
0.12919, -0.04834
0.13025, -0.04835
0.13130, -0.04836
0.13236, -0.04837
0.13342, -0.04838
0.13449, -0.04838
0.13555, -0.04838
0.13663, -0.04839
0.13770, -0.04839
0.13878, -0.04839
0.13986, -0.04839
0.14095, -0.04838
0.14204, -0.04838
0.14313, -0.04837
0.14423, -0.04837
0.14533, -0.04836
0.14644, -0.04835
0.14754, -0.04834
0.14865, -0.04832
0.14977, -0.04831
0.15089, -0.04829
0.15201, -0.04828
0.15314, -0.04826
0.15426, -0.04824
0.15540, -0.04822
0.15653, -0.04819
0.15767, -0.04817
0.15882, -0.04814
0.15996, -0.04812
0.16111, -0.04809
0.16227, -0.04806
0.16343, -0.04803
0.16459, -0.04799
0.16575, -0.04796
0.16692, -0.04792
0.16809, -0.04789
0.16926, -0.04785
0.17044, -0.04781
0.17162, -0.04777
0.17281, -0.04772
0.17400, -0.04768
0.17519, -0.04763
0.17638, -0.04759
0.17758, -0.04754
0.17878, -0.04749
0.17999, -0.04743
0.18120, -0.04738
0.18241, -0.04733
0.18362, -0.04727
0.18484, -0.04721
0.18606, -0.04715
0.18729, -0.04709
0.18851, -0.04703
0.18975, -0.04696
0.19098, -0.04690
0.19222, -0.04683
0.19346, -0.04676
0.19470, -0.04669
0.19595, -0.04662
0.19720, -0.04654
0.19846, -0.04647
0.19971, -0.04639
0.20097, -0.04631
0.20224, -0.04623
0.20350, -0.04615
0.20477, -0.04606
0.20605, -0.04598
0.20732, -0.04589
0.20860, -0.04580
0.20988, -0.04571
0.21116, -0.04562
0.21244, -0.04553
0.21372, -0.04544
0.21501, -0.04534
0.21629, -0.04525
0.21758, -0.04515
0.21887, -0.04505
0.22016, -0.04495
0.22145, -0.04485
0.22274, -0.04475
0.22404, -0.04465
0.22533, -0.04454
0.22663, -0.04444
0.22792, -0.04433
0.22922, -0.04423
0.23052, -0.04412
0.23182, -0.04401
0.23312, -0.04391
0.23442, -0.04380
0.23572, -0.04369
0.23702, -0.04358
0.23832, -0.04347
0.23963, -0.04336
0.24093, -0.04324
0.24224, -0.04313
0.24355, -0.04302
0.24485, -0.04291
0.24616, -0.04280
0.24747, -0.04268
0.24878, -0.04257
0.25009, -0.04246
0.25140, -0.04234
0.25271, -0.04223
0.25402, -0.04212
0.25533, -0.04200
0.25664, -0.04189
0.25795, -0.04178
0.25927, -0.04167
0.26058, -0.04155
0.26189, -0.04144
0.26321, -0.04133
0.26452, -0.04122
0.26583, -0.04111
0.26715, -0.04100
0.26846, -0.04089
0.26978, -0.04078
0.27109, -0.04067
0.27241, -0.04056
0.27373, -0.04045
0.27505, -0.04034
0.27637, -0.04024
0.27769, -0.04013
0.27902, -0.04003
0.28035, -0.03992
0.28168, -0.03982
0.28301, -0.03971
0.28435, -0.03961
0.28568, -0.03951
0.28702, -0.03940
0.28837, -0.03930
0.28971, -0.03920
0.29106, -0.03910
0.29241, -0.03900
0.29376, -0.03890
0.29511, -0.03880
0.29647, -0.03870
0.29783, -0.03860
0.29919, -0.03851
0.30055, -0.03841
0.30192, -0.03831
0.30329, -0.03822
0.30466, -0.03812
0.30603, -0.03803
0.30740, -0.03793
0.30878, -0.03784
0.31016, -0.03775
0.31154, -0.03765
0.31292, -0.03756
0.31431, -0.03747
0.31570, -0.03738
0.31709, -0.03729
0.31848, -0.03720
0.31987, -0.03711
0.32127, -0.03702
0.32267, -0.03693
0.32407, -0.03684
0.32547, -0.03675
0.32688, -0.03667
0.32829, -0.03658
0.32969, -0.03649
0.33110, -0.03641
0.33252, -0.03632
0.33393, -0.03624
0.33534, -0.03615
0.33675, -0.03607
0.33817, -0.03599
0.33958, -0.03591
0.34100, -0.03583
0.34242, -0.03575
0.34383, -0.03567
0.34526, -0.03559
0.34668, -0.03551
0.34810, -0.03543
0.34953, -0.03536
0.35096, -0.03528
0.35239, -0.03521
0.35382, -0.03513
0.35525, -0.03506
0.35668, -0.03499
0.35812, -0.03492
0.35956, -0.03485
0.36100, -0.03478
0.36244, -0.03471
0.36388, -0.03464
0.36533, -0.03457
0.36677, -0.03450
0.36822, -0.03444
0.36967, -0.03437
0.37112, -0.03431
0.37258, -0.03424
0.37403, -0.03418
0.37549, -0.03412
0.37695, -0.03405
0.37841, -0.03399
0.37987, -0.03393
0.38133, -0.03387
0.38280, -0.03381
0.38427, -0.03376
0.38574, -0.03370
0.38721, -0.03364
0.38868, -0.03359
0.39016, -0.03353
0.39164, -0.03348
0.39312, -0.03342
0.39460, -0.03337
0.39608, -0.03332
0.39756, -0.03326
0.39905, -0.03321
0.40054, -0.03316
0.40203, -0.03311
0.40352, -0.03306
0.40501, -0.03301
0.40651, -0.03296
0.40801, -0.03292
0.40951, -0.03287
0.41101, -0.03282
0.41251, -0.03277
0.41402, -0.03273
0.41552, -0.03268
0.41703, -0.03264
0.41854, -0.03259
0.42005, -0.03255
0.42157, -0.03250
0.42308, -0.03246
0.42460, -0.03242
0.42612, -0.03237
0.42764, -0.03233
0.42916, -0.03229
0.43068, -0.03225
0.43221, -0.03220
0.43374, -0.03216
0.43527, -0.03212
0.43680, -0.03208
0.43833, -0.03204
0.43986, -0.03200
0.44140, -0.03196
0.44293, -0.03192
0.44447, -0.03188
0.44601, -0.03184
0.44755, -0.03180
0.44910, -0.03176
0.45064, -0.03172
0.45219, -0.03168
0.45373, -0.03164
0.45528, -0.03160
0.45683, -0.03156
0.45838, -0.03152
0.45993, -0.03148
0.46149, -0.03144
0.46304, -0.03139
0.46460, -0.03135
0.46616, -0.03131
0.46772, -0.03127
0.46928, -0.03123
0.47084, -0.03119
0.47240, -0.03115
0.47396, -0.03110
0.47553, -0.03106
0.47709, -0.03102
0.47866, -0.03098
0.48022, -0.03093
0.48179, -0.03089
0.48336, -0.03085
0.48493, -0.03080
0.48650, -0.03076
0.48807, -0.03071
0.48965, -0.03066
0.49122, -0.03062
0.49279, -0.03057
0.49437, -0.03052
0.49594, -0.03048
0.49752, -0.03043
0.49910, -0.03038
0.50067, -0.03033
0.50225, -0.03028
0.50383, -0.03023
0.50541, -0.03018
0.50699, -0.03013
0.50857, -0.03007
0.51015, -0.03002
0.51173, -0.02997
0.51331, -0.02991
0.51489, -0.02986
0.51647, -0.02980
0.51805, -0.02974
0.51964, -0.02969
0.52122, -0.02963
0.52280, -0.02957
0.52438, -0.02951
0.52596, -0.02945
0.52755, -0.02939
0.52913, -0.02933
0.53071, -0.02927
0.53229, -0.02920
0.53388, -0.02914
0.53546, -0.02907
0.53704, -0.02901
0.53862, -0.02894
0.54021, -0.02887
0.54179, -0.02881
0.54337, -0.02874
0.54495, -0.02867
0.54653, -0.02860
0.54811, -0.02853
0.54970, -0.02845
0.55128, -0.02838
0.55286, -0.02831
0.55444, -0.02823
0.55601, -0.02815
0.55759, -0.02808
0.55917, -0.02800
0.56075, -0.02792
0.56233, -0.02784
0.56390, -0.02776
0.56548, -0.02768
0.56706, -0.02760
0.56863, -0.02752
0.57021, -0.02743
0.57178, -0.02735
0.57335, -0.02726
0.57493, -0.02718
0.57650, -0.02709
0.57807, -0.02700
0.57964, -0.02691
0.58121, -0.02682
0.58278, -0.02673
0.58435, -0.02664
0.58591, -0.02654
0.58748, -0.02645
0.58904, -0.02636
0.59061, -0.02626
0.59217, -0.02616
0.59374, -0.02607
0.59530, -0.02597
0.59686, -0.02587
0.59842, -0.02577
0.59998, -0.02567
0.60154, -0.02557
0.60309, -0.02547
0.60465, -0.02536
0.60621, -0.02526
0.60776, -0.02515
0.60931, -0.02505
0.61086, -0.02494
0.61242, -0.02483
0.61396, -0.02472
0.61551, -0.02461
0.61706, -0.02450
0.61861, -0.02439
0.62015, -0.02428
0.62170, -0.02416
0.62324, -0.02405
0.62478, -0.02394
0.62632, -0.02382
0.62786, -0.02370
0.62940, -0.02359
0.63094, -0.02347
0.63247, -0.02335
0.63401, -0.02323
0.63554, -0.02311
0.63707, -0.02298
0.63860, -0.02286
0.64013, -0.02274
0.64166, -0.02261
0.64319, -0.02249
0.64471, -0.02236
0.64624, -0.02223
0.64776, -0.02210
0.64930, -0.02197
0.65092, -0.02184
0.65280, -0.02170
0.65540, -0.02151
0.65935, -0.02113
0.66484, -0.02020
0.67076, -0.01852
0.67514, -0.01676
0.67670, -0.01594
0.67549, -0.01622
0.67277, -0.01681
0.67045, -0.01707
0.66962, -0.01702
0.67008, -0.01687
0.67123, -0.01671
0.67265, -0.01654
0.67413, -0.01637
0.67562, -0.01619
0.67712, -0.01602
0.67861, -0.01584
0.68010, -0.01567
0.68159, -0.01549
0.68307, -0.01531
0.68455, -0.01513
0.68603, -0.01495
0.68750, -0.01477
0.68897, -0.01459
0.69044, -0.01441
0.69191, -0.01423
0.69337, -0.01404
0.69483, -0.01386
0.69629, -0.01368
0.69774, -0.01349
0.69919, -0.01331
0.70064, -0.01312
0.70209, -0.01293
0.70353, -0.01275
0.70497, -0.01256
0.70641, -0.01237
0.70784, -0.01219
0.70927, -0.01200
0.71070, -0.01181
0.71212, -0.01162
0.71354, -0.01144
0.71496, -0.01125
0.71638, -0.01106
0.71779, -0.01087
0.71920, -0.01068
0.72061, -0.01050
0.72201, -0.01031
0.72342, -0.01012
0.72481, -0.00993
0.72621, -0.00975
0.72760, -0.00956
0.72899, -0.00937
0.73038, -0.00919
0.73176, -0.00900
0.73314, -0.00882
0.73452, -0.00863
0.73590, -0.00845
0.73727, -0.00827
0.73864, -0.00808
0.74000, -0.00790
0.74137, -0.00772
0.74273, -0.00754
0.74408, -0.00735
0.74544, -0.00717
0.74679, -0.00700
0.74814, -0.00682
0.74948, -0.00664
0.75083, -0.00646
0.75217, -0.00628
0.75350, -0.00611
0.75484, -0.00593
0.75617, -0.00576
0.75750, -0.00559
0.75883, -0.00541
0.76016, -0.00524
0.76148, -0.00507
0.76281, -0.00490
0.76412, -0.00473
0.76544, -0.00456
0.76676, -0.00439
0.76807, -0.00423
0.76938, -0.00406
0.77069, -0.00389
0.77199, -0.00373
0.77330, -0.00356
0.77460, -0.00340
0.77589, -0.00324
0.77719, -0.00307
0.77848, -0.00291
0.77977, -0.00275
0.78106, -0.00259
0.78235, -0.00243
0.78363, -0.00227
0.78491, -0.00211
0.78619, -0.00196
0.78746, -0.00180
0.78873, -0.00164
0.79000, -0.00149
0.79127, -0.00133
0.79254, -0.00118
0.79380, -0.00103
0.79506, -0.00087
0.79631, -0.00072
0.79757, -0.00057
0.79882, -0.00042
0.80007, -0.00027
0.80131, -0.00012
0.80256, 0.00003
0.80380, 0.00018
0.80503, 0.00033
0.80627, 0.00048
0.80750, 0.00062
0.80873, 0.00077
0.80995, 0.00092
0.81118, 0.00106
0.81240, 0.00121
0.81361, 0.00135
0.81483, 0.00149
0.81604, 0.00164
0.81725, 0.00178
0.81845, 0.00192
0.81966, 0.00206
0.82086, 0.00220
0.82205, 0.00234
0.82325, 0.00248
0.82444, 0.00262
0.82562, 0.00276
0.82681, 0.00289
0.82799, 0.00303
0.82917, 0.00317
0.83034, 0.00330
0.83152, 0.00344
0.83268, 0.00358
0.83385, 0.00371
0.83501, 0.00384
0.83617, 0.00398
0.83733, 0.00411
0.83848, 0.00424
0.83963, 0.00437
0.84078, 0.00451
0.84192, 0.00464
0.84306, 0.00477
0.84420, 0.00490
0.84533, 0.00503
0.84646, 0.00515
0.84758, 0.00528
0.84871, 0.00541
0.84983, 0.00554
0.85094, 0.00566
0.85205, 0.00579
0.85316, 0.00592
0.85427, 0.00604
0.85537, 0.00616
0.85647, 0.00629
0.85757, 0.00641
0.85866, 0.00653
0.85975, 0.00666
0.86083, 0.00678
0.86191, 0.00690
0.86299, 0.00702
0.86407, 0.00714
0.86514, 0.00726
0.86620, 0.00738
0.86727, 0.00749
0.86833, 0.00761
0.86938, 0.00773
0.87044, 0.00785
0.87149, 0.00796
0.87253, 0.00808
0.87357, 0.00819
0.87461, 0.00831
0.87565, 0.00842
0.87668, 0.00853
0.87771, 0.00864
0.87873, 0.00876
0.87975, 0.00887
0.88077, 0.00898
0.88178, 0.00909
0.88279, 0.00920
0.88380, 0.00931
0.88480, 0.00942
0.88580, 0.00952
0.88679, 0.00963
0.88778, 0.00974
0.88877, 0.00984
0.88975, 0.00995
0.89073, 0.01006
0.89171, 0.01016
0.89268, 0.01026
0.89364, 0.01037
0.89461, 0.01047
0.89557, 0.01057
0.89653, 0.01067
0.89748, 0.01077
0.89843, 0.01087
0.89937, 0.01097
0.90031, 0.01107
0.90125, 0.01117
0.90218, 0.01127
0.90311, 0.01137
0.90404, 0.01147
0.90496, 0.01156
0.90587, 0.01166
0.90679, 0.01175
0.90770, 0.01185
0.90860, 0.01194
0.90950, 0.01204
0.91040, 0.01213
0.91129, 0.01222
0.91218, 0.01231
0.91307, 0.01240
0.91395, 0.01249
0.91483, 0.01258
0.91570, 0.01267
0.91657, 0.01276
0.91744, 0.01285
0.91830, 0.01294
0.91915, 0.01303
0.92001, 0.01311
0.92086, 0.01320
0.92170, 0.01329
0.92254, 0.01337
0.92338, 0.01346
0.92421, 0.01354
0.92504, 0.01362
0.92586, 0.01371
0.92668, 0.01379
0.92750, 0.01387
0.92831, 0.01395
0.92912, 0.01403
0.92992, 0.01411
0.93072, 0.01419
0.93151, 0.01427
0.93231, 0.01435
0.93309, 0.01443
0.93387, 0.01450
0.93465, 0.01458
0.93543, 0.01466
0.93619, 0.01473
0.93696, 0.01481
0.93772, 0.01488
0.93848, 0.01496
0.93923, 0.01503
0.93998, 0.01510
0.94072, 0.01517
0.94146, 0.01525
0.94220, 0.01532
0.94293, 0.01539
0.94365, 0.01546
0.94437, 0.01553
0.94509, 0.01560
0.94581, 0.01566
0.94651, 0.01573
0.94722, 0.01580
0.94792, 0.01587
0.94862, 0.01593
0.94931, 0.01600
0.94999, 0.01606
0.95068, 0.01613
0.95135, 0.01619
0.95203, 0.01626
0.95270, 0.01632
0.95336, 0.01638
0.95402, 0.01645
0.95468, 0.01651
0.95533, 0.01657
0.95598, 0.01663
0.95662, 0.01669
0.95726, 0.01675
0.95789, 0.01681
0.95852, 0.01687
0.95914, 0.01692
0.95976, 0.01698
0.96038, 0.01704
0.96099, 0.01710
0.96160, 0.01715
0.96220, 0.01721
0.96280, 0.01726
0.96339, 0.01732
0.96398, 0.01737
0.96456, 0.01742
0.96514, 0.01748
0.96571, 0.01753
0.96628, 0.01758
0.96685, 0.01763
0.96741, 0.01768
0.96796, 0.01773
0.96852, 0.01778
0.96906, 0.01783
0.96961, 0.01788
0.97014, 0.01793
0.97068, 0.01798
0.97120, 0.01803
0.97173, 0.01807
0.97225, 0.01812
0.97276, 0.01817
0.97327, 0.01821
0.97378, 0.01826
0.97428, 0.01830
0.97477, 0.01835
0.97526, 0.01839
0.97575, 0.01843
0.97623, 0.01848
0.97671, 0.01852
0.97718, 0.01856
0.97765, 0.01860
0.97811, 0.01864
0.97857, 0.01868
0.97902, 0.01872
0.97947, 0.01876
0.97991, 0.01880
0.98035, 0.01884
0.98078, 0.01888
0.98121, 0.01891
0.98164, 0.01895
0.98206, 0.01899
0.98247, 0.01902
0.98288, 0.01906
0.98329, 0.01909
0.98369, 0.01913
0.98409, 0.01916
0.98448, 0.01920
0.98486, 0.01923
0.98525, 0.01926
0.98562, 0.01930
0.98599, 0.01933
0.98636, 0.01936
0.98672, 0.01939
0.98708, 0.01942
0.98743, 0.01945
0.98778, 0.01948
0.98812, 0.01951
0.98846, 0.01954
0.98880, 0.01957
0.98912, 0.01960
0.98945, 0.01962
0.98977, 0.01965
0.99008, 0.01968
0.99039, 0.01970
0.99069, 0.01973
0.99099, 0.01976
0.99129, 0.01978
0.99158, 0.01980
0.99186, 0.01983
0.99214, 0.01985
0.99242, 0.01988
0.99269, 0.01990
0.99295, 0.01992
0.99321, 0.01994
0.99347, 0.01996
0.99372, 0.01998
0.99396, 0.02001
0.99420, 0.02003
0.99444, 0.02005
0.99467, 0.02006
0.99489, 0.02008
0.99511, 0.02010
0.99533, 0.02012
0.99554, 0.02014
0.99575, 0.02015
0.99595, 0.02017
0.99615, 0.02019
0.99634, 0.02020
0.99652, 0.02022
0.99670, 0.02023
0.99688, 0.02025
0.99705, 0.02026
0.99722, 0.02028
0.99738, 0.02029
0.99754, 0.02030
0.99769, 0.02032
0.99783, 0.02033
0.99798, 0.02034
0.99811, 0.02035
0.99825, 0.02036
0.99837, 0.02037
0.99849, 0.02038
0.99861, 0.02039
0.99872, 0.02040
0.99883, 0.02041
0.99893, 0.02042
0.99903, 0.02043
0.99912, 0.02043
0.99921, 0.02044
0.99929, 0.02045
0.99937, 0.02045
0.99944, 0.02046
0.99951, 0.02047
0.99957, 0.02047
0.99963, 0.02048
0.99968, 0.02048
0.99973, 0.02048
0.99977, 0.02049
0.99981, 0.02049
0.99984, 0.02049
0.99987, 0.02050
0.99989, 0.02050
0.99990, 0.02050
0.99991, 0.02050
0.99989, 0.02050
0.99988, 0.02050
