=== Airfoil Parameters ===
m = 0.02
p = 0.4
t = 0.12

=== Control Points ===
0.00000, 0.01301, 0.01301
0.06667, 0.01859, 0.01248
0.13333, 0.02253, 0.01142
0.20000, 0.02486, 0.00986
0.26667, 0.02569, 0.00791
0.66667, 0.02176, 0.00571
0.75000, 0.01668, 0.00349
0.83333, 0.01107, 0.00150
0.91667, 0.00517, 0.00000
1.00000, -0.00080, -0.00080

=== Upper Surface ===
0.00000, 0.01301
-0.00004, 0.01329
-0.00005, 0.01357
-0.00006, 0.01385
-0.00007, 0.01413
-0.00007, 0.01441
-0.00007, 0.01469
-0.00007, 0.01497
-0.00006, 0.01525
-0.00004, 0.01553
-0.00002, 0.01581
0.00001, 0.01609
0.00004, 0.01637
0.00007, 0.01665
0.00011, 0.01693
0.00016, 0.01721
0.00021, 0.01749
0.00026, 0.01777
0.00032, 0.01805
0.00039, 0.01833
0.00046, 0.01861
0.00054, 0.01889
0.00062, 0.01917
0.00070, 0.01945
0.00079, 0.01973
0.00089, 0.02001
0.00099, 0.02029
0.00109, 0.02058
0.00120, 0.02086
0.00132, 0.02114
0.00144, 0.02142
0.00157, 0.02170
0.00170, 0.02198
0.00183, 0.02226
0.00197, 0.02255
0.00212, 0.02283
0.00227, 0.02311
0.00242, 0.02339
0.00258, 0.02367
0.00275, 0.02396
0.00292, 0.02424
0.00310, 0.02452
0.00328, 0.02480
0.00346, 0.02508
0.00365, 0.02537
0.00385, 0.02565
0.00405, 0.02593
0.00426, 0.02621
0.00447, 0.02649
0.00468, 0.02678
0.00490, 0.02706
0.00513, 0.02734
0.00536, 0.02762
0.00559, 0.02790
0.00583, 0.02819
0.00608, 0.02847
0.00633, 0.02875
0.00659, 0.02903
0.00685, 0.02931
0.00711, 0.02960
0.00738, 0.02988
0.00766, 0.03016
0.00794, 0.03044
0.00823, 0.03072
0.00852, 0.03101
0.00881, 0.03129
0.00911, 0.03157
0.00942, 0.03185
0.00973, 0.03213
0.01004, 0.03241
0.01036, 0.03270
0.01069, 0.03298
0.01102, 0.03326
0.01135, 0.03354
0.01169, 0.03382
0.01204, 0.03410
0.01239, 0.03438
0.01275, 0.03466
0.01311, 0.03494
0.01347, 0.03522
0.01384, 0.03551
0.01422, 0.03579
0.01460, 0.03607
0.01498, 0.03635
0.01537, 0.03663
0.01576, 0.03691
0.01616, 0.03719
0.01657, 0.03746
0.01698, 0.03774
0.01739, 0.03802
0.01781, 0.03830
0.01824, 0.03858
0.01867, 0.03886
0.01910, 0.03914
0.01954, 0.03942
0.01998, 0.03969
0.02043, 0.03997
0.02089, 0.04025
0.02134, 0.04053
0.02181, 0.04080
0.02228, 0.04108
0.02275, 0.04136
0.02323, 0.04163
0.02371, 0.04191
0.02420, 0.04219
0.02469, 0.04246
0.02519, 0.04274
0.02569, 0.04301
0.02620, 0.04329
0.02671, 0.04356
0.02723, 0.04384
0.02775, 0.04411
0.02828, 0.04438
0.02881, 0.04466
0.02934, 0.04493
0.02989, 0.04520
0.03043, 0.04548
0.03098, 0.04575
0.03154, 0.04602
0.03210, 0.04629
0.03266, 0.04656
0.03323, 0.04683
0.03381, 0.04710
0.03439, 0.04737
0.03497, 0.04764
0.03556, 0.04791
0.03616, 0.04818
0.03675, 0.04845
0.03736, 0.04872
0.03797, 0.04898
0.03858, 0.04925
0.03920, 0.04952
0.03982, 0.04978
0.04045, 0.05005
0.04108, 0.05032
0.04171, 0.05058
0.04236, 0.05085
0.04300, 0.05111
0.04365, 0.05137
0.04431, 0.05164
0.04497, 0.05190
0.04563, 0.05216
0.04630, 0.05242
0.04698, 0.05268
0.04766, 0.05294
0.04834, 0.05320
0.04903, 0.05346
0.04972, 0.05372
0.05042, 0.05398
0.05112, 0.05424
0.05183, 0.05450
0.05254, 0.05475
0.05325, 0.05501
0.05397, 0.05526
0.05470, 0.05552
0.05543, 0.05577
0.05616, 0.05603
0.05690, 0.05628
0.05764, 0.05653
0.05839, 0.05679
0.05915, 0.05704
0.05990, 0.05729
0.06066, 0.05754
0.06143, 0.05779
0.06220, 0.05804
0.06298, 0.05828
0.06376, 0.05853
0.06454, 0.05878
0.06533, 0.05902
0.06612, 0.05927
0.06692, 0.05951
0.06772, 0.05976
0.06853, 0.06000
0.06934, 0.06024
0.07015, 0.06049
0.07097, 0.06073
0.07180, 0.06097
0.07263, 0.06121
0.07346, 0.06145
0.07430, 0.06168
0.07514, 0.06192
0.07599, 0.06216
0.07684, 0.06239
0.07769, 0.06263
0.07855, 0.06286
0.07942, 0.06310
0.08029, 0.06333
0.08116, 0.06356
0.08203, 0.06379
0.08292, 0.06402
0.08380, 0.06425
0.08469, 0.06448
0.08559, 0.06471
0.08648, 0.06493
0.08739, 0.06516
0.08829, 0.06538
0.08920, 0.06561
0.09012, 0.06583
0.09104, 0.06605
0.09196, 0.06627
0.09289, 0.06649
0.09382, 0.06671
0.09476, 0.06693
0.09570, 0.06715
0.09665, 0.06737
0.09760, 0.06758
0.09855, 0.06780
0.09951, 0.06801
0.10047, 0.06822
0.10143, 0.06843
0.10240, 0.06864
0.10338, 0.06885
0.10436, 0.06906
0.10534, 0.06927
0.10632, 0.06948
0.10731, 0.06968
0.10831, 0.06989
0.10931, 0.07009
0.11031, 0.07029
0.11131, 0.07050
0.11233, 0.07070
0.11334, 0.07090
0.11436, 0.07109
0.11538, 0.07129
0.11641, 0.07149
0.11744, 0.07168
0.11847, 0.07188
0.11951, 0.07207
0.12055, 0.07226
0.12160, 0.07245
0.12265, 0.07264
0.12370, 0.07283
0.12476, 0.07302
0.12582, 0.07321
0.12689, 0.07339
0.12796, 0.07357
0.12903, 0.07376
0.13011, 0.07394
0.13119, 0.07412
0.13227, 0.07430
0.13336, 0.07448
0.13445, 0.07466
0.13555, 0.07483
0.13665, 0.07501
0.13775, 0.07518
0.13886, 0.07535
0.13997, 0.07552
0.14109, 0.07569
0.14221, 0.07586
0.14333, 0.07603
0.14446, 0.07619
0.14559, 0.07636
0.14672, 0.07652
0.14786, 0.07669
0.14900, 0.07685
0.15015, 0.07701
0.15130, 0.07716
0.15245, 0.07732
0.15361, 0.07748
0.15477, 0.07763
0.15593, 0.07779
0.15710, 0.07794
0.15827, 0.07809
0.15945, 0.07824
0.16063, 0.07838
0.16181, 0.07853
0.16300, 0.07868
0.16419, 0.07882
0.16538, 0.07896
0.16658, 0.07910
0.16778, 0.07924
0.16898, 0.07938
0.17019, 0.07952
0.17140, 0.07965
0.17262, 0.07978
0.17383, 0.07992
0.17506, 0.08005
0.17628, 0.08018
0.17751, 0.08030
0.17874, 0.08043
0.17998, 0.08055
0.18122, 0.08068
0.18246, 0.08080
0.18371, 0.08092
0.18496, 0.08104
0.18621, 0.08115
0.18747, 0.08127
0.18872, 0.08138
0.18999, 0.08150
0.19125, 0.08161
0.19252, 0.08172
0.19380, 0.08182
0.19507, 0.08193
0.19635, 0.08203
0.19764, 0.08214
0.19892, 0.08224
0.20021, 0.08234
0.20150, 0.08244
0.20280, 0.08253
0.20409, 0.08263
0.20539, 0.08272
0.20669, 0.08281
0.20800, 0.08290
0.20930, 0.08299
0.21061, 0.08308
0.21192, 0.08316
0.21323, 0.08324
0.21455, 0.08333
0.21587, 0.08341
0.21719, 0.08348
0.21851, 0.08356
0.21983, 0.08364
0.22116, 0.08371
0.22249, 0.08379
0.22382, 0.08386
0.22515, 0.08393
0.22649, 0.08400
0.22782, 0.08406
0.22916, 0.08413
0.23050, 0.08419
0.23185, 0.08426
0.23319, 0.08432
0.23454, 0.08438
0.23589, 0.08444
0.23724, 0.08450
0.23859, 0.08455
0.23995, 0.08461
0.24130, 0.08466
0.24266, 0.08472
0.24402, 0.08477
0.24538, 0.08482
0.24675, 0.08487
0.24811, 0.08491
0.24948, 0.08496
0.25085, 0.08501
0.25222, 0.08505
0.25359, 0.08510
0.25497, 0.08514
0.25635, 0.08518
0.25772, 0.08522
0.25910, 0.08526
0.26048, 0.08530
0.26187, 0.08533
0.26325, 0.08537
0.26464, 0.08541
0.26602, 0.08544
0.26741, 0.08547
0.26881, 0.08551
0.27020, 0.08554
0.27160, 0.08557
0.27299, 0.08560
0.27440, 0.08563
0.27580, 0.08566
0.27720, 0.08568
0.27861, 0.08571
0.28002, 0.08573
0.28143, 0.08576
0.28285, 0.08578
0.28427, 0.08580
0.28569, 0.08583
0.28711, 0.08585
0.28853, 0.08587
0.28996, 0.08589
0.29138, 0.08590
0.29281, 0.08592
0.29425, 0.08594
0.29568, 0.08595
0.29712, 0.08597
0.29856, 0.08598
0.30000, 0.08599
0.30144, 0.08600
0.30289, 0.08602
0.30433, 0.08602
0.30578, 0.08603
0.30723, 0.08604
0.30869, 0.08605
0.31014, 0.08605
0.31160, 0.08606
0.31306, 0.08606
0.31452, 0.08607
0.31598, 0.08607
0.31745, 0.08607
0.31892, 0.08607
0.32038, 0.08607
0.32185, 0.08607
0.32333, 0.08607
0.32480, 0.08606
0.32628, 0.08606
0.32776, 0.08605
0.32925, 0.08605
0.33074, 0.08604
0.33223, 0.08603
0.33373, 0.08602
0.33523, 0.08601
0.33673, 0.08600
0.33824, 0.08599
0.33974, 0.08597
0.34125, 0.08595
0.34276, 0.08594
0.34428, 0.08592
0.34579, 0.08590
0.34731, 0.08588
0.34882, 0.08585
0.35034, 0.08583
0.35187, 0.08580
0.35339, 0.08578
0.35491, 0.08575
0.35644, 0.08572
0.35797, 0.08569
0.35950, 0.08566
0.36103, 0.08562
0.36256, 0.08559
0.36410, 0.08555
0.36563, 0.08551
0.36717, 0.08547
0.36871, 0.08543
0.37025, 0.08539
0.37179, 0.08534
0.37334, 0.08530
0.37488, 0.08525
0.37643, 0.08521
0.37798, 0.08516
0.37953, 0.08510
0.38108, 0.08505
0.38263, 0.08500
0.38418, 0.08494
0.38573, 0.08489
0.38729, 0.08483
0.38885, 0.08477
0.39040, 0.08471
0.39196, 0.08465
0.39352, 0.08458
0.39508, 0.08452
0.39665, 0.08445
0.39821, 0.08438
0.39977, 0.08431
0.40134, 0.08424
0.40290, 0.08417
0.40447, 0.08409
0.40604, 0.08402
0.40761, 0.08394
0.40918, 0.08386
0.41075, 0.08378
0.41232, 0.08370
0.41389, 0.08362
0.41546, 0.08354
0.41704, 0.08345
0.41861, 0.08336
0.42019, 0.08328
0.42176, 0.08319
0.42334, 0.08309
0.42491, 0.08300
0.42649, 0.08291
0.42807, 0.08281
0.42965, 0.08272
0.43123, 0.08262
0.43281, 0.08252
0.43439, 0.08242
0.43597, 0.08232
0.43755, 0.08221
0.43913, 0.08211
0.44071, 0.08200
0.44229, 0.08190
0.44388, 0.08179
0.44546, 0.08168
0.44704, 0.08157
0.44862, 0.08145
0.45021, 0.08134
0.45179, 0.08122
0.45337, 0.08111
0.45496, 0.08099
0.45654, 0.08087
0.45813, 0.08075
0.45971, 0.08063
0.46130, 0.08051
0.46288, 0.08038
0.46446, 0.08026
0.46605, 0.08013
0.46763, 0.08001
0.46922, 0.07988
0.47080, 0.07975
0.47239, 0.07962
0.47397, 0.07949
0.47555, 0.07936
0.47714, 0.07922
0.47872, 0.07909
0.48030, 0.07895
0.48189, 0.07882
0.48347, 0.07868
0.48505, 0.07854
0.48664, 0.07840
0.48822, 0.07826
0.48980, 0.07812
0.49138, 0.07797
0.49296, 0.07783
0.49454, 0.07769
0.49612, 0.07754
0.49770, 0.07740
0.49928, 0.07725
0.50086, 0.07710
0.50244, 0.07695
0.50402, 0.07680
0.50560, 0.07665
0.50718, 0.07650
0.50876, 0.07635
0.51033, 0.07620
0.51191, 0.07604
0.51348, 0.07589
0.51506, 0.07573
0.51663, 0.07558
0.51821, 0.07542
0.51978, 0.07527
0.52135, 0.07511
0.52293, 0.07495
0.52450, 0.07479
0.52607, 0.07463
0.52764, 0.07447
0.52921, 0.07431
0.53078, 0.07415
0.53235, 0.07399
0.53391, 0.07383
0.53548, 0.07367
0.53705, 0.07350
0.53861, 0.07334
0.54018, 0.07318
0.54174, 0.07301
0.54331, 0.07285
0.54487, 0.07268
0.54643, 0.07252
0.54799, 0.07235
0.54955, 0.07218
0.55111, 0.07202
0.55267, 0.07185
0.55423, 0.07168
0.55578, 0.07152
0.55734, 0.07135
0.55890, 0.07118
0.56045, 0.07101
0.56200, 0.07084
0.56356, 0.07067
0.56511, 0.07050
0.56666, 0.07033
0.56821, 0.07016
0.56976, 0.06999
0.57131, 0.06982
0.57286, 0.06965
0.57440, 0.06948
0.57595, 0.06931
0.57750, 0.06914
0.57904, 0.06897
0.58058, 0.06880
0.58213, 0.06863
0.58367, 0.06845
0.58521, 0.06828
0.58675, 0.06811
0.58829, 0.06794
0.58982, 0.06777
0.59136, 0.06760
0.59290, 0.06742
0.59443, 0.06725
0.59596, 0.06708
0.59750, 0.06691
0.59903, 0.06673
0.60056, 0.06656
0.60209, 0.06639
0.60362, 0.06622
0.60515, 0.06604
0.60667, 0.06587
0.60820, 0.06570
0.60973, 0.06552
0.61125, 0.06535
0.61277, 0.06518
0.61429, 0.06501
0.61582, 0.06483
0.61733, 0.06466
0.61885, 0.06449
0.62037, 0.06431
0.62189, 0.06414
0.62340, 0.06397
0.62492, 0.06379
0.62643, 0.06362
0.62794, 0.06345
0.62946, 0.06327
0.63097, 0.06310
0.63247, 0.06293
0.63398, 0.06275
0.63549, 0.06258
0.63700, 0.06241
0.63850, 0.06223
0.64000, 0.06206
0.64151, 0.06189
0.64301, 0.06171
0.64451, 0.06154
0.64601, 0.06137
0.64750, 0.06119
0.64900, 0.06102
0.65048, 0.06084
0.65189, 0.06067
0.65305, 0.06051
0.65358, 0.06037
0.65291, 0.06019
0.65085, 0.05983
0.64836, 0.05919
0.64731, 0.05876
0.64900, 0.05920
0.65338, 0.06032
0.65911, 0.06125
0.66428, 0.06154
0.66797, 0.06143
0.67043, 0.06122
0.67225, 0.06099
0.67382, 0.06077
0.67532, 0.06055
0.67681, 0.06034
0.67829, 0.06012
0.67977, 0.05990
0.68125, 0.05968
0.68272, 0.05946
0.68419, 0.05924
0.68566, 0.05901
0.68713, 0.05879
0.68860, 0.05857
0.69006, 0.05834
0.69152, 0.05812
0.69298, 0.05790
0.69444, 0.05767
0.69590, 0.05745
0.69735, 0.05722
0.69880, 0.05699
0.70025, 0.05677
0.70169, 0.05654
0.70313, 0.05631
0.70457, 0.05608
0.70601, 0.05585
0.70745, 0.05563
0.70888, 0.05540
0.71031, 0.05517
0.71174, 0.05494
0.71317, 0.05471
0.71459, 0.05448
0.71601, 0.05425
0.71743, 0.05402
0.71885, 0.05378
0.72026, 0.05355
0.72168, 0.05332
0.72308, 0.05309
0.72449, 0.05286
0.72589, 0.05263
0.72730, 0.05240
0.72870, 0.05216
0.73009, 0.05193
0.73149, 0.05170
0.73288, 0.05147
0.73427, 0.05124
0.73565, 0.05100
0.73704, 0.05077
0.73842, 0.05054
0.73980, 0.05031
0.74117, 0.05007
0.74254, 0.04984
0.74391, 0.04961
0.74528, 0.04938
0.74665, 0.04915
0.74801, 0.04891
0.74937, 0.04868
0.75073, 0.04845
0.75208, 0.04822
0.75344, 0.04799
0.75478, 0.04776
0.75613, 0.04753
0.75748, 0.04729
0.75882, 0.04706
0.76016, 0.04683
0.76150, 0.04660
0.76283, 0.04637
0.76416, 0.04614
0.76549, 0.04591
0.76682, 0.04568
0.76814, 0.04545
0.76946, 0.04522
0.77078, 0.04499
0.77210, 0.04476
0.77341, 0.04453
0.77472, 0.04431
0.77603, 0.04408
0.77734, 0.04385
0.77864, 0.04362
0.77994, 0.04339
0.78124, 0.04316
0.78253, 0.04294
0.78382, 0.04271
0.78511, 0.04248
0.78640, 0.04225
0.78768, 0.04203
0.78896, 0.04180
0.79024, 0.04157
0.79151, 0.04135
0.79279, 0.04112
0.79405, 0.04090
0.79532, 0.04067
0.79658, 0.04045
0.79784, 0.04022
0.79910, 0.04000
0.80036, 0.03977
0.80161, 0.03955
0.80286, 0.03932
0.80410, 0.03910
0.80535, 0.03888
0.80659, 0.03865
0.80782, 0.03843
0.80906, 0.03821
0.81029, 0.03799
0.81151, 0.03776
0.81274, 0.03754
0.81396, 0.03732
0.81518, 0.03710
0.81639, 0.03688
0.81761, 0.03666
0.81882, 0.03644
0.82002, 0.03622
0.82122, 0.03600
0.82242, 0.03578
0.82362, 0.03556
0.82481, 0.03534
0.82600, 0.03512
0.82719, 0.03490
0.82837, 0.03468
0.82956, 0.03447
0.83073, 0.03425
0.83191, 0.03403
0.83308, 0.03382
0.83425, 0.03360
0.83541, 0.03338
0.83657, 0.03317
0.83773, 0.03295
0.83888, 0.03274
0.84003, 0.03252
0.84118, 0.03231
0.84232, 0.03210
0.84346, 0.03188
0.84460, 0.03167
0.84574, 0.03146
0.84687, 0.03125
0.84799, 0.03103
0.84912, 0.03082
0.85024, 0.03061
0.85135, 0.03040
0.85247, 0.03019
0.85358, 0.02998
0.85468, 0.02977
0.85579, 0.02956
0.85689, 0.02936
0.85798, 0.02915
0.85907, 0.02894
0.86016, 0.02873
0.86125, 0.02853
0.86233, 0.02832
0.86341, 0.02812
0.86448, 0.02791
0.86555, 0.02771
0.86662, 0.02750
0.86768, 0.02730
0.86874, 0.02709
0.86980, 0.02689
0.87085, 0.02669
0.87190, 0.02649
0.87294, 0.02629
0.87399, 0.02609
0.87502, 0.02589
0.87606, 0.02569
0.87709, 0.02549
0.87812, 0.02529
0.87914, 0.02509
0.88016, 0.02489
0.88117, 0.02470
0.88219, 0.02450
0.88319, 0.02430
0.88420, 0.02411
0.88520, 0.02391
0.88620, 0.02372
0.88719, 0.02353
0.88818, 0.02333
0.88916, 0.02314
0.89014, 0.02295
0.89112, 0.02276
0.89210, 0.02257
0.89307, 0.02238
0.89403, 0.02219
0.89499, 0.02200
0.89595, 0.02181
0.89691, 0.02162
0.89786, 0.02144
0.89880, 0.02125
0.89975, 0.02106
0.90068, 0.02088
0.90162, 0.02069
0.90255, 0.02051
0.90348, 0.02033
0.90440, 0.02014
0.90532, 0.01996
0.90623, 0.01978
0.90715, 0.01960
0.90805, 0.01942
0.90896, 0.01924
0.90985, 0.01906
0.91075, 0.01888
0.91164, 0.01871
0.91253, 0.01853
0.91341, 0.01835
0.91429, 0.01818
0.91516, 0.01800
0.91603, 0.01783
0.91690, 0.01766
0.91776, 0.01748
0.91862, 0.01731
0.91948, 0.01714
0.92033, 0.01697
0.92117, 0.01680
0.92201, 0.01663
0.92285, 0.01646
0.92368, 0.01629
0.92451, 0.01613
0.92534, 0.01596
0.92616, 0.01579
0.92698, 0.01563
0.92779, 0.01547
0.92860, 0.01530
0.92940, 0.01514
0.93020, 0.01498
0.93100, 0.01482
0.93179, 0.01466
0.93258, 0.01450
0.93336, 0.01434
0.93414, 0.01418
0.93491, 0.01402
0.93568, 0.01387
0.93645, 0.01371
0.93721, 0.01356
0.93797, 0.01340
0.93872, 0.01325
0.93947, 0.01310
0.94022, 0.01294
0.94096, 0.01279
0.94169, 0.01264
0.94242, 0.01249
0.94315, 0.01234
0.94388, 0.01220
0.94459, 0.01205
0.94531, 0.01190
0.94602, 0.01176
0.94672, 0.01161
0.94742, 0.01147
0.94812, 0.01133
0.94881, 0.01119
0.94950, 0.01104
0.95019, 0.01090
0.95087, 0.01076
0.95154, 0.01063
0.95221, 0.01049
0.95288, 0.01035
0.95354, 0.01021
0.95419, 0.01008
0.95485, 0.00994
0.95550, 0.00981
0.95614, 0.00968
0.95678, 0.00955
0.95741, 0.00941
0.95804, 0.00928
0.95867, 0.00915
0.95929, 0.00903
0.95991, 0.00890
0.96052, 0.00877
0.96113, 0.00865
0.96173, 0.00852
0.96233, 0.00840
0.96292, 0.00827
0.96351, 0.00815
0.96410, 0.00803
0.96468, 0.00791
0.96525, 0.00779
0.96583, 0.00767
0.96639, 0.00755
0.96696, 0.00744
0.96751, 0.00732
0.96807, 0.00720
0.96862, 0.00709
0.96916, 0.00698
0.96970, 0.00686
0.97023, 0.00675
0.97076, 0.00664
0.97129, 0.00653
0.97181, 0.00642
0.97233, 0.00632
0.97284, 0.00621
0.97335, 0.00610
0.97385, 0.00600
0.97435, 0.00589
0.97484, 0.00579
0.97533, 0.00569
0.97581, 0.00559
0.97629, 0.00549
0.97677, 0.00539
0.97724, 0.00529
0.97770, 0.00519
0.97816, 0.00509
0.97862, 0.00500
0.97907, 0.00490
0.97951, 0.00481
0.97996, 0.00472
0.98039, 0.00462
0.98083, 0.00453
0.98125, 0.00444
0.98168, 0.00435
0.98210, 0.00427
0.98251, 0.00418
0.98292, 0.00409
0.98332, 0.00401
0.98372, 0.00392
0.98412, 0.00384
0.98451, 0.00376
0.98489, 0.00368
0.98527, 0.00360
0.98565, 0.00352
0.98602, 0.00344
0.98638, 0.00336
0.98675, 0.00329
0.98710, 0.00321
0.98745, 0.00314
0.98780, 0.00306
0.98814, 0.00299
0.98848, 0.00292
0.98881, 0.00285
0.98914, 0.00278
0.98947, 0.00271
0.98978, 0.00264
0.99010, 0.00258
0.99041, 0.00251
0.99071, 0.00245
0.99101, 0.00239
0.99130, 0.00232
0.99159, 0.00226
0.99188, 0.00220
0.99216, 0.00214
0.99243, 0.00208
0.99270, 0.00203
0.99297, 0.00197
0.99323, 0.00191
0.99349, 0.00186
0.99374, 0.00181
0.99398, 0.00175
0.99422, 0.00170
0.99446, 0.00165
0.99469, 0.00160
0.99492, 0.00156
0.99514, 0.00151
0.99536, 0.00146
0.99557, 0.00142
0.99578, 0.00137
0.99598, 0.00133
0.99618, 0.00129
0.99637, 0.00125
0.99656, 0.00121
0.99674, 0.00117
0.99692, 0.00113
0.99709, 0.00109
0.99726, 0.00106
0.99743, 0.00102
0.99758, 0.00099
0.99774, 0.00096
0.99789, 0.00093
0.99803, 0.00089
0.99817, 0.00086
0.99831, 0.00084
0.99844, 0.00081
0.99856, 0.00078
0.99868, 0.00076
0.99880, 0.00073
0.99891, 0.00071
0.99901, 0.00069
0.99911, 0.00066
0.99921, 0.00064
0.99930, 0.00063
0.99938, 0.00061
0.99946, 0.00059
0.99954, 0.00057
0.99961, 0.00056
0.99968, 0.00054
0.99974, 0.00053
0.99979, 0.00052
0.99984, 0.00051
0.99989, 0.00050
0.99993, 0.00049
0.99997, 0.00048
1.00000, 0.00048
1.00003, 0.00047
1.00005, 0.00046
1.00007, 0.00046
1.00009, 0.00046
1.00013, 0.00045
1.00015, 0.00045

=== Lower Surface ===
0.00000, 0.01301
0.00004, 0.01274
0.00007, 0.01246
0.00011, 0.01218
0.00015, 0.01190
0.00020, 0.01163
0.00025, 0.01136
0.00031, 0.01108
0.00037, 0.01081
0.00044, 0.01054
0.00051, 0.01027
0.00059, 0.01000
0.00068, 0.00973
0.00076, 0.00946
0.00086, 0.00919
0.00095, 0.00893
0.00106, 0.00866
0.00117, 0.00840
0.00128, 0.00813
0.00140, 0.00787
0.00152, 0.00761
0.00164, 0.00735
0.00178, 0.00709
0.00191, 0.00683
0.00206, 0.00657
0.00220, 0.00631
0.00235, 0.00605
0.00251, 0.00580
0.00267, 0.00554
0.00284, 0.00529
0.00301, 0.00503
0.00318, 0.00478
0.00336, 0.00453
0.00355, 0.00428
0.00374, 0.00403
0.00393, 0.00378
0.00413, 0.00353
0.00434, 0.00328
0.00455, 0.00304
0.00476, 0.00279
0.00498, 0.00255
0.00520, 0.00230
0.00543, 0.00206
0.00567, 0.00182
0.00590, 0.00157
0.00615, 0.00133
0.00640, 0.00109
0.00665, 0.00086
0.00691, 0.00062
0.00717, 0.00038
0.00743, 0.00014
0.00771, -0.00009
0.00798, -0.00033
0.00826, -0.00056
0.00855, -0.00079
0.00884, -0.00102
0.00914, -0.00126
0.00944, -0.00149
0.00974, -0.00171
0.01005, -0.00194
0.01036, -0.00217
0.01068, -0.00240
0.01101, -0.00262
0.01134, -0.00285
0.01167, -0.00307
0.01201, -0.00330
0.01235, -0.00352
0.01270, -0.00374
0.01305, -0.00396
0.01341, -0.00418
0.01377, -0.00440
0.01413, -0.00462
0.01450, -0.00483
0.01488, -0.00505
0.01526, -0.00526
0.01565, -0.00548
0.01603, -0.00569
0.01643, -0.00591
0.01683, -0.00612
0.01723, -0.00633
0.01764, -0.00654
0.01805, -0.00675
0.01847, -0.00696
0.01889, -0.00716
0.01932, -0.00737
0.01975, -0.00758
0.02018, -0.00778
0.02062, -0.00798
0.02107, -0.00819
0.02152, -0.00839
0.02197, -0.00859
0.02243, -0.00879
0.02289, -0.00899
0.02336, -0.00919
0.02384, -0.00939
0.02431, -0.00959
0.02479, -0.00978
0.02528, -0.00998
0.02577, -0.01017
0.02627, -0.01037
0.02676, -0.01056
0.02727, -0.01075
0.02778, -0.01094
0.02829, -0.01113
0.02881, -0.01132
0.02933, -0.01151
0.02986, -0.01170
0.03039, -0.01188
0.03092, -0.01207
0.03146, -0.01225
0.03201, -0.01244
0.03256, -0.01262
0.03311, -0.01280
0.03367, -0.01298
0.03423, -0.01316
0.03480, -0.01334
0.03537, -0.01352
0.03595, -0.01370
0.03653, -0.01388
0.03711, -0.01405
0.03770, -0.01423
0.03829, -0.01440
0.03889, -0.01458
0.03949, -0.01475
0.04010, -0.01492
0.04071, -0.01509
0.04133, -0.01526
0.04194, -0.01543
0.04257, -0.01560
0.04320, -0.01577
0.04383, -0.01593
0.04447, -0.01610
0.04511, -0.01627
0.04575, -0.01643
0.04640, -0.01659
0.04706, -0.01676
0.04772, -0.01692
0.04838, -0.01708
0.04905, -0.01724
0.04972, -0.01740
0.05039, -0.01755
0.05107, -0.01771
0.05176, -0.01787
0.05245, -0.01802
0.05314, -0.01818
0.05383, -0.01833
0.05454, -0.01848
0.05524, -0.01864
0.05595, -0.01879
0.05666, -0.01894
0.05738, -0.01909
0.05810, -0.01924
0.05883, -0.01938
0.05956, -0.01953
0.06030, -0.01968
0.06103, -0.01982
0.06178, -0.01997
0.06252, -0.02011
0.06328, -0.02025
0.06403, -0.02040
0.06479, -0.02054
0.06555, -0.02068
0.06632, -0.02082
0.06709, -0.02096
0.06787, -0.02109
0.06865, -0.02123
0.06943, -0.02137
0.07022, -0.02150
0.07101, -0.02164
0.07181, -0.02177
0.07261, -0.02190
0.07342, -0.02203
0.07422, -0.02216
0.07504, -0.02230
0.07585, -0.02242
0.07667, -0.02255
0.07750, -0.02268
0.07833, -0.02281
0.07916, -0.02293
0.07999, -0.02306
0.08083, -0.02318
0.08168, -0.02331
0.08253, -0.02343
0.08338, -0.02355
0.08424, -0.02367
0.08510, -0.02379
0.08596, -0.02391
0.08683, -0.02403
0.08770, -0.02415
0.08857, -0.02427
0.08945, -0.02438
0.09034, -0.02450
0.09122, -0.02461
0.09212, -0.02473
0.09301, -0.02484
0.09391, -0.02495
0.09481, -0.02506
0.09572, -0.02517
0.09663, -0.02528
0.09754, -0.02539
0.09846, -0.02550
0.09938, -0.02561
0.10031, -0.02572
0.10124, -0.02582
0.10217, -0.02593
0.10311, -0.02603
0.10405, -0.02613
0.10499, -0.02624
0.10594, -0.02634
0.10689, -0.02644
0.10785, -0.02654
0.10881, -0.02664
0.10977, -0.02674
0.11074, -0.02684
0.11171, -0.02693
0.11268, -0.02703
0.11366, -0.02713
0.11464, -0.02722
0.11562, -0.02732
0.11661, -0.02741
0.11760, -0.02750
0.11860, -0.02759
0.11960, -0.02768
0.12060, -0.02777
0.12161, -0.02786
0.12262, -0.02795
0.12363, -0.02804
0.12465, -0.02813
0.12567, -0.02821
0.12669, -0.02830
0.12772, -0.02839
0.12875, -0.02847
0.12979, -0.02855
0.13082, -0.02864
0.13187, -0.02872
0.13291, -0.02880
0.13396, -0.02888
0.13501, -0.02896
0.13607, -0.02904
0.13713, -0.02912
0.13819, -0.02920
0.13925, -0.02927
0.14032, -0.02935
0.14140, -0.02942
0.14247, -0.02950
0.14355, -0.02957
0.14463, -0.02965
0.14572, -0.02972
0.14681, -0.02979
0.14790, -0.02986
0.14899, -0.02993
0.15009, -0.03000
0.15119, -0.03007
0.15230, -0.03014
0.15340, -0.03021
0.15451, -0.03028
0.15563, -0.03034
0.15675, -0.03041
0.15787, -0.03048
0.15899, -0.03054
0.16012, -0.03060
0.16125, -0.03067
0.16238, -0.03073
0.16351, -0.03079
0.16465, -0.03086
0.16579, -0.03092
0.16694, -0.03098
0.16809, -0.03104
0.16924, -0.03110
0.17039, -0.03116
0.17155, -0.03121
0.17271, -0.03127
0.17387, -0.03133
0.17504, -0.03139
0.17620, -0.03144
0.17738, -0.03150
0.17855, -0.03155
0.17973, -0.03161
0.18091, -0.03166
0.18209, -0.03171
0.18328, -0.03177
0.18447, -0.03182
0.18566, -0.03187
0.18685, -0.03192
0.18805, -0.03197
0.18925, -0.03202
0.19045, -0.03207
0.19166, -0.03212
0.19286, -0.03217
0.19408, -0.03222
0.19529, -0.03227
0.19651, -0.03232
0.19773, -0.03237
0.19895, -0.03241
0.20017, -0.03246
0.20140, -0.03250
0.20263, -0.03255
0.20387, -0.03260
0.20510, -0.03264
0.20634, -0.03268
0.20759, -0.03273
0.20884, -0.03277
0.21009, -0.03282
0.21134, -0.03286
0.21260, -0.03290
0.21386, -0.03294
0.21512, -0.03298
0.21639, -0.03302
0.21766, -0.03306
0.21894, -0.03310
0.22021, -0.03314
0.22150, -0.03318
0.22278, -0.03322
0.22407, -0.03326
0.22536, -0.03329
0.22665, -0.03333
0.22795, -0.03336
0.22925, -0.03340
0.23056, -0.03343
0.23187, -0.03347
0.23318, -0.03350
0.23449, -0.03353
0.23581, -0.03356
0.23713, -0.03359
0.23845, -0.03362
0.23978, -0.03365
0.24111, -0.03368
0.24245, -0.03371
0.24378, -0.03374
0.24512, -0.03376
0.24647, -0.03379
0.24781, -0.03381
0.24916, -0.03384
0.25052, -0.03386
0.25187, -0.03388
0.25323, -0.03390
0.25460, -0.03392
0.25596, -0.03394
0.25733, -0.03396
0.25871, -0.03398
0.26008, -0.03399
0.26146, -0.03401
0.26284, -0.03403
0.26423, -0.03404
0.26561, -0.03405
0.26701, -0.03406
0.26840, -0.03407
0.26979, -0.03408
0.27119, -0.03409
0.27259, -0.03410
0.27400, -0.03411
0.27540, -0.03411
0.27681, -0.03412
0.27822, -0.03412
0.27963, -0.03412
0.28104, -0.03412
0.28246, -0.03412
0.28387, -0.03412
0.28529, -0.03412
0.28672, -0.03412
0.28814, -0.03411
0.28956, -0.03411
0.29099, -0.03410
0.29242, -0.03410
0.29385, -0.03409
0.29528, -0.03408
0.29672, -0.03407
0.29816, -0.03406
0.29960, -0.03405
0.30104, -0.03404
0.30248, -0.03402
0.30392, -0.03401
0.30537, -0.03399
0.30682, -0.03398
0.30827, -0.03396
0.30972, -0.03394
0.31117, -0.03392
0.31263, -0.03390
0.31408, -0.03388
0.31554, -0.03386
0.31700, -0.03384
0.31847, -0.03381
0.31993, -0.03379
0.32139, -0.03377
0.32286, -0.03374
0.32433, -0.03371
0.32580, -0.03368
0.32727, -0.03366
0.32874, -0.03363
0.33021, -0.03360
0.33168, -0.03356
0.33315, -0.03353
0.33462, -0.03350
0.33608, -0.03347
0.33755, -0.03344
0.33902, -0.03340
0.34049, -0.03337
0.34196, -0.03333
0.34344, -0.03330
0.34491, -0.03326
0.34639, -0.03323
0.34787, -0.03319
0.34935, -0.03315
0.35082, -0.03312
0.35231, -0.03308
0.35379, -0.03304
0.35527, -0.03301
0.35676, -0.03297
0.35824, -0.03293
0.35973, -0.03289
0.36122, -0.03285
0.36271, -0.03281
0.36420, -0.03277
0.36569, -0.03273
0.36718, -0.03269
0.36867, -0.03265
0.37017, -0.03261
0.37167, -0.03257
0.37316, -0.03253
0.37466, -0.03249
0.37616, -0.03244
0.37766, -0.03240
0.37916, -0.03236
0.38067, -0.03232
0.38217, -0.03228
0.38367, -0.03223
0.38518, -0.03219
0.38669, -0.03215
0.38820, -0.03210
0.38970, -0.03206
0.39121, -0.03202
0.39273, -0.03197
0.39424, -0.03193
0.39575, -0.03189
0.39727, -0.03184
0.39878, -0.03180
0.40030, -0.03175
0.40181, -0.03171
0.40333, -0.03167
0.40485, -0.03162
0.40637, -0.03158
0.40789, -0.03153
0.40941, -0.03149
0.41094, -0.03144
0.41246, -0.03140
0.41399, -0.03135
0.41551, -0.03131
0.41704, -0.03126
0.41857, -0.03122
0.42010, -0.03117
0.42163, -0.03113
0.42316, -0.03108
0.42469, -0.03104
0.42622, -0.03099
0.42775, -0.03095
0.42929, -0.03090
0.43082, -0.03086
0.43236, -0.03081
0.43390, -0.03076
0.43543, -0.03072
0.43697, -0.03067
0.43851, -0.03063
0.44005, -0.03058
0.44159, -0.03054
0.44314, -0.03049
0.44468, -0.03044
0.44622, -0.03040
0.44777, -0.03035
0.44931, -0.03031
0.45086, -0.03026
0.45240, -0.03021
0.45395, -0.03017
0.45550, -0.03012
0.45705, -0.03008
0.45860, -0.03003
0.46015, -0.02998
0.46170, -0.02994
0.46325, -0.02989
0.46481, -0.02984
0.46636, -0.02980
0.46792, -0.02975
0.46947, -0.02970
0.47103, -0.02965
0.47258, -0.02961
0.47414, -0.02956
0.47570, -0.02951
0.47725, -0.02946
0.47881, -0.02942
0.48037, -0.02937
0.48193, -0.02932
0.48349, -0.02927
0.48506, -0.02922
0.48662, -0.02917
0.48818, -0.02913
0.48974, -0.02908
0.49131, -0.02903
0.49287, -0.02898
0.49443, -0.02893
0.49600, -0.02888
0.49756, -0.02883
0.49913, -0.02878
0.50070, -0.02873
0.50226, -0.02868
0.50383, -0.02862
0.50540, -0.02857
0.50696, -0.02852
0.50853, -0.02847
0.51010, -0.02842
0.51167, -0.02837
0.51324, -0.02831
0.51481, -0.02826
0.51638, -0.02821
0.51795, -0.02815
0.51952, -0.02810
0.52109, -0.02804
0.52266, -0.02799
0.52423, -0.02793
0.52580, -0.02788
0.52737, -0.02782
0.52894, -0.02777
0.53051, -0.02771
0.53208, -0.02765
0.53365, -0.02759
0.53522, -0.02754
0.53679, -0.02748
0.53836, -0.02742
0.53993, -0.02736
0.54150, -0.02730
0.54308, -0.02724
0.54465, -0.02718
0.54622, -0.02712
0.54779, -0.02706
0.54936, -0.02699
0.55093, -0.02693
0.55250, -0.02687
0.55407, -0.02680
0.55563, -0.02674
0.55720, -0.02668
0.55877, -0.02661
0.56034, -0.02654
0.56191, -0.02648
0.56348, -0.02641
0.56504, -0.02634
0.56661, -0.02628
0.56817, -0.02621
0.56974, -0.02614
0.57131, -0.02607
0.57287, -0.02600
0.57443, -0.02593
0.57600, -0.02586
0.57756, -0.02579
0.57912, -0.02571
0.58068, -0.02564
0.58224, -0.02557
0.58380, -0.02549
0.58536, -0.02542
0.58692, -0.02534
0.58848, -0.02527
0.59004, -0.02519
0.59159, -0.02511
0.59315, -0.02504
0.59470, -0.02496
0.59625, -0.02488
0.59781, -0.02480
0.59936, -0.02472
0.60091, -0.02464
0.60246, -0.02456
0.60400, -0.02448
0.60555, -0.02439
0.60710, -0.02431
0.60864, -0.02423
0.61019, -0.02414
0.61173, -0.02406
0.61327, -0.02397
0.61481, -0.02389
0.61635, -0.02380
0.61789, -0.02372
0.61942, -0.02363
0.62096, -0.02354
0.62249, -0.02345
0.62402, -0.02336
0.62556, -0.02327
0.62708, -0.02319
0.62861, -0.02310
0.63014, -0.02300
0.63166, -0.02291
0.63319, -0.02282
0.63471, -0.02273
0.63623, -0.02264
0.63775, -0.02254
0.63927, -0.02245
0.64078, -0.02236
0.64230, -0.02226
0.64381, -0.02217
0.64532, -0.02207
0.64683, -0.02198
0.64835, -0.02188
0.64994, -0.02179
0.65177, -0.02169
0.65424, -0.02157
0.65790, -0.02133
0.66295, -0.02067
0.66842, -0.01942
0.67245, -0.01808
0.67375, -0.01749
0.67233, -0.01772
0.66958, -0.01809
0.66738, -0.01816
0.66665, -0.01804
0.66715, -0.01793
0.66830, -0.01785
0.66968, -0.01778
0.67113, -0.01772
0.67259, -0.01766
0.67405, -0.01760
0.67552, -0.01754
0.67698, -0.01749
0.67844, -0.01743
0.67989, -0.01737
0.68135, -0.01731
0.68280, -0.01726
0.68426, -0.01720
0.68571, -0.01714
0.68716, -0.01709
0.68861, -0.01703
0.69006, -0.01698
0.69150, -0.01692
0.69295, -0.01687
0.69439, -0.01682
0.69583, -0.01676
0.69727, -0.01671
0.69871, -0.01665
0.70015, -0.01660
0.70159, -0.01655
0.70302, -0.01649
0.70445, -0.01644
0.70588, -0.01639
0.70731, -0.01634
0.70874, -0.01628
0.71016, -0.01623
0.71159, -0.01618
0.71301, -0.01613
0.71443, -0.01608
0.71585, -0.01603
0.71726, -0.01597
0.71868, -0.01592
0.72009, -0.01587
0.72150, -0.01582
0.72291, -0.01577
0.72431, -0.01572
0.72572, -0.01567
0.72712, -0.01562
0.72852, -0.01557
0.72992, -0.01551
0.73132, -0.01546
0.73271, -0.01541
0.73411, -0.01536
0.73550, -0.01531
0.73689, -0.01526
0.73827, -0.01521
0.73966, -0.01516
0.74104, -0.01511
0.74242, -0.01506
0.74380, -0.01500
0.74517, -0.01495
0.74655, -0.01490
0.74792, -0.01485
0.74929, -0.01480
0.75065, -0.01475
0.75202, -0.01469
0.75338, -0.01464
0.75474, -0.01459
0.75609, -0.01454
0.75745, -0.01449
0.75880, -0.01443
0.76015, -0.01438
0.76149, -0.01433
0.76284, -0.01428
0.76418, -0.01422
0.76551, -0.01417
0.76685, -0.01412
0.76818, -0.01406
0.76951, -0.01401
0.77084, -0.01396
0.77216, -0.01391
0.77349, -0.01385
0.77481, -0.01380
0.77612, -0.01375
0.77744, -0.01369
0.77875, -0.01364
0.78005, -0.01359
0.78136, -0.01353
0.78266, -0.01348
0.78396, -0.01342
0.78526, -0.01337
0.78655, -0.01332
0.78784, -0.01326
0.78913, -0.01321
0.79042, -0.01315
0.79170, -0.01310
0.79298, -0.01305
0.79426, -0.01299
0.79553, -0.01294
0.79680, -0.01288
0.79807, -0.01283
0.79933, -0.01278
0.80060, -0.01272
0.80186, -0.01267
0.80311, -0.01261
0.80436, -0.01256
0.80561, -0.01251
0.80686, -0.01245
0.80810, -0.01240
0.80934, -0.01234
0.81058, -0.01229
0.81182, -0.01224
0.81305, -0.01218
0.81428, -0.01213
0.81550, -0.01207
0.81672, -0.01202
0.81794, -0.01196
0.81916, -0.01191
0.82037, -0.01186
0.82158, -0.01180
0.82279, -0.01175
0.82399, -0.01169
0.82519, -0.01164
0.82638, -0.01159
0.82758, -0.01153
0.82877, -0.01148
0.82995, -0.01142
0.83114, -0.01137
0.83232, -0.01132
0.83349, -0.01126
0.83467, -0.01121
0.83584, -0.01116
0.83701, -0.01110
0.83817, -0.01105
0.83933, -0.01099
0.84049, -0.01094
0.84164, -0.01089
0.84279, -0.01083
0.84394, -0.01078
0.84508, -0.01073
0.84622, -0.01067
0.84736, -0.01062
0.84849, -0.01057
0.84962, -0.01051
0.85074, -0.01046
0.85187, -0.01041
0.85299, -0.01036
0.85410, -0.01030
0.85521, -0.01025
0.85632, -0.01020
0.85743, -0.01014
0.85853, -0.01009
0.85963, -0.01004
0.86072, -0.00999
0.86181, -0.00993
0.86290, -0.00988
0.86398, -0.00983
0.86506, -0.00978
0.86614, -0.00972
0.86721, -0.00967
0.86828, -0.00962
0.86935, -0.00957
0.87041, -0.00952
0.87147, -0.00946
0.87252, -0.00941
0.87357, -0.00936
0.87462, -0.00931
0.87566, -0.00926
0.87670, -0.00921
0.87774, -0.00915
0.87877, -0.00910
0.87980, -0.00905
0.88083, -0.00900
0.88185, -0.00895
0.88286, -0.00890
0.88388, -0.00885
0.88489, -0.00879
0.88589, -0.00874
0.88689, -0.00869
0.88789, -0.00864
0.88889, -0.00859
0.88988, -0.00854
0.89086, -0.00849
0.89184, -0.00844
0.89282, -0.00839
0.89380, -0.00834
0.89477, -0.00829
0.89574, -0.00824
0.89670, -0.00819
0.89766, -0.00814
0.89861, -0.00809
0.89956, -0.00804
0.90051, -0.00799
0.90145, -0.00794
0.90239, -0.00789
0.90333, -0.00784
0.90426, -0.00779
0.90519, -0.00774
0.90611, -0.00769
0.90703, -0.00765
0.90794, -0.00760
0.90885, -0.00755
0.90976, -0.00750
0.91066, -0.00745
0.91156, -0.00740
0.91246, -0.00736
0.91335, -0.00731
0.91423, -0.00726
0.91511, -0.00721
0.91599, -0.00716
0.91687, -0.00712
0.91774, -0.00707
0.91860, -0.00702
0.91946, -0.00697
0.92032, -0.00693
0.92117, -0.00688
0.92202, -0.00683
0.92287, -0.00679
0.92371, -0.00674
0.92454, -0.00669
0.92538, -0.00665
0.92620, -0.00660
0.92703, -0.00656
0.92785, -0.00651
0.92866, -0.00646
0.92947, -0.00642
0.93028, -0.00637
0.93108, -0.00633
0.93188, -0.00628
0.93267, -0.00624
0.93346, -0.00619
0.93424, -0.00615
0.93503, -0.00610
0.93580, -0.00606
0.93657, -0.00602
0.93734, -0.00597
0.93810, -0.00593
0.93886, -0.00588
0.93962, -0.00584
0.94037, -0.00580
0.94111, -0.00575
0.94185, -0.00571
0.94259, -0.00567
0.94332, -0.00563
0.94405, -0.00558
0.94477, -0.00554
0.94549, -0.00550
0.94621, -0.00546
0.94692, -0.00541
0.94762, -0.00537
0.94832, -0.00533
0.94902, -0.00529
0.94971, -0.00525
0.95040, -0.00521
0.95108, -0.00517
0.95176, -0.00513
0.95244, -0.00509
0.95311, -0.00505
0.95377, -0.00501
0.95443, -0.00497
0.95509, -0.00493
0.95574, -0.00489
0.95639, -0.00485
0.95703, -0.00481
0.95767, -0.00477
0.95830, -0.00473
0.95893, -0.00470
0.95955, -0.00466
0.96017, -0.00462
0.96079, -0.00458
0.96140, -0.00455
0.96201, -0.00451
0.96261, -0.00447
0.96320, -0.00444
0.96380, -0.00440
0.96438, -0.00436
0.96497, -0.00433
0.96554, -0.00429
0.96612, -0.00426
0.96669, -0.00422
0.96725, -0.00418
0.96781, -0.00415
0.96836, -0.00412
0.96891, -0.00408
0.96946, -0.00405
0.97000, -0.00401
0.97054, -0.00398
0.97107, -0.00395
0.97159, -0.00391
0.97212, -0.00388
0.97263, -0.00385
0.97315, -0.00382
0.97365, -0.00378
0.97416, -0.00375
0.97465, -0.00372
0.97515, -0.00369
0.97564, -0.00366
0.97612, -0.00363
0.97660, -0.00360
0.97707, -0.00357
0.97754, -0.00354
0.97801, -0.00351
0.97847, -0.00348
0.97892, -0.00345
0.97937, -0.00342
0.97982, -0.00339
0.98026, -0.00336
0.98070, -0.00333
0.98113, -0.00330
0.98156, -0.00328
0.98198, -0.00325
0.98239, -0.00322
0.98281, -0.00320
0.98321, -0.00317
0.98362, -0.00314
0.98401, -0.00312
0.98441, -0.00309
0.98480, -0.00307
0.98518, -0.00304
0.98556, -0.00302
0.98593, -0.00299
0.98630, -0.00297
0.98666, -0.00294
0.98702, -0.00292
0.98738, -0.00290
0.98773, -0.00287
0.98807, -0.00285
0.98841, -0.00283
0.98874, -0.00281
0.98907, -0.00279
0.98940, -0.00276
0.98972, -0.00274
0.99003, -0.00272
0.99034, -0.00270
0.99065, -0.00268
0.99095, -0.00266
0.99124, -0.00264
0.99153, -0.00262
0.99182, -0.00260
0.99210, -0.00258
0.99238, -0.00257
0.99265, -0.00255
0.99291, -0.00253
0.99317, -0.00251
0.99343, -0.00250
0.99368, -0.00248
0.99393, -0.00246
0.99417, -0.00245
0.99440, -0.00243
0.99464, -0.00241
0.99486, -0.00240
0.99508, -0.00238
0.99530, -0.00237
0.99551, -0.00236
0.99572, -0.00234
0.99592, -0.00233
0.99612, -0.00231
0.99631, -0.00230
0.99650, -0.00229
0.99668, -0.00228
0.99686, -0.00226
0.99703, -0.00225
0.99719, -0.00224
0.99736, -0.00223
0.99751, -0.00222
0.99767, -0.00221
0.99781, -0.00220
0.99795, -0.00219
0.99809, -0.00218
0.99822, -0.00217
0.99835, -0.00216
0.99847, -0.00216
0.99859, -0.00215
0.99870, -0.00214
0.99881, -0.00213
0.99891, -0.00213
0.99901, -0.00212
0.99910, -0.00211
0.99919, -0.00211
0.99927, -0.00210
0.99935, -0.00210
0.99942, -0.00209
0.99949, -0.00209
0.99955, -0.00208
0.99961, -0.00208
0.99966, -0.00207
0.99971, -0.00207
0.99975, -0.00207
0.99979, -0.00207
0.99982, -0.00206
0.99985, -0.00206
0.99987, -0.00206
0.99989, -0.00206
0.99989, -0.00206
0.99986, -0.00205
0.99985, -0.00205
