airfoil_points_2993
1.000000 0.008511
0.999748 0.008563
0.998993 0.008719
0.997736 0.008977
0.995977 0.009337
0.993719 0.009797
0.990964 0.010357
0.987715 0.011013
0.983974 0.011763
0.979746 0.012605
0.975036 0.013535
0.969846 0.014550
0.964184 0.015647
0.958054 0.016821
0.951463 0.018070
0.944418 0.019387
0.936925 0.020770
0.928992 0.022213
0.920627 0.023712
0.911838 0.025263
0.902635 0.026860
0.893027 0.028500
0.883022 0.030177
0.872632 0.031887
0.861867 0.033625
0.850737 0.035387
0.839255 0.037168
0.827430 0.038964
0.815276 0.040770
0.802805 0.042580
0.790028 0.044390
0.776960 0.046193
0.763613 0.047984
0.750000 0.049757
0.736136 0.051511
0.722033 0.053245
0.707708 0.054962
0.693173 0.056667
0.678443 0.058362
0.663534 0.059616
0.648460 0.060041
0.633237 0.061643
0.617879 0.063245
0.602403 0.064845
0.586824 0.066439
0.571157 0.068022
0.555419 0.069585
0.539625 0.071121
0.523791 0.072616
0.507933 0.074059
0.492067 0.075435
0.476209 0.076728
0.460375 0.077925
0.444581 0.079008
0.428843 0.079965
0.413176 0.080782
0.397597 0.081448
0.382121 0.081957
0.366763 0.082301
0.351540 0.082480
0.336466 0.082493
0.321557 0.082345
0.306827 0.082044
0.292292 0.081591
0.277967 0.080984
0.263864 0.080222
0.250000 0.079307
0.236387 0.078247
0.223040 0.077052
0.209972 0.075732
0.197195 0.074294
0.184724 0.072749
0.172570 0.071099
0.160745 0.069347
0.149263 0.067496
0.138133 0.065547
0.127368 0.063505
0.116978 0.061373
0.106973 0.059156
0.097365 0.056859
0.088162 0.054487
0.079373 0.052048
0.071008 0.049545
0.063075 0.046984
0.055582 0.044373
0.048537 0.041715
0.041946 0.039017
0.035816 0.036285
0.030154 0.033523
0.024964 0.030738
0.020254 0.027934
0.016026 0.025117
0.012285 0.022291
0.009036 0.019461
0.006281 0.016633
0.004023 0.013813
0.002264 0.011011
0.001007 0.008250
0.000252 0.005623
0.000000 0.003971
0.000252 -0.000808
0.001007 -0.003345
0.002264 -0.005923
0.004023 -0.008445
0.006281 -0.010892
0.009036 -0.013253
0.012285 -0.015526
0.016026 -0.017707
0.020254 -0.019794
0.024964 -0.021786
0.030154 -0.023680
0.035816 -0.025477
0.041946 -0.027173
0.048537 -0.028769
0.055582 -0.030263
0.063075 -0.031654
0.071008 -0.032941
0.079373 -0.034125
0.088162 -0.035205
0.097365 -0.036180
0.106973 -0.037050
0.116978 -0.037817
0.127368 -0.038481
0.138133 -0.039042
0.149263 -0.039502
0.160745 -0.039861
0.172570 -0.040118
0.184724 -0.040276
0.197195 -0.040333
0.209972 -0.040292
0.223040 -0.040159
0.236387 -0.039943
0.250000 -0.039657
0.263864 -0.039311
0.277967 -0.038920
0.292292 -0.038489
0.306827 -0.038022
0.321557 -0.037521
0.336466 -0.036990
0.351540 -0.036442
0.366763 -0.035889
0.382121 -0.035337
0.397597 -0.034789
0.413176 -0.034247
0.428843 -0.033708
0.444581 -0.033167
0.460375 -0.032618
0.476209 -0.032053
0.492067 -0.031462
0.507933 -0.030838
0.523791 -0.030172
0.539625 -0.029459
0.555419 -0.028692
0.571157 -0.027868
0.586824 -0.026986
0.602403 -0.026045
0.617879 -0.025048
0.633237 -0.023996
0.648460 -0.022896
0.663534 -0.021521
0.678443 -0.019061
0.693173 -0.017948
0.707708 -0.016823
0.722033 -0.015694
0.736136 -0.014573
0.750000 -0.013467
0.763613 -0.012384
0.776960 -0.011326
0.790028 -0.010294
0.802805 -0.009287
0.815276 -0.008306
0.827430 -0.007351
0.839255 -0.006423
0.850737 -0.005522
0.861867 -0.004650
0.872632 -0.003808
0.883022 -0.002996
0.893027 -0.002216
0.902635 -0.001469
0.911838 -0.000754
0.920627 -0.000073
0.928992 0.000573
0.936925 0.001184
0.944418 0.001760
0.951463 0.002301
0.958054 0.002805
0.964184 0.003273
0.969846 0.003704
0.975036 0.004099
0.979746 0.004456
0.983974 0.004777
0.987715 0.005060
0.990964 0.005305
0.993719 0.005513
0.995977 0.005683
0.997736 0.005816
0.998993 0.005910
0.999748 0.005967
1.000000 0.005984
