  
       XFOIL         Version 6.99
  
 Calculated polar for: Repaneled_Airfoil                               
  
 1 1 Reynolds number fixed          Mach number fixed         
  
 xtrf =   1.000 (top)        1.000 (bottom)  
 Mach =   0.000     Re =     0.100 e 6     Ncrit =   9.000  9.000
  
   alpha    CL        CD       CDp       CM     Top_Xtr  Bot_Xtr  Top_Itr  Bot_Itr
  ------ -------- --------- --------- -------- -------- -------- -------- --------
  -5.000  -0.6352   0.03597   0.02223  -0.0404   1.0000   0.0955   1.0000 181.2366
  -4.915  -0.6286   0.03541   0.02175  -0.0401   1.0000   0.0967   1.0000 181.4234
  -4.829  -0.6229   0.03444   0.02072  -0.0398   1.0000   0.0979   1.0000 181.6178
  -4.744  -0.6179   0.03309   0.01914  -0.0396   1.0000   0.0994   1.0000 181.8521
  -4.658  -0.6119   0.03210   0.01808  -0.0393   1.0000   0.1008   1.0000 182.0775
  -4.573  -0.6037   0.03198   0.01826  -0.0391   1.0000   0.1021   1.0000 182.2858
  -4.487  -0.5964   0.03149   0.01781  -0.0389   1.0000   0.1037   1.0000 182.5315
  -4.402  -0.5898   0.03054   0.01671  -0.0387   1.0000   0.1054   1.0000 182.8064
  -4.317  -0.5829   0.02958   0.01561  -0.0385   1.0000   0.1071   1.0000 183.0593
  -4.231  -0.5747   0.02932   0.01562  -0.0383   1.0000   0.1084   1.0000 183.2557
  -4.146  -0.5669   0.02887   0.01524  -0.0381   1.0000   0.1099   1.0000 183.4926
  -4.060  -0.5593   0.02816   0.01443  -0.0379   1.0000   0.1120   1.0000 183.8068
  -3.975  -0.5515   0.02755   0.01380  -0.0378   1.0000   0.1141   1.0000 184.1179
  -3.889  -0.5434   0.02735   0.01381  -0.0376   1.0000   0.1159   1.0000 184.3909
  -3.804  -0.5354   0.02688   0.01332  -0.0374   1.0000   0.1184   1.0000 184.7587
  -3.719  -0.5274   0.02632   0.01274  -0.0373   1.0000   0.1208   1.0000 185.1164
  -3.633  -0.5193   0.02613   0.01275  -0.0371   1.0000   0.1229   1.0000 185.4214
  -3.548  -0.5111   0.02568   0.01224  -0.0370   1.0000   0.1260   1.0000 185.8615
  -3.462  -0.5030   0.02535   0.01202  -0.0369   1.0000   0.1284   1.0000 186.2114
  -3.377  -0.4948   0.02511   0.01191  -0.0367   1.0000   0.1310   1.0000 186.5746
  -3.292  -0.4864   0.02463   0.01133  -0.0366   1.0000   0.1344   1.0000 187.0532
  -3.206  -0.4784   0.02448   0.01140  -0.0365   1.0000   0.1368   1.0000 187.3868
  -3.121  -0.4702   0.02413   0.01102  -0.0363   1.0000   0.1404   1.0000 187.8848
  -3.035  -0.4576   0.02389   0.01097  -0.0371   0.9987   0.1438   4.5107 188.3427
  -2.950  -0.4362   0.02347   0.01056  -0.0397   0.9945   0.1495   8.1292 189.1171
  -2.864  -0.4152   0.02316   0.01035  -0.0421   0.9899   0.1553  10.6619 189.8870
  -2.779  -0.3946   0.02293   0.01030  -0.0444   0.9850   0.1608  12.7791 190.5986
  -2.693  -0.3747   0.02266   0.01015  -0.0466   0.9798   0.1670  14.6924 191.3921
  -2.608  -0.3554   0.02241   0.00998  -0.0487   0.9742   0.1736  16.4852 192.2347
  -2.523  -0.3362   0.02217   0.00980  -0.0506   0.9686   0.1807  18.1110 193.1095
  -2.437  -0.3182   0.02196   0.00964  -0.0524   0.9621   0.1877  19.7997 193.9740
  -2.352  -0.3011   0.02185   0.00972  -0.0539   0.9550   0.1932  21.5004 194.6336
  -2.266  -0.2835   0.02166   0.00961  -0.0555   0.9484   0.1996  22.9869 195.4090
  -2.181  -0.2685   0.02144   0.00943  -0.0565   0.9399   0.2063  24.7611 196.1928
  -2.095  -0.2540   0.02124   0.00922  -0.0575   0.9309   0.2133  26.5228 197.0171
  -2.010  -0.2404   0.02114   0.00927  -0.0582   0.9209   0.2184  28.3583 197.6033
  -1.925  -0.2280   0.02096   0.00913  -0.0587   0.9094   0.2244  30.3323 198.2941
  -1.839  -0.2162   0.02078   0.00893  -0.0590   0.8965   0.2313  32.4230 199.0705
  -1.754  -0.2038   0.02065   0.00888  -0.0595   0.8831   0.2368  34.4780 199.6865
  -1.668  -0.1909   0.02046   0.00873  -0.0601   0.8689   0.2429  36.5391 200.3673
  -1.583  -0.1766   0.02026   0.00851  -0.0610   0.8548   0.2501  38.4934 201.1598
  -1.498  -0.1609   0.02006   0.00826  -0.0621   0.8412   0.2579  40.3027 202.0160
  -1.327  -0.1277   0.01961   0.00789  -0.0647   0.8154   0.2718  43.5820 203.5156
  -1.241  -0.1114   0.01939   0.00762  -0.0660   0.8035   0.2795  45.0433 204.3263
  -1.156  -0.0961   0.01918   0.00734  -0.0670   0.7924   0.2871  46.3544 205.1379
  -1.070  -0.0822   0.01900   0.00711  -0.0678   0.7824   0.2941  47.5247 205.8726
  -0.985  -0.0694   0.01881   0.00691  -0.0684   0.7737   0.3002  48.5272 206.4984
  -0.899  -0.0572   0.01866   0.00669  -0.0688   0.7662   0.3069  49.3831 207.1942
  -0.814  -0.0455   0.01854   0.00650  -0.0692   0.7596   0.3135  50.1262 207.8730
  -0.729  -0.0345   0.01838   0.00635  -0.0695   0.7536   0.3191  50.7939 208.4526
  -0.643  -0.0235   0.01827   0.00617  -0.0697   0.7483   0.3257  51.3750 209.1199
  -0.558  -0.0127   0.01814   0.00602  -0.0700   0.7437   0.3316  51.8810 209.7225
  -0.472  -0.0022   0.01801   0.00589  -0.0702   0.7394   0.3374  52.3534 210.3093
  -0.387   0.0085   0.01793   0.00573  -0.0704   0.7354   0.3440  52.7841 210.9671
  -0.301   0.0190   0.01776   0.00562  -0.0706   0.7318   0.3493  53.1741 211.5060
  -0.216   0.0294   0.01766   0.00549  -0.0708   0.7282   0.3555  53.5648 212.1247
  -0.131   0.0400   0.01754   0.00538  -0.0710   0.7250   0.3614  53.9051 212.7110
  -0.045   0.0502   0.01742   0.00527  -0.0712   0.7219   0.3672  54.2445 213.2868
   0.040   0.0604   0.01733   0.00517  -0.0713   0.7187   0.3735  54.5754 213.9055
   0.126   0.0706   0.01719   0.00508  -0.0714   0.7160   0.3791  54.8675 214.4564
   0.211   0.0808   0.01712   0.00500  -0.0715   0.7133   0.3854  55.1500 215.0724
   0.296   0.0905   0.01699   0.00494  -0.0715   0.7106   0.3911  55.4416 215.6316
   0.382   0.1003   0.01690   0.00488  -0.0716   0.7080   0.3972  55.7113 216.2249
   0.467   0.1104   0.01683   0.00482  -0.0717   0.7057   0.4036  55.9516 216.8504
   0.553   0.1197   0.01672   0.00479  -0.0716   0.7033   0.4096  56.2060 217.4352
   0.638   0.1291   0.01665   0.00476  -0.0716   0.7009   0.4163  56.4588 218.0831
   0.724   0.1383   0.01656   0.00473  -0.0715   0.6986   0.4229  56.6902 218.7277
   0.809   0.1476   0.01649   0.00470  -0.0714   0.6967   0.4300  56.8976 219.4068
   0.894   0.1567   0.01642   0.00468  -0.0713   0.6947   0.4377  57.1010 220.1501
   0.980   0.1655   0.01633   0.00467  -0.0712   0.6926   0.4461  57.3153 220.9571
   1.065   0.1743   0.01622   0.00467  -0.0711   0.6907   0.4555  57.5184 221.8585
   1.151   0.1830   0.01612   0.00466  -0.0710   0.6888   0.4673  57.7111 222.9918
   1.236   0.1916   0.01598   0.00466  -0.0709   0.6871   0.4842  57.8885 224.6113
   1.322   0.1987   0.01575   0.00476  -0.0705   0.6855   0.5202  58.0573 228.0511
   1.407   0.1987   0.01573   0.00545  -0.0674   0.6839   0.6244  58.2209 238.1155
   1.492   0.2109   0.01590   0.00542  -0.0684   0.6818   0.7147  58.4312 247.2676
   1.578   0.2188   0.01604   0.00558  -0.0678   0.6800   0.7382  58.6141 249.7822
   1.663   0.2266   0.01619   0.00572  -0.0671   0.6784   0.7585  58.7839 252.0043
   1.749   0.2340   0.01634   0.00587  -0.0663   0.6769   0.7759  58.9382 253.9605
   1.834   0.2408   0.01645   0.00601  -0.0653   0.6753   0.7909  59.1017 255.6979
   1.920   0.2472   0.01654   0.00614  -0.0643   0.6735   0.8052  59.2790 257.4003
   2.005   0.2538   0.01664   0.00626  -0.0634   0.6718   0.8185  59.4509 259.0125
   2.091   0.2601   0.01673   0.00637  -0.0622   0.6703   0.8308  59.6114 260.5644
   2.176   0.2667   0.01683   0.00647  -0.0612   0.6688   0.8424  59.7612 262.0561
   2.261   0.2731   0.01694   0.00657  -0.0601   0.6674   0.8535  59.8989 263.5363
   2.347   0.2799   0.01705   0.00666  -0.0591   0.6661   0.8639  60.0317 264.9489
   2.432   0.2865   0.01714   0.00676  -0.0581   0.6647   0.8736  60.1785 266.3181
   2.518   0.2934   0.01723   0.00686  -0.0571   0.6632   0.8829  60.3240 267.6825
   2.603   0.3008   0.01733   0.00695  -0.0563   0.6618   0.8917  60.4656 269.0037
   2.688   0.3092   0.01744   0.00704  -0.0557   0.6604   0.9003  60.6021 270.3514
   2.774   0.3182   0.01756   0.00713  -0.0552   0.6591   0.9084  60.7332 271.6722
   2.859   0.3277   0.01770   0.00723  -0.0549   0.6579   0.9162  60.8568 272.9847
   2.945   0.3396   0.01786   0.00733  -0.0549   0.6567   0.9240  60.9765 274.3568
   3.030   0.3512   0.01798   0.00745  -0.0551   0.6553   0.9309  61.1220 275.6286
   3.116   0.3633   0.01811   0.00758  -0.0555   0.6537   0.9374  61.2782 276.8787
   3.201   0.3779   0.01825   0.00772  -0.0563   0.6521   0.9440  61.4380 278.2093
   3.286   0.3941   0.01841   0.00785  -0.0575   0.6505   0.9500  61.5946 279.5018
   3.372   0.4106   0.01858   0.00799  -0.0588   0.6491   0.9556  61.7418 280.7430
   3.457   0.4284   0.01877   0.00812  -0.0603   0.6477   0.9611  61.8791 282.0531
   3.543   0.4495   0.01898   0.00826  -0.0626   0.6464   0.9660  62.0135 283.3071
   3.628   0.4680   0.01910   0.00841  -0.0645   0.6448   0.9702  62.1671 284.4534
   3.714   0.4860   0.01923   0.00856  -0.0663   0.6433   0.9743  62.3137 285.6616
   3.799   0.5031   0.01936   0.00870  -0.0680   0.6419   0.9783  62.4534 286.9005
   3.884   0.5200   0.01950   0.00884  -0.0696   0.6406   0.9818  62.5858 288.0987
   3.970   0.5365   0.01965   0.00897  -0.0711   0.6394   0.9849  62.7112 289.2852
   4.055   0.5529   0.01980   0.00910  -0.0726   0.6382   0.9881  62.8321 290.6019
   4.141   0.5690   0.01998   0.00924  -0.0740   0.6370   0.9912  62.9458 292.0461
   4.226   0.5848   0.02012   0.00938  -0.0755   0.6358   0.9940  63.0690 293.6716
   4.312   0.5999   0.02023   0.00953  -0.0769   0.6344   0.9968  63.2084 295.6260
   4.397   0.6152   0.02036   0.00967  -0.0783   0.6330   0.9994  63.3465 298.8678
   4.482   0.6243   0.02051   0.00983  -0.0784   0.6318   1.0000  63.4661 301.0000
   4.568   0.6317   0.02067   0.00999  -0.0782   0.6307   1.0000  63.5755 301.0000
   4.653   0.6393   0.02084   0.01015  -0.0780   0.6297   1.0000  63.6788 301.0000
   4.739   0.6468   0.02101   0.01032  -0.0777   0.6287   1.0000  63.7762 301.0000
   4.824   0.6544   0.02120   0.01048  -0.0775   0.6277   1.0000  63.8699 301.0000
   4.910   0.6620   0.02140   0.01064  -0.0773   0.6268   1.0000  63.9592 301.0000
   4.995   0.6690   0.02158   0.01082  -0.0770   0.6258   1.0000  64.0590 301.0000
   5.080   0.6754   0.02174   0.01102  -0.0767   0.6247   1.0000  64.1734 301.0000
   5.166   0.6819   0.02192   0.01122  -0.0764   0.6235   1.0000  64.2855 301.0000
   5.251   0.6884   0.02211   0.01142  -0.0760   0.6225   1.0000  64.3921 301.0000
   5.337   0.6950   0.02230   0.01162  -0.0757   0.6215   1.0000  64.4910 301.0000
   5.422   0.7017   0.02249   0.01182  -0.0754   0.6205   1.0000  64.5809 301.0000
   5.508   0.7084   0.02270   0.01202  -0.0750   0.6197   1.0000  64.6680 301.0000
   5.593   0.7151   0.02290   0.01222  -0.0747   0.6188   1.0000  64.7549 301.0000
   5.678   0.7219   0.02312   0.01241  -0.0744   0.6179   1.0000  64.8401 301.0000
   5.764   0.7288   0.02334   0.01260  -0.0740   0.6171   1.0000  64.9230 301.0000
   5.849   0.7357   0.02357   0.01279  -0.0737   0.6163   1.0000  65.0031 301.0000
   5.935   0.7403   0.02379   0.01305  -0.0731   0.6152   1.0000  65.1110 301.0000
   6.020   0.7450   0.02402   0.01331  -0.0725   0.6141   1.0000  65.2171 301.0000
   6.106   0.7499   0.02425   0.01357  -0.0719   0.6130   1.0000  65.3236 301.0000
   6.191   0.7548   0.02449   0.01382  -0.0714   0.6119   1.0000  65.4348 301.0000
   6.276   0.7599   0.02472   0.01405  -0.0708   0.6107   1.0000  65.5545 301.0000
   6.362   0.7654   0.02494   0.01426  -0.0702   0.6093   1.0000  65.6904 301.0000
   6.447   0.7716   0.02515   0.01442  -0.0697   0.6078   1.0000  65.8392 301.0000
   6.533   0.7792   0.02536   0.01453  -0.0693   0.6062   1.0000  65.9973 301.0000
   6.618   0.7804   0.02561   0.01484  -0.0682   0.6041   1.0000  66.2034 301.0000
   6.704   0.7832   0.02583   0.01508  -0.0672   0.6017   1.0000  66.4349 301.0000
   6.789   0.7883   0.02600   0.01523  -0.0665   0.5991   1.0000  66.6837 301.0000
   6.874   0.7964   0.02612   0.01524  -0.0660   0.5966   1.0000  66.9295 301.0000
   6.960   0.7989   0.02635   0.01546  -0.0650   0.5939   1.0000  67.1938 301.0000
   7.045   0.8020   0.02655   0.01567  -0.0640   0.5909   1.0000  67.4933 301.0000
   7.131   0.8095   0.02664   0.01569  -0.0636   0.5878   1.0000  67.7921 301.0000
   7.216   0.8179   0.02674   0.01569  -0.0632   0.5849   1.0000  68.0722 301.0000
   7.301   0.8207   0.02697   0.01595  -0.0623   0.5814   1.0000  68.4099 301.0000
   7.387   0.8288   0.02703   0.01595  -0.0619   0.5779   1.0000  68.7498 301.0000
   7.472   0.8387   0.02703   0.01583  -0.0617   0.5747   1.0000  69.0636 301.0000
   7.558   0.8427   0.02725   0.01608  -0.0610   0.5708   1.0000  69.4474 301.0000
   7.643   0.8525   0.02720   0.01595  -0.0607   0.5670   1.0000  69.8107 301.0000
   7.729   0.8608   0.02723   0.01589  -0.0604   0.5634   1.0000  70.1621 301.0000
   7.814   0.8672   0.02733   0.01599  -0.0599   0.5592   1.0000  70.5668 301.0000
   7.899   0.8787   0.02715   0.01569  -0.0598   0.5557   1.0000  70.9053 301.0000
   7.985   0.8850   0.02728   0.01580  -0.0593   0.5517   1.0000  71.2862 301.0000
   8.070   0.8936   0.02724   0.01571  -0.0590   0.5477   1.0000  71.6753 301.0000
   8.156   0.9065   0.02692   0.01524  -0.0589   0.5444   1.0000  71.9926 301.0000
   8.241   0.9110   0.02712   0.01546  -0.0583   0.5396   1.0000  72.4593 301.0000
   8.327   0.9222   0.02684   0.01508  -0.0581   0.5355   1.0000  72.8448 301.0000
   8.412   0.9304   0.02677   0.01495  -0.0577   0.5311   1.0000  73.2681 301.0000
   8.498   0.9395   0.02660   0.01472  -0.0574   0.5265   1.0000  73.7100 301.0000
   8.583   0.9515   0.02623   0.01422  -0.0572   0.5228   1.0000  74.0698 301.0000
   8.668   0.9577   0.02625   0.01423  -0.0567   0.5175   1.0000  74.5754 301.0000
   8.754   0.9706   0.02575   0.01359  -0.0566   0.5136   1.0000  74.9496 301.0000
   8.839   0.9767   0.02576   0.01359  -0.0560   0.5082   1.0000  75.4691 301.0000
   8.925   0.9887   0.02527   0.01297  -0.0558   0.5038   1.0000  75.8965 301.0000
   9.010   0.9959   0.02516   0.01282  -0.0553   0.4982   1.0000  76.4286 301.0000
   9.095   1.0076   0.02463   0.01216  -0.0551   0.4932   1.0000  76.9082 301.0000
   9.181   1.0146   0.02446   0.01196  -0.0545   0.4870   1.0000  77.5050 301.0000
   9.266   1.0268   0.02382   0.01115  -0.0542   0.4817   1.0000  78.0163 301.0000
   9.352   1.0334   0.02363   0.01093  -0.0536   0.4745   1.0000  78.7054 301.0000
   9.437   1.0419   0.02323   0.01044  -0.0530   0.4674   1.0000  79.3898 301.0000
   9.523   1.0514   0.02268   0.00977  -0.0524   0.4597   1.0000  80.1280 301.0000
   9.608   1.0598   0.02215   0.00912  -0.0517   0.4505   1.0000  81.0123 301.0000
   9.694   1.0663   0.02174   0.00864  -0.0508   0.4389   1.0000  82.1322 301.0000
   9.779   1.0721   0.02132   0.00813  -0.0497   0.4234   1.0000  83.6370 301.0000
   9.864   1.0776   0.02080   0.00747  -0.0485   0.3999   1.0000  85.9237 301.0000
   9.950   1.0809   0.02040   0.00676  -0.0470   0.3500   1.0000  90.8716 301.0000
  10.035   1.0774   0.02065   0.00612  -0.0446   0.2671   1.0000  99.4747 301.0000
  10.121   1.0722   0.02161   0.00640  -0.0425   0.2294   1.0000 103.6441 301.0000
  10.206   1.0690   0.02255   0.00691  -0.0408   0.2097   1.0000 105.9166 301.0000
  10.291   1.0675   0.02337   0.00740  -0.0393   0.1953   1.0000 107.6187 301.0000
  10.377   1.0668   0.02411   0.00784  -0.0379   0.1848   1.0000 108.9006 301.0000
  10.462   1.0670   0.02477   0.00824  -0.0367   0.1759   1.0000 109.9974 301.0000
  10.548   1.0681   0.02537   0.00859  -0.0355   0.1681   1.0000 110.9873 301.0000
  10.633   1.0699   0.02592   0.00892  -0.0344   0.1609   1.0000 111.9105 301.0000
  10.719   1.0722   0.02644   0.00923  -0.0333   0.1545   1.0000 112.7582 301.0000
  10.804   1.0748   0.02695   0.00952  -0.0324   0.1489   1.0000 113.5024 301.0000
  10.889   1.0774   0.02747   0.00977  -0.0314   0.1444   1.0000 114.1118 301.0000
  11.060   1.0847   0.02843   0.01031  -0.0297   0.1351   1.0000 115.3838 301.0000
  11.146   1.0886   0.02891   0.01054  -0.0290   0.1313   1.0000 115.9167 301.0000
  11.231   1.0930   0.02937   0.01082  -0.0282   0.1272   1.0000 116.5035 301.0000
  11.317   1.0977   0.02987   0.01101  -0.0276   0.1239   1.0000 116.9707 301.0000
  11.402   1.1023   0.03031   0.01132  -0.0269   0.1202   1.0000 117.5183 301.0000
  11.487   1.1080   0.03081   0.01151  -0.0264   0.1172   1.0000 117.9541 301.0000
  11.573   1.1132   0.03127   0.01183  -0.0258   0.1140   1.0000 118.4403 301.0000
  11.658   1.1193   0.03175   0.01205  -0.0254   0.1112   1.0000 118.8630 301.0000
  11.744   1.1254   0.03225   0.01235  -0.0249   0.1084   1.0000 119.2929 301.0000
  11.829   1.1314   0.03273   0.01263  -0.0245   0.1057   1.0000 119.7078 301.0000
  11.915   1.1399   0.03329   0.01287  -0.0244   0.1033   1.0000 120.0844 301.0000
  12.000   1.1453   0.03378   0.01325  -0.0239   0.1008   1.0000 120.4679 301.0000
