  
       XFOIL         Version 6.99
  
 Calculated polar for: Repaneled_Airfoil                               
  
 1 1 Reynolds number fixed          Mach number fixed         
  
 xtrf =   1.000 (top)        1.000 (bottom)  
 Mach =   0.000     Re =     0.100 e 6     Ncrit =   9.000  9.000
  
   alpha    CL        CD       CDp       CM     Top_Xtr  Bot_Xtr  Top_Itr  Bot_Itr
  ------ -------- --------- --------- -------- -------- -------- -------- --------
  -5.000  -0.4063   0.02628   0.01320   0.0072   0.9999   0.5958   1.0000 235.0672
  -4.915  -0.3991   0.02609   0.01309   0.0076   0.9999   0.5994   1.0000 235.4256
  -4.829  -0.3908   0.02604   0.01300   0.0077   0.9999   0.6031   1.0000 235.7898
  -4.744  -0.3821   0.02599   0.01291   0.0076   0.9999   0.6060   1.0000 236.0640
  -4.658  -0.3741   0.02579   0.01277   0.0078   0.9999   0.6079   1.0000 236.2502
  -4.573  -0.3657   0.02565   0.01265   0.0078   0.9999   0.6097   1.0000 236.4301
  -4.487  -0.3571   0.02555   0.01254   0.0078   0.9999   0.6116   1.0000 236.6102
  -4.402  -0.3483   0.02549   0.01245   0.0077   0.9999   0.6133   1.0000 236.7815
  -4.317  -0.3370   0.02551   0.01241   0.0070   0.9993   0.6151   3.2716 236.9595
  -4.231  -0.3139   0.02553   0.01246   0.0041   0.9950   0.6170   7.6650 237.1538
  -4.146  -0.2962   0.02550   0.01244   0.0022   0.9920   0.6189   9.4819 237.3420
  -4.060  -0.2797   0.02550   0.01242   0.0006   0.9894   0.6209  10.7893 237.5416
  -3.975  -0.2644   0.02554   0.01241  -0.0008   0.9871   0.6229  11.8045 237.7414
  -3.889  -0.2501   0.02564   0.01241  -0.0020   0.9850   0.6248  12.6397 237.9352
  -3.804  -0.2362   0.02556   0.01233  -0.0031   0.9830   0.6265  13.4209 238.1138
  -3.719  -0.2219   0.02542   0.01222  -0.0043   0.9808   0.6285  14.1812 238.3150
  -3.633  -0.2075   0.02536   0.01212  -0.0056   0.9787   0.6307  14.9003 238.5358
  -3.548  -0.1949   0.02535   0.01203  -0.0064   0.9769   0.6328  15.4971 238.7482
  -3.462  -0.1796   0.02550   0.01199  -0.0078   0.9747   0.6351  16.1867 238.9811
  -3.377  -0.1663   0.02508   0.01184  -0.0089   0.9725   0.6369  16.8223 239.1614
  -3.292  -0.1542   0.02480   0.01172  -0.0096   0.9705   0.6385  17.3891 239.3184
  -3.206  -0.1390   0.02462   0.01163  -0.0109   0.9681   0.6402  18.0588 239.4840
  -3.121  -0.1272   0.02446   0.01153  -0.0116   0.9659   0.6419  18.6486 239.6440
  -3.035  -0.1131   0.02435   0.01144  -0.0127   0.9633   0.6436  19.3085 239.8071
  -2.950  -0.0965   0.02427   0.01138  -0.0142   0.9604   0.6453  20.0307 239.9748
  -2.864  -0.0854   0.02406   0.01132  -0.0147   0.9580   0.6467  20.6184 240.1177
  -2.779  -0.0712   0.02390   0.01128  -0.0157   0.9551   0.6483  21.2900 240.2744
  -2.693  -0.0543   0.02378   0.01125  -0.0172   0.9518   0.6501  22.0351 240.4511
  -2.608  -0.0430   0.02367   0.01120  -0.0176   0.9490   0.6517  22.6563 240.6103
  -2.523  -0.0285   0.02358   0.01116  -0.0187   0.9458   0.6534  23.3415 240.7749
  -2.352   0.0011   0.02338   0.01109  -0.0208   0.9390   0.6567  24.7300 241.0979
  -2.266   0.0148   0.02326   0.01107  -0.0216   0.9355   0.6583  25.4146 241.2581
  -2.181   0.0314   0.02313   0.01105  -0.0229   0.9315   0.6601  26.1808 241.4392
  -2.095   0.0498   0.02301   0.01100  -0.0244   0.9271   0.6620  26.9916 241.6284
  -2.010   0.0607   0.02291   0.01096  -0.0247   0.9233   0.6636  27.6832 241.7851
  -1.925   0.0757   0.02280   0.01090  -0.0256   0.9189   0.6653  28.4589 241.9529
  -1.839   0.0926   0.02265   0.01083  -0.0268   0.9140   0.6670  29.2977 242.1229
  -1.754   0.1108   0.02247   0.01074  -0.0282   0.9089   0.6688  30.1596 242.3059
  -1.668   0.1307   0.02227   0.01062  -0.0298   0.9034   0.6708  31.0486 242.5075
  -1.583   0.1518   0.02205   0.01045  -0.0316   0.8974   0.6728  32.0059 242.7194
  -1.498   0.1733   0.02179   0.01025  -0.0334   0.8908   0.6750  33.0216 242.9396
  -1.412   0.1954   0.02146   0.01002  -0.0352   0.8841   0.6771  34.0429 243.1490
  -1.327   0.2150   0.02109   0.00975  -0.0364   0.8772   0.6791  35.0552 243.3593
  -1.241   0.2328   0.02073   0.00946  -0.0372   0.8698   0.6813  36.1017 243.5782
  -1.156   0.2493   0.02036   0.00915  -0.0377   0.8623   0.6834  37.1608 243.8006
  -1.070   0.2647   0.02000   0.00883  -0.0380   0.8544   0.6855  38.2299 244.0185
  -0.985   0.2789   0.01959   0.00850  -0.0379   0.8461   0.6874  39.3353 244.2156
  -0.899   0.2925   0.01918   0.00815  -0.0377   0.8373   0.6895  40.4845 244.4262
  -0.814   0.3059   0.01875   0.00776  -0.0373   0.8277   0.6917  41.7056 244.6537
  -0.729   0.3195   0.01827   0.00729  -0.0368   0.8169   0.6939  43.0478 244.8880
  -0.643   0.3285   0.01796   0.00701  -0.0358   0.8061   0.6959  44.3684 245.0938
  -0.558   0.3396   0.01751   0.00656  -0.0348   0.7930   0.6980  45.9184 245.3074
  -0.472   0.3478   0.01721   0.00625  -0.0337   0.7794   0.7000  47.5001 245.5206
  -0.387   0.3569   0.01687   0.00587  -0.0325   0.7639   0.7021  49.2611 245.7409
  -0.301   0.3653   0.01659   0.00550  -0.0313   0.7459   0.7042  51.2409 245.9598
  -0.216   0.3730   0.01633   0.00517  -0.0300   0.7259   0.7061  53.4068 246.1609
  -0.131   0.3810   0.01613   0.00482  -0.0288   0.7024   0.7082  55.8781 246.3733
  -0.045   0.3879   0.01611   0.00459  -0.0276   0.6766   0.7103  58.5140 246.5997
   0.040   0.3853   0.01582   0.00419  -0.0255   0.5034   0.7121  75.3947 246.7938
   0.211   0.3909   0.01648   0.00422  -0.0229   0.4452   0.7162  80.9682 247.2250
   0.296   0.3965   0.01671   0.00431  -0.0222   0.4313   0.7186  82.3062 247.4759
   0.382   0.4028   0.01692   0.00439  -0.0216   0.4203   0.7212  83.3659 247.7587
   0.467   0.4099   0.01710   0.00447  -0.0211   0.4110   0.7240  84.2712 248.0521
   0.553   0.4173   0.01726   0.00455  -0.0207   0.4027   0.7268  85.0766 248.3497
   0.638   0.4255   0.01740   0.00463  -0.0204   0.3946   0.7300  85.8596 248.6951
   0.724   0.4342   0.01754   0.00470  -0.0201   0.3871   0.7333  86.5937 249.0578
   0.809   0.4433   0.01766   0.00477  -0.0200   0.3804   0.7370  87.2547 249.4499
   0.894   0.4528   0.01781   0.00485  -0.0199   0.3739   0.7412  87.9002 249.9121
   0.980   0.4624   0.01792   0.00495  -0.0198   0.3673   0.7455  88.5491 250.3864
   1.065   0.4723   0.01807   0.00503  -0.0197   0.3614   0.7509  89.1311 250.9716
   1.151   0.4816   0.01820   0.00517  -0.0196   0.3553   0.7569  89.7404 251.6437
   1.236   0.4908   0.01835   0.00531  -0.0195   0.3497   0.7641  90.2954 252.4546
   1.322   0.5000   0.01849   0.00545  -0.0194   0.3443   0.7736  90.8370 253.5230
   1.492   0.5196   0.01877   0.00578  -0.0192   0.3337   0.8070  91.9093 257.4550
   1.578   0.5335   0.01890   0.00602  -0.0199   0.3273   0.8422  92.5561 261.8895
   1.663   0.5544   0.01916   0.00626  -0.0222   0.3202   0.8980  93.2842 269.8787
   1.749   0.5727   0.01943   0.00644  -0.0241   0.3138   0.9525  93.9358 279.9581
   1.834   0.5876   0.01966   0.00665  -0.0253   0.3074   0.9843  94.5911 288.9483
   1.920   0.6026   0.01994   0.00681  -0.0266   0.3020   1.0001  95.1511 301.0000
   2.005   0.6113   0.02014   0.00697  -0.0265   0.2972   1.0001  95.6556 301.0000
   2.091   0.6206   0.02040   0.00708  -0.0265   0.2932   1.0001  96.0699 301.0000
   2.176   0.6291   0.02059   0.00727  -0.0264   0.2883   1.0001  96.5869 301.0000
   2.261   0.6384   0.02085   0.00736  -0.0264   0.2846   1.0001  96.9783 301.0000
   2.347   0.6466   0.02105   0.00758  -0.0262   0.2797   1.0001  97.4943 301.0000
   2.518   0.6641   0.02151   0.00789  -0.0261   0.2713   1.0001  98.3943 301.0000
   2.603   0.6729   0.02173   0.00801  -0.0260   0.2672   1.0001  98.8323 301.0000
   2.688   0.6814   0.02196   0.00819  -0.0259   0.2629   1.0001  99.2985 301.0000
   2.774   0.6899   0.02217   0.00833  -0.0257   0.2586   1.0001  99.7592 301.0000
   2.859   0.6986   0.02241   0.00847  -0.0256   0.2547   1.0001 100.1851 301.0000
   2.945   0.7068   0.02262   0.00865  -0.0254   0.2502   1.0001 100.6734 301.0000
   3.030   0.7158   0.02286   0.00873  -0.0254   0.2468   1.0001 101.0535 301.0000
   3.116   0.7236   0.02307   0.00898  -0.0251   0.2421   1.0001 101.5745 301.0000
   3.201   0.7326   0.02329   0.00903  -0.0250   0.2387   1.0001 101.9498 301.0000
   3.286   0.7403   0.02353   0.00929  -0.0247   0.2341   1.0001 102.4674 301.0000
   3.372   0.7489   0.02372   0.00936  -0.0246   0.2305   1.0001 102.8747 301.0000
   3.457   0.7568   0.02396   0.00958  -0.0244   0.2261   1.0001 103.3676 301.0000
   3.543   0.7650   0.02414   0.00967  -0.0242   0.2223   1.0001 103.8088 301.0000
   3.628   0.7731   0.02438   0.00983  -0.0239   0.2183   1.0001 104.2653 301.0000
   3.714   0.7811   0.02458   0.00997  -0.0237   0.2142   1.0001 104.7325 301.0000
   3.799   0.7895   0.02480   0.01006  -0.0236   0.2107   1.0001 105.1389 301.0000
   3.884   0.7971   0.02503   0.01028  -0.0232   0.2064   1.0001 105.6465 301.0000
   3.970   0.8060   0.02521   0.01025  -0.0232   0.2035   1.0001 105.9928 301.0000
   4.055   0.8131   0.02549   0.01060  -0.0228   0.1988   1.0001 106.5465 301.0000
   4.141   0.8216   0.02566   0.01060  -0.0226   0.1957   1.0001 106.9220 301.0000
   4.226   0.8289   0.02595   0.01090  -0.0223   0.1914   1.0001 107.4388 301.0000
   4.312   0.8371   0.02611   0.01091  -0.0221   0.1880   1.0001 107.8533 301.0000
   4.397   0.8446   0.02639   0.01114  -0.0217   0.1839   1.0001 108.3456 301.0000
   4.482   0.8524   0.02656   0.01121  -0.0215   0.1803   1.0001 108.7915 301.0000
   4.568   0.8601   0.02682   0.01137  -0.0212   0.1767   1.0001 109.2396 301.0000
   4.653   0.8676   0.02704   0.01153  -0.0209   0.1729   1.0001 109.7177 301.0000
   4.739   0.8758   0.02726   0.01156  -0.0207   0.1698   1.0001 110.1063 301.0000
   4.824   0.8828   0.02757   0.01188  -0.0203   0.1658   1.0001 110.6171 301.0000
   4.910   0.8915   0.02773   0.01180  -0.0202   0.1631   1.0001 110.9636 301.0000
   4.995   0.8981   0.02814   0.01226  -0.0197   0.1591   1.0001 111.4843 301.0000
   5.080   0.9063   0.02833   0.01228  -0.0196   0.1562   1.0001 111.8626 301.0000
   5.166   0.9135   0.02873   0.01262  -0.0192   0.1528   1.0001 112.3128 301.0000
   5.251   0.9211   0.02898   0.01278  -0.0189   0.1495   1.0001 112.7416 301.0000
   5.337   0.9291   0.02924   0.01284  -0.0187   0.1467   1.0001 113.1158 301.0000
   5.422   0.9357   0.02962   0.01322  -0.0183   0.1432   1.0001 113.6014 301.0000
   5.508   0.9443   0.02977   0.01310  -0.0182   0.1406   1.0001 113.9457 301.0000
   5.593   0.9502   0.03026   0.01364  -0.0176   0.1372   1.0001 114.4256 301.0000
   5.678   0.9580   0.03048   0.01370  -0.0174   0.1344   1.0001 114.8065 301.0000
   5.764   0.9653   0.03085   0.01393  -0.0171   0.1317   1.0001 115.1904 301.0000
   5.849   0.9718   0.03124   0.01430  -0.0167   0.1286   1.0001 115.6211 301.0000
   5.935   0.9805   0.03143   0.01421  -0.0166   0.1264   1.0001 115.9379 301.0000
   6.020   0.9860   0.03203   0.01485  -0.0160   0.1235   1.0001 116.3488 301.0000
   6.106   0.9934   0.03238   0.01508  -0.0157   0.1211   1.0001 116.7077 301.0000
   6.191   1.0028   0.03261   0.01496  -0.0158   0.1192   1.0001 116.9857 301.0000
   6.276   1.0070   0.03339   0.01588  -0.0150   0.1166   1.0001 117.3633 301.0000
   6.362   1.0142   0.03383   0.01621  -0.0147   0.1145   1.0001 117.6832 301.0000
   6.447   1.0233   0.03408   0.01615  -0.0147   0.1127   1.0001 117.9478 301.0000
   6.533   1.0275   0.03489   0.01703  -0.0140   0.1106   1.0001 118.2730 301.0000
   6.618   1.0333   0.03545   0.01754  -0.0135   0.1085   1.0001 118.5947 301.0000
   6.704   1.0420   0.03567   0.01749  -0.0134   0.1066   1.0001 118.8715 301.0000
   6.789   1.0476   0.03629   0.01801  -0.0130   0.1048   1.0001 119.1503 301.0000
   6.874   1.0512   0.03707   0.01883  -0.0122   0.1028   1.0001 119.4656 301.0000
   6.960   1.0586   0.03741   0.01900  -0.0120   0.1011   1.0001 119.7444 301.0000
   7.045   1.0689   0.03760   0.01878  -0.0122   0.0995   1.0001 119.9828 301.0000
   7.131   1.0696   0.03868   0.02003  -0.0110   0.0980   1.0001 120.2342 301.0000
   7.216   1.0728   0.03950   0.02086  -0.0103   0.0964   1.0001 120.4965 301.0000
   7.301   1.0798   0.03987   0.02105  -0.0100   0.0948   1.0001 120.7484 301.0000
   7.387   1.0913   0.03995   0.02068  -0.0104   0.0933   1.0001 120.9841 301.0000
   7.472   1.0903   0.04115   0.02204  -0.0091   0.0921   1.0001 121.1845 301.0000
   7.558   1.0909   0.04224   0.02319  -0.0081   0.0909   1.0001 121.3880 301.0000
   7.643   1.0943   0.04301   0.02390  -0.0075   0.0897   1.0001 121.5935 301.0000
   7.729   1.1022   0.04330   0.02395  -0.0073   0.0884   1.0001 121.8082 301.0000
   7.814   1.1138   0.04347   0.02366  -0.0077   0.0871   1.0001 122.0205 301.0000
   7.899   1.1097   0.04488   0.02525  -0.0062   0.0863   1.0001 122.1581 301.0000
   7.985   1.1070   0.04620   0.02666  -0.0050   0.0855   1.0001 122.3010 301.0000
   8.070   1.1059   0.04737   0.02785  -0.0039   0.0846   1.0001 122.4448 301.0000
   8.156   1.1067   0.04834   0.02876  -0.0031   0.0838   1.0001 122.5897 301.0000
   8.241   1.1108   0.04901   0.02928  -0.0026   0.0829   1.0001 122.7370 301.0000
   8.412   1.1286   0.04991   0.02949  -0.0027   0.0812   1.0001 123.0322 301.0000
   8.498   1.1217   0.05150   0.03118  -0.0012   0.0809   1.0001 123.0783 301.0000
   8.583   1.1146   0.05311   0.03286   0.0002   0.0807   1.0001 123.1174 301.0000
   8.668   1.1070   0.05473   0.03453   0.0015   0.0806   1.0001 123.1481 301.0000
   8.754   1.0989   0.05635   0.03618   0.0029   0.0804   1.0001 123.1697 301.0000
   8.839   1.0901   0.05798   0.03783   0.0041   0.0804   1.0001 123.1824 301.0000
   8.925   1.0806   0.05952   0.03939   0.0055   0.0803   1.0001 123.1861 301.0000
   9.010   1.0704   0.06103   0.04090   0.0069   0.0804   1.0001 123.1826 301.0000
   9.095   1.0599   0.06260   0.04247   0.0080   0.0804   1.0001 123.1737 301.0000
   9.181   1.0492   0.06424   0.04412   0.0090   0.0805   1.0001 123.1601 301.0000
   9.266   1.0384   0.06596   0.04584   0.0097   0.0806   1.0001 123.1424 301.0000
   9.352   1.0274   0.06776   0.04764   0.0103   0.0807   1.0001 123.1217 301.0000
   9.437   1.0165   0.06965   0.04953   0.0105   0.0808   1.0001 123.0987 301.0000
   9.523   1.0058   0.07162   0.05150   0.0106   0.0810   1.0001 123.0744 301.0000
   9.608   0.9953   0.07368   0.05354   0.0105   0.0811   1.0001 123.0496 301.0000
   9.694   0.9851   0.07581   0.05566   0.0102   0.0812   1.0001 123.0250 301.0000
   9.779   0.9754   0.07801   0.05783   0.0097   0.0814   1.0001 123.0014 301.0000
