  
       XFOIL         Version 6.99
  
 Calculated polar for: Repaneled_Airfoil                               
  
 1 1 Reynolds number fixed          Mach number fixed         
  
 xtrf =   1.000 (top)        1.000 (bottom)  
 Mach =   0.000     Re =     0.100 e 6     Ncrit =   9.000  9.000
  
   alpha    CL        CD       CDp       CM     Top_Xtr  Bot_Xtr  Top_Itr  Bot_Itr
  ------ -------- --------- --------- -------- -------- -------- -------- --------
  -5.000  -0.3637   0.01780   0.00648  -0.0243   1.0000   0.3536   1.0000 211.6890
  -4.915  -0.3557   0.01768   0.00651  -0.0240   1.0000   0.3796   1.0000 214.2746
  -4.829  -0.3477   0.01758   0.00653  -0.0238   1.0000   0.4036   1.0000 216.6238
  -4.744  -0.3397   0.01749   0.00655  -0.0235   1.0000   0.4256   1.0000 218.7652
  -4.658  -0.3317   0.01741   0.00658  -0.0233   1.0000   0.4455   1.0000 220.6774
  -4.573  -0.3238   0.01732   0.00660  -0.0230   1.0000   0.4639   1.0000 222.4489
  -4.487  -0.3158   0.01725   0.00663  -0.0227   1.0000   0.4817   1.0000 224.1553
  -4.402  -0.3078   0.01718   0.00666  -0.0224   1.0000   0.4984   1.0000 225.7498
  -4.317  -0.2999   0.01712   0.00670  -0.0221   1.0000   0.5145   1.0000 227.2899
  -4.231  -0.2920   0.01707   0.00675  -0.0218   1.0000   0.5305   1.0000 228.8255
  -4.146  -0.2842   0.01704   0.00682  -0.0215   1.0000   0.5458   1.0000 230.2901
  -4.060  -0.2764   0.01702   0.00690  -0.0211   1.0000   0.5611   1.0000 231.7642
  -3.975  -0.2688   0.01702   0.00699  -0.0207   1.0000   0.5760   1.0000 233.2049
  -3.889  -0.2613   0.01704   0.00710  -0.0202   1.0000   0.5904   1.0000 234.6058
  -3.804  -0.2538   0.01708   0.00721  -0.0198   1.0000   0.6051   1.0000 236.0325
  -3.719  -0.2466   0.01715   0.00735  -0.0193   1.0000   0.6181   1.0000 237.3095
  -3.633  -0.2393   0.01723   0.00748  -0.0188   1.0000   0.6311   1.0000 238.5970
  -3.548  -0.2321   0.01732   0.00762  -0.0183   1.0000   0.6441   1.0000 239.8929
  -3.462  -0.2248   0.01742   0.00774  -0.0179   1.0000   0.6574   1.0000 241.2192
  -3.377  -0.2162   0.01754   0.00778  -0.0179   1.0000   0.6781   1.0000 243.3405
  -3.292  -0.2086   0.01752   0.00780  -0.0176   1.0000   0.6909   1.0000 244.6529
  -3.206  -0.2012   0.01749   0.00782  -0.0172   1.0000   0.7034   1.0000 245.9517
  -3.121  -0.1941   0.01746   0.00786  -0.0167   1.0000   0.7154   1.0000 247.2133
  -3.035  -0.1872   0.01743   0.00790  -0.0162   1.0000   0.7280   1.0000 248.5627
  -2.950  -0.1802   0.01741   0.00794  -0.0157   1.0000   0.7418   1.0000 250.0515
  -2.864  -0.1737   0.01739   0.00799  -0.0151   1.0000   0.7552   1.0000 251.5272
  -2.779  -0.1672   0.01738   0.00805  -0.0145   1.0000   0.7699   1.0000 253.1816
  -2.693  -0.1541   0.01742   0.00817  -0.0151   0.9978   0.7877   5.3830 255.2263
  -2.608  -0.1397   0.01747   0.00831  -0.0158   0.9950   0.8070   7.7349 257.5266
  -2.523  -0.1258   0.01752   0.00844  -0.0164   0.9919   0.8279   9.5706 260.1148
  -2.437  -0.1121   0.01758   0.00859  -0.0170   0.9888   0.8506  11.0874 263.0674
  -2.352  -0.0981   0.01764   0.00873  -0.0175   0.9853   0.8759  12.5594 266.5908
  -2.266  -0.0805   0.01774   0.00890  -0.0188   0.9821   0.9065  13.7625 271.2923
  -2.181  -0.0564   0.01788   0.00907  -0.0216   0.9791   0.9434  14.7835 278.0226
  -2.095  -0.0277   0.01801   0.00920  -0.0256   0.9762   0.9853  15.7306 289.3931
  -2.010  -0.0059   0.01809   0.00925  -0.0285   0.9726   1.0000  16.8251 301.0000
  -1.925   0.0119   0.01818   0.00929  -0.0306   0.9688   1.0000  17.9128 301.0000
  -1.839   0.0294   0.01827   0.00933  -0.0326   0.9649   1.0000  18.9504 301.0000
  -1.754   0.0466   0.01836   0.00938  -0.0345   0.9609   1.0000  19.9535 301.0000
  -1.668   0.0636   0.01844   0.00943  -0.0362   0.9568   1.0000  20.9362 301.0000
  -1.583   0.0808   0.01851   0.00947  -0.0380   0.9525   1.0000  21.9116 301.0000
  -1.498   0.0982   0.01857   0.00950  -0.0397   0.9481   1.0000  22.8886 301.0000
  -1.412   0.1160   0.01860   0.00951  -0.0415   0.9434   1.0000  23.8647 301.0000
  -1.327   0.1342   0.01862   0.00950  -0.0433   0.9386   1.0000  24.8408 301.0000
  -1.241   0.1526   0.01861   0.00947  -0.0450   0.9336   1.0000  25.8083 301.0000
  -1.156   0.1709   0.01858   0.00942  -0.0467   0.9286   1.0000  26.7585 301.0000
  -1.070   0.1889   0.01853   0.00936  -0.0483   0.9235   1.0000  27.6802 301.0000
  -0.985   0.2067   0.01847   0.00929  -0.0498   0.9185   1.0000  28.5530 301.0000
  -0.899   0.2250   0.01841   0.00921  -0.0514   0.9142   1.0000  29.3034 301.0000
  -0.814   0.2442   0.01834   0.00913  -0.0532   0.9106   1.0000  29.9016 301.0000
  -0.729   0.2591   0.01830   0.00908  -0.0542   0.9057   1.0000  30.7206 301.0000
  -0.643   0.2747   0.01825   0.00903  -0.0553   0.9013   1.0000  31.4193 301.0000
  -0.558   0.2937   0.01817   0.00895  -0.0571   0.8985   1.0000  31.8785 301.0000
  -0.472   0.3073   0.01812   0.00889  -0.0578   0.8935   1.0000  32.6509 301.0000
  -0.387   0.3270   0.01800   0.00877  -0.0596   0.8913   1.0000  32.9936 301.0000
  -0.301   0.3388   0.01795   0.00871  -0.0600   0.8858   1.0000  33.8149 301.0000
  -0.216   0.3513   0.01788   0.00863  -0.0604   0.8808   1.0000  34.5596 301.0000
  -0.131   0.3689   0.01773   0.00849  -0.0617   0.8782   1.0000  34.9485 301.0000
  -0.045   0.3798   0.01767   0.00842  -0.0619   0.8726   1.0000  35.7523 301.0000
   0.040   0.3919   0.01758   0.00832  -0.0622   0.8676   1.0000  36.4505 301.0000
   0.126   0.4075   0.01743   0.00817  -0.0631   0.8644   1.0000  36.9026 301.0000
   0.211   0.4178   0.01736   0.00808  -0.0630   0.8587   1.0000  37.6852 301.0000
   0.296   0.4300   0.01725   0.00796  -0.0633   0.8541   1.0000  38.3096 301.0000
   0.382   0.4434   0.01711   0.00782  -0.0637   0.8501   1.0000  38.8575 301.0000
   0.467   0.4532   0.01703   0.00772  -0.0636   0.8443   1.0000  39.6183 301.0000
   0.553   0.4664   0.01687   0.00756  -0.0640   0.8403   1.0000  40.1405 301.0000
   0.638   0.4772   0.01676   0.00744  -0.0639   0.8350   1.0000  40.8285 301.0000
   0.724   0.4868   0.01667   0.00733  -0.0637   0.8290   1.0000  41.5857 301.0000
   0.809   0.4993   0.01650   0.00716  -0.0639   0.8247   1.0000  42.1335 301.0000
   0.894   0.5095   0.01639   0.00703  -0.0637   0.8190   1.0000  42.8413 301.0000
   0.980   0.5187   0.01630   0.00692  -0.0634   0.8127   1.0000  43.6188 301.0000
   1.065   0.5293   0.01617   0.00677  -0.0633   0.8071   1.0000  44.2958 301.0000
   1.151   0.5407   0.01601   0.00660  -0.0633   0.8019   1.0000  44.9227 301.0000
   1.322   0.5587   0.01584   0.00637  -0.0625   0.7882   1.0000  46.5411 301.0000
   1.407   0.5688   0.01572   0.00623  -0.0623   0.7818   1.0000  47.2843 301.0000
   1.492   0.5797   0.01557   0.00605  -0.0621   0.7757   1.0000  47.9821 301.0000
   1.578   0.5883   0.01549   0.00594  -0.0617   0.7678   1.0000  48.8760 301.0000
   1.663   0.5970   0.01541   0.00582  -0.0612   0.7597   1.0000  49.7789 301.0000
   1.749   0.6058   0.01533   0.00571  -0.0608   0.7514   1.0000  50.7016 301.0000
   1.834   0.6147   0.01526   0.00559  -0.0604   0.7428   1.0000  51.6443 301.0000
   1.920   0.6236   0.01518   0.00547  -0.0600   0.7338   1.0000  52.6177 301.0000
   2.005   0.6323   0.01511   0.00535  -0.0596   0.7243   1.0000  53.6416 301.0000
   2.091   0.6412   0.01504   0.00523  -0.0591   0.7142   1.0000  54.7099 301.0000
   2.176   0.6500   0.01498   0.00510  -0.0587   0.7036   1.0000  55.8219 301.0000
   2.261   0.6590   0.01492   0.00496  -0.0583   0.6924   1.0000  56.9841 301.0000
   2.347   0.6672   0.01488   0.00486  -0.0578   0.6799   1.0000  58.2669 301.0000
   2.432   0.6771   0.01481   0.00468  -0.0575   0.6687   1.0000  59.4069 301.0000
   2.518   0.6889   0.01472   0.00441  -0.0574   0.6595   1.0000  60.3340 301.0000
   2.603   0.7028   0.01470   0.00411  -0.0577   0.6517   1.0000  61.1264 301.0000
   2.688   0.7137   0.01493   0.00413  -0.0577   0.6402   1.0000  62.2753 301.0000
   2.774   0.7215   0.01519   0.00429  -0.0573   0.6268   1.0000  63.5938 301.0000
   2.859   0.7296   0.01543   0.00442  -0.0569   0.6147   1.0000  64.7853 301.0000
   2.945   0.7376   0.01563   0.00452  -0.0565   0.6030   1.0000  65.9262 301.0000
   3.030   0.7451   0.01580   0.00461  -0.0560   0.5914   1.0000  67.0530 301.0000
   3.116   0.7522   0.01595   0.00468  -0.0555   0.5796   1.0000  68.2026 301.0000
   3.201   0.7594   0.01608   0.00474  -0.0549   0.5678   1.0000  69.3361 301.0000
   3.286   0.7665   0.01620   0.00478  -0.0544   0.5561   1.0000  70.4592 301.0000
   3.372   0.7737   0.01632   0.00481  -0.0538   0.5445   1.0000  71.5758 301.0000
   3.457   0.7808   0.01643   0.00482  -0.0532   0.5329   1.0000  72.6810 301.0000
   3.543   0.7879   0.01654   0.00484  -0.0527   0.5213   1.0000  73.7852 301.0000
   3.628   0.7950   0.01666   0.00484  -0.0521   0.5098   1.0000  74.8845 301.0000
   3.714   0.8021   0.01677   0.00484  -0.0516   0.4984   1.0000  75.9686 301.0000
   3.799   0.8090   0.01690   0.00486  -0.0510   0.4866   1.0000  77.0965 301.0000
   3.884   0.8159   0.01703   0.00489  -0.0505   0.4748   1.0000  78.2231 301.0000
   3.970   0.8228   0.01716   0.00491  -0.0499   0.4633   1.0000  79.3182 301.0000
   4.055   0.8297   0.01731   0.00493  -0.0494   0.4520   1.0000  80.4022 301.0000
   4.141   0.8367   0.01746   0.00496  -0.0489   0.4409   1.0000  81.4633 301.0000
   4.226   0.8436   0.01762   0.00499  -0.0484   0.4301   1.0000  82.5092 301.0000
   4.312   0.8506   0.01780   0.00503  -0.0479   0.4194   1.0000  83.5374 301.0000
   4.397   0.8575   0.01798   0.00508  -0.0474   0.4091   1.0000  84.5364 301.0000
   4.482   0.8645   0.01817   0.00513  -0.0469   0.3989   1.0000  85.5240 301.0000
   4.568   0.8714   0.01838   0.00519  -0.0464   0.3890   1.0000  86.4969 301.0000
   4.653   0.8784   0.01859   0.00526  -0.0460   0.3792   1.0000  87.4532 301.0000
   4.739   0.8853   0.01881   0.00534  -0.0455   0.3696   1.0000  88.4008 301.0000
   4.824   0.8923   0.01905   0.00542  -0.0451   0.3601   1.0000  89.3381 301.0000
   4.910   0.8992   0.01929   0.00551  -0.0446   0.3509   1.0000  90.2588 301.0000
   4.995   0.9061   0.01954   0.00561  -0.0442   0.3418   1.0000  91.1680 301.0000
   5.080   0.9130   0.01980   0.00571  -0.0438   0.3329   1.0000  92.0675 301.0000
   5.166   0.9199   0.02007   0.00582  -0.0434   0.3240   1.0000  92.9688 301.0000
   5.251   0.9267   0.02034   0.00595  -0.0429   0.3149   1.0000  93.8964 301.0000
   5.337   0.9335   0.02060   0.00609  -0.0425   0.3060   1.0000  94.8224 301.0000
   5.422   0.9402   0.02088   0.00623  -0.0420   0.2972   1.0000  95.7379 301.0000
   5.508   0.9468   0.02115   0.00637  -0.0416   0.2885   1.0000  96.6494 301.0000
   5.593   0.9534   0.02143   0.00651  -0.0411   0.2799   1.0000  97.5598 301.0000
   5.678   0.9599   0.02171   0.00664  -0.0407   0.2714   1.0000  98.4638 301.0000
   5.764   0.9664   0.02198   0.00677  -0.0402   0.2631   1.0000  99.3610 301.0000
   5.849   0.9727   0.02226   0.00690  -0.0397   0.2548   1.0000 100.2580 301.0000
   5.935   0.9790   0.02253   0.00702  -0.0392   0.2467   1.0000 101.1523 301.0000
   6.020   0.9852   0.02281   0.00712  -0.0387   0.2389   1.0000 102.0207 301.0000
   6.106   0.9912   0.02307   0.00726  -0.0382   0.2307   1.0000 102.9369 301.0000
   6.191   0.9972   0.02335   0.00741  -0.0376   0.2227   1.0000 103.8553 301.0000
   6.276   1.0031   0.02363   0.00755  -0.0371   0.2149   1.0000 104.7496 301.0000
   6.362   1.0091   0.02392   0.00770  -0.0366   0.2074   1.0000 105.6257 301.0000
   6.447   1.0151   0.02423   0.00786  -0.0360   0.2003   1.0000 106.4744 301.0000
   6.533   1.0212   0.02455   0.00800  -0.0355   0.1935   1.0000 107.2815 301.0000
   6.618   1.0273   0.02489   0.00811  -0.0351   0.1874   1.0000 108.0218 301.0000
   6.704   1.0332   0.02521   0.00830  -0.0345   0.1807   1.0000 108.8534 301.0000
   6.789   1.0391   0.02556   0.00851  -0.0340   0.1743   1.0000 109.6576 301.0000
   6.874   1.0451   0.02592   0.00869  -0.0335   0.1684   1.0000 110.4006 301.0000
   6.960   1.0514   0.02629   0.00881  -0.0331   0.1633   1.0000 111.0563 301.0000
   7.045   1.0572   0.02665   0.00905  -0.0326   0.1576   1.0000 111.7934 301.0000
   7.131   1.0633   0.02704   0.00929  -0.0321   0.1524   1.0000 112.4829 301.0000
   7.216   1.0699   0.02744   0.00943  -0.0318   0.1480   1.0000 113.0617 301.0000
   7.301   1.0758   0.02783   0.00971  -0.0313   0.1432   1.0000 113.7174 301.0000
   7.387   1.0825   0.02827   0.00995  -0.0309   0.1391   1.0000 114.2837 301.0000
   7.472   1.0891   0.02869   0.01018  -0.0305   0.1351   1.0000 114.8314 301.0000
   7.558   1.0957   0.02915   0.01049  -0.0301   0.1313   1.0000 115.3716 301.0000
   7.643   1.1028   0.02959   0.01071  -0.0299   0.1279   1.0000 115.8539 301.0000
   7.729   1.1096   0.03009   0.01106  -0.0295   0.1245   1.0000 116.3403 301.0000
   7.814   1.1167   0.03054   0.01130  -0.0292   0.1213   1.0000 116.7971 301.0000
   7.899   1.1238   0.03105   0.01162  -0.0289   0.1184   1.0000 117.2315 301.0000
   7.985   1.1303   0.03151   0.01194  -0.0285   0.1153   1.0000 117.6849 301.0000
   8.070   1.1384   0.03201   0.01214  -0.0285   0.1127   1.0000 118.0751 301.0000
   8.156   1.1436   0.03250   0.01258  -0.0279   0.1099   1.0000 118.5112 301.0000
   8.241   1.1515   0.03296   0.01277  -0.0278   0.1074   1.0000 118.8841 301.0000
   8.327   1.1579   0.03352   0.01320  -0.0274   0.1051   1.0000 119.2475 301.0000
   8.412   1.1641   0.03402   0.01357  -0.0269   0.1027   1.0000 119.6190 301.0000
   8.498   1.1732   0.03452   0.01372  -0.0271   0.1006   1.0000 119.9509 301.0000
   8.583   1.1779   0.03511   0.01426  -0.0264   0.0985   1.0000 120.2827 301.0000
   8.668   1.1839   0.03564   0.01467  -0.0260   0.0965   1.0000 120.6110 301.0000
   8.754   1.1929   0.03615   0.01487  -0.0261   0.0947   1.0000 120.9071 301.0000
   8.839   1.1986   0.03681   0.01540  -0.0256   0.0930   1.0000 121.1847 301.0000
   8.925   1.2033   0.03742   0.01594  -0.0250   0.0912   1.0000 121.4702 301.0000
   9.010   1.2104   0.03795   0.01627  -0.0248   0.0896   1.0000 121.7449 301.0000
   9.095   1.2213   0.03855   0.01644  -0.0252   0.0880   1.0000 122.0076 301.0000
   9.181   1.2232   0.03928   0.01722  -0.0241   0.0868   1.0000 122.2204 301.0000
   9.266   1.2276   0.04001   0.01786  -0.0235   0.0855   1.0000 122.4365 301.0000
   9.352   1.2340   0.04069   0.01837  -0.0232   0.0843   1.0000 122.6450 301.0000
   9.437   1.2427   0.04132   0.01873  -0.0232   0.0831   1.0000 122.8448 301.0000
   9.523   1.2521   0.04211   0.01915  -0.0234   0.0820   1.0000 123.0317 301.0000
   9.608   1.2525   0.04298   0.02005  -0.0222   0.0812   1.0000 123.1721 301.0000
   9.694   1.2541   0.04384   0.02087  -0.0213   0.0804   1.0000 123.3268 301.0000
   9.779   1.2569   0.04464   0.02158  -0.0205   0.0794   1.0000 123.4918 301.0000
   9.864   1.2617   0.04535   0.02211  -0.0200   0.0784   1.0000 123.6680 301.0000
   9.950   1.2715   0.04592   0.02234  -0.0203   0.0773   1.0000 123.8705 301.0000
  10.035   1.2787   0.04672   0.02282  -0.0202   0.0763   1.0000 124.0412 301.0000
  10.121   1.2760   0.04767   0.02380  -0.0188   0.0758   1.0000 124.1441 301.0000
  10.206   1.2741   0.04863   0.02474  -0.0175   0.0752   1.0000 124.2543 301.0000
  10.291   1.2729   0.04956   0.02562  -0.0164   0.0745   1.0000 124.3687 301.0000
  10.377   1.2726   0.05046   0.02643  -0.0154   0.0739   1.0000 124.4851 301.0000
  10.462   1.2736   0.05131   0.02716  -0.0145   0.0732   1.0000 124.6028 301.0000
  10.548   1.2765   0.05210   0.02777  -0.0140   0.0726   1.0000 124.7240 301.0000
  10.633   1.2876   0.05270   0.02796  -0.0144   0.0716   1.0000 124.8996 301.0000
  10.719   1.2947   0.05361   0.02851  -0.0144   0.0709   1.0000 125.0359 301.0000
  10.804   1.2889   0.05467   0.02957  -0.0128   0.0706   1.0000 125.0830 301.0000
  10.889   1.2828   0.05575   0.03063  -0.0113   0.0704   1.0000 125.1268 301.0000
  10.975   1.2761   0.05678   0.03162  -0.0097   0.0702   1.0000 125.1652 301.0000
  11.060   1.2692   0.05781   0.03260  -0.0081   0.0700   1.0000 125.2002 301.0000
  11.146   1.2622   0.05888   0.03362  -0.0067   0.0698   1.0000 125.2330 301.0000
  11.231   1.2550   0.05999   0.03468  -0.0053   0.0697   1.0000 125.2632 301.0000
  11.317   1.2477   0.06115   0.03577  -0.0040   0.0695   1.0000 125.2899 301.0000
  11.402   1.2401   0.06235   0.03691  -0.0029   0.0694   1.0000 125.3129 301.0000
  11.487   1.2322   0.06361   0.03810  -0.0019   0.0693   1.0000 125.3314 301.0000
  11.573   1.2240   0.06493   0.03936  -0.0009   0.0692   1.0000 125.3452 301.0000
  11.658   1.2155   0.06633   0.04069  -0.0001   0.0692   1.0000 125.3536 301.0000
  11.744   1.2065   0.06780   0.04210   0.0005   0.0692   1.0000 125.3567 301.0000
  11.829   1.1971   0.06935   0.04360   0.0011   0.0692   1.0000 125.3535 301.0000
  11.915   1.1873   0.07101   0.04521   0.0015   0.0693   1.0000 125.3443 301.0000
  12.000   1.1772   0.07276   0.04691   0.0017   0.0693   1.0000 125.3294 301.0000
