  
       XFOIL         Version 6.99
  
 Calculated polar for: Repaneled_Airfoil                               
  
 1 1 Reynolds number fixed          Mach number fixed         
  
 xtrf =   1.000 (top)        1.000 (bottom)  
 Mach =   0.000     Re =     0.100 e 6     Ncrit =   9.000  9.000
  
   alpha    CL        CD       CDp       CM     Top_Xtr  Bot_Xtr  Top_Itr  Bot_Itr
  ------ -------- --------- --------- -------- -------- -------- -------- --------
  -5.000  -0.4006   0.02094   0.01043   0.0049   0.9999   0.5705   1.0000 232.5824
  -4.915  -0.3919   0.02089   0.01032   0.0048   0.9999   0.5745   1.0000 232.9716
  -4.829  -0.3839   0.02084   0.01030   0.0051   0.9999   0.5769   1.0000 233.2085
  -4.744  -0.3757   0.02079   0.01027   0.0053   0.9999   0.5798   1.0000 233.4841
  -4.658  -0.3672   0.02075   0.01020   0.0053   0.9999   0.5833   1.0000 233.8295
  -4.573  -0.3588   0.02069   0.01014   0.0054   0.9999   0.5864   1.0000 234.1286
  -4.487  -0.3507   0.02064   0.01011   0.0056   0.9999   0.5891   1.0000 234.3939
  -4.402  -0.3422   0.02060   0.01005   0.0057   0.9999   0.5925   1.0000 234.7288
  -4.317  -0.3336   0.02056   0.00999   0.0057   0.9999   0.5961   1.0000 235.0790
  -4.231  -0.3255   0.02051   0.00996   0.0059   0.9999   0.5989   1.0000 235.3501
  -4.146  -0.3171   0.02047   0.00991   0.0060   0.9999   0.6024   1.0000 235.6899
  -4.060  -0.3084   0.02044   0.00985   0.0059   0.9999   0.6061   1.0000 236.0569
  -3.975  -0.3003   0.02037   0.00981   0.0061   0.9999   0.6089   1.0000 236.3316
  -3.889  -0.2918   0.02032   0.00976   0.0062   0.9999   0.6124   1.0000 236.6720
  -3.804  -0.2830   0.02030   0.00970   0.0061   0.9999   0.6162   1.0000 237.0466
  -3.719  -0.2748   0.02022   0.00965   0.0063   0.9999   0.6190   1.0000 237.3320
  -3.633  -0.2663   0.02017   0.00959   0.0063   0.9999   0.6226   1.0000 237.6824
  -3.548  -0.2574   0.02014   0.00953   0.0062   0.9999   0.6264   1.0000 238.0577
  -3.462  -0.2491   0.02006   0.00948   0.0063   0.9999   0.6294   1.0000 238.3619
  -3.377  -0.2405   0.02001   0.00942   0.0063   0.9999   0.6332   1.0000 238.7398
  -3.292  -0.2317   0.01997   0.00936   0.0063   0.9999   0.6371   1.0000 239.1221
  -3.206  -0.2233   0.01989   0.00930   0.0063   0.9999   0.6407   1.0000 239.4840
  -3.121  -0.2142   0.01986   0.00923   0.0062   0.9999   0.6452   1.0000 239.9346
  -3.035  -0.2059   0.01976   0.00919   0.0063   0.9999   0.6486   1.0000 240.2702
  -2.950  -0.1974   0.01969   0.00915   0.0063   0.9999   0.6523   1.0000 240.6450
  -2.864  -0.1887   0.01964   0.00910   0.0063   0.9999   0.6563   1.0000 241.0467
  -2.779  -0.1806   0.01957   0.00911   0.0064   0.9999   0.6593   1.0000 241.3417
  -2.693  -0.1723   0.01953   0.00911   0.0066   0.9999   0.6627   1.0000 241.6823
  -2.608  -0.1639   0.01950   0.00911   0.0066   0.9999   0.6663   1.0000 242.0503
  -2.523  -0.1556   0.01948   0.00913   0.0067   0.9999   0.6699   1.0000 242.4126
  -2.437  -0.1469   0.01949   0.00914   0.0067   0.9999   0.6742   1.0000 242.8511
  -2.352  -0.1385   0.01948   0.00917   0.0067   0.9999   0.6780   1.0000 243.2439
  -2.266  -0.1301   0.01948   0.00919   0.0068   0.9999   0.6822   1.0000 243.6699
  -2.181  -0.1216   0.01949   0.00922   0.0068   0.9999   0.6866   1.0000 244.1234
  -2.095  -0.1133   0.01949   0.00926   0.0069   0.9999   0.6909   1.0000 244.5660
  -2.010  -0.1047   0.01951   0.00929   0.0069   0.9999   0.6957   1.0000 245.0729
  -1.925  -0.0764   0.01976   0.00960   0.0031   0.9936   0.7026   8.5904 245.7850
  -1.839  -0.0457   0.01996   0.00987  -0.0011   0.9850   0.7097  12.6476 246.5335
  -1.754  -0.0206   0.02008   0.01004  -0.0042   0.9783   0.7166  15.0438 247.2662
  -1.668   0.0004   0.02014   0.01014  -0.0064   0.9723   0.7236  16.8768 248.0122
  -1.583   0.0185   0.02015   0.01022  -0.0080   0.9669   0.7300  18.3901 248.7003
  -1.498   0.0374   0.02017   0.01030  -0.0098   0.9616   0.7370  19.7381 249.4565
  -1.412   0.0577   0.02017   0.01036  -0.0118   0.9564   0.7446  20.9868 250.2896
  -1.327   0.0741   0.02014   0.01039  -0.0130   0.9511   0.7526  22.1887 251.1614
  -1.241   0.0908   0.02009   0.01041  -0.0142   0.9458   0.7612  23.3387 252.1205
  -1.156   0.1077   0.02003   0.01042  -0.0154   0.9404   0.7706  24.4508 253.1874
  -1.070   0.1249   0.01994   0.01042  -0.0166   0.9348   0.7814  25.5468 254.4230
  -0.985   0.1424   0.01982   0.01040  -0.0178   0.9291   0.7940  26.6339 255.9001
  -0.899   0.1604   0.01967   0.01036  -0.0189   0.9231   0.8085  27.7239 257.6382
  -0.814   0.1795   0.01949   0.01029  -0.0202   0.9169   0.8264  28.8114 259.8538
  -0.729   0.2014   0.01927   0.01019  -0.0219   0.9104   0.8484  29.9127 262.7054
  -0.643   0.2276   0.01899   0.01004  -0.0242   0.9033   0.8748  31.0778 266.3754
  -0.558   0.2582   0.01867   0.00982  -0.0275   0.8950   0.9037  32.3828 270.7933
  -0.472   0.2976   0.01814   0.00939  -0.0321   0.8859   0.9286  33.7632 275.1019
  -0.387   0.3327   0.01756   0.00889  -0.0358   0.8762   0.9492  35.1891 279.2274
  -0.301   0.3637   0.01698   0.00837  -0.0387   0.8652   0.9664  36.7477 283.3341
  -0.216   0.3922   0.01637   0.00780  -0.0411   0.8524   0.9807  38.5027 287.6353
  -0.131   0.4197   0.01571   0.00716  -0.0432   0.8367   0.9921  40.5617 292.4663
  -0.045   0.4422   0.01508   0.00651  -0.0445   0.8184   1.0001  42.8738 301.0000
   0.040   0.4484   0.01479   0.00614  -0.0432   0.8033   1.0001  44.6992 301.0000
   0.126   0.4557   0.01445   0.00572  -0.0419   0.7845   1.0001  46.9165 301.0000
   0.211   0.4611   0.01418   0.00535  -0.0403   0.7603   1.0001  49.6628 301.0000
   0.296   0.4662   0.01391   0.00495  -0.0385   0.7250   1.0001  53.5060 301.0000
   0.382   0.4675   0.01383   0.00478  -0.0365   0.6680   1.0001  59.3980 301.0000
   0.467   0.4658   0.01417   0.00388  -0.0329   0.4635   1.0001  79.2237 301.0000
   0.553   0.4658   0.01485   0.00401  -0.0313   0.4073   1.0001  84.6416 301.0000
   0.638   0.4691   0.01533   0.00415  -0.0302   0.3783   1.0001  87.4701 301.0000
   0.724   0.4740   0.01571   0.00428  -0.0294   0.3587   1.0001  89.4092 301.0000
   0.809   0.4798   0.01605   0.00440  -0.0288   0.3439   1.0001  90.8882 301.0000
   0.894   0.4863   0.01635   0.00451  -0.0283   0.3314   1.0001  92.1506 301.0000
   0.980   0.4934   0.01662   0.00462  -0.0278   0.3204   1.0001  93.2684 301.0000
   1.065   0.5008   0.01689   0.00473  -0.0274   0.3108   1.0001  94.2535 301.0000
   1.151   0.5084   0.01715   0.00484  -0.0271   0.3024   1.0001  95.1287 301.0000
   1.236   0.5161   0.01742   0.00495  -0.0267   0.2946   1.0001  95.9383 301.0000
   1.322   0.5239   0.01766   0.00509  -0.0264   0.2870   1.0001  96.7339 301.0000
   1.407   0.5319   0.01791   0.00522  -0.0261   0.2802   1.0001  97.4558 301.0000
   1.492   0.5400   0.01819   0.00534  -0.0259   0.2741   1.0001  98.1047 301.0000
   1.578   0.5480   0.01842   0.00548  -0.0256   0.2677   1.0001  98.7933 301.0000
   1.663   0.5562   0.01867   0.00563  -0.0254   0.2617   1.0001  99.4396 301.0000
   1.749   0.5646   0.01896   0.00575  -0.0252   0.2566   1.0001  99.9922 301.0000
   1.834   0.5728   0.01918   0.00592  -0.0250   0.2507   1.0001 100.6388 301.0000
   1.920   0.5811   0.01945   0.00607  -0.0248   0.2459   1.0001 101.1741 301.0000
   2.005   0.5894   0.01970   0.00623  -0.0245   0.2407   1.0001 101.7456 301.0000
   2.091   0.5978   0.01997   0.00640  -0.0244   0.2361   1.0001 102.2655 301.0000
   2.176   0.6063   0.02023   0.00656  -0.0242   0.2314   1.0001 102.7891 301.0000
   2.261   0.6147   0.02050   0.00674  -0.0240   0.2270   1.0001 103.2905 301.0000
   2.347   0.6231   0.02076   0.00691  -0.0238   0.2226   1.0001 103.7939 301.0000
   2.432   0.6315   0.02104   0.00710  -0.0236   0.2183   1.0001 104.2902 301.0000
   2.518   0.6399   0.02130   0.00726  -0.0234   0.2140   1.0001 104.7891 301.0000
   2.603   0.6483   0.02158   0.00745  -0.0232   0.2098   1.0001 105.2685 301.0000
   2.688   0.6567   0.02184   0.00764  -0.0230   0.2057   1.0001 105.7567 301.0000
   2.774   0.6652   0.02214   0.00782  -0.0228   0.2019   1.0001 106.2075 301.0000
   2.859   0.6734   0.02241   0.00804  -0.0226   0.1978   1.0001 106.6955 301.0000
   2.945   0.6822   0.02273   0.00820  -0.0225   0.1944   1.0001 107.0980 301.0000
   3.030   0.6902   0.02300   0.00847  -0.0222   0.1903   1.0001 107.5915 301.0000
   3.116   0.6991   0.02332   0.00859  -0.0222   0.1872   1.0001 107.9665 301.0000
   3.201   0.7070   0.02362   0.00893  -0.0218   0.1833   1.0001 108.4475 301.0000
   3.286   0.7156   0.02391   0.00909  -0.0217   0.1801   1.0001 108.8516 301.0000
   3.372   0.7237   0.02425   0.00936  -0.0214   0.1765   1.0001 109.2923 301.0000
   3.457   0.7319   0.02453   0.00958  -0.0212   0.1730   1.0001 109.7337 301.0000
   3.543   0.7404   0.02486   0.00975  -0.0211   0.1699   1.0001 110.1206 301.0000
   3.628   0.7481   0.02517   0.01007  -0.0208   0.1663   1.0001 110.5891 301.0000
   3.714   0.7569   0.02547   0.01016  -0.0207   0.1635   1.0001 110.9482 301.0000
   3.799   0.7642   0.02582   0.01056  -0.0203   0.1599   1.0001 111.4146 301.0000
   3.884   0.7726   0.02612   0.01074  -0.0201   0.1569   1.0001 111.7982 301.0000
   3.970   0.7808   0.02650   0.01100  -0.0199   0.1541   1.0001 112.1612 301.0000
   4.055   0.7884   0.02687   0.01138  -0.0196   0.1509   1.0001 112.5865 301.0000
   4.141   0.7972   0.02718   0.01149  -0.0195   0.1485   1.0001 112.9106 301.0000
   4.226   0.8045   0.02764   0.01197  -0.0191   0.1456   1.0001 113.2971 301.0000
   4.312   0.8125   0.02801   0.01228  -0.0189   0.1429   1.0001 113.6715 301.0000
   4.397   0.8215   0.02833   0.01233  -0.0189   0.1407   1.0001 113.9683 301.0000
   4.482   0.8279   0.02883   0.01295  -0.0183   0.1376   1.0001 114.3923 301.0000
   4.568   0.8359   0.02915   0.01316  -0.0181   0.1350   1.0001 114.7491 301.0000
   4.653   0.8446   0.02949   0.01325  -0.0181   0.1329   1.0001 115.0453 301.0000
   4.739   0.8506   0.03005   0.01395  -0.0174   0.1300   1.0001 115.4539 301.0000
   4.824   0.8587   0.03036   0.01412  -0.0172   0.1277   1.0001 115.7815 301.0000
   4.910   0.8670   0.03073   0.01427  -0.0171   0.1256   1.0001 116.0759 301.0000
   4.995   0.8726   0.03132   0.01499  -0.0165   0.1229   1.0001 116.4683 301.0000
   5.080   0.8806   0.03164   0.01518  -0.0163   0.1208   1.0001 116.7741 301.0000
   5.166   0.8897   0.03198   0.01521  -0.0163   0.1191   1.0001 117.0272 301.0000
   5.251   0.8941   0.03275   0.01618  -0.0155   0.1167   1.0001 117.3844 301.0000
   5.337   0.9012   0.03320   0.01656  -0.0151   0.1147   1.0001 117.6827 301.0000
   5.422   0.9104   0.03347   0.01656  -0.0152   0.1131   1.0001 117.9184 301.0000
   5.508   0.9160   0.03426   0.01735  -0.0146   0.1115   1.0001 118.1644 301.0000
   5.593   0.9208   0.03510   0.01830  -0.0139   0.1097   1.0001 118.4366 301.0000
   5.678   0.9275   0.03565   0.01877  -0.0135   0.1081   1.0001 118.6848 301.0000
   5.764   0.9366   0.03592   0.01877  -0.0135   0.1066   1.0001 118.9038 301.0000
   5.849   0.9421   0.03669   0.01947  -0.0130   0.1052   1.0001 119.1316 301.0000
   5.935   0.9450   0.03770   0.02063  -0.0121   0.1035   1.0001 119.3927 301.0000
   6.020   0.9506   0.03832   0.02121  -0.0116   0.1019   1.0001 119.6423 301.0000
   6.106   0.9594   0.03852   0.02114  -0.0116   0.1004   1.0001 119.8722 301.0000
   6.191   0.9663   0.03910   0.02152  -0.0113   0.0991   1.0001 120.0782 301.0000
   6.276   0.9665   0.04043   0.02306  -0.0101   0.0979   1.0001 120.2831 301.0000
   6.362   0.9694   0.04144   0.02411  -0.0093   0.0966   1.0001 120.4890 301.0000
   6.447   0.9749   0.04204   0.02462  -0.0088   0.0953   1.0001 120.6986 301.0000
   6.533   0.9848   0.04211   0.02436  -0.0090   0.0940   1.0001 120.9076 301.0000
   6.618   0.9892   0.04295   0.02506  -0.0085   0.0929   1.0001 121.0815 301.0000
   6.704   0.9868   0.04453   0.02684  -0.0071   0.0920   1.0001 121.2305 301.0000
   6.789   0.9861   0.04593   0.02832  -0.0060   0.0911   1.0001 121.3753 301.0000
   6.874   0.9868   0.04715   0.02956  -0.0051   0.0903   1.0001 121.5104 301.0000
   6.960   0.9898   0.04806   0.03039  -0.0045   0.0894   1.0001 121.6577 301.0000
   7.131   1.0091   0.04831   0.02996  -0.0047   0.0872   1.0001 122.0366 301.0000
   7.216   1.0033   0.05017   0.03198  -0.0032   0.0868   1.0001 122.1062 301.0000
   7.301   0.9978   0.05199   0.03391  -0.0018   0.0864   1.0001 122.1701 301.0000
   7.387   0.9924   0.05379   0.03577  -0.0005   0.0861   1.0001 122.2249 301.0000
   7.472   0.9867   0.05557   0.03759   0.0006   0.0858   1.0001 122.2680 301.0000
   7.558   0.9807   0.05736   0.03940   0.0018   0.0856   1.0001 122.2971 301.0000
   7.643   0.9738   0.05919   0.04123   0.0029   0.0856   1.0001 122.3079 301.0000
   7.729   0.9663   0.06104   0.04308   0.0039   0.0856   1.0001 122.3022 301.0000
   7.814   0.9582   0.06290   0.04492   0.0050   0.0857   1.0001 122.2831 301.0000
   7.899   0.9498   0.06473   0.04672   0.0059   0.0859   1.0001 122.2544 301.0000
   7.985   0.9411   0.06647   0.04843   0.0068   0.0861   1.0001 122.2202 301.0000
   8.070   0.9323   0.06809   0.04999   0.0078   0.0863   1.0001 122.1846 301.0000
   8.156   0.9238   0.06971   0.05154   0.0086   0.0865   1.0001 122.1493 301.0000
   8.241   0.9158   0.07135   0.05310   0.0092   0.0867   1.0001 122.1149 301.0000
   8.327   0.9083   0.07300   0.05465   0.0097   0.0869   1.0001 122.0823 301.0000
   8.412   0.9015   0.07466   0.05621   0.0099   0.0871   1.0001 122.0517 301.0000
   8.498   0.8957   0.07632   0.05775   0.0100   0.0872   1.0001 122.0238 301.0000
