  
       XFOIL         Version 6.99
  
 Calculated polar for: Repaneled_Airfoil                               
  
 1 1 Reynolds number fixed          Mach number fixed         
  
 xtrf =   1.000 (top)        1.000 (bottom)  
 Mach =   0.000     Re =     0.100 e 6     Ncrit =   9.000  9.000
  
   alpha    CL        CD       CDp       CM     Top_Xtr  Bot_Xtr  Top_Itr  Bot_Itr
  ------ -------- --------- --------- -------- -------- -------- -------- --------
  -5.000  -0.5651   0.02574   0.01147  -0.0078   1.0000   0.1153   1.0000 184.1188
  -4.915  -0.5595   0.02547   0.01136  -0.0073   1.0000   0.1169   1.0000 184.3575
  -4.829  -0.5540   0.02519   0.01109  -0.0066   1.0000   0.1189   1.0000 184.6489
  -4.744  -0.5487   0.02485   0.01061  -0.0059   1.0000   0.1211   1.0000 184.9777
  -4.658  -0.5425   0.02453   0.01049  -0.0055   1.0000   0.1228   1.0000 185.2237
  -4.573  -0.5364   0.02428   0.01032  -0.0050   1.0000   0.1249   1.0000 185.5285
  -4.487  -0.5304   0.02400   0.00996  -0.0044   1.0000   0.1276   1.0000 185.9093
  -4.402  -0.5240   0.02369   0.00979  -0.0040   1.0000   0.1297   1.0000 186.2155
  -4.317  -0.5174   0.02344   0.00962  -0.0036   1.0000   0.1321   1.0000 186.5511
  -4.231  -0.5109   0.02318   0.00928  -0.0031   1.0000   0.1350   1.0000 186.9617
  -4.146  -0.5040   0.02289   0.00916  -0.0028   1.0000   0.1374   1.0000 187.2902
  -4.060  -0.4973   0.02265   0.00897  -0.0024   1.0000   0.1403   1.0000 187.6999
  -3.975  -0.4903   0.02239   0.00873  -0.0020   1.0000   0.1434   1.0000 188.1196
  -3.889  -0.4832   0.02213   0.00860  -0.0018   1.0000   0.1462   1.0000 188.5024
  -3.804  -0.4762   0.02192   0.00832  -0.0013   1.0000   0.1498   1.0000 188.9786
  -3.719  -0.4688   0.02162   0.00821  -0.0011   1.0000   0.1526   1.0000 189.3500
  -3.633  -0.4615   0.02141   0.00801  -0.0008   1.0000   0.1563   1.0000 189.8486
  -3.548  -0.4541   0.02115   0.00787  -0.0006   1.0000   0.1598   1.0000 190.3024
  -3.462  -0.4467   0.02095   0.00770  -0.0003   1.0000   0.1640   1.0000 190.8462
  -3.377  -0.4392   0.02070   0.00757  -0.0000   1.0000   0.1679   1.0000 191.3496
  -3.292  -0.4317   0.02053   0.00740   0.0002   1.0000   0.1729   1.0000 191.9874
  -3.206  -0.4243   0.02026   0.00731   0.0004   1.0000   0.1772   1.0000 192.5261
  -3.121  -0.4168   0.02005   0.00716   0.0007   1.0000   0.1824   1.0000 193.1645
  -3.035  -0.4094   0.01984   0.00703   0.0009   1.0000   0.1878   1.0000 193.8353
  -2.950  -0.4021   0.01960   0.00692   0.0012   1.0000   0.1932   1.0000 194.4923
  -2.864  -0.3947   0.01938   0.00679   0.0014   1.0000   0.1993   1.0000 195.2264
  -2.779  -0.3873   0.01917   0.00666   0.0016   1.0000   0.2061   1.0000 196.0289
  -2.693  -0.3801   0.01893   0.00656   0.0019   1.0000   0.2129   1.0000 196.8302
  -2.608  -0.3729   0.01869   0.00645   0.0021   1.0000   0.2206   1.0000 197.7181
  -2.523  -0.3657   0.01846   0.00635   0.0023   1.0000   0.2294   1.0000 198.7208
  -2.437  -0.3552   0.01819   0.00623   0.0019   0.9991   0.2417   3.8314 200.1057
  -2.352  -0.3406   0.01783   0.00612   0.0007   0.9970   0.2603   6.2351 202.1611
  -2.266  -0.3262   0.01740   0.00604  -0.0005   0.9948   0.2905   7.8805 205.3843
  -2.181  -0.3131   0.01677   0.00604  -0.0015   0.9927   0.3681   9.1577 213.2798
  -2.095  -0.3021   0.01613   0.00620  -0.0018   0.9904   0.5141  10.3476 227.3703
  -2.010  -0.2895   0.01580   0.00626  -0.0021   0.9877   0.6052  11.6251 236.1407
  -1.925  -0.2763   0.01550   0.00633  -0.0024   0.9850   0.6620  12.7178 241.7801
  -1.839  -0.2640   0.01542   0.00674  -0.0017   0.9825   0.7343  13.6851 249.3103
  -1.754  -0.2476   0.01564   0.00720  -0.0016   0.9797   0.8146  14.6649 258.5098
  -1.668  -0.2304   0.01585   0.00745  -0.0023   0.9763   0.8614  15.7772 264.5928
  -1.583  -0.2122   0.01605   0.00764  -0.0034   0.9729   0.8921  16.8076 269.0604
  -1.498  -0.1907   0.01625   0.00782  -0.0051   0.9698   0.9151  17.6952 272.7880
  -1.412  -0.1653   0.01644   0.00799  -0.0075   0.9673   0.9335  18.3765 276.1024
  -1.241  -0.0955   0.01678   0.00824  -0.0162   0.9655   0.9613  18.8489 282.1058
  -1.156  -0.0540   0.01686   0.00827  -0.0220   0.9659   0.9723  18.7533 285.0405
  -1.070  -0.0151   0.01684   0.00823  -0.0275   0.9661   0.9817  18.6944 288.0455
  -0.985   0.0232   0.01675   0.00811  -0.0330   0.9662   0.9901  18.6618 291.4836
  -0.899   0.0610   0.01659   0.00794  -0.0385   0.9663   0.9978  18.6494 296.5586
  -0.814   0.0852   0.01643   0.00777  -0.0416   0.9636   1.0000  19.3412 301.0000
  -0.729   0.1030   0.01629   0.00762  -0.0435   0.9595   1.0000  20.3480 301.0000
  -0.643   0.1197   0.01616   0.00747  -0.0452   0.9552   1.0000  21.3844 301.0000
  -0.558   0.1361   0.01603   0.00733  -0.0467   0.9506   1.0000  22.4107 301.0000
  -0.472   0.1520   0.01591   0.00720  -0.0481   0.9458   1.0000  23.4369 301.0000
  -0.387   0.1674   0.01578   0.00707  -0.0493   0.9409   1.0000  24.4650 301.0000
  -0.301   0.1821   0.01567   0.00694  -0.0504   0.9357   1.0000  25.4883 301.0000
  -0.216   0.1964   0.01556   0.00682  -0.0514   0.9304   1.0000  26.5009 301.0000
  -0.131   0.2099   0.01545   0.00671  -0.0522   0.9250   1.0000  27.5085 301.0000
  -0.045   0.2228   0.01536   0.00660  -0.0529   0.9193   1.0000  28.5123 301.0000
   0.040   0.2348   0.01527   0.00651  -0.0533   0.9135   1.0000  29.5114 301.0000
   0.126   0.2462   0.01520   0.00641  -0.0536   0.9076   1.0000  30.5067 301.0000
   0.211   0.2570   0.01513   0.00633  -0.0538   0.9015   1.0000  31.4994 301.0000
   0.296   0.2670   0.01507   0.00626  -0.0538   0.8953   1.0000  32.4869 301.0000
   0.382   0.2766   0.01502   0.00619  -0.0537   0.8889   1.0000  33.4684 301.0000
   0.467   0.2856   0.01498   0.00613  -0.0534   0.8824   1.0000  34.4413 301.0000
   0.553   0.2943   0.01495   0.00607  -0.0531   0.8758   1.0000  35.4053 301.0000
   0.638   0.3026   0.01493   0.00602  -0.0527   0.8692   1.0000  36.3583 301.0000
   0.724   0.3107   0.01491   0.00598  -0.0522   0.8624   1.0000  37.3010 301.0000
   0.809   0.3185   0.01490   0.00594  -0.0517   0.8557   1.0000  38.2311 301.0000
   0.894   0.3262   0.01490   0.00590  -0.0511   0.8489   1.0000  39.1474 301.0000
   0.980   0.3337   0.01490   0.00587  -0.0505   0.8421   1.0000  40.0437 301.0000
   1.065   0.3411   0.01491   0.00585  -0.0499   0.8350   1.0000  40.9615 301.0000
   1.151   0.3483   0.01493   0.00583  -0.0492   0.8277   1.0000  41.8939 301.0000
   1.236   0.3555   0.01495   0.00582  -0.0486   0.8203   1.0000  42.8174 301.0000
   1.322   0.3627   0.01497   0.00581  -0.0480   0.8129   1.0000  43.7305 301.0000
   1.407   0.3700   0.01500   0.00580  -0.0473   0.8055   1.0000  44.6331 301.0000
   1.492   0.3772   0.01503   0.00579  -0.0467   0.7981   1.0000  45.5275 301.0000
   1.578   0.3845   0.01505   0.00578  -0.0461   0.7906   1.0000  46.4064 301.0000
   1.663   0.3918   0.01508   0.00576  -0.0454   0.7832   1.0000  47.2750 301.0000
   1.749   0.3991   0.01510   0.00574  -0.0448   0.7759   1.0000  48.1201 301.0000
   1.834   0.4064   0.01512   0.00572  -0.0441   0.7683   1.0000  48.9754 301.0000
   1.920   0.4136   0.01515   0.00571  -0.0435   0.7601   1.0000  49.9026 301.0000
   2.005   0.4208   0.01517   0.00570  -0.0429   0.7518   1.0000  50.8265 301.0000
   2.091   0.4280   0.01519   0.00568  -0.0422   0.7433   1.0000  51.7601 301.0000
   2.176   0.4352   0.01521   0.00566  -0.0416   0.7347   1.0000  52.6932 301.0000
   2.261   0.4425   0.01521   0.00562  -0.0410   0.7260   1.0000  53.6309 301.0000
   2.347   0.4498   0.01522   0.00558  -0.0404   0.7171   1.0000  54.5771 301.0000
   2.432   0.4571   0.01521   0.00554  -0.0398   0.7081   1.0000  55.5318 301.0000
   2.518   0.4645   0.01521   0.00549  -0.0392   0.6989   1.0000  56.4934 301.0000
   2.603   0.4719   0.01520   0.00543  -0.0386   0.6896   1.0000  57.4539 301.0000
   2.688   0.4793   0.01519   0.00537  -0.0380   0.6798   1.0000  58.4628 301.0000
   2.774   0.4862   0.01520   0.00540  -0.0375   0.6650   1.0000  59.9802 301.0000
   2.859   0.4937   0.01512   0.00527  -0.0369   0.6557   1.0000  60.9126 301.0000
   2.945   0.5013   0.01506   0.00514  -0.0363   0.6463   1.0000  61.8541 301.0000
   3.030   0.5089   0.01501   0.00502  -0.0358   0.6370   1.0000  62.7870 301.0000
   3.116   0.5166   0.01499   0.00492  -0.0352   0.6275   1.0000  63.7216 301.0000
   3.201   0.5243   0.01499   0.00483  -0.0347   0.6180   1.0000  64.6630 301.0000
   3.286   0.5320   0.01502   0.00477  -0.0342   0.6084   1.0000  65.6049 301.0000
   3.372   0.5397   0.01508   0.00472  -0.0337   0.5988   1.0000  66.5345 301.0000
   3.457   0.5475   0.01515   0.00470  -0.0332   0.5896   1.0000  67.4343 301.0000
   3.543   0.5553   0.01524   0.00469  -0.0328   0.5806   1.0000  68.3076 301.0000
   3.628   0.5631   0.01534   0.00468  -0.0324   0.5722   1.0000  69.1181 301.0000
   3.714   0.5710   0.01545   0.00470  -0.0320   0.5638   1.0000  69.9246 301.0000
   3.799   0.5788   0.01557   0.00474  -0.0316   0.5554   1.0000  70.7411 301.0000
   3.884   0.5866   0.01569   0.00478  -0.0313   0.5476   1.0000  71.4910 301.0000
   3.970   0.5946   0.01581   0.00481  -0.0309   0.5407   1.0000  72.1490 301.0000
   4.055   0.6025   0.01593   0.00486  -0.0306   0.5336   1.0000  72.8306 301.0000
   4.141   0.6103   0.01606   0.00493  -0.0303   0.5267   1.0000  73.4894 301.0000
   4.226   0.6185   0.01620   0.00495  -0.0299   0.5212   1.0000  74.0184 301.0000
   4.312   0.6262   0.01633   0.00505  -0.0296   0.5145   1.0000  74.6586 301.0000
   4.397   0.6342   0.01647   0.00510  -0.0293   0.5091   1.0000  75.1737 301.0000
   4.482   0.6421   0.01660   0.00518  -0.0290   0.5032   1.0000  75.7328 301.0000
   4.568   0.6501   0.01674   0.00525  -0.0287   0.4980   1.0000  76.2319 301.0000
   4.653   0.6579   0.01688   0.00533  -0.0284   0.4926   1.0000  76.7466 301.0000
   4.739   0.6659   0.01702   0.00540  -0.0281   0.4878   1.0000  77.2100 301.0000
   4.824   0.6737   0.01716   0.00549  -0.0278   0.4826   1.0000  77.7031 301.0000
   4.910   0.6818   0.01731   0.00555  -0.0275   0.4782   1.0000  78.1212 301.0000
   4.995   0.6895   0.01746   0.00567  -0.0272   0.4731   1.0000  78.6110 301.0000
   5.080   0.6977   0.01761   0.00571  -0.0269   0.4693   1.0000  78.9779 301.0000
   5.166   0.7051   0.01776   0.00586  -0.0265   0.4643   1.0000  79.4572 301.0000
   5.251   0.7132   0.01791   0.00593  -0.0262   0.4602   1.0000  79.8458 301.0000
   5.337   0.7209   0.01806   0.00604  -0.0259   0.4559   1.0000  80.2563 301.0000
   5.422   0.7286   0.01822   0.00615  -0.0256   0.4516   1.0000  80.6768 301.0000
   5.508   0.7368   0.01837   0.00619  -0.0253   0.4481   1.0000  81.0125 301.0000
   5.593   0.7440   0.01853   0.00636  -0.0249   0.4433   1.0000  81.4695 301.0000
   5.678   0.7520   0.01869   0.00643  -0.0246   0.4395   1.0000  81.8381 301.0000
   5.764   0.7595   0.01885   0.00655  -0.0243   0.4354   1.0000  82.2284 301.0000
   5.849   0.7670   0.01901   0.00667  -0.0239   0.4311   1.0000  82.6449 301.0000
   5.935   0.7752   0.01917   0.00670  -0.0236   0.4277   1.0000  82.9765 301.0000
   6.020   0.7821   0.01933   0.00688  -0.0232   0.4231   1.0000  83.4203 301.0000
   6.106   0.7899   0.01948   0.00695  -0.0228   0.4191   1.0000  83.8016 301.0000
   6.191   0.7975   0.01965   0.00705  -0.0225   0.4152   1.0000  84.1840 301.0000
   6.276   0.8046   0.01981   0.00718  -0.0221   0.4107   1.0000  84.6185 301.0000
   6.362   0.8128   0.01996   0.00719  -0.0218   0.4071   1.0000  84.9717 301.0000
   6.447   0.8193   0.02012   0.00737  -0.0213   0.4023   1.0000  85.4391 301.0000
   6.533   0.8270   0.02027   0.00742  -0.0209   0.3982   1.0000  85.8370 301.0000
   6.618   0.8341   0.02043   0.00753  -0.0205   0.3939   1.0000  86.2590 301.0000
   6.704   0.8412   0.02057   0.00762  -0.0201   0.3893   1.0000  86.7057 301.0000
   6.789   0.8489   0.02073   0.00765  -0.0197   0.3853   1.0000  87.0995 301.0000
   6.874   0.8554   0.02088   0.00780  -0.0192   0.3804   1.0000  87.5831 301.0000
   6.960   0.8635   0.02102   0.00778  -0.0189   0.3765   1.0000  87.9672 301.0000
   7.045   0.8696   0.02117   0.00795  -0.0183   0.3715   1.0000  88.4603 301.0000
   7.131   0.8773   0.02131   0.00796  -0.0179   0.3672   1.0000  88.8808 301.0000
   7.216   0.8837   0.02146   0.00809  -0.0174   0.3625   1.0000  89.3528 301.0000
   7.301   0.8910   0.02160   0.00812  -0.0170   0.3580   1.0000  89.8029 301.0000
   7.387   0.8978   0.02175   0.00820  -0.0165   0.3534   1.0000  90.2587 301.0000
   7.472   0.9046   0.02188   0.00827  -0.0160   0.3486   1.0000  90.7376 301.0000
   7.558   0.9117   0.02202   0.00831  -0.0156   0.3442   1.0000  91.1805 301.0000
   7.643   0.9182   0.02216   0.00841  -0.0151   0.3392   1.0000  91.6824 301.0000
   7.729   0.9255   0.02229   0.00841  -0.0147   0.3349   1.0000  92.1229 301.0000
   7.814   0.9316   0.02243   0.00852  -0.0141   0.3296   1.0000  92.6564 301.0000
   7.899   0.9389   0.02255   0.00850  -0.0137   0.3251   1.0000  93.1156 301.0000
   7.985   0.9449   0.02268   0.00860  -0.0131   0.3196   1.0000  93.6711 301.0000
   8.070   0.9519   0.02280   0.00859  -0.0126   0.3149   1.0000  94.1596 301.0000
   8.156   0.9580   0.02292   0.00866  -0.0121   0.3094   1.0000  94.7256 301.0000
   8.241   0.9645   0.02304   0.00868  -0.0115   0.3043   1.0000  95.2577 301.0000
   8.327   0.9710   0.02314   0.00868  -0.0110   0.2988   1.0000  95.8212 301.0000
   8.412   0.9769   0.02326   0.00874  -0.0104   0.2931   1.0000  96.4214 301.0000
   8.498   0.9839   0.02334   0.00866  -0.0100   0.2880   1.0000  96.9629 301.0000
   8.583   0.9891   0.02347   0.00877  -0.0093   0.2815   1.0000  97.6463 301.0000
   8.668   0.9951   0.02357   0.00876  -0.0087   0.2757   1.0000  98.2694 301.0000
   8.754   1.0013   0.02365   0.00870  -0.0082   0.2697   1.0000  98.9132 301.0000
   8.839   1.0064   0.02376   0.00877  -0.0074   0.2627   1.0000  99.6689 301.0000
   8.925   1.0118   0.02387   0.00877  -0.0068   0.2558   1.0000 100.4193 301.0000
   9.010   1.0172   0.02395   0.00872  -0.0061   0.2489   1.0000 101.1807 301.0000
   9.095   1.0224   0.02403   0.00865  -0.0054   0.2416   1.0000 101.9819 301.0000
   9.181   1.0269   0.02414   0.00866  -0.0047   0.2333   1.0000 102.9153 301.0000
   9.266   1.0313   0.02426   0.00866  -0.0039   0.2247   1.0000 103.8987 301.0000
   9.352   1.0356   0.02440   0.00865  -0.0031   0.2159   1.0000 104.9097 301.0000
   9.437   1.0397   0.02457   0.00865  -0.0023   0.2069   1.0000 105.9598 301.0000
   9.523   1.0436   0.02479   0.00871  -0.0015   0.1975   1.0000 107.0854 301.0000
   9.608   1.0473   0.02506   0.00880  -0.0007   0.1882   1.0000 108.2122 301.0000
   9.694   1.0511   0.02538   0.00892   0.0001   0.1792   1.0000 109.3242 301.0000
   9.779   1.0548   0.02574   0.00907   0.0008   0.1709   1.0000 110.3584 301.0000
   9.864   1.0585   0.02614   0.00923   0.0016   0.1635   1.0000 111.3116 301.0000
   9.950   1.0622   0.02656   0.00942   0.0023   0.1567   1.0000 112.1930 301.0000
  10.035   1.0661   0.02700   0.00960   0.0030   0.1507   1.0000 112.9856 301.0000
  10.121   1.0701   0.02746   0.00987   0.0037   0.1447   1.0000 113.8050 301.0000
  10.206   1.0741   0.02794   0.01015   0.0044   0.1393   1.0000 114.5452 301.0000
  10.291   1.0783   0.02842   0.01037   0.0050   0.1347   1.0000 115.1716 301.0000
  10.377   1.0825   0.02889   0.01064   0.0056   0.1302   1.0000 115.8149 301.0000
  10.462   1.0867   0.02938   0.01094   0.0062   0.1259   1.0000 116.4193 301.0000
  10.548   1.0914   0.02986   0.01113   0.0067   0.1224   1.0000 116.9285 301.0000
  10.633   1.0957   0.03037   0.01150   0.0074   0.1186   1.0000 117.4893 301.0000
  10.719   1.1009   0.03086   0.01170   0.0078   0.1156   1.0000 117.9411 301.0000
  10.804   1.1052   0.03138   0.01210   0.0084   0.1122   1.0000 118.4398 301.0000
  10.889   1.1105   0.03187   0.01232   0.0088   0.1094   1.0000 118.8671 301.0000
  10.975   1.1154   0.03241   0.01269   0.0093   0.1067   1.0000 119.2938 301.0000
  11.060   1.1204   0.03292   0.01300   0.0098   0.1040   1.0000 119.7016 301.0000
  11.146   1.1275   0.03347   0.01322   0.0100   0.1018   1.0000 120.0598 301.0000
  11.231   1.1313   0.03403   0.01369   0.0106   0.0994   1.0000 120.4368 301.0000
  11.317   1.1374   0.03455   0.01398   0.0109   0.0972   1.0000 120.7869 301.0000
  11.402   1.1444   0.03514   0.01428   0.0111   0.0952   1.0000 121.1095 301.0000
  11.487   1.1483   0.03573   0.01478   0.0117   0.0933   1.0000 121.4234 301.0000
  11.573   1.1548   0.03630   0.01512   0.0120   0.0915   1.0000 121.7234 301.0000
  11.658   1.1655   0.03694   0.01534   0.0117   0.0897   1.0000 122.0081 301.0000
  11.744   1.1684   0.03761   0.01596   0.0124   0.0884   1.0000 122.2372 301.0000
  11.829   1.1732   0.03826   0.01648   0.0129   0.0869   1.0000 122.4854 301.0000
  11.915   1.1803   0.03888   0.01685   0.0131   0.0854   1.0000 122.7389 301.0000
  12.000   1.1923   0.03957   0.01709   0.0126   0.0838   1.0000 123.0114 301.0000
