  
       XFOIL         Version 6.99
  
 Calculated polar for: Repaneled_Airfoil                               
  
 1 1 Reynolds number fixed          Mach number fixed         
  
 xtrf =   1.000 (top)        1.000 (bottom)  
 Mach =   0.000     Re =     0.100 e 6     Ncrit =   9.000  9.000
  
   alpha    CL        CD       CDp       CM     Top_Xtr  Bot_Xtr  Top_Itr  Bot_Itr
  ------ -------- --------- --------- -------- -------- -------- -------- --------
  -5.000  -0.5884   0.02792   0.01393  -0.0242   1.0000   0.1111   1.0000 183.5336
  -4.915  -0.5815   0.02741   0.01331  -0.0238   1.0000   0.1130   1.0000 183.8138
  -4.829  -0.5745   0.02693   0.01281  -0.0235   1.0000   0.1149   1.0000 184.1022
  -4.744  -0.5673   0.02670   0.01276  -0.0232   1.0000   0.1167   1.0000 184.3641
  -4.658  -0.5601   0.02637   0.01244  -0.0229   1.0000   0.1190   1.0000 184.7064
  -4.573  -0.5528   0.02594   0.01192  -0.0227   1.0000   0.1214   1.0000 185.0713
  -4.487  -0.5453   0.02572   0.01188  -0.0225   1.0000   0.1234   1.0000 185.3585
  -4.402  -0.5378   0.02543   0.01160  -0.0222   1.0000   0.1262   1.0000 185.7527
  -4.317  -0.5301   0.02510   0.01128  -0.0220   1.0000   0.1289   1.0000 186.1420
  -4.231  -0.5226   0.02489   0.01120  -0.0218   1.0000   0.1313   1.0000 186.4907
  -4.146  -0.5147   0.02457   0.01076  -0.0216   1.0000   0.1347   1.0000 186.9593
  -4.060  -0.5071   0.02433   0.01071  -0.0214   1.0000   0.1371   1.0000 187.2988
  -3.975  -0.4993   0.02411   0.01051  -0.0212   1.0000   0.1404   1.0000 187.7512
  -3.889  -0.4915   0.02384   0.01029  -0.0210   1.0000   0.1436   1.0000 188.1890
  -3.804  -0.4838   0.02363   0.01017  -0.0208   1.0000   0.1468   1.0000 188.6157
  -3.719  -0.4758   0.02336   0.00989  -0.0206   1.0000   0.1504   1.0000 189.1051
  -3.633  -0.4681   0.02316   0.00982  -0.0205   1.0000   0.1535   1.0000 189.5180
  -3.548  -0.4600   0.02292   0.00955  -0.0203   1.0000   0.1577   1.0000 190.0677
  -3.462  -0.4523   0.02273   0.00950  -0.0201   1.0000   0.1611   1.0000 190.5092
  -3.377  -0.4444   0.02252   0.00928  -0.0200   1.0000   0.1656   1.0000 191.0910
  -3.292  -0.4367   0.02235   0.00924  -0.0198   1.0000   0.1695   1.0000 191.5906
  -3.206  -0.4249   0.02216   0.00911  -0.0204   0.9990   0.1751   4.0127 192.2941
  -3.121  -0.4109   0.02197   0.00897  -0.0214   0.9974   0.1817   5.8397 193.1215
  -3.035  -0.3971   0.02181   0.00884  -0.0224   0.9958   0.1888   7.1971 193.9935
  -2.950  -0.3836   0.02162   0.00880  -0.0233   0.9941   0.1953   8.3233 194.7756
  -2.864  -0.3700   0.02143   0.00872  -0.0243   0.9924   0.2023   9.3191 195.6135
  -2.779  -0.3563   0.02124   0.00862  -0.0253   0.9907   0.2098  10.2310 196.5002
  -2.693  -0.3425   0.02106   0.00853  -0.0262   0.9889   0.2179  11.0797 197.4429
  -2.608  -0.3288   0.02089   0.00845  -0.0272   0.9871   0.2265  11.9071 198.4315
  -2.523  -0.3155   0.02071   0.00837  -0.0281   0.9851   0.2356  12.7147 199.4562
  -2.437  -0.3020   0.02054   0.00829  -0.0290   0.9831   0.2452  13.4740 200.5307
  -2.352  -0.2882   0.02037   0.00821  -0.0300   0.9811   0.2557  14.1733 201.6899
  -2.266  -0.2745   0.02019   0.00812  -0.0309   0.9791   0.2670  14.8714 202.9172
  -2.181  -0.2615   0.02000   0.00804  -0.0318   0.9769   0.2781  15.5867 204.1087
  -2.095  -0.2478   0.01979   0.00798  -0.0327   0.9748   0.2903  16.2355 205.3900
  -2.010  -0.2339   0.01959   0.00790  -0.0337   0.9727   0.3044  16.8754 206.8676
  -1.925  -0.2213   0.01937   0.00783  -0.0344   0.9703   0.3185  17.5537 208.3165
  -1.839  -0.2074   0.01916   0.00777  -0.0354   0.9683   0.3358  18.1289 210.0810
  -1.754  -0.1946   0.01894   0.00772  -0.0362   0.9659   0.3545  18.7645 211.9590
  -1.668  -0.1819   0.01872   0.00770  -0.0369   0.9635   0.3761  19.3828 214.0989
  -1.583  -0.1681   0.01848   0.00769  -0.0378   0.9614   0.4041  19.9161 216.8342
  -1.498  -0.1567   0.01826   0.00771  -0.0382   0.9587   0.4370  20.5708 220.0185
  -1.412  -0.1434   0.01803   0.00776  -0.0390   0.9565   0.4810  21.0950 224.2305
  -1.327  -0.1322   0.01786   0.00781  -0.0393   0.9537   0.5277  21.7415 228.6888
  -1.241  -0.1204   0.01772   0.00779  -0.0397   0.9510   0.5741  22.3501 233.1393
  -1.156  -0.1072   0.01752   0.00765  -0.0403   0.9486   0.6185  22.8681 237.4621
  -1.070  -0.0965   0.01716   0.00751  -0.0404   0.9461   0.6546  23.3979 241.0492
  -0.985  -0.0892   0.01690   0.00795  -0.0386   0.9443   0.7160  23.7785 247.3654
  -0.899  -0.0798   0.01693   0.00818  -0.0376   0.9418   0.8074  24.2976 257.6421
  -0.814  -0.0672   0.01700   0.00832  -0.0375   0.9395   0.8607  24.7705 264.4997
  -0.729  -0.0502   0.01708   0.00844  -0.0382   0.9376   0.8999  25.1407 270.2793
  -0.643  -0.0288   0.01719   0.00854  -0.0399   0.9358   0.9306  25.4976 275.5733
  -0.558   0.0024   0.01727   0.00861  -0.0437   0.9352   0.9564  25.6107 280.9288
  -0.472   0.0431   0.01732   0.00862  -0.0495   0.9356   0.9756  25.5329 286.0371
  -0.387   0.0926   0.01726   0.00853  -0.0571   0.9372   0.9896  25.2134 291.2729
  -0.301   0.1382   0.01709   0.00835  -0.0642   0.9385   1.0000  24.9774 301.0000
  -0.216   0.1507   0.01704   0.00827  -0.0650   0.9347   1.0000  25.7130 301.0000
  -0.131   0.1651   0.01697   0.00818  -0.0660   0.9315   1.0000  26.3276 301.0000
  -0.045   0.1809   0.01688   0.00807  -0.0673   0.9286   1.0000  26.8632 301.0000
   0.040   0.1932   0.01683   0.00800  -0.0680   0.9248   1.0000  27.5594 301.0000
   0.126   0.2105   0.01672   0.00787  -0.0695   0.9225   1.0000  27.9886 301.0000
   0.296   0.2344   0.01662   0.00774  -0.0705   0.9146   1.0000  29.3607 301.0000
   0.382   0.2493   0.01652   0.00763  -0.0715   0.9115   1.0000  29.8872 301.0000
   0.467   0.2603   0.01648   0.00757  -0.0718   0.9072   1.0000  30.6049 301.0000
   0.553   0.2744   0.01638   0.00746  -0.0726   0.9038   1.0000  31.1555 301.0000
   0.638   0.2864   0.01632   0.00738  -0.0730   0.8997   1.0000  31.8119 301.0000
   0.724   0.2971   0.01627   0.00732  -0.0732   0.8952   1.0000  32.5154 301.0000
   0.809   0.3117   0.01614   0.00718  -0.0739   0.8921   1.0000  33.0128 301.0000
   0.894   0.3211   0.01611   0.00714  -0.0738   0.8870   1.0000  33.7817 301.0000
   0.980   0.3312   0.01606   0.00707  -0.0738   0.8823   1.0000  34.4922 301.0000
   1.065   0.3444   0.01595   0.00694  -0.0743   0.8787   1.0000  35.0183 301.0000
   1.151   0.3531   0.01593   0.00691  -0.0740   0.8734   1.0000  35.7881 301.0000
   1.236   0.3623   0.01590   0.00686  -0.0738   0.8684   1.0000  36.5035 301.0000
   1.322   0.3737   0.01582   0.00675  -0.0739   0.8644   1.0000  37.0600 301.0000
   1.407   0.3822   0.01580   0.00672  -0.0736   0.8591   1.0000  37.7998 301.0000
   1.492   0.3907   0.01579   0.00669  -0.0732   0.8537   1.0000  38.5225 301.0000
   1.578   0.4008   0.01574   0.00661  -0.0731   0.8493   1.0000  39.1176 301.0000
   1.663   0.4093   0.01572   0.00657  -0.0727   0.8440   1.0000  39.8297 301.0000
   1.749   0.4172   0.01573   0.00655  -0.0722   0.8383   1.0000  40.5700 301.0000
   1.834   0.4263   0.01571   0.00649  -0.0718   0.8333   1.0000  41.2111 301.0000
   1.920   0.4349   0.01569   0.00645  -0.0714   0.8281   1.0000  41.8785 301.0000
   2.005   0.4424   0.01572   0.00644  -0.0708   0.8221   1.0000  42.6376 301.0000
   2.091   0.4506   0.01572   0.00641  -0.0703   0.8166   1.0000  43.3197 301.0000
   2.176   0.4596   0.01570   0.00635  -0.0699   0.8116   1.0000  43.9352 301.0000
   2.261   0.4666   0.01575   0.00637  -0.0693   0.8052   1.0000  44.7081 301.0000
   2.347   0.4744   0.01579   0.00637  -0.0688   0.7994   1.0000  45.4069 301.0000
   2.432   0.4834   0.01578   0.00631  -0.0683   0.7946   1.0000  45.9738 301.0000
   2.518   0.4903   0.01585   0.00635  -0.0677   0.7881   1.0000  46.7429 301.0000
   2.603   0.4978   0.01591   0.00637  -0.0671   0.7821   1.0000  47.4377 301.0000
   2.688   0.5067   0.01592   0.00632  -0.0667   0.7774   1.0000  47.9838 301.0000
   2.774   0.5134   0.01601   0.00637  -0.0661   0.7706   1.0000  48.7506 301.0000
   2.859   0.5208   0.01608   0.00640  -0.0655   0.7646   1.0000  49.4387 301.0000
   2.945   0.5296   0.01610   0.00637  -0.0650   0.7598   1.0000  49.9761 301.0000
   3.030   0.5363   0.01620   0.00643  -0.0644   0.7530   1.0000  50.7320 301.0000
   3.116   0.5437   0.01629   0.00647  -0.0638   0.7470   1.0000  51.3973 301.0000
   3.201   0.5522   0.01633   0.00644  -0.0634   0.7420   1.0000  51.9418 301.0000
   3.286   0.5589   0.01644   0.00652  -0.0627   0.7353   1.0000  52.6710 301.0000
   3.372   0.5665   0.01652   0.00655  -0.0622   0.7297   1.0000  53.2761 301.0000
   3.457   0.5745   0.01660   0.00657  -0.0617   0.7243   1.0000  53.8551 301.0000
   3.543   0.5814   0.01672   0.00664  -0.0611   0.7180   1.0000  54.5244 301.0000
   3.628   0.5902   0.01677   0.00662  -0.0607   0.7137   1.0000  54.9851 301.0000
   3.714   0.5967   0.01690   0.00672  -0.0601   0.7070   1.0000  55.6923 301.0000
   3.799   0.6044   0.01700   0.00676  -0.0596   0.7016   1.0000  56.2498 301.0000
   3.884   0.6121   0.01709   0.00679  -0.0591   0.6962   1.0000  56.8151 301.0000
   3.970   0.6193   0.01721   0.00686  -0.0585   0.6905   1.0000  57.4083 301.0000
   4.055   0.6278   0.01729   0.00686  -0.0581   0.6859   1.0000  57.8789 301.0000
   4.141   0.6337   0.01744   0.00698  -0.0574   0.6789   1.0000  58.5888 301.0000
   4.226   0.6352   0.01767   0.00729  -0.0564   0.6678   1.0000  59.7458 301.0000
   4.312   0.6409   0.01770   0.00734  -0.0557   0.6602   1.0000  60.5167 301.0000
   4.397   0.6498   0.01760   0.00719  -0.0553   0.6563   1.0000  60.8997 301.0000
   4.482   0.6575   0.01756   0.00713  -0.0548   0.6510   1.0000  61.4342 301.0000
   4.568   0.6661   0.01745   0.00697  -0.0544   0.6469   1.0000  61.8457 301.0000
   4.653   0.6742   0.01739   0.00687  -0.0539   0.6422   1.0000  62.3176 301.0000
   4.739   0.6827   0.01729   0.00673  -0.0535   0.6379   1.0000  62.7409 301.0000
   4.824   0.6915   0.01717   0.00656  -0.0531   0.6342   1.0000  63.1149 301.0000
   4.910   0.6993   0.01713   0.00648  -0.0526   0.6290   1.0000  63.6248 301.0000
   4.995   0.7086   0.01700   0.00627  -0.0522   0.6255   1.0000  63.9721 301.0000
   5.080   0.7160   0.01701   0.00626  -0.0517   0.6197   1.0000  64.5397 301.0000
   5.166   0.7251   0.01693   0.00610  -0.0513   0.6158   1.0000  64.9307 301.0000
   5.251   0.7327   0.01696   0.00609  -0.0508   0.6100   1.0000  65.4955 301.0000
   5.337   0.7417   0.01691   0.00596  -0.0504   0.6056   1.0000  65.9223 301.0000
   5.422   0.7492   0.01697   0.00597  -0.0499   0.5997   1.0000  66.5008 301.0000
   5.508   0.7583   0.01696   0.00586  -0.0496   0.5951   1.0000  66.9497 301.0000
   5.593   0.7657   0.01705   0.00591  -0.0491   0.5888   1.0000  67.5612 301.0000
   5.678   0.7748   0.01707   0.00581  -0.0487   0.5841   1.0000  68.0244 301.0000
   5.764   0.7820   0.01718   0.00588  -0.0482   0.5775   1.0000  68.6589 301.0000
   5.849   0.7904   0.01725   0.00586  -0.0479   0.5720   1.0000  69.1943 301.0000
   5.935   0.7984   0.01734   0.00588  -0.0474   0.5658   1.0000  69.7888 301.0000
   6.020   0.8061   0.01745   0.00591  -0.0470   0.5596   1.0000  70.3886 301.0000
   6.106   0.8148   0.01753   0.00588  -0.0466   0.5539   1.0000  70.9380 301.0000
   6.191   0.8220   0.01766   0.00596  -0.0461   0.5471   1.0000  71.5905 301.0000
   6.276   0.8303   0.01776   0.00595  -0.0457   0.5412   1.0000  72.1590 301.0000
   6.362   0.8379   0.01787   0.00599  -0.0453   0.5346   1.0000  72.7904 301.0000
   6.447   0.8454   0.01800   0.00604  -0.0448   0.5281   1.0000  73.4100 301.0000
   6.533   0.8539   0.01810   0.00600  -0.0444   0.5222   1.0000  73.9727 301.0000
   6.618   0.8607   0.01823   0.00609  -0.0439   0.5152   1.0000  74.6397 301.0000
   6.704   0.8686   0.01834   0.00611  -0.0435   0.5091   1.0000  75.2308 301.0000
   6.789   0.8763   0.01845   0.00612  -0.0430   0.5027   1.0000  75.8430 301.0000
   6.874   0.8834   0.01857   0.00619  -0.0425   0.4960   1.0000  76.4774 301.0000
   6.960   0.8917   0.01868   0.00615  -0.0421   0.4902   1.0000  77.0378 301.0000
   7.045   0.8985   0.01880   0.00623  -0.0416   0.4832   1.0000  77.7076 301.0000
   7.131   0.9059   0.01891   0.00626  -0.0411   0.4767   1.0000  78.3270 301.0000
   7.216   0.9138   0.01901   0.00624  -0.0406   0.4704   1.0000  78.9288 301.0000
   7.301   0.9205   0.01913   0.00630  -0.0401   0.4633   1.0000  79.6109 301.0000
   7.387   0.9280   0.01923   0.00630  -0.0396   0.4568   1.0000  80.2287 301.0000
   7.472   0.9353   0.01933   0.00630  -0.0391   0.4501   1.0000  80.8765 301.0000
   7.558   0.9420   0.01944   0.00635  -0.0385   0.4429   1.0000  81.5658 301.0000
   7.643   0.9493   0.01954   0.00634  -0.0380   0.4362   1.0000  82.2101 301.0000
   7.729   0.9564   0.01964   0.00633  -0.0375   0.4291   1.0000  82.8991 301.0000
   7.814   0.9629   0.01974   0.00637  -0.0369   0.4214   1.0000  83.6434 301.0000
   7.899   0.9696   0.01984   0.00637  -0.0363   0.4139   1.0000  84.3666 301.0000
   7.985   0.9766   0.01993   0.00633  -0.0358   0.4066   1.0000  85.0773 301.0000
   8.070   0.9829   0.02003   0.00635  -0.0351   0.3984   1.0000  85.8767 301.0000
   8.156   0.9890   0.02013   0.00636  -0.0345   0.3899   1.0000  86.7102 301.0000
   8.241   0.9952   0.02023   0.00637  -0.0338   0.3812   1.0000  87.5632 301.0000
   8.327   1.0011   0.02033   0.00636  -0.0331   0.3722   1.0000  88.4511 301.0000
   8.412   1.0070   0.02044   0.00635  -0.0324   0.3627   1.0000  89.3892 301.0000
   8.498   1.0125   0.02055   0.00635  -0.0317   0.3527   1.0000  90.3877 301.0000
   8.583   1.0179   0.02067   0.00635  -0.0309   0.3419   1.0000  91.4775 301.0000
   8.668   1.0229   0.02080   0.00635  -0.0301   0.3302   1.0000  92.6608 301.0000
   8.754   1.0276   0.02095   0.00634  -0.0293   0.3178   1.0000  93.9222 301.0000
   8.839   1.0319   0.02112   0.00637  -0.0284   0.3031   1.0000  95.4410 301.0000
   8.925   1.0357   0.02134   0.00637  -0.0274   0.2884   1.0000  96.9797 301.0000
   9.010   1.0390   0.02161   0.00644  -0.0264   0.2711   1.0000  98.8212 301.0000
   9.095   1.0418   0.02196   0.00653  -0.0254   0.2534   1.0000 100.7435 301.0000
   9.181   1.0442   0.02237   0.00666  -0.0244   0.2363   1.0000 102.6472 301.0000
   9.266   1.0464   0.02284   0.00684  -0.0233   0.2200   1.0000 104.5008 301.0000
   9.352   1.0484   0.02335   0.00704  -0.0223   0.2064   1.0000 106.0904 301.0000
   9.437   1.0509   0.02387   0.00729  -0.0213   0.1933   1.0000 107.6580 301.0000
   9.523   1.0533   0.02440   0.00753  -0.0203   0.1830   1.0000 108.9120 301.0000
   9.608   1.0561   0.02493   0.00780  -0.0194   0.1737   1.0000 110.0779 301.0000
   9.694   1.0591   0.02546   0.00807  -0.0185   0.1656   1.0000 111.1079 301.0000
   9.779   1.0624   0.02598   0.00833  -0.0177   0.1587   1.0000 112.0031 301.0000
   9.864   1.0662   0.02649   0.00862  -0.0169   0.1519   1.0000 112.8925 301.0000
   9.950   1.0702   0.02699   0.00891  -0.0162   0.1460   1.0000 113.6908 301.0000
  10.035   1.0745   0.02750   0.00920  -0.0155   0.1409   1.0000 114.3855 301.0000
  10.121   1.0790   0.02803   0.00943  -0.0148   0.1366   1.0000 114.9799 301.0000
  10.206   1.0839   0.02850   0.00975  -0.0142   0.1317   1.0000 115.6587 301.0000
  10.291   1.0890   0.02902   0.01002  -0.0136   0.1278   1.0000 116.2170 301.0000
  10.377   1.0942   0.02949   0.01029  -0.0131   0.1239   1.0000 116.7811 301.0000
  10.462   1.0997   0.03000   0.01058  -0.0126   0.1203   1.0000 117.3093 301.0000
  10.548   1.1054   0.03049   0.01084  -0.0121   0.1169   1.0000 117.8096 301.0000
  10.633   1.1116   0.03102   0.01115  -0.0117   0.1137   1.0000 118.2814 301.0000
  10.719   1.1176   0.03150   0.01144  -0.0112   0.1107   1.0000 118.7423 301.0000
  10.804   1.1246   0.03204   0.01171  -0.0110   0.1079   1.0000 119.1619 301.0000
  10.889   1.1303   0.03253   0.01206  -0.0105   0.1051   1.0000 119.5982 301.0000
  10.975   1.1393   0.03309   0.01225  -0.0105   0.1026   1.0000 119.9834 301.0000
  11.060   1.1443   0.03362   0.01270  -0.0099   0.1003   1.0000 120.3599 301.0000
  11.146   1.1514   0.03414   0.01301  -0.0096   0.0980   1.0000 120.7279 301.0000
  11.231   1.1607   0.03474   0.01328  -0.0097   0.0958   1.0000 121.0689 301.0000
  11.317   1.1656   0.03528   0.01375  -0.0091   0.0938   1.0000 121.3959 301.0000
  11.402   1.1732   0.03584   0.01409  -0.0088   0.0919   1.0000 121.7142 301.0000
  11.487   1.1853   0.03651   0.01435  -0.0093   0.0901   1.0000 122.0140 301.0000
  11.573   1.1899   0.03714   0.01493  -0.0086   0.0887   1.0000 122.2542 301.0000
  11.658   1.1968   0.03779   0.01542  -0.0083   0.0872   1.0000 122.5099 301.0000
  11.744   1.2056   0.03841   0.01579  -0.0083   0.0857   1.0000 122.7648 301.0000
  11.829   1.2180   0.03916   0.01612  -0.0088   0.0841   1.0000 123.0260 301.0000
  11.915   1.2207   0.03984   0.01677  -0.0079   0.0830   1.0000 123.2228 301.0000
  12.000   1.2255   0.04051   0.01734  -0.0073   0.0817   1.0000 123.4455 301.0000
