--------------------------------------------------------------
  XFOIL-like Polar Output (Generated by NeuralFoil)
--------------------------------------------------------------
  alpha     CL        CD       Cm        CL/CD
--------------------------------------------------------------
  -5.000  -0.18295   0.00706  -0.02693  -25.92164
  -4.915  -0.17320   0.00704  -0.02696  -24.60030
  -4.829  -0.16343   0.00702  -0.02699  -23.26514
  -4.744  -0.15363   0.00701  -0.02703  -21.91755
  -4.658  -0.14381   0.00700  -0.02706  -20.55886
  -4.573  -0.13398   0.00698  -0.02709  -19.19032
  -4.487  -0.12413   0.00697  -0.02712  -17.81312
  -4.402  -0.11427   0.00696  -0.02716  -16.42834
  -4.317  -0.10440   0.00694  -0.02719  -15.03692
  -4.231  -0.09454   0.00693  -0.02722  -13.63968
  -4.146  -0.08467   0.00692  -0.02724  -12.23723
  -4.060  -0.07480   0.00691  -0.02727  -10.83000
  -3.975  -0.06494   0.00689  -0.02730  -9.41827
  -3.889  -0.05507   0.00688  -0.02732  -8.00214
  -3.804  -0.04522   0.00687  -0.02735  -6.58160
  -3.719  -0.03536   0.00686  -0.02737  -5.15656
  -3.633  -0.02551   0.00684  -0.02739  -3.72684
  -3.548  -0.01566   0.00683  -0.02740  -2.29221
  -3.462  -0.00581   0.00682  -0.02742  -0.85242
  -3.377   0.00403   0.00680  -0.02744   0.59284
  -3.291   0.01388   0.00679  -0.02745   2.04387
  -3.206   0.02372   0.00677  -0.02746   3.50100
  -3.121   0.03356   0.00676  -0.02747   4.96460
  -3.035   0.04340   0.00674  -0.02748   6.43500
  -2.950   0.05324   0.00673  -0.02749   7.91255
  -2.864   0.06307   0.00671  -0.02749   9.39759
  -2.779   0.07291   0.00669  -0.02750  10.89046
  -2.693   0.08275   0.00668  -0.02751  12.39144
  -2.608   0.09258   0.00666  -0.02751  13.90080
  -2.523   0.10241   0.00664  -0.02752  15.41876
  -2.437   0.11225   0.00662  -0.02753  16.94550
  -2.352   0.12208   0.00661  -0.02753  18.48114
  -2.266   0.13192   0.00659  -0.02754  20.02576
  -2.181   0.14175   0.00657  -0.02755  21.57937
  -2.095   0.15158   0.00655  -0.02756  23.14194
  -2.010   0.16141   0.00653  -0.02757  24.71341
  -1.925   0.17125   0.00651  -0.02759  26.29367
  -1.839   0.18108   0.00649  -0.02760  27.88262
  -1.754   0.19091   0.00648  -0.02761  29.48016
  -1.668   0.20075   0.00646  -0.02763  31.08628
  -1.583   0.21059   0.00644  -0.02764  32.70105
  -1.497   0.22044   0.00642  -0.02766  34.32477
  -1.412   0.23030   0.00640  -0.02768  35.95803
  -1.327   0.24016   0.00639  -0.02770  37.60183
  -1.241   0.25004   0.00637  -0.02773  39.25773
  -1.156   0.25994   0.00635  -0.02775  40.92779
  -1.070   0.26986   0.00633  -0.02778  42.61441
  -0.985   0.27980   0.00631  -0.02781  44.31954
  -0.899   0.28976   0.00629  -0.02784  46.04309
  -0.814   0.29973   0.00627  -0.02788  47.78017
  -0.729   0.30969   0.00625  -0.02791  49.51698
  -0.643   0.31959   0.00624  -0.02793  51.22605
  -0.558   0.32937   0.00623  -0.02793  52.86242
  -0.472   0.33895   0.00623  -0.02790  54.36350
  -0.387   0.34823   0.00626  -0.02783  55.65384
  -0.302   0.35714   0.00630  -0.02769  56.65114
  -0.216   0.36563   0.00638  -0.02747  57.26503
  -0.131   0.37371   0.00651  -0.02719  57.38800
  -0.045   0.38143   0.00670  -0.02685  56.91506
   0.040   0.38895   0.00696  -0.02648  55.86681
   0.126   0.39651   0.00727  -0.02614  54.55379
   0.211   0.40430   0.00757  -0.02587  53.43902
   0.296   0.41242   0.00782  -0.02570  52.76163
   0.382   0.42084   0.00802  -0.02560  52.48129
   0.467   0.42944   0.00818  -0.02552  52.46892
   0.553   0.43813   0.00833  -0.02545  52.61773
   0.638   0.44686   0.00845  -0.02538  52.85694
   0.724   0.45558   0.00857  -0.02529  53.14085
   0.809   0.46428   0.00869  -0.02519  53.44123
   0.894   0.47299   0.00880  -0.02508  53.74208
   0.980   0.48173   0.00891  -0.02498  54.03761
   1.065   0.49055   0.00903  -0.02488  54.32988
   1.151   0.49946   0.00914  -0.02480  54.62167
   1.236   0.50842   0.00926  -0.02474  54.91656
   1.322   0.51743   0.00937  -0.02470  55.22773
   1.407   0.52652   0.00947  -0.02468  55.57399
   1.492   0.53571   0.00957  -0.02468  55.96703
   1.578   0.54499   0.00966  -0.02470  56.40732
   1.663   0.55433   0.00974  -0.02472  56.88839
   1.749   0.56366   0.00982  -0.02473  57.40245
   1.834   0.57292   0.00989  -0.02472  57.94419
   1.920   0.58202   0.00995  -0.02467  58.51177
   2.005   0.59089   0.01000  -0.02456  59.10525
   2.090   0.59944   0.01004  -0.02437  59.72490
   2.176   0.60761   0.01006  -0.02408  60.37056
   2.261   0.61536   0.01008  -0.02370  61.04176
   2.347   0.62268   0.01009  -0.02322  61.73762
   2.432   0.62960   0.01008  -0.02264  62.45658
   2.518   0.63618   0.01007  -0.02199  63.19623
   2.603   0.64253   0.01005  -0.02129  63.95333
   2.688   0.64881   0.01002  -0.02058  64.72411
   2.774   0.65523   0.01000  -0.01990  65.50436
   2.859   0.66201   0.00999  -0.01930  66.28894
   2.945   0.66935   0.00998  -0.01882  67.07076
   3.030   0.67739   0.00999  -0.01849  67.84004
   3.116   0.68621   0.01001  -0.01833  68.58469
   3.201   0.69577   0.01004  -0.01833  69.29229
   3.286   0.70598   0.01009  -0.01846  69.95281
   3.372   0.71670   0.01016  -0.01871  70.56099
   3.457   0.72781   0.01023  -0.01903  71.11704
   3.543   0.73923   0.01032  -0.01942  71.62577
   3.628   0.75087   0.01042  -0.01986  72.09468
   3.714   0.76269   0.01052  -0.02034  72.53196
   3.799   0.77465   0.01062  -0.02085  72.94485
   3.884   0.78672   0.01073  -0.02140  73.33884
   3.970   0.79886   0.01084  -0.02196  73.71730
   4.055   0.81104   0.01095  -0.02255  74.08174
   4.141   0.82323   0.01106  -0.02314  74.43217
   4.226   0.83537   0.01117  -0.02373  74.76766
   4.312   0.84743   0.01129  -0.02431  75.08674
   4.397   0.85937   0.01140  -0.02487  75.38782
   4.482   0.87115   0.01151  -0.02541  75.66945
   4.568   0.88274   0.01163  -0.02591  75.93038
   4.653   0.89411   0.01174  -0.02637  76.16971
   4.739   0.90525   0.01185  -0.02679  76.38680
   4.824   0.91614   0.01196  -0.02715  76.58124
   4.910   0.92676   0.01207  -0.02747  76.75284
   4.995   0.93711   0.01219  -0.02772  76.90159
   5.080   0.94718   0.01230  -0.02793  77.02770
   5.166   0.95697   0.01241  -0.02807  77.13162
   5.251   0.96647   0.01252  -0.02816  77.21405
   5.337   0.97571   0.01263  -0.02820  77.27594
   5.422   0.98468   0.01274  -0.02818  77.31838
   5.508   0.99340   0.01284  -0.02810  77.34256
   5.593   1.00188   0.01295  -0.02798  77.34961
   5.678   1.01014   0.01306  -0.02781  77.34061
   5.764   1.01819   0.01317  -0.02759  77.31649
   5.849   1.02605   0.01328  -0.02732  77.27812
   5.935   1.03372   0.01339  -0.02701  77.22622
   6.020   1.04121   0.01349  -0.02667  77.16147
   6.106   1.04855   0.01360  -0.02629  77.08449
   6.191   1.05575   0.01371  -0.02587  76.99586
   6.276   1.06280   0.01382  -0.02543  76.89615
   6.362   1.06974   0.01393  -0.02496  76.78591
   6.447   1.07656   0.01404  -0.02447  76.66571
   6.533   1.08329   0.01415  -0.02396  76.53608
   6.618   1.08993   0.01427  -0.02342  76.39758
   6.704   1.09650   0.01438  -0.02288  76.25074
   6.789   1.10300   0.01449  -0.02232  76.09608
   6.874   1.10945   0.01461  -0.02176  75.93410
   6.960   1.11586   0.01473  -0.02119  75.76528
   7.045   1.12223   0.01485  -0.02062  75.59004
   7.131   1.12859   0.01497  -0.02004  75.40880
   7.216   1.13493   0.01509  -0.01947  75.22190
   7.302   1.14127   0.01521  -0.01890  75.02967
   7.387   1.14761   0.01534  -0.01833  74.83237
   7.472   1.15396   0.01546  -0.01778  74.63021
   7.558   1.16032   0.01559  -0.01723  74.42334
   7.643   1.16670   0.01572  -0.01668  74.21186
   7.729   1.17310   0.01585  -0.01615  73.99583
   7.814   1.17951   0.01599  -0.01563  73.77522
   7.899   1.18595   0.01612  -0.01512  73.54997
   7.985   1.19241   0.01626  -0.01461  73.31992
   8.070   1.19889   0.01640  -0.01412  73.08490
   8.156   1.20538   0.01655  -0.01364  72.84464
   8.241   1.21188   0.01669  -0.01316  72.59884
   8.327   1.21839   0.01684  -0.01270  72.34710
   8.412   1.22489   0.01699  -0.01224  72.08901
   8.497   1.23139   0.01714  -0.01178  71.82407
   8.583   1.23787   0.01730  -0.01133  71.55177
   8.668   1.24432   0.01746  -0.01088  71.27155
   8.754   1.25074   0.01762  -0.01044  70.98280
   8.839   1.25711   0.01778  -0.00999  70.68494
   8.925   1.26342   0.01795  -0.00953  70.37735
   9.010   1.26967   0.01812  -0.00908  70.05948
   9.095   1.27585   0.01830  -0.00862  69.73079
   9.181   1.28195   0.01847  -0.00815  69.39082
   9.266   1.28797   0.01866  -0.00767  69.03921
   9.352   1.29389   0.01884  -0.00719  68.67570
   9.437   1.29972   0.01903  -0.00670  68.30015
   9.523   1.30545   0.01922  -0.00620  67.91258
   9.608   1.31110   0.01942  -0.00569  67.51314
   9.693   1.31666   0.01962  -0.00518  67.10212
   9.779   1.32213   0.01983  -0.00466  66.67994
   9.864   1.32754   0.02004  -0.00415  66.24710
   9.950   1.33288   0.02026  -0.00363  65.80418
  10.035   1.33817   0.02048  -0.00311  65.35181
  10.121   1.34341   0.02070  -0.00260  64.89059
  10.206   1.34861   0.02093  -0.00209  64.42113
  10.291   1.35378   0.02117  -0.00159  63.94395
  10.377   1.35892   0.02141  -0.00110  63.45952
  10.462   1.36404   0.02166  -0.00062  62.96822
  10.548   1.36913   0.02192  -0.00014  62.47037
  10.633   1.37420   0.02218   0.00032  61.96619
  10.719   1.37924   0.02244   0.00077  61.45588
  10.804   1.38425   0.02272   0.00122  60.93956
  10.889   1.38922   0.02299   0.00166  60.41738
  10.975   1.39414   0.02328   0.00209  59.88944
  11.060   1.39902   0.02357   0.00251  59.35588
  11.146   1.40384   0.02387   0.00294  58.81683
  11.231   1.40860   0.02417   0.00335  58.27248
  11.317   1.41329   0.02448   0.00377  57.72300
  11.402   1.41791   0.02480   0.00418  57.16862
  11.487   1.42244   0.02513   0.00459  56.60958
  11.573   1.42690   0.02546   0.00501  56.04611
  11.658   1.43127   0.02580   0.00542  55.47846
  11.744   1.43554   0.02615   0.00583  54.90687
  11.829   1.43972   0.02650   0.00624  54.33157
  11.915   1.44381   0.02686   0.00666  53.75274
  12.000   1.44779   0.02723   0.00707  53.17056
