--------------------------------------------------------------
  XFOIL-like Polar Output (Generated by NeuralFoil)
--------------------------------------------------------------
  alpha     CL        CD       Cm        CL/CD
--------------------------------------------------------------
  -5.000   0.31136   0.00901  -0.20180  34.57273
  -4.915   0.32124   0.00893  -0.20186  35.98233
  -4.829   0.33112   0.00885  -0.20193  37.41586
  -4.744   0.34101   0.00877  -0.20199  38.87372
  -4.658   0.35089   0.00869  -0.20206  40.35633
  -4.573   0.36078   0.00862  -0.20212  41.86407
  -4.487   0.37066   0.00854  -0.20218  43.39731
  -4.402   0.38054   0.00846  -0.20224  44.95639
  -4.317   0.39041   0.00839  -0.20229  46.54155
  -4.231   0.40028   0.00831  -0.20234  48.15284
  -4.146   0.41014   0.00824  -0.20239  49.79008
  -4.060   0.41998   0.00816  -0.20244  51.45264
  -3.975   0.42980   0.00809  -0.20248  53.13918
  -3.889   0.43961   0.00802  -0.20251  54.84740
  -3.804   0.44938   0.00794  -0.20253  56.57354
  -3.719   0.45911   0.00787  -0.20254  58.31189
  -3.633   0.46877   0.00781  -0.20254  60.05422
  -3.548   0.47837   0.00774  -0.20252  61.78917
  -3.462   0.48785   0.00768  -0.20247  63.50177
  -3.377   0.49721   0.00763  -0.20239  65.17318
  -3.291   0.50640   0.00758  -0.20228  66.78094
  -3.206   0.51540   0.00755  -0.20213  68.29970
  -3.121   0.52417   0.00752  -0.20192  69.70282
  -3.035   0.53267   0.00751  -0.20167  70.96465
  -2.950   0.54090   0.00751  -0.20135  72.06329
  -2.864   0.54884   0.00752  -0.20098  72.98355
  -2.779   0.55651   0.00755  -0.20056  73.71926
  -2.693   0.56393   0.00759  -0.20010  74.27453
  -2.608   0.57114   0.00765  -0.19959  74.66332
  -2.523   0.57820   0.00772  -0.19907  74.90776
  -2.437   0.58514   0.00780  -0.19852  75.03540
  -2.352   0.59202   0.00789  -0.19798  75.07640
  -2.266   0.59888   0.00798  -0.19743  75.06090
  -2.181   0.60575   0.00807  -0.19690  75.01691
  -2.095   0.61265   0.00817  -0.19638  74.96880
  -2.010   0.61960   0.00827  -0.19589  74.93628
  -1.925   0.62662   0.00836  -0.19541  74.93416
  -1.839   0.63372   0.00845  -0.19495  74.97256
  -1.754   0.64091   0.00854  -0.19452  75.05773
  -1.668   0.64820   0.00862  -0.19410  75.19290
  -1.583   0.65559   0.00870  -0.19371  75.37919
  -1.497   0.66310   0.00877  -0.19334  75.61631
  -1.412   0.67071   0.00884  -0.19299  75.90309
  -1.327   0.67841   0.00890  -0.19266  76.23772
  -1.241   0.68622   0.00896  -0.19234  76.61793
  -1.156   0.69410   0.00901  -0.19204  77.04104
  -1.070   0.70207   0.00906  -0.19175  77.50395
  -0.985   0.71011   0.00910  -0.19148  78.00324
  -0.899   0.71821   0.00915  -0.19122  78.53517
  -0.814   0.72638   0.00918  -0.19097  79.09577
  -0.729   0.73460   0.00922  -0.19073  79.68098
  -0.643   0.74287   0.00925  -0.19050  80.28669
  -0.558   0.75120   0.00928  -0.19028  80.90895
  -0.472   0.75956   0.00931  -0.19007  81.54408
  -0.387   0.76795   0.00934  -0.18986  82.18883
  -0.302   0.77637   0.00937  -0.18965  82.84042
  -0.216   0.78480   0.00940  -0.18944  83.49668
  -0.131   0.79324   0.00943  -0.18924  84.15596
  -0.045   0.80168   0.00945  -0.18904  84.81716
   0.040   0.81012   0.00948  -0.18884  85.47959
   0.126   0.81856   0.00950  -0.18863  86.14275
   0.211   0.82699   0.00953  -0.18843  86.80619
   0.296   0.83543   0.00955  -0.18823  87.46943
   0.382   0.84386   0.00957  -0.18803  88.13201
   0.467   0.85230   0.00960  -0.18783  88.79349
   0.553   0.86075   0.00962  -0.18762  89.45327
   0.638   0.86923   0.00965  -0.18742  90.11046
   0.724   0.87773   0.00967  -0.18723  90.76394
   0.809   0.88626   0.00970  -0.18703  91.41302
   0.894   0.89481   0.00972  -0.18683  92.05839
   0.980   0.90336   0.00974  -0.18662  92.70280
   1.065   0.91188   0.00977  -0.18642  93.35069
   1.151   0.92036   0.00979  -0.18621  94.00621
   1.236   0.92879   0.00981  -0.18599  94.67099
   1.322   0.93716   0.00983  -0.18578  95.34339
   1.407   0.94549   0.00985  -0.18556  96.01960
   1.492   0.95379   0.00986  -0.18534  96.69501
   1.578   0.96207   0.00988  -0.18512  97.36443
   1.663   0.97034   0.00990  -0.18491  98.02145
   1.749   0.97863   0.00992  -0.18470  98.65850
   1.834   0.98693   0.00994  -0.18450  99.26865
   1.920   0.99526   0.00997  -0.18431  99.85000
   2.005   1.00361   0.00999  -0.18413  100.41639
   2.090   1.01197   0.01002  -0.18394  101.02308
   2.176   1.02034   0.01002  -0.18373  101.81423
   2.261   1.02872   0.00998  -0.18348  103.04873
   2.347   1.03712   0.00988  -0.18317  104.93852
   2.432   1.04549   0.00975  -0.18286  107.23468
   2.518   1.05376   0.00965  -0.18260  109.16526
   2.603   1.06190   0.00964  -0.18240  110.20251
   2.688   1.06992   0.00968  -0.18223  110.53660
   2.774   1.07789   0.00975  -0.18204  110.60045
   2.859   1.08585   0.00981  -0.18180  110.65005
   2.945   1.09383   0.00988  -0.18152  110.76140
   3.030   1.10182   0.00993  -0.18123  110.93215
   3.116   1.10982   0.00999  -0.18092  111.14193
   3.201   1.11782   0.01004  -0.18060  111.37337
   3.286   1.12582   0.01009  -0.18028  111.61557
   3.372   1.13382   0.01014  -0.17996  111.86231
   3.457   1.14182   0.01018  -0.17964  112.11006
   3.543   1.14982   0.01023  -0.17932  112.35660
   3.628   1.15782   0.01028  -0.17900  112.60046
   3.714   1.16584   0.01033  -0.17868  112.84062
   3.799   1.17386   0.01038  -0.17837  113.07646
   3.884   1.18189   0.01043  -0.17806  113.30771
   3.970   1.18994   0.01048  -0.17775  113.53442
   4.055   1.19800   0.01053  -0.17746  113.75691
   4.141   1.20609   0.01058  -0.17717  113.97575
   4.226   1.21420   0.01063  -0.17689  114.19164
   4.312   1.22234   0.01068  -0.17661  114.40541
   4.397   1.23051   0.01074  -0.17635  114.61793
   4.482   1.23871   0.01079  -0.17610  114.83014
   4.568   1.24695   0.01084  -0.17585  115.04299
   4.653   1.25522   0.01089  -0.17562  115.25751
   4.739   1.26352   0.01094  -0.17539  115.47477
   4.824   1.27185   0.01099  -0.17517  115.69588
   4.910   1.28021   0.01104  -0.17496  115.92192
   4.995   1.28858   0.01109  -0.17475  116.15381
   5.080   1.29695   0.01114  -0.17454  116.39214
   5.166   1.30533   0.01119  -0.17433  116.63692
   5.251   1.31369   0.01124  -0.17412  116.88739
   5.337   1.32205   0.01129  -0.17391  117.14185
   5.422   1.33038   0.01133  -0.17370  117.39764
   5.508   1.33870   0.01138  -0.17349  117.65116
   5.593   1.34701   0.01143  -0.17328  117.89820
   5.678   1.35532   0.01147  -0.17308  118.13418
   5.764   1.36363   0.01152  -0.17288  118.35453
   5.849   1.37195   0.01157  -0.17269  118.55493
   5.935   1.38027   0.01163  -0.17251  118.73143
   6.020   1.38860   0.01168  -0.17234  118.88039
   6.106   1.39694   0.01174  -0.17218  118.99838
   6.191   1.40527   0.01180  -0.17202  119.08193
   6.276   1.41358   0.01187  -0.17186  119.12727
   6.362   1.42187   0.01194  -0.17170  119.13021
   6.447   1.43011   0.01201  -0.17154  119.08604
   6.533   1.43830   0.01209  -0.17136  118.98959
   6.618   1.44641   0.01217  -0.17118  118.83549
   6.704   1.45443   0.01226  -0.17098  118.61846
   6.789   1.46234   0.01236  -0.17076  118.33375
   6.874   1.47013   0.01246  -0.17052  117.97750
   6.960   1.47778   0.01257  -0.17026  117.54684
   7.045   1.48529   0.01269  -0.16997  117.03971
   7.131   1.49264   0.01282  -0.16965  116.45431
   7.216   1.49982   0.01295  -0.16929  115.78802
   7.302   1.50680   0.01310  -0.16890  115.03604
   7.387   1.51355   0.01325  -0.16845  114.18979
   7.472   1.52003   0.01342  -0.16796  113.23518
   7.558   1.52619   0.01361  -0.16741  112.15126
   7.643   1.53195   0.01381  -0.16679  110.90961
   7.729   1.53721   0.01404  -0.16609  109.47516
   7.814   1.54188   0.01430  -0.16529  107.80875
   7.899   1.54586   0.01460  -0.16438  105.87197
   7.985   1.54905   0.01495  -0.16336  103.63435
   8.070   1.55139   0.01535  -0.16222  101.08258
   8.156   1.55285   0.01581  -0.16095  98.23039
   8.241   1.55347   0.01633  -0.15958  95.12640
   8.327   1.55331   0.01691  -0.15810  91.85625
   8.412   1.55248   0.01754  -0.15655  88.53507
   8.497   1.55110   0.01819  -0.15494  85.28795
   8.583   1.54932   0.01884  -0.15330  82.22320
   8.668   1.54736   0.01949  -0.15167  79.41101
   8.754   1.54552   0.02010  -0.15009  76.88094
   8.839   1.54412   0.02069  -0.14861  74.63742
   8.925   1.54347   0.02124  -0.14725  72.67588
   9.010   1.54373   0.02175  -0.14603  70.98558
   9.095   1.54491   0.02221  -0.14494  69.54429
   9.181   1.54691   0.02264  -0.14397  68.31637
   9.266   1.54953   0.02304  -0.14309  67.25794
   9.352   1.55259   0.02341  -0.14227  66.32498
   9.437   1.55593   0.02376  -0.14149  65.47972
   9.523   1.55943   0.02410  -0.14073  64.69348
   9.608   1.56301   0.02444  -0.13999  63.94649
   9.693   1.56662   0.02478  -0.13925  63.22617
   9.779   1.57024   0.02511  -0.13852  62.52498
   9.864   1.57387   0.02545  -0.13779  61.83860
   9.950   1.57748   0.02579  -0.13707  61.16453
  10.035   1.58108   0.02613  -0.13635  60.50121
  10.121   1.58468   0.02648  -0.13563  59.84748
  10.206   1.58825   0.02683  -0.13492  59.20231
  10.291   1.59182   0.02718  -0.13421  58.56469
  10.377   1.59535   0.02754  -0.13350  57.93362
  10.462   1.59887   0.02790  -0.13279  57.30811
  10.548   1.60235   0.02827  -0.13209  56.68723
  10.633   1.60579   0.02864  -0.13138  56.07014
  10.719   1.60920   0.02902  -0.13068  55.45610
  10.804   1.61256   0.02940  -0.12998  54.84451
  10.889   1.61587   0.02979  -0.12927  54.23485
  10.975   1.61912   0.03019  -0.12856  53.62674
  11.060   1.62232   0.03060  -0.12786  53.01987
  11.146   1.62547   0.03101  -0.12715  52.41404
  11.231   1.62855   0.03143  -0.12644  51.80909
  11.317   1.63157   0.03186  -0.12574  51.20492
  11.402   1.63453   0.03230  -0.12503  50.60146
  11.487   1.63743   0.03275  -0.12432  49.99869
  11.573   1.64026   0.03321  -0.12362  49.39659
  11.658   1.64302   0.03367  -0.12291  48.79513
  11.744   1.64572   0.03415  -0.12221  48.19432
  11.829   1.64835   0.03463  -0.12151  47.59414
  11.915   1.65091   0.03513  -0.12082  46.99455
  12.000   1.65341   0.03564  -0.12012  46.39552
