=== Airfoil Parameters ===
m = 0.02
p = 0.4
t = 0.12

=== Control Points ===
0.00000, 0.01105, 0.01105
0.06667, 0.01568, 0.00956
0.13333, 0.01813, 0.00702
0.20000, 0.01943, 0.00443
0.26667, 0.02050, 0.00273
0.66667, 0.01779, 0.00174
0.75000, 0.01352, 0.00032
0.83333, 0.00735, -0.00222
0.91667, -0.00004, -0.00521
1.00000, -0.00723, -0.00723

=== Upper Surface ===
0.00000, 0.01105
-0.00004, 0.01132
-0.00005, 0.01160
-0.00006, 0.01188
-0.00006, 0.01216
-0.00006, 0.01244
-0.00006, 0.01272
-0.00005, 0.01300
-0.00004, 0.01328
-0.00003, 0.01356
-0.00000, 0.01384
0.00002, 0.01412
0.00006, 0.01440
0.00009, 0.01468
0.00014, 0.01496
0.00018, 0.01524
0.00024, 0.01552
0.00029, 0.01580
0.00035, 0.01608
0.00042, 0.01636
0.00049, 0.01664
0.00057, 0.01692
0.00065, 0.01720
0.00074, 0.01748
0.00083, 0.01776
0.00093, 0.01804
0.00103, 0.01832
0.00114, 0.01860
0.00125, 0.01888
0.00137, 0.01916
0.00149, 0.01945
0.00162, 0.01973
0.00175, 0.02001
0.00189, 0.02029
0.00204, 0.02057
0.00218, 0.02085
0.00234, 0.02113
0.00249, 0.02141
0.00266, 0.02169
0.00282, 0.02197
0.00300, 0.02225
0.00318, 0.02253
0.00336, 0.02281
0.00355, 0.02309
0.00374, 0.02338
0.00394, 0.02366
0.00414, 0.02394
0.00435, 0.02422
0.00456, 0.02450
0.00478, 0.02478
0.00501, 0.02506
0.00524, 0.02534
0.00547, 0.02562
0.00571, 0.02590
0.00595, 0.02618
0.00620, 0.02646
0.00645, 0.02674
0.00671, 0.02702
0.00698, 0.02730
0.00725, 0.02758
0.00752, 0.02786
0.00780, 0.02814
0.00808, 0.02842
0.00837, 0.02870
0.00867, 0.02898
0.00897, 0.02926
0.00927, 0.02954
0.00958, 0.02982
0.00989, 0.03009
0.01021, 0.03037
0.01054, 0.03065
0.01087, 0.03093
0.01120, 0.03121
0.01154, 0.03149
0.01189, 0.03176
0.01224, 0.03204
0.01259, 0.03232
0.01295, 0.03260
0.01332, 0.03287
0.01369, 0.03315
0.01406, 0.03343
0.01444, 0.03370
0.01482, 0.03398
0.01521, 0.03426
0.01561, 0.03453
0.01601, 0.03481
0.01641, 0.03508
0.01682, 0.03536
0.01724, 0.03563
0.01766, 0.03591
0.01808, 0.03618
0.01851, 0.03646
0.01895, 0.03673
0.01939, 0.03700
0.01983, 0.03728
0.02028, 0.03755
0.02073, 0.03782
0.02119, 0.03809
0.02166, 0.03837
0.02213, 0.03864
0.02260, 0.03891
0.02308, 0.03918
0.02357, 0.03945
0.02405, 0.03972
0.02455, 0.03999
0.02505, 0.04026
0.02555, 0.04053
0.02606, 0.04080
0.02657, 0.04106
0.02709, 0.04133
0.02762, 0.04160
0.02814, 0.04187
0.02868, 0.04213
0.02922, 0.04240
0.02976, 0.04267
0.03031, 0.04293
0.03086, 0.04320
0.03142, 0.04346
0.03198, 0.04372
0.03255, 0.04399
0.03312, 0.04425
0.03370, 0.04451
0.03428, 0.04477
0.03487, 0.04503
0.03546, 0.04530
0.03605, 0.04556
0.03666, 0.04581
0.03726, 0.04607
0.03787, 0.04633
0.03849, 0.04659
0.03911, 0.04685
0.03973, 0.04710
0.04036, 0.04736
0.04100, 0.04762
0.04164, 0.04787
0.04228, 0.04813
0.04293, 0.04838
0.04358, 0.04863
0.04424, 0.04889
0.04491, 0.04914
0.04557, 0.04939
0.04625, 0.04964
0.04692, 0.04989
0.04760, 0.05014
0.04829, 0.05039
0.04898, 0.05064
0.04968, 0.05088
0.05038, 0.05113
0.05108, 0.05138
0.05179, 0.05162
0.05251, 0.05186
0.05323, 0.05211
0.05395, 0.05235
0.05468, 0.05259
0.05541, 0.05283
0.05615, 0.05308
0.05689, 0.05332
0.05764, 0.05355
0.05839, 0.05379
0.05915, 0.05403
0.05991, 0.05427
0.06067, 0.05450
0.06144, 0.05474
0.06221, 0.05497
0.06299, 0.05521
0.06378, 0.05544
0.06456, 0.05567
0.06536, 0.05590
0.06615, 0.05613
0.06695, 0.05636
0.06776, 0.05659
0.06857, 0.05682
0.06938, 0.05704
0.07020, 0.05727
0.07102, 0.05749
0.07185, 0.05772
0.07268, 0.05794
0.07352, 0.05816
0.07436, 0.05838
0.07520, 0.05860
0.07605, 0.05882
0.07691, 0.05904
0.07776, 0.05926
0.07863, 0.05948
0.07949, 0.05969
0.08036, 0.05991
0.08124, 0.06012
0.08212, 0.06033
0.08300, 0.06054
0.08389, 0.06075
0.08478, 0.06096
0.08568, 0.06117
0.08658, 0.06138
0.08748, 0.06159
0.08839, 0.06179
0.08930, 0.06200
0.09022, 0.06220
0.09114, 0.06240
0.09207, 0.06260
0.09300, 0.06280
0.09393, 0.06300
0.09487, 0.06320
0.09581, 0.06340
0.09675, 0.06360
0.09770, 0.06379
0.09866, 0.06399
0.09962, 0.06418
0.10058, 0.06437
0.10154, 0.06456
0.10251, 0.06475
0.10349, 0.06494
0.10447, 0.06513
0.10545, 0.06531
0.10643, 0.06550
0.10742, 0.06568
0.10842, 0.06587
0.10941, 0.06605
0.11042, 0.06623
0.11142, 0.06641
0.11243, 0.06659
0.11344, 0.06676
0.11446, 0.06694
0.11548, 0.06712
0.11651, 0.06729
0.11753, 0.06746
0.11857, 0.06763
0.11960, 0.06781
0.12064, 0.06797
0.12168, 0.06814
0.12273, 0.06831
0.12378, 0.06848
0.12484, 0.06864
0.12589, 0.06880
0.12696, 0.06897
0.12802, 0.06913
0.12909, 0.06929
0.13016, 0.06945
0.13124, 0.06961
0.13232, 0.06976
0.13340, 0.06992
0.13449, 0.07007
0.13558, 0.07023
0.13667, 0.07038
0.13777, 0.07053
0.13887, 0.07068
0.13998, 0.07083
0.14108, 0.07097
0.14220, 0.07112
0.14331, 0.07126
0.14443, 0.07141
0.14555, 0.07155
0.14667, 0.07169
0.14780, 0.07183
0.14893, 0.07197
0.15007, 0.07211
0.15120, 0.07225
0.15235, 0.07238
0.15349, 0.07252
0.15464, 0.07265
0.15579, 0.07278
0.15694, 0.07291
0.15810, 0.07304
0.15926, 0.07317
0.16042, 0.07330
0.16159, 0.07343
0.16276, 0.07355
0.16393, 0.07368
0.16511, 0.07380
0.16629, 0.07392
0.16747, 0.07404
0.16865, 0.07416
0.16984, 0.07428
0.17103, 0.07440
0.17223, 0.07451
0.17342, 0.07463
0.17462, 0.07474
0.17582, 0.07486
0.17703, 0.07497
0.17824, 0.07508
0.17945, 0.07519
0.18066, 0.07530
0.18188, 0.07541
0.18310, 0.07551
0.18432, 0.07562
0.18555, 0.07572
0.18678, 0.07583
0.18801, 0.07593
0.18924, 0.07603
0.19048, 0.07613
0.19172, 0.07623
0.19296, 0.07633
0.19421, 0.07643
0.19545, 0.07652
0.19670, 0.07662
0.19796, 0.07672
0.19921, 0.07681
0.20047, 0.07690
0.20173, 0.07699
0.20300, 0.07708
0.20426, 0.07717
0.20553, 0.07726
0.20681, 0.07735
0.20808, 0.07744
0.20936, 0.07752
0.21064, 0.07761
0.21193, 0.07769
0.21322, 0.07778
0.21451, 0.07786
0.21580, 0.07794
0.21710, 0.07802
0.21840, 0.07810
0.21970, 0.07818
0.22101, 0.07826
0.22232, 0.07833
0.22363, 0.07841
0.22494, 0.07848
0.22626, 0.07855
0.22758, 0.07863
0.22890, 0.07870
0.23023, 0.07877
0.23155, 0.07884
0.23288, 0.07891
0.23422, 0.07897
0.23555, 0.07904
0.23689, 0.07911
0.23823, 0.07917
0.23958, 0.07923
0.24092, 0.07930
0.24227, 0.07936
0.24363, 0.07942
0.24498, 0.07948
0.24634, 0.07954
0.24770, 0.07959
0.24906, 0.07965
0.25043, 0.07971
0.25180, 0.07976
0.25317, 0.07981
0.25454, 0.07987
0.25591, 0.07992
0.25729, 0.07997
0.25867, 0.08002
0.26006, 0.08007
0.26144, 0.08011
0.26283, 0.08016
0.26422, 0.08020
0.26561, 0.08025
0.26701, 0.08029
0.26841, 0.08033
0.26981, 0.08037
0.27121, 0.08041
0.27261, 0.08045
0.27402, 0.08049
0.27543, 0.08053
0.27684, 0.08056
0.27826, 0.08060
0.27967, 0.08063
0.28109, 0.08066
0.28251, 0.08070
0.28393, 0.08073
0.28536, 0.08076
0.28679, 0.08079
0.28822, 0.08081
0.28965, 0.08084
0.29108, 0.08086
0.29252, 0.08089
0.29395, 0.08091
0.29539, 0.08093
0.29684, 0.08096
0.29828, 0.08098
0.29973, 0.08099
0.30118, 0.08101
0.30263, 0.08103
0.30408, 0.08105
0.30553, 0.08106
0.30699, 0.08107
0.30845, 0.08109
0.30991, 0.08110
0.31137, 0.08111
0.31284, 0.08112
0.31430, 0.08113
0.31577, 0.08114
0.31724, 0.08114
0.31871, 0.08115
0.32019, 0.08115
0.32166, 0.08116
0.32314, 0.08116
0.32462, 0.08116
0.32610, 0.08116
0.32758, 0.08116
0.32907, 0.08116
0.33056, 0.08115
0.33204, 0.08115
0.33354, 0.08115
0.33503, 0.08114
0.33653, 0.08113
0.33802, 0.08112
0.33952, 0.08111
0.34103, 0.08110
0.34253, 0.08109
0.34403, 0.08108
0.34554, 0.08107
0.34705, 0.08105
0.34856, 0.08103
0.35007, 0.08102
0.35159, 0.08100
0.35310, 0.08098
0.35462, 0.08096
0.35614, 0.08094
0.35766, 0.08091
0.35918, 0.08089
0.36070, 0.08086
0.36223, 0.08084
0.36376, 0.08081
0.36529, 0.08078
0.36682, 0.08075
0.36835, 0.08072
0.36988, 0.08068
0.37142, 0.08065
0.37295, 0.08061
0.37449, 0.08058
0.37603, 0.08054
0.37757, 0.08050
0.37911, 0.08046
0.38065, 0.08042
0.38220, 0.08038
0.38374, 0.08033
0.38529, 0.08029
0.38684, 0.08024
0.38839, 0.08020
0.38994, 0.08015
0.39149, 0.08010
0.39304, 0.08005
0.39459, 0.07999
0.39615, 0.07994
0.39771, 0.07988
0.39926, 0.07983
0.40082, 0.07977
0.40238, 0.07971
0.40394, 0.07965
0.40550, 0.07959
0.40706, 0.07953
0.40863, 0.07947
0.41019, 0.07940
0.41176, 0.07934
0.41332, 0.07927
0.41489, 0.07920
0.41646, 0.07913
0.41802, 0.07906
0.41959, 0.07899
0.42116, 0.07892
0.42273, 0.07884
0.42430, 0.07877
0.42587, 0.07869
0.42745, 0.07861
0.42902, 0.07853
0.43059, 0.07845
0.43217, 0.07837
0.43374, 0.07829
0.43532, 0.07820
0.43689, 0.07812
0.43847, 0.07803
0.44005, 0.07794
0.44162, 0.07786
0.44320, 0.07777
0.44478, 0.07767
0.44636, 0.07758
0.44794, 0.07749
0.44952, 0.07740
0.45110, 0.07730
0.45268, 0.07720
0.45426, 0.07711
0.45584, 0.07701
0.45742, 0.07691
0.45900, 0.07681
0.46058, 0.07671
0.46216, 0.07660
0.46374, 0.07650
0.46533, 0.07639
0.46691, 0.07629
0.46849, 0.07618
0.47007, 0.07607
0.47165, 0.07596
0.47323, 0.07585
0.47482, 0.07574
0.47640, 0.07563
0.47798, 0.07552
0.47956, 0.07540
0.48115, 0.07529
0.48273, 0.07517
0.48431, 0.07505
0.48589, 0.07494
0.48747, 0.07482
0.48905, 0.07470
0.49064, 0.07458
0.49222, 0.07446
0.49380, 0.07433
0.49538, 0.07421
0.49696, 0.07409
0.49854, 0.07396
0.50012, 0.07384
0.50170, 0.07371
0.50328, 0.07358
0.50486, 0.07346
0.50644, 0.07333
0.50802, 0.07320
0.50959, 0.07307
0.51117, 0.07294
0.51275, 0.07280
0.51433, 0.07267
0.51590, 0.07254
0.51748, 0.07240
0.51906, 0.07227
0.52063, 0.07213
0.52221, 0.07200
0.52378, 0.07186
0.52536, 0.07172
0.52693, 0.07159
0.52850, 0.07145
0.53008, 0.07131
0.53165, 0.07117
0.53322, 0.07103
0.53479, 0.07089
0.53636, 0.07075
0.53793, 0.07060
0.53950, 0.07046
0.54107, 0.07032
0.54264, 0.07017
0.54420, 0.07003
0.54577, 0.06988
0.54734, 0.06974
0.54890, 0.06959
0.55047, 0.06945
0.55203, 0.06930
0.55360, 0.06915
0.55516, 0.06900
0.55672, 0.06885
0.55828, 0.06871
0.55984, 0.06856
0.56140, 0.06841
0.56296, 0.06826
0.56452, 0.06811
0.56608, 0.06796
0.56763, 0.06780
0.56919, 0.06765
0.57075, 0.06750
0.57230, 0.06735
0.57385, 0.06720
0.57541, 0.06704
0.57696, 0.06689
0.57851, 0.06673
0.58006, 0.06658
0.58161, 0.06643
0.58316, 0.06627
0.58470, 0.06612
0.58625, 0.06596
0.58780, 0.06580
0.58934, 0.06565
0.59089, 0.06549
0.59243, 0.06534
0.59397, 0.06518
0.59551, 0.06502
0.59705, 0.06486
0.59859, 0.06471
0.60013, 0.06455
0.60167, 0.06439
0.60320, 0.06423
0.60474, 0.06407
0.60627, 0.06391
0.60781, 0.06375
0.60934, 0.06359
0.61087, 0.06343
0.61240, 0.06327
0.61393, 0.06311
0.61546, 0.06295
0.61699, 0.06279
0.61851, 0.06263
0.62004, 0.06247
0.62156, 0.06230
0.62308, 0.06214
0.62461, 0.06198
0.62613, 0.06182
0.62765, 0.06166
0.62916, 0.06149
0.63068, 0.06133
0.63220, 0.06117
0.63371, 0.06100
0.63522, 0.06084
0.63674, 0.06067
0.63825, 0.06051
0.63976, 0.06034
0.64127, 0.06018
0.64277, 0.06001
0.64428, 0.05985
0.64579, 0.05968
0.64729, 0.05952
0.64879, 0.05935
0.65029, 0.05918
0.65178, 0.05902
0.65323, 0.05885
0.65458, 0.05869
0.65575, 0.05854
0.65671, 0.05840
0.65760, 0.05827
0.65873, 0.05817
0.66036, 0.05808
0.66246, 0.05798
0.66473, 0.05785
0.66685, 0.05767
0.66870, 0.05747
0.67035, 0.05727
0.67189, 0.05707
0.67339, 0.05687
0.67488, 0.05667
0.67636, 0.05647
0.67784, 0.05627
0.67932, 0.05607
0.68079, 0.05587
0.68227, 0.05566
0.68374, 0.05546
0.68521, 0.05525
0.68668, 0.05505
0.68815, 0.05484
0.68961, 0.05464
0.69108, 0.05443
0.69254, 0.05422
0.69400, 0.05402
0.69546, 0.05381
0.69691, 0.05360
0.69837, 0.05339
0.69982, 0.05318
0.70127, 0.05297
0.70271, 0.05276
0.70416, 0.05255
0.70560, 0.05233
0.70705, 0.05212
0.70848, 0.05191
0.70992, 0.05169
0.71136, 0.05148
0.71279, 0.05126
0.71422, 0.05105
0.71565, 0.05083
0.71708, 0.05062
0.71850, 0.05040
0.71992, 0.05018
0.72134, 0.04997
0.72276, 0.04975
0.72417, 0.04953
0.72559, 0.04931
0.72700, 0.04909
0.72841, 0.04887
0.72981, 0.04865
0.73122, 0.04843
0.73262, 0.04821
0.73402, 0.04798
0.73541, 0.04776
0.73681, 0.04754
0.73820, 0.04731
0.73959, 0.04709
0.74098, 0.04687
0.74236, 0.04664
0.74374, 0.04642
0.74512, 0.04619
0.74650, 0.04596
0.74787, 0.04574
0.74925, 0.04551
0.75062, 0.04528
0.75198, 0.04506
0.75335, 0.04483
0.75471, 0.04460
0.75607, 0.04437
0.75742, 0.04414
0.75878, 0.04391
0.76013, 0.04368
0.76148, 0.04345
0.76282, 0.04322
0.76416, 0.04299
0.76550, 0.04276
0.76684, 0.04253
0.76817, 0.04230
0.76951, 0.04206
0.77083, 0.04183
0.77216, 0.04160
0.77348, 0.04137
0.77480, 0.04113
0.77612, 0.04090
0.77743, 0.04067
0.77874, 0.04043
0.78005, 0.04020
0.78136, 0.03997
0.78266, 0.03973
0.78396, 0.03950
0.78526, 0.03926
0.78655, 0.03903
0.78784, 0.03879
0.78913, 0.03856
0.79041, 0.03832
0.79169, 0.03809
0.79297, 0.03785
0.79425, 0.03762
0.79552, 0.03738
0.79679, 0.03715
0.79806, 0.03691
0.79932, 0.03668
0.80058, 0.03644
0.80184, 0.03621
0.80309, 0.03597
0.80434, 0.03574
0.80559, 0.03550
0.80683, 0.03526
0.80808, 0.03503
0.80931, 0.03479
0.81055, 0.03456
0.81178, 0.03432
0.81301, 0.03409
0.81423, 0.03385
0.81546, 0.03362
0.81668, 0.03338
0.81789, 0.03314
0.81910, 0.03291
0.82031, 0.03267
0.82152, 0.03244
0.82272, 0.03220
0.82392, 0.03197
0.82512, 0.03174
0.82631, 0.03150
0.82750, 0.03127
0.82869, 0.03103
0.82987, 0.03080
0.83105, 0.03057
0.83223, 0.03033
0.83340, 0.03010
0.83457, 0.02986
0.83573, 0.02963
0.83690, 0.02940
0.83805, 0.02917
0.83921, 0.02893
0.84036, 0.02870
0.84151, 0.02847
0.84266, 0.02824
0.84380, 0.02801
0.84494, 0.02778
0.84607, 0.02755
0.84720, 0.02731
0.84833, 0.02708
0.84945, 0.02685
0.85057, 0.02663
0.85169, 0.02640
0.85281, 0.02617
0.85392, 0.02594
0.85502, 0.02571
0.85612, 0.02548
0.85722, 0.02526
0.85832, 0.02503
0.85941, 0.02480
0.86050, 0.02458
0.86158, 0.02435
0.86266, 0.02413
0.86374, 0.02390
0.86482, 0.02368
0.86589, 0.02345
0.86695, 0.02323
0.86801, 0.02301
0.86907, 0.02278
0.87013, 0.02256
0.87118, 0.02234
0.87223, 0.02212
0.87327, 0.02190
0.87431, 0.02168
0.87535, 0.02146
0.87638, 0.02124
0.87741, 0.02102
0.87844, 0.02081
0.87946, 0.02059
0.88048, 0.02037
0.88149, 0.02016
0.88250, 0.01994
0.88351, 0.01972
0.88451, 0.01951
0.88551, 0.01930
0.88650, 0.01908
0.88749, 0.01887
0.88848, 0.01866
0.88946, 0.01845
0.89044, 0.01824
0.89142, 0.01803
0.89239, 0.01782
0.89336, 0.01761
0.89432, 0.01740
0.89528, 0.01719
0.89624, 0.01699
0.89719, 0.01678
0.89814, 0.01658
0.89908, 0.01637
0.90002, 0.01617
0.90096, 0.01596
0.90189, 0.01576
0.90282, 0.01556
0.90375, 0.01536
0.90467, 0.01516
0.90558, 0.01496
0.90650, 0.01476
0.90740, 0.01456
0.90831, 0.01436
0.90921, 0.01417
0.91011, 0.01397
0.91100, 0.01378
0.91189, 0.01358
0.91277, 0.01339
0.91365, 0.01320
0.91453, 0.01300
0.91540, 0.01281
0.91627, 0.01262
0.91713, 0.01243
0.91799, 0.01224
0.91885, 0.01206
0.91970, 0.01187
0.92055, 0.01168
0.92139, 0.01150
0.92223, 0.01131
0.92307, 0.01113
0.92390, 0.01094
0.92472, 0.01076
0.92555, 0.01058
0.92637, 0.01040
0.92718, 0.01022
0.92799, 0.01004
0.92880, 0.00986
0.92960, 0.00969
0.93040, 0.00951
0.93119, 0.00934
0.93198, 0.00916
0.93276, 0.00899
0.93354, 0.00881
0.93432, 0.00864
0.93509, 0.00847
0.93586, 0.00830
0.93662, 0.00813
0.93738, 0.00796
0.93814, 0.00780
0.93889, 0.00763
0.93964, 0.00746
0.94038, 0.00730
0.94112, 0.00714
0.94185, 0.00697
0.94258, 0.00681
0.94330, 0.00665
0.94403, 0.00649
0.94474, 0.00633
0.94545, 0.00617
0.94616, 0.00602
0.94687, 0.00586
0.94756, 0.00570
0.94826, 0.00555
0.94895, 0.00540
0.94964, 0.00524
0.95032, 0.00509
0.95099, 0.00494
0.95167, 0.00479
0.95233, 0.00464
0.95300, 0.00450
0.95366, 0.00435
0.95431, 0.00420
0.95496, 0.00406
0.95561, 0.00391
0.95625, 0.00377
0.95689, 0.00363
0.95752, 0.00349
0.95815, 0.00335
0.95877, 0.00321
0.95939, 0.00307
0.96001, 0.00294
0.96062, 0.00280
0.96123, 0.00266
0.96183, 0.00253
0.96242, 0.00240
0.96302, 0.00227
0.96360, 0.00213
0.96419, 0.00201
0.96477, 0.00188
0.96534, 0.00175
0.96591, 0.00162
0.96648, 0.00150
0.96704, 0.00137
0.96759, 0.00125
0.96814, 0.00112
0.96869, 0.00100
0.96923, 0.00088
0.96977, 0.00076
0.97031, 0.00064
0.97083, 0.00052
0.97136, 0.00041
0.97188, 0.00029
0.97239, 0.00018
0.97290, 0.00006
0.97341, -0.00005
0.97391, -0.00016
0.97441, -0.00027
0.97490, -0.00038
0.97539, -0.00049
0.97587, -0.00060
0.97635, -0.00070
0.97682, -0.00081
0.97729, -0.00091
0.97775, -0.00102
0.97821, -0.00112
0.97867, -0.00122
0.97912, -0.00132
0.97956, -0.00142
0.98000, -0.00152
0.98044, -0.00161
0.98087, -0.00171
0.98130, -0.00180
0.98172, -0.00190
0.98214, -0.00199
0.98255, -0.00208
0.98296, -0.00217
0.98336, -0.00226
0.98376, -0.00235
0.98415, -0.00244
0.98454, -0.00252
0.98493, -0.00261
0.98531, -0.00269
0.98568, -0.00278
0.98605, -0.00286
0.98642, -0.00294
0.98678, -0.00302
0.98713, -0.00310
0.98749, -0.00318
0.98783, -0.00325
0.98817, -0.00333
0.98851, -0.00341
0.98884, -0.00348
0.98917, -0.00355
0.98949, -0.00362
0.98981, -0.00369
0.99012, -0.00376
0.99043, -0.00383
0.99073, -0.00390
0.99103, -0.00397
0.99133, -0.00403
0.99162, -0.00409
0.99190, -0.00416
0.99218, -0.00422
0.99245, -0.00428
0.99272, -0.00434
0.99299, -0.00440
0.99325, -0.00446
0.99351, -0.00451
0.99376, -0.00457
0.99400, -0.00462
0.99424, -0.00468
0.99448, -0.00473
0.99471, -0.00478
0.99494, -0.00483
0.99516, -0.00488
0.99537, -0.00493
0.99559, -0.00497
0.99579, -0.00502
0.99600, -0.00507
0.99619, -0.00511
0.99639, -0.00515
0.99657, -0.00519
0.99676, -0.00523
0.99693, -0.00527
0.99711, -0.00531
0.99728, -0.00535
0.99744, -0.00538
0.99760, -0.00542
0.99775, -0.00545
0.99790, -0.00549
0.99804, -0.00552
0.99818, -0.00555
0.99832, -0.00558
0.99845, -0.00561
0.99857, -0.00564
0.99869, -0.00566
0.99881, -0.00569
0.99892, -0.00571
0.99902, -0.00573
0.99912, -0.00576
0.99922, -0.00578
0.99931, -0.00580
0.99939, -0.00582
0.99947, -0.00583
0.99955, -0.00585
0.99962, -0.00587
0.99969, -0.00588
0.99975, -0.00590
0.99980, -0.00591
0.99985, -0.00592
0.99990, -0.00593
0.99994, -0.00594
0.99998, -0.00595
1.00001, -0.00595
1.00004, -0.00596
1.00006, -0.00596
1.00008, -0.00597
1.00010, -0.00597
1.00015, -0.00598
1.00016, -0.00598

=== Lower Surface ===
0.00000, 0.01105
0.00004, 0.01077
0.00007, 0.01049
0.00010, 0.01021
0.00014, 0.00994
0.00019, 0.00966
0.00024, 0.00939
0.00030, 0.00911
0.00036, 0.00884
0.00043, 0.00857
0.00050, 0.00830
0.00057, 0.00803
0.00066, 0.00776
0.00074, 0.00749
0.00083, 0.00722
0.00093, 0.00696
0.00103, 0.00669
0.00114, 0.00642
0.00125, 0.00616
0.00136, 0.00590
0.00148, 0.00563
0.00161, 0.00537
0.00174, 0.00511
0.00187, 0.00485
0.00201, 0.00459
0.00216, 0.00433
0.00231, 0.00407
0.00246, 0.00381
0.00262, 0.00356
0.00278, 0.00330
0.00295, 0.00305
0.00313, 0.00279
0.00330, 0.00254
0.00349, 0.00229
0.00368, 0.00204
0.00387, 0.00179
0.00407, 0.00154
0.00427, 0.00129
0.00447, 0.00104
0.00469, 0.00079
0.00490, 0.00055
0.00512, 0.00030
0.00535, 0.00006
0.00558, -0.00019
0.00582, -0.00043
0.00606, -0.00067
0.00630, -0.00092
0.00655, -0.00116
0.00681, -0.00140
0.00707, -0.00164
0.00733, -0.00187
0.00760, -0.00211
0.00787, -0.00235
0.00815, -0.00258
0.00843, -0.00282
0.00872, -0.00305
0.00901, -0.00329
0.00931, -0.00352
0.00961, -0.00375
0.00992, -0.00398
0.01023, -0.00421
0.01054, -0.00444
0.01086, -0.00467
0.01119, -0.00490
0.01152, -0.00513
0.01185, -0.00535
0.01219, -0.00558
0.01253, -0.00580
0.01288, -0.00603
0.01324, -0.00625
0.01359, -0.00647
0.01395, -0.00669
0.01432, -0.00692
0.01469, -0.00714
0.01507, -0.00735
0.01545, -0.00757
0.01583, -0.00779
0.01622, -0.00801
0.01662, -0.00822
0.01702, -0.00844
0.01742, -0.00865
0.01783, -0.00887
0.01824, -0.00908
0.01866, -0.00929
0.01908, -0.00950
0.01950, -0.00971
0.01994, -0.00992
0.02037, -0.01013
0.02081, -0.01034
0.02125, -0.01055
0.02170, -0.01076
0.02216, -0.01096
0.02261, -0.01117
0.02308, -0.01137
0.02354, -0.01158
0.02401, -0.01178
0.02449, -0.01198
0.02497, -0.01218
0.02546, -0.01238
0.02594, -0.01258
0.02644, -0.01278
0.02694, -0.01298
0.02744, -0.01318
0.02795, -0.01338
0.02846, -0.01357
0.02897, -0.01377
0.02949, -0.01396
0.03002, -0.01416
0.03055, -0.01435
0.03108, -0.01454
0.03162, -0.01473
0.03216, -0.01492
0.03271, -0.01512
0.03326, -0.01530
0.03382, -0.01549
0.03438, -0.01568
0.03494, -0.01587
0.03551, -0.01606
0.03608, -0.01624
0.03666, -0.01643
0.03724, -0.01661
0.03783, -0.01679
0.03842, -0.01698
0.03901, -0.01716
0.03961, -0.01734
0.04022, -0.01752
0.04083, -0.01770
0.04144, -0.01788
0.04205, -0.01806
0.04267, -0.01824
0.04330, -0.01842
0.04393, -0.01859
0.04456, -0.01877
0.04520, -0.01894
0.04584, -0.01912
0.04649, -0.01929
0.04714, -0.01946
0.04780, -0.01964
0.04846, -0.01981
0.04912, -0.01998
0.04979, -0.02015
0.05046, -0.02032
0.05114, -0.02049
0.05182, -0.02065
0.05250, -0.02082
0.05319, -0.02099
0.05388, -0.02115
0.05458, -0.02132
0.05528, -0.02148
0.05599, -0.02165
0.05670, -0.02181
0.05741, -0.02197
0.05813, -0.02213
0.05885, -0.02230
0.05958, -0.02246
0.06031, -0.02262
0.06105, -0.02277
0.06179, -0.02293
0.06253, -0.02309
0.06328, -0.02325
0.06403, -0.02340
0.06478, -0.02356
0.06554, -0.02371
0.06631, -0.02387
0.06708, -0.02402
0.06785, -0.02417
0.06863, -0.02433
0.06941, -0.02448
0.07019, -0.02463
0.07098, -0.02478
0.07177, -0.02493
0.07257, -0.02508
0.07337, -0.02522
0.07418, -0.02537
0.07498, -0.02552
0.07580, -0.02566
0.07661, -0.02581
0.07744, -0.02595
0.07826, -0.02610
0.07909, -0.02624
0.07992, -0.02638
0.08076, -0.02653
0.08160, -0.02667
0.08245, -0.02681
0.08330, -0.02695
0.08415, -0.02709
0.08501, -0.02723
0.08587, -0.02736
0.08673, -0.02750
0.08760, -0.02764
0.08848, -0.02777
0.08935, -0.02791
0.09023, -0.02804
0.09112, -0.02818
0.09201, -0.02831
0.09290, -0.02844
0.09380, -0.02857
0.09470, -0.02870
0.09560, -0.02883
0.09651, -0.02896
0.09742, -0.02909
0.09834, -0.02922
0.09926, -0.02935
0.10018, -0.02948
0.10111, -0.02960
0.10204, -0.02973
0.10298, -0.02985
0.10392, -0.02998
0.10486, -0.03010
0.10581, -0.03022
0.10676, -0.03035
0.10772, -0.03047
0.10868, -0.03059
0.10964, -0.03071
0.11061, -0.03083
0.11158, -0.03095
0.11255, -0.03106
0.11353, -0.03118
0.11451, -0.03130
0.11550, -0.03141
0.11648, -0.03153
0.11748, -0.03164
0.11847, -0.03176
0.11948, -0.03187
0.12048, -0.03198
0.12149, -0.03209
0.12250, -0.03220
0.12352, -0.03231
0.12454, -0.03242
0.12556, -0.03253
0.12659, -0.03264
0.12762, -0.03275
0.12865, -0.03286
0.12969, -0.03296
0.13073, -0.03307
0.13178, -0.03317
0.13282, -0.03327
0.13388, -0.03338
0.13493, -0.03348
0.13599, -0.03358
0.13706, -0.03368
0.13813, -0.03378
0.13920, -0.03388
0.14027, -0.03398
0.14135, -0.03408
0.14243, -0.03417
0.14352, -0.03427
0.14461, -0.03437
0.14570, -0.03446
0.14680, -0.03456
0.14790, -0.03465
0.14900, -0.03474
0.15011, -0.03483
0.15122, -0.03492
0.15234, -0.03501
0.15346, -0.03510
0.15458, -0.03519
0.15571, -0.03528
0.15684, -0.03536
0.15797, -0.03545
0.15911, -0.03554
0.16025, -0.03562
0.16139, -0.03570
0.16254, -0.03579
0.16369, -0.03587
0.16485, -0.03595
0.16600, -0.03603
0.16717, -0.03611
0.16833, -0.03619
0.16950, -0.03626
0.17067, -0.03634
0.17185, -0.03642
0.17303, -0.03649
0.17421, -0.03656
0.17540, -0.03664
0.17659, -0.03671
0.17778, -0.03678
0.17898, -0.03685
0.18018, -0.03692
0.18138, -0.03699
0.18259, -0.03705
0.18380, -0.03712
0.18502, -0.03719
0.18623, -0.03725
0.18745, -0.03731
0.18868, -0.03738
0.18991, -0.03744
0.19114, -0.03750
0.19237, -0.03756
0.19361, -0.03762
0.19485, -0.03767
0.19610, -0.03773
0.19735, -0.03779
0.19860, -0.03784
0.19985, -0.03789
0.20111, -0.03794
0.20237, -0.03800
0.20363, -0.03805
0.20490, -0.03810
0.20617, -0.03814
0.20744, -0.03819
0.20872, -0.03824
0.21000, -0.03828
0.21128, -0.03832
0.21256, -0.03837
0.21385, -0.03841
0.21514, -0.03845
0.21643, -0.03849
0.21773, -0.03853
0.21902, -0.03856
0.22032, -0.03860
0.22163, -0.03864
0.22293, -0.03867
0.22424, -0.03870
0.22555, -0.03874
0.22686, -0.03877
0.22818, -0.03880
0.22950, -0.03883
0.23082, -0.03886
0.23214, -0.03888
0.23347, -0.03891
0.23480, -0.03893
0.23613, -0.03896
0.23746, -0.03898
0.23880, -0.03900
0.24014, -0.03902
0.24148, -0.03905
0.24282, -0.03906
0.24417, -0.03908
0.24552, -0.03910
0.24687, -0.03912
0.24822, -0.03913
0.24958, -0.03915
0.25094, -0.03916
0.25230, -0.03917
0.25366, -0.03918
0.25503, -0.03919
0.25639, -0.03920
0.25776, -0.03921
0.25914, -0.03922
0.26051, -0.03923
0.26189, -0.03923
0.26327, -0.03924
0.26465, -0.03924
0.26603, -0.03924
0.26742, -0.03925
0.26880, -0.03925
0.27019, -0.03925
0.27159, -0.03925
0.27298, -0.03925
0.27438, -0.03924
0.27578, -0.03924
0.27718, -0.03924
0.27858, -0.03923
0.27998, -0.03922
0.28139, -0.03922
0.28280, -0.03921
0.28421, -0.03920
0.28563, -0.03919
0.28704, -0.03918
0.28846, -0.03917
0.28988, -0.03916
0.29130, -0.03914
0.29272, -0.03913
0.29415, -0.03912
0.29558, -0.03910
0.29701, -0.03908
0.29844, -0.03907
0.29987, -0.03905
0.30131, -0.03903
0.30274, -0.03901
0.30418, -0.03899
0.30562, -0.03897
0.30707, -0.03895
0.30851, -0.03892
0.30996, -0.03890
0.31141, -0.03887
0.31286, -0.03885
0.31431, -0.03882
0.31576, -0.03879
0.31722, -0.03877
0.31867, -0.03874
0.32013, -0.03871
0.32159, -0.03868
0.32306, -0.03865
0.32452, -0.03862
0.32598, -0.03858
0.32745, -0.03855
0.32892, -0.03852
0.33039, -0.03848
0.33186, -0.03845
0.33333, -0.03841
0.33481, -0.03837
0.33628, -0.03834
0.33776, -0.03830
0.33923, -0.03826
0.34071, -0.03822
0.34219, -0.03818
0.34367, -0.03814
0.34516, -0.03810
0.34664, -0.03806
0.34812, -0.03801
0.34961, -0.03797
0.35110, -0.03793
0.35259, -0.03788
0.35408, -0.03784
0.35557, -0.03779
0.35706, -0.03775
0.35855, -0.03770
0.36005, -0.03765
0.36154, -0.03761
0.36304, -0.03756
0.36454, -0.03751
0.36604, -0.03746
0.36754, -0.03741
0.36904, -0.03736
0.37054, -0.03731
0.37204, -0.03726
0.37355, -0.03721
0.37506, -0.03716
0.37656, -0.03711
0.37807, -0.03706
0.37958, -0.03700
0.38109, -0.03695
0.38260, -0.03690
0.38411, -0.03684
0.38563, -0.03679
0.38714, -0.03673
0.38866, -0.03668
0.39017, -0.03662
0.39169, -0.03657
0.39321, -0.03651
0.39473, -0.03646
0.39625, -0.03640
0.39777, -0.03634
0.39929, -0.03629
0.40081, -0.03623
0.40234, -0.03617
0.40386, -0.03611
0.40539, -0.03605
0.40691, -0.03599
0.40844, -0.03594
0.40997, -0.03588
0.41150, -0.03582
0.41303, -0.03576
0.41456, -0.03570
0.41609, -0.03564
0.41763, -0.03558
0.41916, -0.03552
0.42070, -0.03545
0.42223, -0.03539
0.42377, -0.03533
0.42530, -0.03527
0.42684, -0.03521
0.42838, -0.03515
0.42992, -0.03508
0.43146, -0.03502
0.43300, -0.03496
0.43455, -0.03489
0.43609, -0.03483
0.43763, -0.03477
0.43918, -0.03470
0.44072, -0.03464
0.44227, -0.03458
0.44381, -0.03451
0.44536, -0.03445
0.44691, -0.03438
0.44846, -0.03432
0.45001, -0.03425
0.45156, -0.03419
0.45311, -0.03412
0.45466, -0.03406
0.45621, -0.03399
0.45776, -0.03392
0.45931, -0.03386
0.46087, -0.03379
0.46242, -0.03372
0.46398, -0.03366
0.46553, -0.03359
0.46709, -0.03352
0.46865, -0.03345
0.47020, -0.03339
0.47176, -0.03332
0.47332, -0.03325
0.47488, -0.03318
0.47644, -0.03311
0.47800, -0.03304
0.47956, -0.03298
0.48112, -0.03291
0.48268, -0.03284
0.48424, -0.03277
0.48580, -0.03270
0.48736, -0.03263
0.48892, -0.03256
0.49049, -0.03248
0.49205, -0.03241
0.49361, -0.03234
0.49518, -0.03227
0.49674, -0.03220
0.49831, -0.03213
0.49987, -0.03205
0.50144, -0.03198
0.50300, -0.03191
0.50457, -0.03184
0.50613, -0.03176
0.50770, -0.03169
0.50927, -0.03161
0.51083, -0.03154
0.51240, -0.03147
0.51397, -0.03139
0.51553, -0.03132
0.51710, -0.03124
0.51867, -0.03116
0.52023, -0.03109
0.52180, -0.03101
0.52337, -0.03094
0.52493, -0.03086
0.52650, -0.03078
0.52807, -0.03070
0.52964, -0.03063
0.53120, -0.03055
0.53277, -0.03047
0.53434, -0.03039
0.53590, -0.03031
0.53747, -0.03023
0.53904, -0.03015
0.54060, -0.03007
0.54217, -0.02999
0.54373, -0.02991
0.54530, -0.02983
0.54686, -0.02974
0.54843, -0.02966
0.54999, -0.02958
0.55156, -0.02950
0.55312, -0.02941
0.55469, -0.02933
0.55625, -0.02925
0.55781, -0.02916
0.55937, -0.02908
0.56094, -0.02899
0.56250, -0.02891
0.56406, -0.02882
0.56562, -0.02873
0.56718, -0.02865
0.56874, -0.02856
0.57030, -0.02847
0.57186, -0.02839
0.57341, -0.02830
0.57497, -0.02821
0.57653, -0.02812
0.57808, -0.02803
0.57964, -0.02794
0.58119, -0.02785
0.58275, -0.02776
0.58430, -0.02767
0.58585, -0.02758
0.58740, -0.02749
0.58895, -0.02739
0.59050, -0.02730
0.59205, -0.02721
0.59360, -0.02712
0.59514, -0.02702
0.59669, -0.02693
0.59824, -0.02683
0.59978, -0.02674
0.60132, -0.02665
0.60286, -0.02655
0.60440, -0.02645
0.60594, -0.02636
0.60748, -0.02626
0.60902, -0.02617
0.61056, -0.02607
0.61209, -0.02597
0.61363, -0.02587
0.61516, -0.02578
0.61669, -0.02568
0.61822, -0.02558
0.61975, -0.02548
0.62128, -0.02538
0.62280, -0.02528
0.62433, -0.02518
0.62585, -0.02508
0.62738, -0.02498
0.62890, -0.02488
0.63042, -0.02478
0.63194, -0.02468
0.63345, -0.02458
0.63497, -0.02448
0.63648, -0.02437
0.63799, -0.02427
0.63951, -0.02417
0.64101, -0.02407
0.64252, -0.02397
0.64403, -0.02386
0.64553, -0.02376
0.64704, -0.02366
0.64854, -0.02355
0.65005, -0.02345
0.65160, -0.02335
0.65324, -0.02324
0.65506, -0.02313
0.65709, -0.02300
0.65918, -0.02284
0.66103, -0.02265
0.66238, -0.02248
0.66325, -0.02232
0.66396, -0.02218
0.66481, -0.02207
0.66592, -0.02196
0.66723, -0.02188
0.66865, -0.02180
0.67011, -0.02172
0.67157, -0.02164
0.67304, -0.02157
0.67450, -0.02149
0.67597, -0.02142
0.67743, -0.02134
0.67889, -0.02127
0.68034, -0.02119
0.68180, -0.02112
0.68325, -0.02104
0.68471, -0.02097
0.68616, -0.02090
0.68761, -0.02082
0.68905, -0.02075
0.69050, -0.02068
0.69194, -0.02061
0.69338, -0.02054
0.69482, -0.02046
0.69626, -0.02039
0.69770, -0.02032
0.69913, -0.02025
0.70056, -0.02018
0.70199, -0.02011
0.70342, -0.02004
0.70485, -0.01998
0.70627, -0.01991
0.70770, -0.01984
0.70912, -0.01977
0.71053, -0.01970
0.71195, -0.01964
0.71336, -0.01957
0.71478, -0.01950
0.71619, -0.01944
0.71760, -0.01937
0.71900, -0.01931
0.72040, -0.01924
0.72181, -0.01918
0.72321, -0.01911
0.72460, -0.01905
0.72600, -0.01899
0.72739, -0.01892
0.72878, -0.01886
0.73017, -0.01880
0.73156, -0.01874
0.73294, -0.01867
0.73432, -0.01861
0.73570, -0.01855
0.73708, -0.01849
0.73846, -0.01843
0.73983, -0.01837
0.74120, -0.01831
0.74257, -0.01826
0.74393, -0.01820
0.74530, -0.01814
0.74666, -0.01808
0.74802, -0.01803
0.74937, -0.01797
0.75073, -0.01791
0.75208, -0.01786
0.75343, -0.01780
0.75478, -0.01775
0.75612, -0.01769
0.75747, -0.01764
0.75881, -0.01759
0.76014, -0.01753
0.76148, -0.01748
0.76281, -0.01743
0.76414, -0.01737
0.76547, -0.01732
0.76680, -0.01727
0.76812, -0.01722
0.76944, -0.01717
0.77076, -0.01712
0.77208, -0.01707
0.77339, -0.01702
0.77470, -0.01697
0.77601, -0.01692
0.77731, -0.01687
0.77862, -0.01682
0.77992, -0.01678
0.78121, -0.01673
0.78251, -0.01668
0.78380, -0.01664
0.78509, -0.01659
0.78638, -0.01654
0.78766, -0.01650
0.78895, -0.01645
0.79022, -0.01641
0.79150, -0.01636
0.79277, -0.01632
0.79405, -0.01627
0.79531, -0.01623
0.79658, -0.01618
0.79784, -0.01614
0.79910, -0.01610
0.80036, -0.01605
0.80161, -0.01601
0.80286, -0.01597
0.80411, -0.01593
0.80536, -0.01588
0.80660, -0.01584
0.80784, -0.01580
0.80907, -0.01576
0.81031, -0.01572
0.81154, -0.01568
0.81277, -0.01564
0.81399, -0.01560
0.81521, -0.01556
0.81643, -0.01552
0.81765, -0.01548
0.81886, -0.01544
0.82007, -0.01540
0.82128, -0.01536
0.82248, -0.01532
0.82368, -0.01528
0.82488, -0.01524
0.82607, -0.01521
0.82726, -0.01517
0.82845, -0.01513
0.82963, -0.01509
0.83082, -0.01506
0.83199, -0.01502
0.83317, -0.01498
0.83434, -0.01495
0.83551, -0.01491
0.83668, -0.01487
0.83784, -0.01484
0.83900, -0.01480
0.84015, -0.01477
0.84130, -0.01473
0.84245, -0.01469
0.84360, -0.01466
0.84474, -0.01462
0.84588, -0.01459
0.84702, -0.01456
0.84815, -0.01452
0.84928, -0.01449
0.85041, -0.01445
0.85153, -0.01442
0.85265, -0.01438
0.85376, -0.01435
0.85488, -0.01432
0.85599, -0.01428
0.85709, -0.01425
0.85819, -0.01421
0.85929, -0.01418
0.86039, -0.01415
0.86148, -0.01411
0.86257, -0.01408
0.86365, -0.01405
0.86473, -0.01402
0.86581, -0.01398
0.86688, -0.01395
0.86795, -0.01392
0.86902, -0.01388
0.87008, -0.01385
0.87114, -0.01382
0.87220, -0.01379
0.87325, -0.01375
0.87430, -0.01372
0.87534, -0.01369
0.87639, -0.01366
0.87742, -0.01362
0.87846, -0.01359
0.87949, -0.01356
0.88051, -0.01353
0.88154, -0.01350
0.88255, -0.01346
0.88357, -0.01343
0.88458, -0.01340
0.88559, -0.01337
0.88659, -0.01334
0.88759, -0.01331
0.88859, -0.01327
0.88958, -0.01324
0.89057, -0.01321
0.89155, -0.01318
0.89253, -0.01315
0.89351, -0.01312
0.89448, -0.01308
0.89545, -0.01305
0.89642, -0.01302
0.89738, -0.01299
0.89834, -0.01296
0.89929, -0.01293
0.90024, -0.01290
0.90118, -0.01286
0.90213, -0.01283
0.90306, -0.01280
0.90400, -0.01277
0.90493, -0.01274
0.90585, -0.01271
0.90677, -0.01268
0.90769, -0.01265
0.90860, -0.01261
0.90951, -0.01258
0.91042, -0.01255
0.91132, -0.01252
0.91222, -0.01249
0.91311, -0.01246
0.91400, -0.01243
0.91488, -0.01240
0.91576, -0.01237
0.91664, -0.01233
0.91751, -0.01230
0.91838, -0.01227
0.91924, -0.01224
0.92010, -0.01221
0.92096, -0.01218
0.92181, -0.01215
0.92266, -0.01212
0.92350, -0.01209
0.92434, -0.01206
0.92517, -0.01202
0.92600, -0.01199
0.92683, -0.01196
0.92765, -0.01193
0.92847, -0.01190
0.92928, -0.01187
0.93009, -0.01184
0.93089, -0.01181
0.93169, -0.01178
0.93249, -0.01175
0.93328, -0.01172
0.93407, -0.01169
0.93485, -0.01165
0.93563, -0.01162
0.93640, -0.01159
0.93717, -0.01156
0.93794, -0.01153
0.93870, -0.01150
0.93946, -0.01147
0.94021, -0.01144
0.94096, -0.01141
0.94170, -0.01138
0.94244, -0.01135
0.94317, -0.01132
0.94390, -0.01129
0.94463, -0.01126
0.94535, -0.01123
0.94607, -0.01120
0.94678, -0.01117
0.94749, -0.01114
0.94819, -0.01111
0.94889, -0.01108
0.94958, -0.01105
0.95027, -0.01102
0.95096, -0.01099
0.95164, -0.01096
0.95232, -0.01093
0.95299, -0.01090
0.95366, -0.01087
0.95432, -0.01085
0.95498, -0.01082
0.95563, -0.01079
0.95628, -0.01076
0.95692, -0.01073
0.95756, -0.01070
0.95820, -0.01067
0.95883, -0.01064
0.95946, -0.01061
0.96008, -0.01059
0.96069, -0.01056
0.96131, -0.01053
0.96191, -0.01050
0.96252, -0.01047
0.96311, -0.01045
0.96371, -0.01042
0.96430, -0.01039
0.96488, -0.01036
0.96546, -0.01033
0.96604, -0.01031
0.96661, -0.01028
0.96717, -0.01025
0.96773, -0.01023
0.96829, -0.01020
0.96884, -0.01017
0.96939, -0.01015
0.96993, -0.01012
0.97047, -0.01009
0.97100, -0.01007
0.97153, -0.01004
0.97205, -0.01001
0.97257, -0.00999
0.97308, -0.00996
0.97359, -0.00994
0.97410, -0.00991
0.97459, -0.00989
0.97509, -0.00986
0.97558, -0.00984
0.97606, -0.00981
0.97655, -0.00979
0.97702, -0.00976
0.97749, -0.00974
0.97796, -0.00971
0.97842, -0.00969
0.97888, -0.00967
0.97933, -0.00964
0.97977, -0.00962
0.98022, -0.00960
0.98065, -0.00957
0.98109, -0.00955
0.98151, -0.00953
0.98194, -0.00951
0.98235, -0.00948
0.98277, -0.00946
0.98318, -0.00944
0.98358, -0.00942
0.98398, -0.00940
0.98437, -0.00937
0.98476, -0.00935
0.98514, -0.00933
0.98552, -0.00931
0.98590, -0.00929
0.98627, -0.00927
0.98663, -0.00925
0.98699, -0.00923
0.98735, -0.00921
0.98770, -0.00919
0.98804, -0.00917
0.98838, -0.00915
0.98872, -0.00914
0.98905, -0.00912
0.98937, -0.00910
0.98969, -0.00908
0.99001, -0.00906
0.99032, -0.00905
0.99062, -0.00903
0.99092, -0.00901
0.99122, -0.00899
0.99151, -0.00898
0.99180, -0.00896
0.99208, -0.00895
0.99235, -0.00893
0.99263, -0.00891
0.99289, -0.00890
0.99315, -0.00888
0.99341, -0.00887
0.99366, -0.00885
0.99391, -0.00884
0.99415, -0.00883
0.99439, -0.00881
0.99462, -0.00880
0.99485, -0.00879
0.99507, -0.00877
0.99528, -0.00876
0.99550, -0.00875
0.99570, -0.00874
0.99591, -0.00872
0.99610, -0.00871
0.99629, -0.00870
0.99648, -0.00869
0.99666, -0.00868
0.99684, -0.00867
0.99701, -0.00866
0.99718, -0.00865
0.99734, -0.00864
0.99750, -0.00863
0.99765, -0.00862
0.99780, -0.00861
0.99794, -0.00860
0.99808, -0.00859
0.99821, -0.00859
0.99834, -0.00858
0.99846, -0.00857
0.99858, -0.00856
0.99869, -0.00856
0.99880, -0.00855
0.99890, -0.00855
0.99900, -0.00854
0.99909, -0.00853
0.99918, -0.00853
0.99926, -0.00852
0.99934, -0.00852
0.99941, -0.00851
0.99948, -0.00851
0.99954, -0.00851
0.99960, -0.00850
0.99965, -0.00850
0.99970, -0.00850
0.99974, -0.00850
0.99978, -0.00849
0.99981, -0.00849
0.99984, -0.00849
0.99986, -0.00849
0.99988, -0.00849
0.99988, -0.00849
0.99985, -0.00848
0.99984, -0.00848
