=== Airfoil Parameters ===
m = 0.02
p = 0.4
t = 0.12

=== Control Points ===
0.00000, -0.05074, -0.05074
0.06667, -0.03825, -0.04437
0.13333, -0.02326, -0.03437
0.20000, -0.00970, -0.02470
0.26667, -0.00065, -0.01843
0.66667, -0.00003, -0.01608
0.75000, -0.00205, -0.01524
0.83333, -0.00306, -0.01262
0.91667, -0.00236, -0.00753
1.00000, -0.00311, -0.00311

=== Upper Surface ===
0.00000, -0.05073
-0.00006, -0.05046
-0.00008, -0.05018
-0.00010, -0.04990
-0.00013, -0.04962
-0.00014, -0.04934
-0.00016, -0.04907
-0.00017, -0.04879
-0.00017, -0.04851
-0.00017, -0.04823
-0.00016, -0.04795
-0.00015, -0.04766
-0.00014, -0.04738
-0.00012, -0.04710
-0.00009, -0.04682
-0.00006, -0.04654
-0.00002, -0.04626
0.00002, -0.04597
0.00006, -0.04569
0.00011, -0.04541
0.00017, -0.04512
0.00023, -0.04484
0.00029, -0.04455
0.00036, -0.04427
0.00044, -0.04398
0.00052, -0.04370
0.00060, -0.04341
0.00069, -0.04312
0.00078, -0.04284
0.00088, -0.04255
0.00099, -0.04226
0.00109, -0.04197
0.00121, -0.04169
0.00133, -0.04140
0.00145, -0.04111
0.00158, -0.04082
0.00171, -0.04053
0.00185, -0.04024
0.00199, -0.03995
0.00214, -0.03966
0.00229, -0.03937
0.00244, -0.03908
0.00261, -0.03878
0.00277, -0.03849
0.00294, -0.03820
0.00312, -0.03791
0.00330, -0.03761
0.00348, -0.03732
0.00367, -0.03703
0.00387, -0.03673
0.00407, -0.03644
0.00427, -0.03614
0.00448, -0.03585
0.00469, -0.03555
0.00491, -0.03525
0.00513, -0.03496
0.00536, -0.03466
0.00559, -0.03436
0.00583, -0.03407
0.00607, -0.03377
0.00631, -0.03347
0.00656, -0.03317
0.00682, -0.03287
0.00708, -0.03257
0.00734, -0.03227
0.00761, -0.03197
0.00789, -0.03167
0.00816, -0.03137
0.00845, -0.03107
0.00874, -0.03076
0.00903, -0.03046
0.00932, -0.03016
0.00963, -0.02985
0.00993, -0.02955
0.01024, -0.02925
0.01056, -0.02894
0.01088, -0.02864
0.01120, -0.02833
0.01153, -0.02802
0.01186, -0.02772
0.01220, -0.02741
0.01255, -0.02710
0.01289, -0.02680
0.01324, -0.02649
0.01360, -0.02618
0.01396, -0.02587
0.01433, -0.02556
0.01470, -0.02525
0.01507, -0.02494
0.01545, -0.02463
0.01584, -0.02432
0.01622, -0.02401
0.01662, -0.02369
0.01701, -0.02338
0.01742, -0.02307
0.01782, -0.02275
0.01823, -0.02244
0.01865, -0.02212
0.01907, -0.02181
0.01949, -0.02149
0.01992, -0.02118
0.02035, -0.02086
0.02079, -0.02054
0.02124, -0.02022
0.02168, -0.01991
0.02213, -0.01959
0.02259, -0.01927
0.02305, -0.01895
0.02351, -0.01863
0.02398, -0.01831
0.02446, -0.01799
0.02494, -0.01766
0.02542, -0.01734
0.02591, -0.01702
0.02640, -0.01670
0.02690, -0.01637
0.02740, -0.01605
0.02790, -0.01572
0.02841, -0.01540
0.02893, -0.01507
0.02944, -0.01474
0.02997, -0.01442
0.03050, -0.01409
0.03103, -0.01376
0.03156, -0.01343
0.03211, -0.01310
0.03265, -0.01277
0.03320, -0.01244
0.03376, -0.01211
0.03431, -0.01178
0.03488, -0.01145
0.03545, -0.01111
0.03602, -0.01078
0.03660, -0.01045
0.03718, -0.01011
0.03776, -0.00978
0.03835, -0.00944
0.03895, -0.00911
0.03955, -0.00877
0.04015, -0.00843
0.04076, -0.00809
0.04137, -0.00776
0.04199, -0.00742
0.04261, -0.00708
0.04324, -0.00674
0.04387, -0.00640
0.04450, -0.00606
0.04514, -0.00571
0.04579, -0.00537
0.04643, -0.00503
0.04709, -0.00469
0.04775, -0.00434
0.04841, -0.00400
0.04907, -0.00365
0.04974, -0.00331
0.05042, -0.00296
0.05110, -0.00261
0.05178, -0.00227
0.05247, -0.00192
0.05317, -0.00157
0.05386, -0.00122
0.05457, -0.00087
0.05527, -0.00052
0.05599, -0.00017
0.05670, 0.00018
0.05742, 0.00053
0.05815, 0.00088
0.05888, 0.00123
0.05961, 0.00159
0.06035, 0.00194
0.06109, 0.00230
0.06184, 0.00265
0.06259, 0.00301
0.06335, 0.00336
0.06411, 0.00372
0.06487, 0.00407
0.06564, 0.00443
0.06642, 0.00479
0.06720, 0.00515
0.06798, 0.00551
0.06877, 0.00586
0.06956, 0.00622
0.07036, 0.00658
0.07116, 0.00694
0.07197, 0.00731
0.07278, 0.00767
0.07359, 0.00803
0.07441, 0.00839
0.07524, 0.00875
0.07607, 0.00912
0.07690, 0.00948
0.07774, 0.00984
0.07858, 0.01021
0.07943, 0.01057
0.08028, 0.01094
0.08114, 0.01130
0.08200, 0.01167
0.08287, 0.01204
0.08374, 0.01240
0.08461, 0.01277
0.08549, 0.01314
0.08637, 0.01350
0.08726, 0.01387
0.08816, 0.01424
0.08905, 0.01461
0.08996, 0.01498
0.09086, 0.01534
0.09178, 0.01571
0.09269, 0.01608
0.09361, 0.01645
0.09454, 0.01682
0.09547, 0.01719
0.09640, 0.01756
0.09734, 0.01793
0.09829, 0.01830
0.09924, 0.01867
0.10019, 0.01904
0.10115, 0.01941
0.10211, 0.01978
0.10308, 0.02016
0.10405, 0.02053
0.10503, 0.02090
0.10601, 0.02127
0.10699, 0.02164
0.10798, 0.02201
0.10898, 0.02238
0.10998, 0.02275
0.11098, 0.02312
0.11199, 0.02349
0.11301, 0.02386
0.11402, 0.02424
0.11505, 0.02461
0.11608, 0.02498
0.11711, 0.02535
0.11815, 0.02572
0.11919, 0.02609
0.12023, 0.02646
0.12129, 0.02682
0.12234, 0.02719
0.12340, 0.02756
0.12447, 0.02793
0.12554, 0.02830
0.12661, 0.02867
0.12769, 0.02903
0.12878, 0.02940
0.12987, 0.02977
0.13096, 0.03013
0.13206, 0.03050
0.13316, 0.03086
0.13427, 0.03123
0.13538, 0.03159
0.13650, 0.03196
0.13762, 0.03232
0.13875, 0.03268
0.13988, 0.03304
0.14102, 0.03340
0.14216, 0.03376
0.14331, 0.03412
0.14446, 0.03448
0.14561, 0.03484
0.14677, 0.03520
0.14794, 0.03555
0.14911, 0.03591
0.15028, 0.03626
0.15146, 0.03661
0.15265, 0.03697
0.15384, 0.03732
0.15503, 0.03767
0.15623, 0.03802
0.15743, 0.03836
0.15864, 0.03871
0.15986, 0.03906
0.16107, 0.03940
0.16230, 0.03974
0.16353, 0.04008
0.16476, 0.04042
0.16599, 0.04076
0.16724, 0.04110
0.16848, 0.04144
0.16974, 0.04177
0.17099, 0.04210
0.17225, 0.04243
0.17352, 0.04276
0.17479, 0.04309
0.17607, 0.04342
0.17735, 0.04374
0.17863, 0.04406
0.17992, 0.04438
0.18122, 0.04470
0.18252, 0.04502
0.18382, 0.04533
0.18513, 0.04565
0.18645, 0.04596
0.18776, 0.04626
0.18909, 0.04657
0.19041, 0.04687
0.19175, 0.04718
0.19308, 0.04747
0.19442, 0.04777
0.19576, 0.04807
0.19711, 0.04836
0.19845, 0.04865
0.19980, 0.04893
0.20116, 0.04922
0.20251, 0.04950
0.20387, 0.04977
0.20524, 0.05005
0.20660, 0.05032
0.20797, 0.05059
0.20934, 0.05086
0.21071, 0.05113
0.21209, 0.05139
0.21347, 0.05165
0.21485, 0.05191
0.21624, 0.05216
0.21762, 0.05241
0.21901, 0.05266
0.22041, 0.05291
0.22180, 0.05316
0.22320, 0.05340
0.22460, 0.05364
0.22600, 0.05387
0.22741, 0.05411
0.22882, 0.05434
0.23023, 0.05457
0.23164, 0.05479
0.23306, 0.05502
0.23447, 0.05524
0.23589, 0.05546
0.23732, 0.05567
0.23874, 0.05588
0.24017, 0.05609
0.24160, 0.05630
0.24303, 0.05651
0.24446, 0.05671
0.24590, 0.05691
0.24734, 0.05711
0.24878, 0.05730
0.25022, 0.05749
0.25167, 0.05768
0.25311, 0.05787
0.25456, 0.05806
0.25601, 0.05824
0.25747, 0.05842
0.25892, 0.05859
0.26038, 0.05877
0.26184, 0.05894
0.26330, 0.05911
0.26476, 0.05928
0.26623, 0.05944
0.26770, 0.05960
0.26917, 0.05976
0.27064, 0.05992
0.27212, 0.06008
0.27359, 0.06023
0.27507, 0.06038
0.27655, 0.06052
0.27804, 0.06067
0.27952, 0.06081
0.28101, 0.06095
0.28250, 0.06109
0.28399, 0.06122
0.28548, 0.06135
0.28698, 0.06148
0.28848, 0.06161
0.28997, 0.06174
0.29148, 0.06186
0.29298, 0.06198
0.29448, 0.06210
0.29599, 0.06221
0.29750, 0.06232
0.29901, 0.06243
0.30052, 0.06254
0.30204, 0.06264
0.30355, 0.06275
0.30507, 0.06285
0.30659, 0.06295
0.30811, 0.06304
0.30963, 0.06313
0.31116, 0.06322
0.31268, 0.06331
0.31421, 0.06340
0.31574, 0.06348
0.31727, 0.06356
0.31880, 0.06364
0.32033, 0.06371
0.32187, 0.06379
0.32340, 0.06386
0.32493, 0.06393
0.32645, 0.06399
0.32797, 0.06406
0.32949, 0.06412
0.33100, 0.06418
0.33251, 0.06423
0.33402, 0.06429
0.33553, 0.06435
0.33705, 0.06440
0.33856, 0.06445
0.34008, 0.06450
0.34160, 0.06455
0.34312, 0.06460
0.34464, 0.06465
0.34617, 0.06469
0.34770, 0.06474
0.34922, 0.06478
0.35075, 0.06482
0.35228, 0.06486
0.35382, 0.06490
0.35535, 0.06493
0.35689, 0.06497
0.35843, 0.06500
0.35996, 0.06504
0.36150, 0.06507
0.36305, 0.06510
0.36459, 0.06512
0.36613, 0.06515
0.36768, 0.06518
0.36923, 0.06520
0.37078, 0.06522
0.37233, 0.06524
0.37388, 0.06526
0.37543, 0.06528
0.37698, 0.06530
0.37854, 0.06531
0.38009, 0.06533
0.38165, 0.06534
0.38321, 0.06535
0.38476, 0.06536
0.38632, 0.06536
0.38788, 0.06537
0.38945, 0.06538
0.39101, 0.06538
0.39257, 0.06538
0.39414, 0.06538
0.39570, 0.06538
0.39727, 0.06538
0.39883, 0.06538
0.40040, 0.06537
0.40197, 0.06537
0.40354, 0.06536
0.40511, 0.06535
0.40668, 0.06534
0.40825, 0.06533
0.40982, 0.06531
0.41139, 0.06530
0.41296, 0.06528
0.41453, 0.06527
0.41611, 0.06525
0.41768, 0.06523
0.41926, 0.06521
0.42083, 0.06519
0.42241, 0.06516
0.42398, 0.06514
0.42556, 0.06511
0.42714, 0.06509
0.42871, 0.06506
0.43029, 0.06503
0.43187, 0.06500
0.43345, 0.06497
0.43503, 0.06493
0.43661, 0.06490
0.43819, 0.06486
0.43976, 0.06483
0.44134, 0.06479
0.44292, 0.06475
0.44451, 0.06471
0.44609, 0.06467
0.44767, 0.06463
0.44925, 0.06459
0.45083, 0.06454
0.45241, 0.06450
0.45399, 0.06445
0.45557, 0.06440
0.45715, 0.06436
0.45874, 0.06431
0.46032, 0.06426
0.46190, 0.06421
0.46348, 0.06415
0.46507, 0.06410
0.46665, 0.06405
0.46823, 0.06399
0.46981, 0.06394
0.47140, 0.06388
0.47298, 0.06382
0.47456, 0.06376
0.47614, 0.06370
0.47773, 0.06364
0.47931, 0.06358
0.48089, 0.06352
0.48247, 0.06346
0.48406, 0.06339
0.48564, 0.06333
0.48722, 0.06326
0.48881, 0.06320
0.49039, 0.06313
0.49197, 0.06306
0.49355, 0.06299
0.49514, 0.06292
0.49672, 0.06285
0.49830, 0.06278
0.49988, 0.06271
0.50147, 0.06263
0.50305, 0.06256
0.50463, 0.06249
0.50621, 0.06241
0.50779, 0.06233
0.50938, 0.06226
0.51096, 0.06218
0.51254, 0.06210
0.51412, 0.06202
0.51570, 0.06194
0.51728, 0.06186
0.51886, 0.06178
0.52044, 0.06170
0.52203, 0.06162
0.52361, 0.06153
0.52519, 0.06145
0.52677, 0.06136
0.52835, 0.06128
0.52993, 0.06119
0.53151, 0.06110
0.53308, 0.06102
0.53466, 0.06093
0.53624, 0.06084
0.53782, 0.06075
0.53940, 0.06066
0.54098, 0.06057
0.54256, 0.06047
0.54413, 0.06038
0.54571, 0.06029
0.54729, 0.06019
0.54886, 0.06009
0.55044, 0.06000
0.55202, 0.05990
0.55359, 0.05980
0.55517, 0.05970
0.55674, 0.05961
0.55832, 0.05951
0.55989, 0.05940
0.56147, 0.05930
0.56304, 0.05920
0.56461, 0.05910
0.56619, 0.05899
0.56776, 0.05889
0.56933, 0.05878
0.57090, 0.05867
0.57247, 0.05857
0.57404, 0.05846
0.57561, 0.05835
0.57718, 0.05824
0.57875, 0.05813
0.58032, 0.05802
0.58189, 0.05790
0.58346, 0.05779
0.58502, 0.05768
0.58659, 0.05756
0.58815, 0.05744
0.58972, 0.05733
0.59128, 0.05721
0.59285, 0.05709
0.59441, 0.05697
0.59597, 0.05685
0.59753, 0.05673
0.59909, 0.05660
0.60065, 0.05648
0.60221, 0.05636
0.60377, 0.05623
0.60532, 0.05610
0.60688, 0.05598
0.60844, 0.05585
0.60999, 0.05572
0.61154, 0.05559
0.61310, 0.05546
0.61465, 0.05532
0.61620, 0.05519
0.61775, 0.05505
0.61930, 0.05492
0.62085, 0.05478
0.62239, 0.05464
0.62394, 0.05451
0.62548, 0.05437
0.62703, 0.05422
0.62857, 0.05408
0.63011, 0.05394
0.63165, 0.05380
0.63319, 0.05365
0.63472, 0.05350
0.63626, 0.05336
0.63779, 0.05321
0.63933, 0.05306
0.64086, 0.05291
0.64239, 0.05276
0.64392, 0.05261
0.64545, 0.05245
0.64697, 0.05230
0.64851, 0.05214
0.65009, 0.05198
0.65192, 0.05181
0.65461, 0.05159
0.65956, 0.05100
0.66830, 0.04887
0.67926, 0.04343
0.68768, 0.03623
0.69208, 0.03076
0.69349, 0.02855
0.69198, 0.03004
0.68664, 0.03433
0.67891, 0.03807
0.67336, 0.03935
0.67148, 0.03945
0.67181, 0.03931
0.67298, 0.03913
0.67438, 0.03895
0.67583, 0.03877
0.67729, 0.03859
0.67875, 0.03841
0.68020, 0.03823
0.68165, 0.03805
0.68311, 0.03787
0.68456, 0.03770
0.68601, 0.03752
0.68745, 0.03734
0.68890, 0.03716
0.69034, 0.03698
0.69178, 0.03681
0.69322, 0.03663
0.69466, 0.03645
0.69610, 0.03627
0.69754, 0.03610
0.69897, 0.03592
0.70040, 0.03574
0.70183, 0.03557
0.70326, 0.03539
0.70469, 0.03522
0.70611, 0.03504
0.70753, 0.03487
0.70895, 0.03469
0.71037, 0.03452
0.71179, 0.03434
0.71320, 0.03417
0.71462, 0.03400
0.71603, 0.03382
0.71744, 0.03365
0.71884, 0.03348
0.72025, 0.03330
0.72165, 0.03313
0.72305, 0.03296
0.72445, 0.03279
0.72585, 0.03261
0.72724, 0.03244
0.72864, 0.03227
0.73003, 0.03210
0.73142, 0.03193
0.73280, 0.03176
0.73419, 0.03158
0.73557, 0.03141
0.73695, 0.03124
0.73832, 0.03107
0.73970, 0.03090
0.74107, 0.03073
0.74244, 0.03056
0.74381, 0.03039
0.74518, 0.03023
0.74654, 0.03006
0.74790, 0.02989
0.74926, 0.02972
0.75062, 0.02955
0.75198, 0.02938
0.75333, 0.02921
0.75468, 0.02905
0.75602, 0.02888
0.75737, 0.02871
0.75871, 0.02854
0.76005, 0.02838
0.76138, 0.02821
0.76271, 0.02804
0.76404, 0.02788
0.76537, 0.02771
0.76670, 0.02755
0.76802, 0.02738
0.76934, 0.02722
0.77065, 0.02705
0.77197, 0.02689
0.77328, 0.02672
0.77458, 0.02656
0.77589, 0.02640
0.77719, 0.02624
0.77849, 0.02607
0.77979, 0.02591
0.78108, 0.02575
0.78237, 0.02559
0.78366, 0.02543
0.78494, 0.02527
0.78623, 0.02511
0.78750, 0.02495
0.78878, 0.02479
0.79005, 0.02464
0.79132, 0.02448
0.79259, 0.02432
0.79386, 0.02416
0.79512, 0.02401
0.79638, 0.02385
0.79763, 0.02370
0.79888, 0.02354
0.80013, 0.02339
0.80138, 0.02324
0.80262, 0.02309
0.80386, 0.02293
0.80510, 0.02278
0.80633, 0.02263
0.80756, 0.02248
0.80879, 0.02233
0.81002, 0.02218
0.81124, 0.02204
0.81246, 0.02189
0.81367, 0.02174
0.81489, 0.02160
0.81610, 0.02145
0.81730, 0.02130
0.81851, 0.02116
0.81971, 0.02102
0.82090, 0.02087
0.82210, 0.02073
0.82329, 0.02059
0.82447, 0.02045
0.82566, 0.02031
0.82684, 0.02017
0.82802, 0.02003
0.82919, 0.01989
0.83036, 0.01976
0.83153, 0.01962
0.83270, 0.01948
0.83386, 0.01935
0.83502, 0.01922
0.83617, 0.01908
0.83733, 0.01895
0.83847, 0.01882
0.83962, 0.01868
0.84077, 0.01855
0.84191, 0.01842
0.84304, 0.01829
0.84418, 0.01817
0.84531, 0.01804
0.84644, 0.01791
0.84756, 0.01778
0.84869, 0.01766
0.84980, 0.01753
0.85092, 0.01741
0.85203, 0.01728
0.85314, 0.01716
0.85425, 0.01703
0.85535, 0.01691
0.85645, 0.01679
0.85755, 0.01666
0.85864, 0.01654
0.85973, 0.01642
0.86082, 0.01630
0.86190, 0.01618
0.86298, 0.01606
0.86406, 0.01594
0.86513, 0.01582
0.86620, 0.01571
0.86727, 0.01559
0.86833, 0.01547
0.86939, 0.01535
0.87044, 0.01524
0.87150, 0.01512
0.87255, 0.01500
0.87359, 0.01489
0.87463, 0.01477
0.87567, 0.01466
0.87671, 0.01454
0.87774, 0.01443
0.87877, 0.01432
0.87979, 0.01420
0.88081, 0.01409
0.88183, 0.01398
0.88284, 0.01386
0.88385, 0.01375
0.88486, 0.01364
0.88586, 0.01353
0.88686, 0.01342
0.88785, 0.01331
0.88884, 0.01320
0.88983, 0.01309
0.89081, 0.01298
0.89179, 0.01287
0.89277, 0.01276
0.89374, 0.01265
0.89471, 0.01254
0.89567, 0.01243
0.89664, 0.01232
0.89759, 0.01221
0.89855, 0.01210
0.89949, 0.01200
0.90044, 0.01189
0.90138, 0.01178
0.90232, 0.01168
0.90325, 0.01157
0.90418, 0.01146
0.90511, 0.01136
0.90603, 0.01125
0.90695, 0.01114
0.90786, 0.01104
0.90877, 0.01093
0.90968, 0.01083
0.91058, 0.01072
0.91148, 0.01062
0.91237, 0.01051
0.91326, 0.01041
0.91415, 0.01031
0.91503, 0.01020
0.91590, 0.01010
0.91678, 0.01000
0.91765, 0.00989
0.91851, 0.00979
0.91937, 0.00969
0.92023, 0.00959
0.92108, 0.00948
0.92193, 0.00938
0.92278, 0.00928
0.92362, 0.00918
0.92445, 0.00908
0.92528, 0.00898
0.92611, 0.00887
0.92693, 0.00877
0.92775, 0.00867
0.92857, 0.00857
0.92938, 0.00847
0.93019, 0.00837
0.93099, 0.00827
0.93179, 0.00818
0.93258, 0.00808
0.93337, 0.00798
0.93415, 0.00788
0.93493, 0.00778
0.93571, 0.00768
0.93648, 0.00758
0.93725, 0.00749
0.93801, 0.00739
0.93877, 0.00729
0.93953, 0.00720
0.94028, 0.00710
0.94102, 0.00700
0.94176, 0.00691
0.94250, 0.00681
0.94323, 0.00672
0.94396, 0.00662
0.94468, 0.00653
0.94540, 0.00643
0.94612, 0.00634
0.94683, 0.00624
0.94753, 0.00615
0.94824, 0.00606
0.94893, 0.00596
0.94963, 0.00587
0.95031, 0.00578
0.95100, 0.00569
0.95168, 0.00559
0.95235, 0.00550
0.95302, 0.00541
0.95369, 0.00532
0.95435, 0.00523
0.95500, 0.00514
0.95565, 0.00505
0.95630, 0.00496
0.95694, 0.00487
0.95758, 0.00478
0.95822, 0.00469
0.95885, 0.00461
0.95947, 0.00452
0.96009, 0.00443
0.96070, 0.00434
0.96132, 0.00426
0.96192, 0.00417
0.96252, 0.00409
0.96312, 0.00400
0.96371, 0.00392
0.96430, 0.00383
0.96488, 0.00375
0.96546, 0.00366
0.96603, 0.00358
0.96660, 0.00350
0.96717, 0.00341
0.96773, 0.00333
0.96828, 0.00325
0.96883, 0.00317
0.96938, 0.00309
0.96992, 0.00301
0.97045, 0.00293
0.97099, 0.00285
0.97151, 0.00277
0.97203, 0.00269
0.97255, 0.00262
0.97306, 0.00254
0.97357, 0.00246
0.97408, 0.00239
0.97457, 0.00231
0.97507, 0.00224
0.97556, 0.00216
0.97604, 0.00209
0.97652, 0.00201
0.97700, 0.00194
0.97747, 0.00187
0.97793, 0.00180
0.97839, 0.00172
0.97885, 0.00165
0.97930, 0.00158
0.97975, 0.00151
0.98019, 0.00144
0.98062, 0.00138
0.98106, 0.00131
0.98148, 0.00124
0.98190, 0.00117
0.98232, 0.00111
0.98274, 0.00104
0.98314, 0.00098
0.98355, 0.00091
0.98394, 0.00085
0.98434, 0.00079
0.98473, 0.00072
0.98511, 0.00066
0.98549, 0.00060
0.98586, 0.00054
0.98623, 0.00048
0.98660, 0.00042
0.98696, 0.00036
0.98731, 0.00031
0.98766, 0.00025
0.98801, 0.00019
0.98835, 0.00014
0.98868, 0.00008
0.98902, 0.00003
0.98934, -0.00003
0.98966, -0.00008
0.98998, -0.00013
0.99029, -0.00018
0.99060, -0.00024
0.99090, -0.00029
0.99119, -0.00033
0.99149, -0.00038
0.99177, -0.00043
0.99206, -0.00048
0.99233, -0.00053
0.99261, -0.00057
0.99287, -0.00062
0.99314, -0.00066
0.99339, -0.00070
0.99365, -0.00075
0.99389, -0.00079
0.99414, -0.00083
0.99438, -0.00087
0.99461, -0.00091
0.99484, -0.00095
0.99506, -0.00099
0.99528, -0.00102
0.99549, -0.00106
0.99570, -0.00110
0.99591, -0.00113
0.99611, -0.00117
0.99630, -0.00120
0.99649, -0.00123
0.99667, -0.00126
0.99685, -0.00129
0.99703, -0.00132
0.99720, -0.00135
0.99736, -0.00138
0.99752, -0.00141
0.99768, -0.00144
0.99783, -0.00146
0.99797, -0.00149
0.99811, -0.00151
0.99825, -0.00154
0.99838, -0.00156
0.99850, -0.00158
0.99863, -0.00160
0.99874, -0.00162
0.99885, -0.00164
0.99896, -0.00166
0.99906, -0.00168
0.99915, -0.00169
0.99925, -0.00171
0.99933, -0.00172
0.99941, -0.00174
0.99949, -0.00175
0.99956, -0.00176
0.99963, -0.00178
0.99969, -0.00179
0.99975, -0.00180
0.99980, -0.00181
0.99984, -0.00181
0.99989, -0.00182
0.99992, -0.00183
0.99995, -0.00183
0.99998, -0.00184
1.00000, -0.00184
1.00002, -0.00184
1.00004, -0.00185
1.00006, -0.00185
1.00007, -0.00185

=== Lower Surface ===
0.00000, -0.05073
0.00006, -0.05101
0.00010, -0.05128
0.00015, -0.05156
0.00021, -0.05183
0.00027, -0.05211
0.00034, -0.05238
0.00041, -0.05265
0.00049, -0.05291
0.00057, -0.05318
0.00066, -0.05345
0.00075, -0.05371
0.00085, -0.05398
0.00095, -0.05424
0.00106, -0.05450
0.00117, -0.05476
0.00129, -0.05502
0.00141, -0.05528
0.00154, -0.05554
0.00167, -0.05580
0.00181, -0.05605
0.00195, -0.05630
0.00210, -0.05656
0.00225, -0.05681
0.00241, -0.05706
0.00257, -0.05731
0.00274, -0.05756
0.00291, -0.05780
0.00309, -0.05805
0.00327, -0.05829
0.00346, -0.05854
0.00365, -0.05878
0.00385, -0.05902
0.00405, -0.05926
0.00426, -0.05950
0.00447, -0.05973
0.00469, -0.05997
0.00491, -0.06021
0.00514, -0.06044
0.00538, -0.06067
0.00561, -0.06090
0.00586, -0.06113
0.00610, -0.06136
0.00636, -0.06159
0.00662, -0.06181
0.00688, -0.06204
0.00715, -0.06226
0.00742, -0.06248
0.00770, -0.06270
0.00798, -0.06292
0.00827, -0.06314
0.00856, -0.06336
0.00886, -0.06357
0.00917, -0.06379
0.00948, -0.06400
0.00979, -0.06421
0.01011, -0.06442
0.01043, -0.06463
0.01076, -0.06484
0.01110, -0.06504
0.01143, -0.06525
0.01178, -0.06545
0.01213, -0.06565
0.01248, -0.06585
0.01284, -0.06605
0.01321, -0.06625
0.01358, -0.06644
0.01395, -0.06664
0.01433, -0.06683
0.01471, -0.06702
0.01510, -0.06721
0.01550, -0.06740
0.01590, -0.06759
0.01630, -0.06777
0.01671, -0.06796
0.01713, -0.06814
0.01755, -0.06832
0.01797, -0.06850
0.01840, -0.06868
0.01884, -0.06885
0.01928, -0.06903
0.01972, -0.06920
0.02017, -0.06937
0.02063, -0.06954
0.02109, -0.06971
0.02155, -0.06988
0.02202, -0.07005
0.02250, -0.07021
0.02298, -0.07037
0.02346, -0.07053
0.02395, -0.07069
0.02444, -0.07085
0.02494, -0.07100
0.02545, -0.07116
0.02596, -0.07131
0.02647, -0.07146
0.02699, -0.07161
0.02752, -0.07176
0.02805, -0.07190
0.02858, -0.07205
0.02912, -0.07219
0.02966, -0.07233
0.03021, -0.07247
0.03077, -0.07260
0.03132, -0.07274
0.03189, -0.07287
0.03246, -0.07300
0.03303, -0.07313
0.03361, -0.07326
0.03419, -0.07339
0.03478, -0.07351
0.03537, -0.07363
0.03597, -0.07375
0.03657, -0.07387
0.03718, -0.07399
0.03779, -0.07411
0.03841, -0.07422
0.03903, -0.07433
0.03965, -0.07444
0.04028, -0.07455
0.04092, -0.07465
0.04156, -0.07476
0.04220, -0.07486
0.04285, -0.07496
0.04351, -0.07506
0.04417, -0.07516
0.04483, -0.07525
0.04550, -0.07534
0.04617, -0.07543
0.04685, -0.07552
0.04753, -0.07561
0.04822, -0.07569
0.04891, -0.07578
0.04960, -0.07586
0.05030, -0.07594
0.05101, -0.07601
0.05172, -0.07609
0.05243, -0.07616
0.05315, -0.07623
0.05387, -0.07630
0.05460, -0.07637
0.05533, -0.07644
0.05607, -0.07650
0.05681, -0.07656
0.05756, -0.07662
0.05831, -0.07668
0.05906, -0.07673
0.05982, -0.07679
0.06058, -0.07684
0.06135, -0.07689
0.06212, -0.07693
0.06290, -0.07698
0.06368, -0.07702
0.06446, -0.07706
0.06525, -0.07710
0.06604, -0.07714
0.06684, -0.07717
0.06764, -0.07721
0.06845, -0.07724
0.06926, -0.07727
0.07007, -0.07730
0.07089, -0.07732
0.07171, -0.07734
0.07254, -0.07736
0.07337, -0.07738
0.07420, -0.07740
0.07504, -0.07742
0.07589, -0.07743
0.07673, -0.07744
0.07758, -0.07745
0.07844, -0.07745
0.07930, -0.07746
0.08016, -0.07746
0.08103, -0.07746
0.08190, -0.07746
0.08277, -0.07746
0.08365, -0.07745
0.08454, -0.07745
0.08542, -0.07744
0.08631, -0.07743
0.08721, -0.07741
0.08810, -0.07740
0.08901, -0.07738
0.08991, -0.07736
0.09082, -0.07734
0.09173, -0.07732
0.09265, -0.07729
0.09357, -0.07727
0.09449, -0.07724
0.09542, -0.07721
0.09635, -0.07718
0.09729, -0.07714
0.09823, -0.07711
0.09917, -0.07707
0.10011, -0.07703
0.10106, -0.07699
0.10202, -0.07694
0.10297, -0.07690
0.10393, -0.07685
0.10490, -0.07680
0.10586, -0.07675
0.10683, -0.07669
0.10781, -0.07664
0.10878, -0.07658
0.10976, -0.07653
0.11075, -0.07646
0.11173, -0.07640
0.11272, -0.07634
0.11372, -0.07627
0.11471, -0.07621
0.11571, -0.07614
0.11671, -0.07607
0.11772, -0.07600
0.11873, -0.07592
0.11974, -0.07585
0.12076, -0.07577
0.12177, -0.07569
0.12280, -0.07561
0.12382, -0.07553
0.12485, -0.07544
0.12588, -0.07536
0.12691, -0.07527
0.12795, -0.07519
0.12899, -0.07510
0.13003, -0.07500
0.13108, -0.07491
0.13212, -0.07482
0.13317, -0.07472
0.13423, -0.07463
0.13528, -0.07453
0.13634, -0.07443
0.13740, -0.07433
0.13847, -0.07422
0.13954, -0.07412
0.14061, -0.07402
0.14168, -0.07391
0.14275, -0.07380
0.14383, -0.07369
0.14491, -0.07358
0.14600, -0.07347
0.14708, -0.07336
0.14817, -0.07325
0.14926, -0.07313
0.15035, -0.07302
0.15145, -0.07290
0.15254, -0.07278
0.15364, -0.07267
0.15475, -0.07255
0.15585, -0.07243
0.15696, -0.07230
0.15807, -0.07218
0.15918, -0.07206
0.16029, -0.07193
0.16141, -0.07181
0.16252, -0.07168
0.16364, -0.07156
0.16477, -0.07143
0.16589, -0.07130
0.16702, -0.07117
0.16814, -0.07104
0.16928, -0.07092
0.17041, -0.07078
0.17154, -0.07065
0.17268, -0.07052
0.17382, -0.07039
0.17496, -0.07026
0.17610, -0.07012
0.17724, -0.06999
0.17839, -0.06986
0.17953, -0.06972
0.18068, -0.06959
0.18183, -0.06945
0.18299, -0.06932
0.18414, -0.06918
0.18529, -0.06905
0.18645, -0.06891
0.18761, -0.06878
0.18877, -0.06864
0.18993, -0.06851
0.19110, -0.06837
0.19226, -0.06824
0.19343, -0.06810
0.19460, -0.06797
0.19577, -0.06783
0.19694, -0.06769
0.19811, -0.06756
0.19928, -0.06742
0.20046, -0.06729
0.20164, -0.06716
0.20281, -0.06702
0.20399, -0.06689
0.20517, -0.06676
0.20635, -0.06662
0.20754, -0.06649
0.20872, -0.06636
0.20991, -0.06623
0.21110, -0.06610
0.21229, -0.06597
0.21348, -0.06584
0.21467, -0.06571
0.21587, -0.06558
0.21707, -0.06545
0.21828, -0.06532
0.21948, -0.06519
0.22069, -0.06506
0.22191, -0.06493
0.22312, -0.06481
0.22434, -0.06468
0.22556, -0.06455
0.22678, -0.06443
0.22801, -0.06430
0.22924, -0.06417
0.23047, -0.06405
0.23170, -0.06392
0.23294, -0.06380
0.23418, -0.06368
0.23542, -0.06355
0.23667, -0.06343
0.23792, -0.06330
0.23917, -0.06318
0.24042, -0.06306
0.24168, -0.06294
0.24294, -0.06281
0.24420, -0.06269
0.24547, -0.06257
0.24673, -0.06245
0.24800, -0.06233
0.24928, -0.06221
0.25055, -0.06209
0.25183, -0.06197
0.25311, -0.06185
0.25440, -0.06173
0.25568, -0.06161
0.25697, -0.06150
0.25826, -0.06138
0.25956, -0.06126
0.26086, -0.06114
0.26216, -0.06103
0.26346, -0.06091
0.26476, -0.06080
0.26607, -0.06068
0.26738, -0.06056
0.26870, -0.06045
0.27001, -0.06033
0.27133, -0.06022
0.27265, -0.06011
0.27397, -0.05999
0.27530, -0.05988
0.27663, -0.05977
0.27796, -0.05965
0.27929, -0.05954
0.28063, -0.05943
0.28197, -0.05932
0.28331, -0.05921
0.28465, -0.05910
0.28599, -0.05899
0.28734, -0.05888
0.28869, -0.05877
0.29004, -0.05866
0.29139, -0.05855
0.29275, -0.05844
0.29410, -0.05833
0.29546, -0.05822
0.29683, -0.05812
0.29819, -0.05801
0.29956, -0.05790
0.30093, -0.05780
0.30230, -0.05769
0.30367, -0.05759
0.30504, -0.05748
0.30642, -0.05738
0.30780, -0.05727
0.30918, -0.05717
0.31056, -0.05707
0.31195, -0.05696
0.31334, -0.05686
0.31473, -0.05676
0.31612, -0.05666
0.31751, -0.05656
0.31891, -0.05646
0.32031, -0.05636
0.32171, -0.05626
0.32311, -0.05616
0.32451, -0.05606
0.32592, -0.05596
0.32733, -0.05586
0.32874, -0.05577
0.33015, -0.05567
0.33157, -0.05557
0.33300, -0.05548
0.33444, -0.05538
0.33589, -0.05528
0.33734, -0.05518
0.33880, -0.05508
0.34026, -0.05498
0.34172, -0.05488
0.34319, -0.05478
0.34465, -0.05468
0.34612, -0.05458
0.34759, -0.05448
0.34906, -0.05438
0.35053, -0.05428
0.35200, -0.05417
0.35347, -0.05407
0.35495, -0.05397
0.35642, -0.05386
0.35790, -0.05376
0.35938, -0.05366
0.36086, -0.05355
0.36234, -0.05345
0.36382, -0.05334
0.36531, -0.05324
0.36679, -0.05314
0.36828, -0.05303
0.36976, -0.05292
0.37125, -0.05282
0.37274, -0.05271
0.37423, -0.05261
0.37572, -0.05250
0.37722, -0.05239
0.37871, -0.05229
0.38021, -0.05218
0.38171, -0.05207
0.38321, -0.05197
0.38471, -0.05186
0.38621, -0.05175
0.38771, -0.05164
0.38921, -0.05154
0.39072, -0.05143
0.39222, -0.05132
0.39373, -0.05121
0.39524, -0.05110
0.39675, -0.05099
0.39826, -0.05088
0.39977, -0.05077
0.40129, -0.05066
0.40280, -0.05056
0.40432, -0.05045
0.40583, -0.05034
0.40735, -0.05023
0.40887, -0.05011
0.41039, -0.05000
0.41192, -0.04989
0.41344, -0.04978
0.41496, -0.04967
0.41649, -0.04956
0.41801, -0.04945
0.41954, -0.04934
0.42107, -0.04923
0.42260, -0.04911
0.42413, -0.04900
0.42566, -0.04889
0.42720, -0.04878
0.42873, -0.04866
0.43026, -0.04855
0.43180, -0.04844
0.43334, -0.04832
0.43488, -0.04821
0.43642, -0.04810
0.43796, -0.04798
0.43950, -0.04787
0.44104, -0.04775
0.44258, -0.04764
0.44412, -0.04752
0.44567, -0.04741
0.44721, -0.04729
0.44876, -0.04717
0.45031, -0.04706
0.45186, -0.04694
0.45340, -0.04682
0.45495, -0.04671
0.45650, -0.04659
0.45805, -0.04647
0.45961, -0.04635
0.46116, -0.04624
0.46271, -0.04612
0.46427, -0.04600
0.46582, -0.04588
0.46737, -0.04576
0.46893, -0.04564
0.47049, -0.04552
0.47204, -0.04540
0.47360, -0.04528
0.47516, -0.04516
0.47672, -0.04504
0.47827, -0.04492
0.47983, -0.04480
0.48139, -0.04467
0.48295, -0.04455
0.48451, -0.04443
0.48607, -0.04431
0.48763, -0.04418
0.48919, -0.04406
0.49075, -0.04393
0.49232, -0.04381
0.49388, -0.04369
0.49544, -0.04356
0.49700, -0.04344
0.49856, -0.04331
0.50013, -0.04318
0.50169, -0.04306
0.50325, -0.04293
0.50481, -0.04281
0.50638, -0.04268
0.50794, -0.04255
0.50950, -0.04242
0.51106, -0.04230
0.51263, -0.04217
0.51419, -0.04204
0.51575, -0.04191
0.51731, -0.04178
0.51887, -0.04165
0.52044, -0.04152
0.52200, -0.04139
0.52356, -0.04126
0.52512, -0.04113
0.52668, -0.04100
0.52824, -0.04087
0.52980, -0.04074
0.53136, -0.04061
0.53292, -0.04048
0.53448, -0.04035
0.53603, -0.04022
0.53759, -0.04009
0.53915, -0.03995
0.54070, -0.03982
0.54226, -0.03969
0.54382, -0.03956
0.54537, -0.03943
0.54693, -0.03929
0.54848, -0.03916
0.55003, -0.03903
0.55158, -0.03889
0.55314, -0.03876
0.55469, -0.03863
0.55624, -0.03850
0.55779, -0.03836
0.55934, -0.03823
0.56088, -0.03810
0.56243, -0.03796
0.56398, -0.03783
0.56552, -0.03770
0.56707, -0.03756
0.56861, -0.03743
0.57015, -0.03730
0.57170, -0.03716
0.57324, -0.03703
0.57478, -0.03690
0.57632, -0.03677
0.57785, -0.03663
0.57939, -0.03650
0.58093, -0.03637
0.58246, -0.03624
0.58400, -0.03611
0.58553, -0.03597
0.58706, -0.03584
0.58859, -0.03571
0.59012, -0.03558
0.59165, -0.03545
0.59318, -0.03532
0.59470, -0.03519
0.59623, -0.03506
0.59775, -0.03493
0.59928, -0.03480
0.60080, -0.03467
0.60232, -0.03454
0.60384, -0.03441
0.60535, -0.03428
0.60687, -0.03415
0.60839, -0.03403
0.60990, -0.03390
0.61141, -0.03377
0.61293, -0.03365
0.61444, -0.03352
0.61595, -0.03339
0.61745, -0.03327
0.61896, -0.03314
0.62047, -0.03302
0.62197, -0.03290
0.62347, -0.03277
0.62497, -0.03265
0.62647, -0.03253
0.62797, -0.03241
0.62947, -0.03229
0.63097, -0.03216
0.63246, -0.03204
0.63395, -0.03193
0.63545, -0.03181
0.63694, -0.03169
0.63842, -0.03157
0.63991, -0.03145
0.64140, -0.03134
0.64288, -0.03122
0.64437, -0.03110
0.64585, -0.03099
0.64732, -0.03087
0.64874, -0.03076
0.64991, -0.03065
0.65022, -0.03051
0.64826, -0.03016
0.64251, -0.02862
0.63453, -0.02457
0.62911, -0.01991
0.62768, -0.01813
0.62925, -0.02009
0.63374, -0.02526
0.64204, -0.03213
0.65274, -0.03728
0.66127, -0.03921
0.66610, -0.03958
0.66873, -0.03957
0.67052, -0.03949
0.67207, -0.03940
0.67357, -0.03930
0.67505, -0.03921
0.67654, -0.03911
0.67802, -0.03902
0.67950, -0.03892
0.68098, -0.03882
0.68246, -0.03872
0.68393, -0.03863
0.68540, -0.03853
0.68687, -0.03843
0.68834, -0.03833
0.68981, -0.03823
0.69127, -0.03812
0.69274, -0.03802
0.69420, -0.03792
0.69565, -0.03782
0.69711, -0.03771
0.69856, -0.03761
0.70002, -0.03751
0.70147, -0.03740
0.70291, -0.03730
0.70436, -0.03719
0.70580, -0.03709
0.70724, -0.03698
0.70868, -0.03687
0.71012, -0.03677
0.71155, -0.03666
0.71298, -0.03655
0.71441, -0.03644
0.71584, -0.03634
0.71727, -0.03623
0.71869, -0.03612
0.72011, -0.03601
0.72153, -0.03590
0.72294, -0.03579
0.72436, -0.03568
0.72577, -0.03557
0.72717, -0.03546
0.72858, -0.03534
0.72998, -0.03523
0.73139, -0.03512
0.73279, -0.03501
0.73418, -0.03490
0.73558, -0.03478
0.73697, -0.03467
0.73836, -0.03456
0.73974, -0.03444
0.74113, -0.03433
0.74251, -0.03422
0.74389, -0.03410
0.74526, -0.03399
0.74664, -0.03387
0.74801, -0.03376
0.74938, -0.03364
0.75075, -0.03353
0.75211, -0.03341
0.75347, -0.03330
0.75483, -0.03318
0.75619, -0.03307
0.75754, -0.03295
0.75890, -0.03284
0.76025, -0.03272
0.76159, -0.03260
0.76294, -0.03249
0.76428, -0.03237
0.76562, -0.03225
0.76696, -0.03213
0.76829, -0.03202
0.76963, -0.03190
0.77096, -0.03178
0.77228, -0.03166
0.77361, -0.03154
0.77493, -0.03142
0.77625, -0.03130
0.77757, -0.03118
0.77888, -0.03106
0.78020, -0.03094
0.78151, -0.03082
0.78281, -0.03070
0.78412, -0.03058
0.78542, -0.03046
0.78672, -0.03034
0.78801, -0.03022
0.78930, -0.03009
0.79059, -0.02997
0.79188, -0.02985
0.79317, -0.02973
0.79445, -0.02960
0.79573, -0.02948
0.79700, -0.02935
0.79828, -0.02923
0.79955, -0.02910
0.80081, -0.02898
0.80208, -0.02885
0.80334, -0.02873
0.80460, -0.02860
0.80585, -0.02847
0.80711, -0.02835
0.80835, -0.02822
0.80960, -0.02809
0.81084, -0.02796
0.81208, -0.02783
0.81332, -0.02771
0.81456, -0.02758
0.81579, -0.02745
0.81701, -0.02732
0.81824, -0.02719
0.81946, -0.02706
0.82068, -0.02692
0.82190, -0.02679
0.82311, -0.02666
0.82432, -0.02653
0.82552, -0.02640
0.82672, -0.02626
0.82792, -0.02613
0.82912, -0.02600
0.83031, -0.02586
0.83150, -0.02573
0.83269, -0.02559
0.83387, -0.02546
0.83505, -0.02532
0.83622, -0.02519
0.83740, -0.02505
0.83856, -0.02491
0.83973, -0.02478
0.84089, -0.02464
0.84204, -0.02450
0.84320, -0.02437
0.84435, -0.02423
0.84549, -0.02409
0.84664, -0.02395
0.84777, -0.02382
0.84891, -0.02368
0.85004, -0.02354
0.85117, -0.02340
0.85229, -0.02326
0.85341, -0.02312
0.85452, -0.02298
0.85564, -0.02285
0.85674, -0.02271
0.85785, -0.02257
0.85895, -0.02243
0.86005, -0.02229
0.86114, -0.02215
0.86223, -0.02201
0.86331, -0.02188
0.86440, -0.02174
0.86547, -0.02160
0.86655, -0.02146
0.86762, -0.02132
0.86868, -0.02118
0.86975, -0.02105
0.87080, -0.02091
0.87186, -0.02077
0.87291, -0.02063
0.87396, -0.02050
0.87500, -0.02036
0.87604, -0.02022
0.87707, -0.02009
0.87811, -0.01995
0.87913, -0.01982
0.88016, -0.01968
0.88118, -0.01954
0.88219, -0.01941
0.88320, -0.01927
0.88421, -0.01914
0.88522, -0.01901
0.88622, -0.01887
0.88721, -0.01874
0.88821, -0.01861
0.88919, -0.01847
0.89018, -0.01834
0.89116, -0.01821
0.89213, -0.01808
0.89311, -0.01795
0.89408, -0.01782
0.89504, -0.01769
0.89600, -0.01756
0.89696, -0.01743
0.89791, -0.01730
0.89886, -0.01717
0.89980, -0.01704
0.90074, -0.01692
0.90168, -0.01679
0.90261, -0.01666
0.90354, -0.01654
0.90447, -0.01641
0.90539, -0.01629
0.90630, -0.01616
0.90721, -0.01604
0.90812, -0.01591
0.90903, -0.01579
0.90993, -0.01567
0.91082, -0.01555
0.91171, -0.01543
0.91260, -0.01531
0.91348, -0.01519
0.91436, -0.01507
0.91524, -0.01495
0.91611, -0.01483
0.91698, -0.01471
0.91784, -0.01460
0.91870, -0.01448
0.91955, -0.01436
0.92040, -0.01425
0.92125, -0.01413
0.92209, -0.01402
0.92293, -0.01391
0.92377, -0.01379
0.92459, -0.01368
0.92542, -0.01357
0.92624, -0.01346
0.92706, -0.01335
0.92787, -0.01324
0.92868, -0.01313
0.92948, -0.01302
0.93028, -0.01292
0.93108, -0.01281
0.93187, -0.01270
0.93266, -0.01260
0.93344, -0.01249
0.93422, -0.01239
0.93500, -0.01229
0.93577, -0.01218
0.93653, -0.01208
0.93729, -0.01198
0.93805, -0.01188
0.93880, -0.01178
0.93955, -0.01168
0.94030, -0.01158
0.94104, -0.01148
0.94177, -0.01139
0.94251, -0.01129
0.94323, -0.01119
0.94396, -0.01110
0.94467, -0.01101
0.94539, -0.01091
0.94610, -0.01082
0.94680, -0.01073
0.94751, -0.01064
0.94820, -0.01054
0.94889, -0.01045
0.94958, -0.01037
0.95027, -0.01028
0.95094, -0.01019
0.95162, -0.01010
0.95229, -0.01002
0.95296, -0.00993
0.95362, -0.00984
0.95427, -0.00976
0.95493, -0.00968
0.95557, -0.00959
0.95622, -0.00951
0.95686, -0.00943
0.95749, -0.00935
0.95812, -0.00927
0.95875, -0.00919
0.95937, -0.00911
0.95998, -0.00903
0.96060, -0.00896
0.96120, -0.00888
0.96181, -0.00880
0.96241, -0.00873
0.96300, -0.00865
0.96359, -0.00858
0.96418, -0.00851
0.96476, -0.00844
0.96533, -0.00836
0.96590, -0.00829
0.96647, -0.00822
0.96703, -0.00815
0.96759, -0.00808
0.96814, -0.00802
0.96869, -0.00795
0.96924, -0.00788
0.96977, -0.00782
0.97031, -0.00775
0.97084, -0.00769
0.97136, -0.00762
0.97189, -0.00756
0.97240, -0.00750
0.97291, -0.00744
0.97342, -0.00737
0.97392, -0.00731
0.97442, -0.00725
0.97491, -0.00719
0.97540, -0.00714
0.97589, -0.00708
0.97636, -0.00702
0.97684, -0.00696
0.97731, -0.00691
0.97777, -0.00685
0.97823, -0.00680
0.97869, -0.00675
0.97914, -0.00669
0.97959, -0.00664
0.98003, -0.00659
0.98046, -0.00654
0.98090, -0.00649
0.98132, -0.00644
0.98175, -0.00639
0.98216, -0.00634
0.98258, -0.00629
0.98299, -0.00624
0.98339, -0.00620
0.98379, -0.00615
0.98418, -0.00611
0.98457, -0.00606
0.98496, -0.00602
0.98534, -0.00597
0.98571, -0.00593
0.98608, -0.00589
0.98645, -0.00585
0.98681, -0.00581
0.98716, -0.00577
0.98751, -0.00573
0.98786, -0.00569
0.98820, -0.00565
0.98854, -0.00561
0.98887, -0.00557
0.98920, -0.00554
0.98952, -0.00550
0.98984, -0.00547
0.99015, -0.00543
0.99046, -0.00540
0.99076, -0.00536
0.99106, -0.00533
0.99135, -0.00530
0.99164, -0.00527
0.99192, -0.00523
0.99220, -0.00520
0.99247, -0.00517
0.99274, -0.00514
0.99301, -0.00511
0.99327, -0.00509
0.99352, -0.00506
0.99377, -0.00503
0.99401, -0.00500
0.99425, -0.00498
0.99449, -0.00495
0.99472, -0.00493
0.99494, -0.00490
0.99516, -0.00488
0.99538, -0.00486
0.99559, -0.00483
0.99579, -0.00481
0.99599, -0.00479
0.99619, -0.00477
0.99638, -0.00475
0.99656, -0.00473
0.99674, -0.00471
0.99692, -0.00469
0.99709, -0.00467
0.99726, -0.00465
0.99742, -0.00464
0.99757, -0.00462
0.99773, -0.00460
0.99787, -0.00459
0.99801, -0.00457
0.99815, -0.00456
0.99828, -0.00454
0.99841, -0.00453
0.99853, -0.00452
0.99864, -0.00451
0.99876, -0.00449
0.99886, -0.00448
0.99896, -0.00447
0.99906, -0.00446
0.99915, -0.00445
0.99924, -0.00444
0.99932, -0.00443
0.99940, -0.00443
0.99947, -0.00442
0.99954, -0.00441
0.99960, -0.00440
0.99966, -0.00440
0.99971, -0.00439
0.99976, -0.00439
0.99980, -0.00438
0.99983, -0.00438
0.99987, -0.00438
0.99989, -0.00437
0.99992, -0.00437
0.99993, -0.00437
0.99994, -0.00437
0.99993, -0.00437
0.99993, -0.00437
