=== Airfoil Parameters ===
m = 0.02
p = 0.4
t = 0.12

=== Control Points ===
0.00000, -0.02415, -0.02415
0.06667, -0.01896, -0.02508
0.13333, -0.01255, -0.02366
0.20000, -0.00657, -0.02157
0.26667, -0.00430, -0.02207
0.66667, -0.00470, -0.02075
0.75000, 0.00430, -0.00890
0.83333, 0.02219, 0.01263
0.91667, 0.03663, 0.03146
1.00000, 0.03974, 0.03974

=== Upper Surface ===
0.00000, -0.02415
-0.00002, -0.02388
-0.00003, -0.02360
-0.00003, -0.02332
-0.00003, -0.02304
-0.00003, -0.02276
-0.00002, -0.02248
-0.00000, -0.02220
0.00002, -0.02192
0.00004, -0.02164
0.00007, -0.02136
0.00010, -0.02108
0.00014, -0.02080
0.00019, -0.02053
0.00023, -0.02025
0.00029, -0.01997
0.00035, -0.01969
0.00041, -0.01941
0.00048, -0.01913
0.00055, -0.01885
0.00063, -0.01858
0.00071, -0.01830
0.00080, -0.01802
0.00090, -0.01774
0.00099, -0.01746
0.00110, -0.01719
0.00121, -0.01691
0.00132, -0.01663
0.00144, -0.01635
0.00156, -0.01607
0.00169, -0.01580
0.00182, -0.01552
0.00196, -0.01524
0.00210, -0.01496
0.00225, -0.01469
0.00240, -0.01441
0.00255, -0.01413
0.00272, -0.01386
0.00288, -0.01358
0.00305, -0.01330
0.00323, -0.01303
0.00341, -0.01275
0.00360, -0.01247
0.00379, -0.01220
0.00399, -0.01192
0.00419, -0.01164
0.00439, -0.01137
0.00460, -0.01109
0.00482, -0.01081
0.00504, -0.01054
0.00526, -0.01026
0.00549, -0.00999
0.00573, -0.00971
0.00597, -0.00944
0.00621, -0.00916
0.00646, -0.00888
0.00671, -0.00861
0.00697, -0.00833
0.00723, -0.00806
0.00750, -0.00778
0.00778, -0.00751
0.00805, -0.00723
0.00834, -0.00696
0.00862, -0.00668
0.00892, -0.00641
0.00921, -0.00614
0.00951, -0.00586
0.00982, -0.00559
0.01013, -0.00531
0.01045, -0.00504
0.01077, -0.00476
0.01109, -0.00449
0.01142, -0.00422
0.01176, -0.00394
0.01210, -0.00367
0.01244, -0.00340
0.01279, -0.00312
0.01315, -0.00285
0.01351, -0.00258
0.01387, -0.00230
0.01424, -0.00203
0.01461, -0.00176
0.01499, -0.00149
0.01537, -0.00121
0.01576, -0.00094
0.01615, -0.00067
0.01654, -0.00040
0.01695, -0.00012
0.01735, 0.00015
0.01776, 0.00042
0.01818, 0.00069
0.01860, 0.00096
0.01902, 0.00123
0.01945, 0.00151
0.01988, 0.00178
0.02032, 0.00205
0.02076, 0.00232
0.02121, 0.00259
0.02166, 0.00286
0.02212, 0.00313
0.02258, 0.00340
0.02305, 0.00367
0.02352, 0.00394
0.02399, 0.00421
0.02447, 0.00448
0.02496, 0.00475
0.02545, 0.00502
0.02594, 0.00529
0.02644, 0.00556
0.02694, 0.00583
0.02745, 0.00610
0.02796, 0.00637
0.02848, 0.00664
0.02900, 0.00691
0.02953, 0.00717
0.03006, 0.00744
0.03059, 0.00771
0.03113, 0.00798
0.03167, 0.00825
0.03222, 0.00852
0.03278, 0.00878
0.03333, 0.00905
0.03390, 0.00932
0.03446, 0.00959
0.03503, 0.00985
0.03561, 0.01012
0.03619, 0.01039
0.03677, 0.01065
0.03736, 0.01092
0.03796, 0.01119
0.03856, 0.01145
0.03916, 0.01172
0.03977, 0.01199
0.04038, 0.01225
0.04099, 0.01252
0.04161, 0.01278
0.04224, 0.01305
0.04287, 0.01331
0.04350, 0.01358
0.04414, 0.01384
0.04478, 0.01411
0.04543, 0.01437
0.04608, 0.01464
0.04674, 0.01490
0.04740, 0.01516
0.04806, 0.01543
0.04873, 0.01569
0.04941, 0.01595
0.05008, 0.01622
0.05077, 0.01648
0.05145, 0.01674
0.05215, 0.01701
0.05284, 0.01727
0.05354, 0.01753
0.05425, 0.01779
0.05495, 0.01805
0.05567, 0.01832
0.05638, 0.01858
0.05711, 0.01884
0.05783, 0.01910
0.05856, 0.01936
0.05930, 0.01962
0.06004, 0.01988
0.06078, 0.02014
0.06153, 0.02040
0.06228, 0.02066
0.06304, 0.02092
0.06380, 0.02118
0.06456, 0.02144
0.06533, 0.02170
0.06611, 0.02196
0.06688, 0.02222
0.06767, 0.02247
0.06845, 0.02273
0.06924, 0.02299
0.07004, 0.02325
0.07084, 0.02350
0.07164, 0.02376
0.07245, 0.02402
0.07326, 0.02427
0.07408, 0.02453
0.07490, 0.02479
0.07572, 0.02504
0.07655, 0.02530
0.07738, 0.02555
0.07822, 0.02581
0.07906, 0.02606
0.07991, 0.02632
0.08076, 0.02657
0.08161, 0.02683
0.08247, 0.02708
0.08333, 0.02733
0.08420, 0.02758
0.08507, 0.02784
0.08594, 0.02809
0.08682, 0.02834
0.08770, 0.02859
0.08859, 0.02885
0.08948, 0.02910
0.09038, 0.02935
0.09128, 0.02960
0.09218, 0.02985
0.09309, 0.03010
0.09400, 0.03035
0.09492, 0.03060
0.09583, 0.03085
0.09676, 0.03110
0.09769, 0.03134
0.09862, 0.03159
0.09956, 0.03184
0.10050, 0.03209
0.10144, 0.03233
0.10239, 0.03258
0.10334, 0.03283
0.10430, 0.03307
0.10526, 0.03332
0.10622, 0.03356
0.10719, 0.03381
0.10816, 0.03405
0.10914, 0.03430
0.11012, 0.03454
0.11110, 0.03478
0.11209, 0.03503
0.11308, 0.03527
0.11408, 0.03551
0.11508, 0.03575
0.11608, 0.03599
0.11709, 0.03623
0.11811, 0.03647
0.11912, 0.03671
0.12014, 0.03695
0.12116, 0.03719
0.12219, 0.03743
0.12322, 0.03767
0.12426, 0.03791
0.12530, 0.03814
0.12634, 0.03838
0.12739, 0.03862
0.12844, 0.03885
0.12950, 0.03909
0.13056, 0.03932
0.13162, 0.03956
0.13269, 0.03979
0.13377, 0.04003
0.13485, 0.04026
0.13593, 0.04049
0.13702, 0.04072
0.13811, 0.04095
0.13921, 0.04119
0.14032, 0.04142
0.14143, 0.04165
0.14254, 0.04187
0.14366, 0.04210
0.14478, 0.04233
0.14591, 0.04256
0.14704, 0.04278
0.14818, 0.04301
0.14932, 0.04323
0.15047, 0.04345
0.15162, 0.04368
0.15278, 0.04390
0.15394, 0.04412
0.15511, 0.04434
0.15628, 0.04455
0.15746, 0.04477
0.15864, 0.04499
0.15983, 0.04520
0.16102, 0.04541
0.16222, 0.04563
0.16342, 0.04584
0.16463, 0.04605
0.16584, 0.04625
0.16706, 0.04646
0.16828, 0.04666
0.16951, 0.04687
0.17074, 0.04707
0.17198, 0.04727
0.17322, 0.04747
0.17447, 0.04767
0.17572, 0.04786
0.17698, 0.04805
0.17825, 0.04825
0.17951, 0.04844
0.18079, 0.04862
0.18206, 0.04881
0.18335, 0.04899
0.18464, 0.04917
0.18593, 0.04935
0.18723, 0.04953
0.18853, 0.04971
0.18984, 0.04988
0.19116, 0.05005
0.19248, 0.05022
0.19380, 0.05038
0.19513, 0.05054
0.19646, 0.05070
0.19780, 0.05086
0.19914, 0.05102
0.20048, 0.05117
0.20183, 0.05132
0.20318, 0.05146
0.20453, 0.05161
0.20588, 0.05175
0.20723, 0.05189
0.20859, 0.05202
0.20995, 0.05216
0.21131, 0.05229
0.21267, 0.05241
0.21404, 0.05254
0.21541, 0.05266
0.21678, 0.05278
0.21815, 0.05290
0.21952, 0.05301
0.22090, 0.05312
0.22228, 0.05323
0.22366, 0.05334
0.22504, 0.05344
0.22642, 0.05354
0.22781, 0.05364
0.22919, 0.05374
0.23058, 0.05383
0.23197, 0.05392
0.23337, 0.05401
0.23476, 0.05410
0.23616, 0.05419
0.23756, 0.05427
0.23895, 0.05435
0.24036, 0.05442
0.24176, 0.05450
0.24316, 0.05457
0.24457, 0.05464
0.24598, 0.05471
0.24739, 0.05478
0.24880, 0.05484
0.25021, 0.05490
0.25162, 0.05496
0.25303, 0.05502
0.25445, 0.05508
0.25587, 0.05513
0.25729, 0.05518
0.25871, 0.05523
0.26013, 0.05528
0.26155, 0.05532
0.26297, 0.05537
0.26440, 0.05541
0.26583, 0.05545
0.26725, 0.05549
0.26868, 0.05552
0.27011, 0.05556
0.27155, 0.05559
0.27298, 0.05562
0.27442, 0.05565
0.27586, 0.05568
0.27730, 0.05570
0.27875, 0.05573
0.28019, 0.05575
0.28164, 0.05577
0.28309, 0.05579
0.28454, 0.05581
0.28599, 0.05582
0.28745, 0.05583
0.28891, 0.05584
0.29036, 0.05585
0.29182, 0.05586
0.29329, 0.05587
0.29475, 0.05587
0.29622, 0.05588
0.29768, 0.05588
0.29915, 0.05588
0.30062, 0.05587
0.30209, 0.05587
0.30357, 0.05587
0.30504, 0.05586
0.30652, 0.05585
0.30800, 0.05584
0.30948, 0.05583
0.31096, 0.05581
0.31245, 0.05580
0.31393, 0.05578
0.31542, 0.05576
0.31691, 0.05574
0.31839, 0.05572
0.31989, 0.05570
0.32138, 0.05567
0.32287, 0.05565
0.32437, 0.05562
0.32586, 0.05559
0.32736, 0.05556
0.32886, 0.05553
0.33036, 0.05549
0.33186, 0.05546
0.33337, 0.05542
0.33487, 0.05538
0.33638, 0.05534
0.33788, 0.05530
0.33939, 0.05526
0.34090, 0.05521
0.34241, 0.05517
0.34392, 0.05512
0.34544, 0.05507
0.34695, 0.05502
0.34847, 0.05497
0.34998, 0.05492
0.35150, 0.05487
0.35302, 0.05481
0.35454, 0.05475
0.35606, 0.05470
0.35758, 0.05464
0.35910, 0.05458
0.36063, 0.05452
0.36215, 0.05445
0.36368, 0.05439
0.36520, 0.05432
0.36673, 0.05426
0.36826, 0.05419
0.36979, 0.05412
0.37132, 0.05405
0.37285, 0.05398
0.37438, 0.05391
0.37592, 0.05383
0.37745, 0.05376
0.37898, 0.05368
0.38052, 0.05361
0.38206, 0.05353
0.38359, 0.05345
0.38513, 0.05337
0.38667, 0.05329
0.38821, 0.05320
0.38975, 0.05312
0.39129, 0.05304
0.39283, 0.05295
0.39437, 0.05286
0.39591, 0.05278
0.39746, 0.05269
0.39900, 0.05260
0.40054, 0.05251
0.40209, 0.05242
0.40363, 0.05233
0.40518, 0.05223
0.40673, 0.05214
0.40827, 0.05204
0.40982, 0.05195
0.41137, 0.05185
0.41292, 0.05175
0.41447, 0.05166
0.41602, 0.05156
0.41757, 0.05146
0.41912, 0.05136
0.42067, 0.05126
0.42222, 0.05115
0.42377, 0.05105
0.42532, 0.05095
0.42688, 0.05084
0.42843, 0.05074
0.42998, 0.05063
0.43153, 0.05053
0.43309, 0.05042
0.43464, 0.05031
0.43620, 0.05020
0.43775, 0.05009
0.43930, 0.04998
0.44086, 0.04987
0.44241, 0.04976
0.44397, 0.04965
0.44552, 0.04954
0.44708, 0.04943
0.44864, 0.04932
0.45019, 0.04920
0.45175, 0.04909
0.45330, 0.04898
0.45486, 0.04886
0.45642, 0.04875
0.45797, 0.04863
0.45953, 0.04852
0.46108, 0.04840
0.46264, 0.04828
0.46420, 0.04817
0.46575, 0.04805
0.46731, 0.04793
0.46887, 0.04781
0.47042, 0.04770
0.47198, 0.04758
0.47354, 0.04746
0.47509, 0.04734
0.47665, 0.04722
0.47820, 0.04710
0.47976, 0.04698
0.48131, 0.04686
0.48287, 0.04674
0.48443, 0.04662
0.48598, 0.04650
0.48754, 0.04638
0.48909, 0.04626
0.49064, 0.04614
0.49220, 0.04602
0.49375, 0.04590
0.49531, 0.04578
0.49686, 0.04566
0.49841, 0.04553
0.49997, 0.04541
0.50152, 0.04529
0.50307, 0.04517
0.50462, 0.04505
0.50618, 0.04493
0.50773, 0.04481
0.50928, 0.04469
0.51083, 0.04457
0.51238, 0.04445
0.51393, 0.04433
0.51548, 0.04421
0.51703, 0.04408
0.51858, 0.04396
0.52012, 0.04384
0.52167, 0.04372
0.52322, 0.04361
0.52477, 0.04349
0.52631, 0.04337
0.52786, 0.04325
0.52940, 0.04313
0.53095, 0.04301
0.53249, 0.04289
0.53403, 0.04277
0.53558, 0.04266
0.53712, 0.04254
0.53866, 0.04242
0.54020, 0.04231
0.54174, 0.04219
0.54328, 0.04207
0.54482, 0.04196
0.54636, 0.04184
0.54790, 0.04173
0.54944, 0.04161
0.55097, 0.04150
0.55251, 0.04139
0.55404, 0.04127
0.55558, 0.04116
0.55711, 0.04105
0.55864, 0.04094
0.56018, 0.04083
0.56171, 0.04072
0.56324, 0.04061
0.56477, 0.04050
0.56630, 0.04039
0.56783, 0.04028
0.56935, 0.04017
0.57088, 0.04006
0.57240, 0.03996
0.57393, 0.03985
0.57545, 0.03975
0.57698, 0.03964
0.57850, 0.03954
0.58002, 0.03944
0.58154, 0.03933
0.58306, 0.03923
0.58458, 0.03913
0.58609, 0.03903
0.58761, 0.03893
0.58913, 0.03883
0.59064, 0.03873
0.59215, 0.03863
0.59367, 0.03854
0.59518, 0.03844
0.59669, 0.03835
0.59820, 0.03825
0.59971, 0.03816
0.60121, 0.03807
0.60272, 0.03797
0.60422, 0.03788
0.60573, 0.03779
0.60723, 0.03770
0.60873, 0.03762
0.61023, 0.03753
0.61173, 0.03744
0.61323, 0.03736
0.61473, 0.03727
0.61622, 0.03719
0.61772, 0.03711
0.61921, 0.03702
0.62070, 0.03694
0.62219, 0.03686
0.62368, 0.03678
0.62517, 0.03671
0.62666, 0.03663
0.62815, 0.03655
0.62963, 0.03648
0.63111, 0.03640
0.63260, 0.03633
0.63408, 0.03626
0.63556, 0.03619
0.63703, 0.03612
0.63851, 0.03605
0.63999, 0.03598
0.64146, 0.03592
0.64293, 0.03585
0.64440, 0.03579
0.64587, 0.03572
0.64734, 0.03566
0.64881, 0.03560
0.65027, 0.03554
0.65174, 0.03548
0.65320, 0.03542
0.65466, 0.03537
0.65612, 0.03531
0.65758, 0.03526
0.65904, 0.03521
0.66049, 0.03515
0.66195, 0.03510
0.66340, 0.03505
0.66485, 0.03501
0.66629, 0.03496
0.66774, 0.03491
0.66918, 0.03487
0.67062, 0.03483
0.67206, 0.03478
0.67350, 0.03474
0.67493, 0.03470
0.67636, 0.03467
0.67778, 0.03463
0.67921, 0.03460
0.68063, 0.03456
0.68205, 0.03453
0.68347, 0.03450
0.68488, 0.03447
0.68629, 0.03445
0.68770, 0.03442
0.68911, 0.03440
0.69051, 0.03438
0.69191, 0.03436
0.69331, 0.03434
0.69471, 0.03433
0.69610, 0.03432
0.69750, 0.03431
0.69888, 0.03430
0.70027, 0.03429
0.70165, 0.03428
0.70304, 0.03428
0.70441, 0.03428
0.70579, 0.03428
0.70717, 0.03429
0.70854, 0.03429
0.70991, 0.03430
0.71127, 0.03431
0.71264, 0.03433
0.71400, 0.03434
0.71536, 0.03436
0.71671, 0.03438
0.71807, 0.03441
0.71942, 0.03443
0.72077, 0.03446
0.72212, 0.03449
0.72346, 0.03453
0.72480, 0.03456
0.72614, 0.03460
0.72748, 0.03464
0.72881, 0.03469
0.73015, 0.03474
0.73148, 0.03479
0.73280, 0.03484
0.73413, 0.03489
0.73545, 0.03495
0.73677, 0.03501
0.73809, 0.03508
0.73941, 0.03515
0.74072, 0.03522
0.74203, 0.03529
0.74334, 0.03536
0.74465, 0.03544
0.74595, 0.03553
0.74726, 0.03561
0.74856, 0.03570
0.74987, 0.03579
0.75118, 0.03589
0.75248, 0.03599
0.75379, 0.03609
0.75509, 0.03619
0.75640, 0.03630
0.75771, 0.03641
0.75901, 0.03652
0.76032, 0.03663
0.76162, 0.03675
0.76293, 0.03687
0.76423, 0.03699
0.76554, 0.03712
0.76684, 0.03724
0.76814, 0.03737
0.76945, 0.03750
0.77075, 0.03763
0.77205, 0.03776
0.77335, 0.03790
0.77465, 0.03803
0.77595, 0.03817
0.77724, 0.03831
0.77854, 0.03845
0.77984, 0.03859
0.78113, 0.03873
0.78242, 0.03888
0.78372, 0.03902
0.78501, 0.03917
0.78630, 0.03931
0.78759, 0.03946
0.78887, 0.03960
0.79016, 0.03975
0.79144, 0.03990
0.79273, 0.04005
0.79401, 0.04020
0.79529, 0.04035
0.79656, 0.04050
0.79784, 0.04065
0.79911, 0.04079
0.80039, 0.04094
0.80166, 0.04109
0.80293, 0.04124
0.80419, 0.04139
0.80546, 0.04154
0.80672, 0.04169
0.80798, 0.04183
0.80924, 0.04198
0.81050, 0.04212
0.81176, 0.04227
0.81301, 0.04241
0.81426, 0.04256
0.81551, 0.04270
0.81675, 0.04284
0.81800, 0.04298
0.81924, 0.04312
0.82048, 0.04326
0.82172, 0.04340
0.82295, 0.04354
0.82418, 0.04367
0.82541, 0.04380
0.82664, 0.04394
0.82786, 0.04407
0.82908, 0.04420
0.83030, 0.04432
0.83152, 0.04445
0.83273, 0.04457
0.83393, 0.04470
0.83514, 0.04482
0.83634, 0.04493
0.83754, 0.04505
0.83873, 0.04517
0.83992, 0.04528
0.84111, 0.04539
0.84229, 0.04550
0.84347, 0.04561
0.84465, 0.04572
0.84582, 0.04582
0.84699, 0.04593
0.84816, 0.04603
0.84932, 0.04613
0.85048, 0.04622
0.85163, 0.04632
0.85278, 0.04641
0.85393, 0.04651
0.85507, 0.04660
0.85621, 0.04669
0.85735, 0.04677
0.85848, 0.04686
0.85961, 0.04694
0.86073, 0.04702
0.86185, 0.04710
0.86297, 0.04718
0.86408, 0.04726
0.86519, 0.04733
0.86630, 0.04741
0.86740, 0.04748
0.86850, 0.04755
0.86959, 0.04761
0.87068, 0.04768
0.87177, 0.04774
0.87285, 0.04781
0.87393, 0.04787
0.87500, 0.04793
0.87607, 0.04798
0.87714, 0.04804
0.87820, 0.04809
0.87926, 0.04814
0.88031, 0.04819
0.88136, 0.04824
0.88241, 0.04829
0.88345, 0.04833
0.88449, 0.04838
0.88552, 0.04842
0.88655, 0.04846
0.88758, 0.04850
0.88860, 0.04853
0.88961, 0.04857
0.89063, 0.04860
0.89163, 0.04863
0.89264, 0.04866
0.89364, 0.04869
0.89463, 0.04872
0.89563, 0.04874
0.89661, 0.04877
0.89760, 0.04879
0.89858, 0.04881
0.89955, 0.04883
0.90052, 0.04885
0.90149, 0.04886
0.90245, 0.04888
0.90341, 0.04889
0.90436, 0.04890
0.90531, 0.04891
0.90625, 0.04892
0.90719, 0.04893
0.90813, 0.04893
0.90906, 0.04893
0.90999, 0.04894
0.91091, 0.04894
0.91183, 0.04894
0.91274, 0.04894
0.91365, 0.04893
0.91455, 0.04893
0.91545, 0.04892
0.91635, 0.04891
0.91724, 0.04890
0.91813, 0.04889
0.91901, 0.04888
0.91989, 0.04887
0.92076, 0.04886
0.92163, 0.04884
0.92249, 0.04882
0.92335, 0.04881
0.92421, 0.04879
0.92506, 0.04877
0.92591, 0.04875
0.92675, 0.04872
0.92758, 0.04870
0.92842, 0.04867
0.92925, 0.04865
0.93007, 0.04862
0.93089, 0.04859
0.93170, 0.04856
0.93251, 0.04853
0.93332, 0.04850
0.93412, 0.04847
0.93491, 0.04843
0.93570, 0.04840
0.93649, 0.04836
0.93727, 0.04833
0.93805, 0.04829
0.93882, 0.04825
0.93959, 0.04821
0.94035, 0.04817
0.94111, 0.04813
0.94186, 0.04809
0.94261, 0.04804
0.94335, 0.04800
0.94409, 0.04796
0.94483, 0.04791
0.94556, 0.04786
0.94628, 0.04782
0.94700, 0.04777
0.94772, 0.04772
0.94843, 0.04767
0.94914, 0.04762
0.94984, 0.04757
0.95054, 0.04752
0.95123, 0.04747
0.95192, 0.04741
0.95260, 0.04736
0.95328, 0.04731
0.95395, 0.04725
0.95462, 0.04720
0.95528, 0.04714
0.95594, 0.04708
0.95659, 0.04703
0.95724, 0.04697
0.95789, 0.04691
0.95853, 0.04685
0.95916, 0.04679
0.95979, 0.04674
0.96042, 0.04668
0.96104, 0.04662
0.96165, 0.04656
0.96226, 0.04649
0.96287, 0.04643
0.96347, 0.04637
0.96406, 0.04631
0.96466, 0.04625
0.96524, 0.04619
0.96582, 0.04612
0.96640, 0.04606
0.96697, 0.04600
0.96754, 0.04594
0.96810, 0.04587
0.96866, 0.04581
0.96921, 0.04574
0.96976, 0.04568
0.97030, 0.04562
0.97084, 0.04555
0.97137, 0.04549
0.97190, 0.04542
0.97242, 0.04536
0.97294, 0.04530
0.97346, 0.04523
0.97396, 0.04517
0.97447, 0.04510
0.97497, 0.04504
0.97546, 0.04497
0.97595, 0.04491
0.97643, 0.04484
0.97691, 0.04478
0.97739, 0.04472
0.97786, 0.04465
0.97832, 0.04459
0.97878, 0.04453
0.97924, 0.04446
0.97969, 0.04440
0.98013, 0.04434
0.98057, 0.04427
0.98101, 0.04421
0.98144, 0.04415
0.98186, 0.04409
0.98228, 0.04402
0.98270, 0.04396
0.98311, 0.04390
0.98352, 0.04384
0.98392, 0.04378
0.98431, 0.04372
0.98471, 0.04366
0.98509, 0.04360
0.98547, 0.04354
0.98585, 0.04348
0.98622, 0.04342
0.98659, 0.04337
0.98695, 0.04331
0.98731, 0.04325
0.98766, 0.04320
0.98801, 0.04314
0.98835, 0.04308
0.98868, 0.04303
0.98902, 0.04297
0.98934, 0.04292
0.98967, 0.04287
0.98998, 0.04281
0.99030, 0.04276
0.99060, 0.04271
0.99091, 0.04266
0.99120, 0.04261
0.99150, 0.04256
0.99179, 0.04251
0.99207, 0.04246
0.99235, 0.04241
0.99262, 0.04236
0.99289, 0.04232
0.99315, 0.04227
0.99341, 0.04223
0.99366, 0.04218
0.99391, 0.04214
0.99416, 0.04209
0.99439, 0.04205
0.99463, 0.04201
0.99486, 0.04197
0.99508, 0.04193
0.99530, 0.04189
0.99551, 0.04185
0.99572, 0.04181
0.99593, 0.04177
0.99613, 0.04174
0.99632, 0.04170
0.99651, 0.04167
0.99670, 0.04163
0.99688, 0.04160
0.99705, 0.04157
0.99722, 0.04154
0.99739, 0.04151
0.99755, 0.04148
0.99770, 0.04145
0.99785, 0.04142
0.99800, 0.04139
0.99814, 0.04136
0.99827, 0.04134
0.99840, 0.04131
0.99853, 0.04129
0.99865, 0.04127
0.99876, 0.04125
0.99887, 0.04122
0.99898, 0.04120
0.99908, 0.04119
0.99918, 0.04117
0.99927, 0.04115
0.99935, 0.04113
0.99944, 0.04112
0.99951, 0.04110
0.99958, 0.04109
0.99965, 0.04108
0.99971, 0.04106
0.99977, 0.04105
0.99982, 0.04104
0.99987, 0.04103
0.99991, 0.04103
0.99995, 0.04102
0.99998, 0.04101
1.00000, 0.04101
1.00003, 0.04100
1.00004, 0.04100
1.00006, 0.04100
1.00009, 0.04099
1.00009, 0.04099

=== Lower Surface ===
0.00000, -0.02415
0.00003, -0.02443
0.00005, -0.02471
0.00008, -0.02499
0.00011, -0.02527
0.00015, -0.02554
0.00020, -0.02582
0.00025, -0.02609
0.00030, -0.02637
0.00036, -0.02664
0.00043, -0.02691
0.00050, -0.02719
0.00057, -0.02746
0.00065, -0.02773
0.00073, -0.02800
0.00082, -0.02827
0.00092, -0.02854
0.00102, -0.02881
0.00112, -0.02907
0.00123, -0.02934
0.00135, -0.02960
0.00147, -0.02987
0.00159, -0.03013
0.00172, -0.03040
0.00185, -0.03066
0.00199, -0.03092
0.00214, -0.03118
0.00228, -0.03145
0.00244, -0.03171
0.00260, -0.03196
0.00276, -0.03222
0.00293, -0.03248
0.00310, -0.03274
0.00328, -0.03299
0.00346, -0.03325
0.00365, -0.03350
0.00385, -0.03376
0.00404, -0.03401
0.00425, -0.03426
0.00446, -0.03452
0.00467, -0.03477
0.00489, -0.03502
0.00511, -0.03527
0.00534, -0.03552
0.00557, -0.03576
0.00581, -0.03601
0.00605, -0.03626
0.00630, -0.03650
0.00655, -0.03675
0.00681, -0.03699
0.00707, -0.03723
0.00734, -0.03748
0.00761, -0.03772
0.00789, -0.03796
0.00817, -0.03820
0.00846, -0.03844
0.00875, -0.03868
0.00905, -0.03891
0.00935, -0.03915
0.00966, -0.03939
0.00997, -0.03962
0.01029, -0.03986
0.01061, -0.04009
0.01094, -0.04032
0.01127, -0.04055
0.01161, -0.04078
0.01195, -0.04101
0.01229, -0.04124
0.01265, -0.04147
0.01300, -0.04170
0.01336, -0.04192
0.01373, -0.04215
0.01410, -0.04237
0.01448, -0.04260
0.01486, -0.04282
0.01524, -0.04304
0.01563, -0.04326
0.01603, -0.04348
0.01643, -0.04370
0.01683, -0.04392
0.01724, -0.04414
0.01766, -0.04436
0.01808, -0.04457
0.01850, -0.04479
0.01893, -0.04500
0.01937, -0.04521
0.01980, -0.04542
0.02025, -0.04564
0.02070, -0.04584
0.02115, -0.04605
0.02161, -0.04626
0.02207, -0.04647
0.02254, -0.04667
0.02301, -0.04688
0.02349, -0.04708
0.02397, -0.04729
0.02446, -0.04749
0.02495, -0.04769
0.02545, -0.04789
0.02595, -0.04809
0.02646, -0.04829
0.02697, -0.04848
0.02749, -0.04868
0.02801, -0.04887
0.02853, -0.04907
0.02906, -0.04926
0.02960, -0.04945
0.03014, -0.04964
0.03068, -0.04983
0.03123, -0.05002
0.03179, -0.05021
0.03234, -0.05040
0.03291, -0.05058
0.03348, -0.05077
0.03405, -0.05095
0.03463, -0.05113
0.03521, -0.05131
0.03580, -0.05149
0.03639, -0.05167
0.03698, -0.05185
0.03759, -0.05203
0.03819, -0.05220
0.03880, -0.05238
0.03942, -0.05255
0.04004, -0.05272
0.04066, -0.05289
0.04129, -0.05306
0.04192, -0.05323
0.04256, -0.05340
0.04320, -0.05356
0.04385, -0.05373
0.04450, -0.05389
0.04516, -0.05406
0.04582, -0.05422
0.04649, -0.05438
0.04716, -0.05454
0.04783, -0.05470
0.04851, -0.05485
0.04920, -0.05501
0.04988, -0.05516
0.05058, -0.05532
0.05127, -0.05547
0.05198, -0.05562
0.05268, -0.05577
0.05339, -0.05592
0.05411, -0.05606
0.05483, -0.05621
0.05555, -0.05635
0.05628, -0.05650
0.05702, -0.05664
0.05775, -0.05678
0.05850, -0.05692
0.05924, -0.05706
0.05999, -0.05720
0.06075, -0.05733
0.06151, -0.05747
0.06227, -0.05760
0.06304, -0.05773
0.06381, -0.05786
0.06459, -0.05799
0.06537, -0.05812
0.06616, -0.05825
0.06695, -0.05837
0.06774, -0.05850
0.06854, -0.05862
0.06934, -0.05874
0.07015, -0.05886
0.07096, -0.05898
0.07178, -0.05910
0.07260, -0.05921
0.07342, -0.05933
0.07425, -0.05944
0.07509, -0.05956
0.07592, -0.05967
0.07676, -0.05978
0.07761, -0.05988
0.07846, -0.05999
0.07931, -0.06010
0.08017, -0.06020
0.08103, -0.06030
0.08190, -0.06040
0.08277, -0.06051
0.08364, -0.06060
0.08452, -0.06070
0.08541, -0.06080
0.08629, -0.06089
0.08718, -0.06098
0.08808, -0.06108
0.08898, -0.06117
0.08988, -0.06126
0.09079, -0.06134
0.09170, -0.06143
0.09261, -0.06151
0.09353, -0.06160
0.09446, -0.06168
0.09538, -0.06176
0.09631, -0.06184
0.09725, -0.06192
0.09819, -0.06199
0.09913, -0.06207
0.10008, -0.06214
0.10103, -0.06222
0.10198, -0.06229
0.10294, -0.06236
0.10390, -0.06242
0.10487, -0.06249
0.10584, -0.06256
0.10681, -0.06262
0.10779, -0.06268
0.10877, -0.06274
0.10975, -0.06280
0.11074, -0.06286
0.11174, -0.06292
0.11273, -0.06297
0.11373, -0.06303
0.11474, -0.06308
0.11574, -0.06313
0.11675, -0.06318
0.11777, -0.06323
0.11879, -0.06328
0.11981, -0.06332
0.12083, -0.06337
0.12186, -0.06341
0.12290, -0.06345
0.12393, -0.06349
0.12497, -0.06353
0.12602, -0.06356
0.12706, -0.06360
0.12811, -0.06363
0.12917, -0.06367
0.13023, -0.06370
0.13129, -0.06373
0.13235, -0.06376
0.13342, -0.06378
0.13449, -0.06381
0.13557, -0.06383
0.13665, -0.06386
0.13773, -0.06388
0.13881, -0.06390
0.13990, -0.06392
0.14099, -0.06394
0.14208, -0.06395
0.14318, -0.06397
0.14428, -0.06398
0.14538, -0.06400
0.14648, -0.06401
0.14758, -0.06402
0.14869, -0.06403
0.14980, -0.06404
0.15091, -0.06404
0.15202, -0.06405
0.15314, -0.06406
0.15426, -0.06406
0.15538, -0.06406
0.15650, -0.06407
0.15762, -0.06407
0.15875, -0.06407
0.15988, -0.06407
0.16100, -0.06407
0.16214, -0.06407
0.16327, -0.06407
0.16440, -0.06406
0.16554, -0.06406
0.16668, -0.06406
0.16782, -0.06405
0.16896, -0.06405
0.17010, -0.06404
0.17125, -0.06403
0.17240, -0.06403
0.17355, -0.06402
0.17470, -0.06401
0.17585, -0.06401
0.17700, -0.06400
0.17815, -0.06399
0.17931, -0.06398
0.18047, -0.06397
0.18163, -0.06397
0.18279, -0.06396
0.18395, -0.06395
0.18511, -0.06394
0.18627, -0.06393
0.18744, -0.06392
0.18860, -0.06391
0.18977, -0.06390
0.19094, -0.06390
0.19211, -0.06389
0.19328, -0.06388
0.19445, -0.06387
0.19562, -0.06387
0.19680, -0.06386
0.19797, -0.06385
0.19915, -0.06385
0.20032, -0.06384
0.20150, -0.06384
0.20268, -0.06383
0.20386, -0.06383
0.20504, -0.06382
0.20623, -0.06382
0.20742, -0.06382
0.20861, -0.06382
0.20980, -0.06381
0.21100, -0.06381
0.21220, -0.06381
0.21341, -0.06381
0.21462, -0.06381
0.21583, -0.06381
0.21705, -0.06381
0.21827, -0.06382
0.21949, -0.06382
0.22072, -0.06382
0.22195, -0.06382
0.22318, -0.06383
0.22442, -0.06383
0.22566, -0.06383
0.22690, -0.06384
0.22815, -0.06384
0.22940, -0.06385
0.23065, -0.06385
0.23191, -0.06386
0.23317, -0.06386
0.23444, -0.06387
0.23571, -0.06387
0.23698, -0.06388
0.23826, -0.06389
0.23954, -0.06389
0.24082, -0.06390
0.24210, -0.06391
0.24339, -0.06391
0.24469, -0.06392
0.24598, -0.06393
0.24728, -0.06394
0.24859, -0.06394
0.24989, -0.06395
0.25120, -0.06396
0.25252, -0.06397
0.25384, -0.06397
0.25516, -0.06398
0.25648, -0.06399
0.25781, -0.06400
0.25914, -0.06401
0.26048, -0.06401
0.26182, -0.06402
0.26316, -0.06403
0.26450, -0.06404
0.26585, -0.06404
0.26720, -0.06405
0.26856, -0.06406
0.26992, -0.06406
0.27128, -0.06407
0.27264, -0.06408
0.27401, -0.06408
0.27537, -0.06409
0.27674, -0.06409
0.27812, -0.06410
0.27949, -0.06410
0.28087, -0.06411
0.28225, -0.06411
0.28363, -0.06412
0.28502, -0.06412
0.28641, -0.06413
0.28780, -0.06413
0.28919, -0.06414
0.29058, -0.06414
0.29198, -0.06414
0.29338, -0.06415
0.29478, -0.06415
0.29619, -0.06415
0.29759, -0.06416
0.29900, -0.06416
0.30041, -0.06416
0.30183, -0.06416
0.30324, -0.06416
0.30466, -0.06416
0.30608, -0.06417
0.30750, -0.06417
0.30893, -0.06417
0.31035, -0.06417
0.31178, -0.06417
0.31321, -0.06417
0.31465, -0.06417
0.31608, -0.06417
0.31752, -0.06417
0.31896, -0.06416
0.32040, -0.06416
0.32185, -0.06416
0.32329, -0.06416
0.32474, -0.06416
0.32619, -0.06415
0.32764, -0.06415
0.32910, -0.06415
0.33055, -0.06414
0.33201, -0.06414
0.33347, -0.06414
0.33494, -0.06413
0.33640, -0.06413
0.33787, -0.06412
0.33934, -0.06412
0.34081, -0.06411
0.34228, -0.06410
0.34375, -0.06410
0.34523, -0.06409
0.34671, -0.06408
0.34819, -0.06408
0.34967, -0.06407
0.35115, -0.06406
0.35264, -0.06405
0.35413, -0.06404
0.35562, -0.06403
0.35711, -0.06402
0.35860, -0.06401
0.36010, -0.06400
0.36159, -0.06399
0.36309, -0.06398
0.36459, -0.06397
0.36609, -0.06395
0.36760, -0.06394
0.36910, -0.06393
0.37061, -0.06391
0.37212, -0.06390
0.37363, -0.06388
0.37514, -0.06387
0.37665, -0.06385
0.37817, -0.06384
0.37969, -0.06382
0.38120, -0.06380
0.38272, -0.06378
0.38425, -0.06377
0.38577, -0.06375
0.38729, -0.06373
0.38882, -0.06371
0.39035, -0.06369
0.39188, -0.06367
0.39341, -0.06365
0.39494, -0.06362
0.39647, -0.06360
0.39801, -0.06358
0.39954, -0.06355
0.40108, -0.06353
0.40262, -0.06350
0.40416, -0.06348
0.40570, -0.06345
0.40725, -0.06343
0.40879, -0.06340
0.41034, -0.06337
0.41188, -0.06334
0.41343, -0.06331
0.41498, -0.06328
0.41653, -0.06325
0.41808, -0.06322
0.41964, -0.06319
0.42119, -0.06316
0.42275, -0.06312
0.42430, -0.06309
0.42586, -0.06305
0.42742, -0.06302
0.42898, -0.06298
0.43054, -0.06294
0.43210, -0.06291
0.43367, -0.06287
0.43523, -0.06283
0.43680, -0.06279
0.43836, -0.06275
0.43993, -0.06271
0.44150, -0.06267
0.44307, -0.06262
0.44464, -0.06258
0.44621, -0.06253
0.44778, -0.06249
0.44936, -0.06244
0.45093, -0.06240
0.45250, -0.06235
0.45408, -0.06230
0.45566, -0.06225
0.45723, -0.06220
0.45881, -0.06215
0.46039, -0.06209
0.46197, -0.06204
0.46355, -0.06199
0.46513, -0.06193
0.46671, -0.06188
0.46829, -0.06182
0.46988, -0.06176
0.47146, -0.06170
0.47304, -0.06164
0.47463, -0.06158
0.47621, -0.06152
0.47780, -0.06146
0.47939, -0.06140
0.48097, -0.06133
0.48256, -0.06127
0.48415, -0.06120
0.48574, -0.06113
0.48733, -0.06106
0.48892, -0.06099
0.49051, -0.06092
0.49210, -0.06085
0.49369, -0.06078
0.49528, -0.06071
0.49687, -0.06063
0.49846, -0.06056
0.50005, -0.06048
0.50165, -0.06040
0.50324, -0.06032
0.50483, -0.06024
0.50642, -0.06016
0.50802, -0.06008
0.50961, -0.05999
0.51120, -0.05991
0.51280, -0.05982
0.51439, -0.05974
0.51599, -0.05965
0.51758, -0.05956
0.51917, -0.05947
0.52077, -0.05938
0.52236, -0.05928
0.52396, -0.05919
0.52555, -0.05909
0.52715, -0.05900
0.52874, -0.05890
0.53034, -0.05880
0.53193, -0.05870
0.53353, -0.05860
0.53512, -0.05850
0.53671, -0.05839
0.53831, -0.05829
0.53990, -0.05818
0.54150, -0.05807
0.54309, -0.05796
0.54468, -0.05785
0.54628, -0.05774
0.54787, -0.05763
0.54946, -0.05752
0.55105, -0.05740
0.55265, -0.05728
0.55424, -0.05717
0.55583, -0.05705
0.55742, -0.05692
0.55901, -0.05680
0.56060, -0.05668
0.56219, -0.05655
0.56378, -0.05643
0.56537, -0.05630
0.56696, -0.05617
0.56854, -0.05604
0.57013, -0.05591
0.57172, -0.05577
0.57331, -0.05564
0.57489, -0.05550
0.57648, -0.05537
0.57806, -0.05523
0.57964, -0.05509
0.58123, -0.05494
0.58281, -0.05480
0.58439, -0.05466
0.58597, -0.05451
0.58755, -0.05436
0.58913, -0.05421
0.59071, -0.05406
0.59229, -0.05391
0.59387, -0.05376
0.59544, -0.05360
0.59702, -0.05345
0.59859, -0.05329
0.60017, -0.05313
0.60174, -0.05297
0.60331, -0.05280
0.60489, -0.05264
0.60646, -0.05247
0.60802, -0.05231
0.60959, -0.05214
0.61116, -0.05197
0.61273, -0.05180
0.61429, -0.05162
0.61586, -0.05145
0.61742, -0.05127
0.61898, -0.05109
0.62054, -0.05091
0.62210, -0.05073
0.62366, -0.05055
0.62522, -0.05037
0.62677, -0.05018
0.62833, -0.04999
0.62988, -0.04980
0.63143, -0.04961
0.63298, -0.04942
0.63453, -0.04923
0.63608, -0.04903
0.63763, -0.04883
0.63918, -0.04864
0.64072, -0.04844
0.64226, -0.04823
0.64380, -0.04803
0.64534, -0.04783
0.64688, -0.04762
0.64842, -0.04741
0.64996, -0.04720
0.65149, -0.04699
0.65302, -0.04678
0.65455, -0.04656
0.65608, -0.04635
0.65761, -0.04613
0.65914, -0.04591
0.66066, -0.04569
0.66218, -0.04547
0.66371, -0.04524
0.66523, -0.04502
0.66674, -0.04479
0.66826, -0.04456
0.66977, -0.04433
0.67129, -0.04410
0.67280, -0.04386
0.67431, -0.04363
0.67583, -0.04339
0.67734, -0.04315
0.67885, -0.04291
0.68036, -0.04266
0.68186, -0.04242
0.68337, -0.04217
0.68488, -0.04192
0.68638, -0.04167
0.68789, -0.04142
0.68939, -0.04116
0.69089, -0.04090
0.69239, -0.04064
0.69389, -0.04038
0.69539, -0.04011
0.69689, -0.03985
0.69838, -0.03958
0.69988, -0.03930
0.70137, -0.03903
0.70286, -0.03875
0.70435, -0.03847
0.70584, -0.03819
0.70733, -0.03790
0.70881, -0.03762
0.71030, -0.03733
0.71178, -0.03703
0.71326, -0.03674
0.71474, -0.03644
0.71622, -0.03614
0.71769, -0.03583
0.71917, -0.03552
0.72064, -0.03521
0.72211, -0.03490
0.72358, -0.03459
0.72505, -0.03427
0.72651, -0.03395
0.72797, -0.03362
0.72944, -0.03329
0.73089, -0.03296
0.73235, -0.03263
0.73381, -0.03229
0.73526, -0.03195
0.73671, -0.03161
0.73816, -0.03126
0.73960, -0.03091
0.74105, -0.03056
0.74249, -0.03020
0.74393, -0.02984
0.74537, -0.02948
0.74680, -0.02911
0.74823, -0.02874
0.74966, -0.02837
0.75109, -0.02800
0.75251, -0.02762
0.75394, -0.02723
0.75535, -0.02685
0.75677, -0.02646
0.75818, -0.02607
0.75958, -0.02567
0.76098, -0.02528
0.76238, -0.02488
0.76377, -0.02447
0.76515, -0.02407
0.76653, -0.02366
0.76791, -0.02326
0.76928, -0.02285
0.77064, -0.02243
0.77200, -0.02202
0.77335, -0.02161
0.77470, -0.02119
0.77605, -0.02077
0.77739, -0.02035
0.77872, -0.01993
0.78005, -0.01951
0.78138, -0.01909
0.78270, -0.01866
0.78401, -0.01824
0.78532, -0.01781
0.78663, -0.01739
0.78793, -0.01696
0.78923, -0.01654
0.79052, -0.01611
0.79181, -0.01568
0.79309, -0.01525
0.79437, -0.01483
0.79564, -0.01440
0.79691, -0.01397
0.79818, -0.01354
0.79944, -0.01312
0.80069, -0.01269
0.80194, -0.01226
0.80319, -0.01184
0.80443, -0.01141
0.80567, -0.01099
0.80691, -0.01056
0.80814, -0.01014
0.80936, -0.00972
0.81058, -0.00930
0.81180, -0.00887
0.81301, -0.00845
0.81422, -0.00804
0.81542, -0.00762
0.81662, -0.00720
0.81782, -0.00678
0.81901, -0.00637
0.82020, -0.00596
0.82138, -0.00555
0.82256, -0.00514
0.82374, -0.00473
0.82491, -0.00432
0.82607, -0.00392
0.82724, -0.00351
0.82840, -0.00311
0.82955, -0.00271
0.83070, -0.00231
0.83185, -0.00192
0.83299, -0.00152
0.83413, -0.00113
0.83526, -0.00074
0.83639, -0.00035
0.83752, 0.00004
0.83864, 0.00042
0.83976, 0.00080
0.84088, 0.00118
0.84199, 0.00156
0.84310, 0.00194
0.84421, 0.00231
0.84531, 0.00268
0.84641, 0.00305
0.84751, 0.00342
0.84860, 0.00378
0.84969, 0.00415
0.85078, 0.00451
0.85186, 0.00487
0.85295, 0.00523
0.85402, 0.00558
0.85510, 0.00593
0.85617, 0.00628
0.85723, 0.00663
0.85830, 0.00698
0.85936, 0.00732
0.86041, 0.00766
0.86147, 0.00800
0.86252, 0.00834
0.86356, 0.00868
0.86461, 0.00901
0.86565, 0.00934
0.86669, 0.00967
0.86772, 0.01000
0.86875, 0.01032
0.86978, 0.01064
0.87080, 0.01096
0.87182, 0.01128
0.87283, 0.01160
0.87385, 0.01191
0.87486, 0.01222
0.87586, 0.01253
0.87687, 0.01284
0.87786, 0.01314
0.87886, 0.01344
0.87985, 0.01374
0.88084, 0.01404
0.88183, 0.01434
0.88281, 0.01463
0.88379, 0.01492
0.88476, 0.01521
0.88573, 0.01550
0.88670, 0.01578
0.88766, 0.01607
0.88862, 0.01635
0.88958, 0.01663
0.89054, 0.01690
0.89149, 0.01717
0.89243, 0.01745
0.89338, 0.01772
0.89431, 0.01798
0.89525, 0.01825
0.89618, 0.01851
0.89711, 0.01877
0.89804, 0.01903
0.89896, 0.01928
0.89988, 0.01954
0.90079, 0.01979
0.90170, 0.02004
0.90261, 0.02029
0.90351, 0.02053
0.90441, 0.02078
0.90531, 0.02102
0.90620, 0.02126
0.90709, 0.02149
0.90797, 0.02173
0.90885, 0.02196
0.90973, 0.02219
0.91060, 0.02242
0.91148, 0.02264
0.91234, 0.02287
0.91320, 0.02309
0.91406, 0.02331
0.91492, 0.02353
0.91577, 0.02374
0.91662, 0.02396
0.91746, 0.02417
0.91830, 0.02438
0.91914, 0.02458
0.91997, 0.02479
0.92080, 0.02499
0.92162, 0.02519
0.92245, 0.02539
0.92326, 0.02559
0.92408, 0.02578
0.92489, 0.02598
0.92569, 0.02617
0.92649, 0.02636
0.92729, 0.02654
0.92809, 0.02673
0.92888, 0.02691
0.92966, 0.02709
0.93045, 0.02727
0.93122, 0.02745
0.93200, 0.02763
0.93277, 0.02780
0.93354, 0.02797
0.93430, 0.02814
0.93506, 0.02831
0.93581, 0.02847
0.93657, 0.02864
0.93731, 0.02880
0.93806, 0.02896
0.93879, 0.02912
0.93953, 0.02927
0.94026, 0.02943
0.94099, 0.02958
0.94171, 0.02973
0.94243, 0.02988
0.94314, 0.03003
0.94386, 0.03018
0.94456, 0.03032
0.94527, 0.03046
0.94596, 0.03060
0.94666, 0.03074
0.94735, 0.03088
0.94804, 0.03102
0.94872, 0.03115
0.94940, 0.03128
0.95007, 0.03141
0.95074, 0.03154
0.95141, 0.03167
0.95207, 0.03179
0.95272, 0.03192
0.95338, 0.03204
0.95403, 0.03216
0.95467, 0.03228
0.95531, 0.03240
0.95595, 0.03251
0.95658, 0.03263
0.95721, 0.03274
0.95783, 0.03285
0.95845, 0.03296
0.95907, 0.03307
0.95968, 0.03317
0.96028, 0.03328
0.96089, 0.03338
0.96148, 0.03349
0.96208, 0.03359
0.96267, 0.03369
0.96325, 0.03378
0.96383, 0.03388
0.96441, 0.03398
0.96498, 0.03407
0.96555, 0.03416
0.96611, 0.03425
0.96667, 0.03434
0.96723, 0.03443
0.96778, 0.03452
0.96832, 0.03461
0.96886, 0.03469
0.96940, 0.03477
0.96993, 0.03485
0.97046, 0.03494
0.97099, 0.03501
0.97150, 0.03509
0.97202, 0.03517
0.97253, 0.03525
0.97304, 0.03532
0.97354, 0.03539
0.97403, 0.03547
0.97453, 0.03554
0.97501, 0.03561
0.97550, 0.03568
0.97598, 0.03574
0.97645, 0.03581
0.97692, 0.03587
0.97739, 0.03594
0.97785, 0.03600
0.97830, 0.03606
0.97875, 0.03612
0.97920, 0.03618
0.97964, 0.03624
0.98008, 0.03630
0.98052, 0.03636
0.98094, 0.03641
0.98137, 0.03647
0.98179, 0.03652
0.98220, 0.03658
0.98261, 0.03663
0.98302, 0.03668
0.98342, 0.03673
0.98381, 0.03678
0.98421, 0.03683
0.98459, 0.03687
0.98498, 0.03692
0.98535, 0.03697
0.98573, 0.03701
0.98609, 0.03705
0.98646, 0.03710
0.98682, 0.03714
0.98717, 0.03718
0.98752, 0.03722
0.98786, 0.03726
0.98820, 0.03730
0.98854, 0.03734
0.98887, 0.03737
0.98919, 0.03741
0.98951, 0.03745
0.98983, 0.03748
0.99014, 0.03752
0.99045, 0.03755
0.99075, 0.03758
0.99105, 0.03761
0.99134, 0.03765
0.99163, 0.03768
0.99191, 0.03771
0.99219, 0.03773
0.99246, 0.03776
0.99273, 0.03779
0.99299, 0.03782
0.99325, 0.03785
0.99350, 0.03787
0.99375, 0.03790
0.99400, 0.03792
0.99423, 0.03794
0.99447, 0.03797
0.99470, 0.03799
0.99492, 0.03801
0.99514, 0.03803
0.99536, 0.03806
0.99557, 0.03808
0.99577, 0.03810
0.99597, 0.03812
0.99617, 0.03813
0.99636, 0.03815
0.99654, 0.03817
0.99672, 0.03819
0.99690, 0.03820
0.99707, 0.03822
0.99723, 0.03824
0.99740, 0.03825
0.99755, 0.03826
0.99770, 0.03828
0.99785, 0.03829
0.99799, 0.03831
0.99813, 0.03832
0.99826, 0.03833
0.99838, 0.03834
0.99850, 0.03835
0.99862, 0.03836
0.99873, 0.03837
0.99884, 0.03838
0.99894, 0.03839
0.99904, 0.03840
0.99913, 0.03841
0.99922, 0.03842
0.99930, 0.03842
0.99938, 0.03843
0.99945, 0.03844
0.99951, 0.03844
0.99958, 0.03845
0.99963, 0.03845
0.99969, 0.03846
0.99973, 0.03846
0.99977, 0.03847
0.99981, 0.03847
0.99984, 0.03847
0.99987, 0.03847
0.99989, 0.03848
0.99991, 0.03848
0.99992, 0.03848
0.99991, 0.03848
0.99991, 0.03848
