airfoil_points_0299
1.000000 0.007708
0.999748 0.007753
0.998993 0.007890
0.997736 0.008116
0.995977 0.008430
0.993719 0.008829
0.990964 0.009311
0.987715 0.009870
0.983974 0.010505
0.979746 0.011209
0.975036 0.011978
0.969846 0.012808
0.964184 0.013693
0.958054 0.014628
0.951463 0.015610
0.944418 0.016633
0.936925 0.017694
0.928992 0.018791
0.920627 0.019922
0.911838 0.021084
0.902635 0.022278
0.893027 0.023505
0.883022 0.024768
0.872632 0.026070
0.861867 0.027416
0.850737 0.028812
0.839255 0.030269
0.827430 0.031793
0.815276 0.033389
0.802805 0.035055
0.790028 0.036787
0.776960 0.038582
0.763613 0.040438
0.750000 0.042350
0.736136 0.044311
0.722033 0.046311
0.707708 0.048338
0.693173 0.050379
0.678443 0.052420
0.663534 0.056068
0.648460 0.057905
0.633237 0.059579
0.617879 0.061222
0.602403 0.062835
0.586824 0.064420
0.571157 0.065974
0.555419 0.067493
0.539625 0.068971
0.523791 0.070399
0.507933 0.071764
0.492067 0.073054
0.476209 0.074252
0.460375 0.075344
0.444581 0.076314
0.428843 0.077148
0.413176 0.077834
0.397597 0.078361
0.382121 0.078722
0.366763 0.078913
0.351540 0.078935
0.336466 0.078788
0.321557 0.078478
0.306827 0.077999
0.292292 0.077350
0.277967 0.076531
0.263864 0.075542
0.250000 0.074381
0.236387 0.073030
0.223040 0.071468
0.209972 0.069679
0.197195 0.067651
0.184724 0.065376
0.172570 0.062863
0.160745 0.060140
0.149263 0.057235
0.138133 0.054175
0.127368 0.050985
0.116978 0.047687
0.106973 0.044304
0.097365 0.040858
0.088162 0.037369
0.079373 0.033857
0.071008 0.030337
0.063075 0.026822
0.055582 0.023324
0.048537 0.019851
0.041946 0.016413
0.035816 0.013014
0.030154 0.009659
0.024964 0.006350
0.020254 0.003091
0.016026 -0.000117
0.012285 -0.003273
0.009036 -0.006375
0.006281 -0.009422
0.004023 -0.012406
0.002264 -0.015313
0.001007 -0.018105
0.000252 -0.020624
0.000000 -0.021980
0.000252 -0.027928
0.001007 -0.030270
0.002264 -0.032722
0.004023 -0.035119
0.006281 -0.037417
0.009036 -0.039598
0.012285 -0.041651
0.016026 -0.043566
0.020254 -0.045337
0.024964 -0.046958
0.030154 -0.048421
0.035816 -0.049720
0.041946 -0.050851
0.048537 -0.051808
0.055582 -0.052588
0.063075 -0.053188
0.071008 -0.053607
0.079373 -0.053846
0.088162 -0.053909
0.097365 -0.053800
0.106973 -0.053529
0.116978 -0.053106
0.127368 -0.052547
0.138133 -0.051872
0.149263 -0.051102
0.160745 -0.050263
0.172570 -0.049379
0.184724 -0.048482
0.197195 -0.047607
0.209972 -0.046792
0.223040 -0.046053
0.236387 -0.045373
0.250000 -0.044731
0.263864 -0.044103
0.277967 -0.043464
0.292292 -0.042804
0.306827 -0.042126
0.321557 -0.041433
0.336466 -0.040729
0.351540 -0.040014
0.366763 -0.039295
0.382121 -0.038582
0.397597 -0.037881
0.413176 -0.037193
0.428843 -0.036518
0.444581 -0.035852
0.460375 -0.035187
0.476209 -0.034516
0.492067 -0.033830
0.507933 -0.033120
0.523791 -0.032379
0.539625 -0.031599
0.555419 -0.030777
0.571157 -0.029911
0.586824 -0.029003
0.602403 -0.028055
0.617879 -0.027074
0.633237 -0.026066
0.648460 -0.025040
0.663534 -0.025606
0.678443 -0.025059
0.693173 -0.024291
0.707708 -0.023497
0.722033 -0.022671
0.736136 -0.021807
0.750000 -0.020898
0.763613 -0.019943
0.776960 -0.018940
0.790028 -0.017891
0.802805 -0.016799
0.815276 -0.015667
0.827430 -0.014498
0.839255 -0.013295
0.850737 -0.012067
0.861867 -0.010829
0.872632 -0.009593
0.883022 -0.008373
0.893027 -0.007179
0.902635 -0.006019
0.911838 -0.004902
0.920627 -0.003834
0.928992 -0.002820
0.936925 -0.001864
0.944418 -0.000969
0.951463 -0.000137
0.958054 0.000632
0.964184 0.001337
0.969846 0.001978
0.975036 0.002556
0.979746 0.003073
0.983974 0.003529
0.987715 0.003926
0.990964 0.004266
0.993719 0.004551
0.995977 0.004781
0.997736 0.004959
0.998993 0.005085
0.999748 0.005160
1.000000 0.005182
