=== Airfoil Parameters ===
m = 0.02
p = 0.4
t = 0.12

=== Control Points ===
0.00000, 0.01050, 0.01050
0.06667, 0.01455, 0.00844
0.13333, 0.01642, 0.00531
0.20000, 0.01772, 0.00272
0.26667, 0.01963, 0.00185
0.66667, 0.01831, 0.00226
0.75000, 0.01580, 0.00260
0.83333, 0.01178, 0.00221
0.91667, 0.00637, 0.00120
1.00000, 0.00023, 0.00023

=== Upper Surface ===
0.00000, 0.01050
-0.00003, 0.01078
-0.00004, 0.01106
-0.00005, 0.01134
-0.00005, 0.01162
-0.00006, 0.01190
-0.00005, 0.01218
-0.00004, 0.01246
-0.00003, 0.01274
-0.00001, 0.01302
0.00001, 0.01330
0.00004, 0.01358
0.00007, 0.01386
0.00011, 0.01414
0.00016, 0.01442
0.00021, 0.01470
0.00026, 0.01498
0.00032, 0.01526
0.00038, 0.01554
0.00045, 0.01582
0.00053, 0.01610
0.00060, 0.01637
0.00069, 0.01665
0.00078, 0.01693
0.00087, 0.01721
0.00097, 0.01749
0.00107, 0.01777
0.00118, 0.01805
0.00130, 0.01833
0.00142, 0.01861
0.00154, 0.01889
0.00167, 0.01917
0.00181, 0.01945
0.00195, 0.01973
0.00209, 0.02001
0.00224, 0.02029
0.00239, 0.02057
0.00255, 0.02085
0.00272, 0.02113
0.00289, 0.02141
0.00306, 0.02169
0.00324, 0.02197
0.00343, 0.02225
0.00362, 0.02253
0.00381, 0.02281
0.00401, 0.02309
0.00422, 0.02337
0.00443, 0.02365
0.00465, 0.02393
0.00487, 0.02421
0.00509, 0.02449
0.00532, 0.02477
0.00556, 0.02504
0.00580, 0.02532
0.00605, 0.02560
0.00630, 0.02588
0.00655, 0.02616
0.00681, 0.02644
0.00708, 0.02672
0.00735, 0.02699
0.00763, 0.02727
0.00791, 0.02755
0.00820, 0.02783
0.00849, 0.02810
0.00878, 0.02838
0.00909, 0.02866
0.00939, 0.02894
0.00970, 0.02921
0.01002, 0.02949
0.01034, 0.02977
0.01067, 0.03004
0.01100, 0.03032
0.01134, 0.03059
0.01168, 0.03087
0.01203, 0.03115
0.01238, 0.03142
0.01274, 0.03170
0.01310, 0.03197
0.01347, 0.03225
0.01384, 0.03252
0.01422, 0.03279
0.01460, 0.03307
0.01499, 0.03334
0.01538, 0.03361
0.01578, 0.03389
0.01618, 0.03416
0.01659, 0.03443
0.01700, 0.03470
0.01742, 0.03498
0.01784, 0.03525
0.01827, 0.03552
0.01870, 0.03579
0.01914, 0.03606
0.01958, 0.03633
0.02003, 0.03660
0.02048, 0.03687
0.02094, 0.03714
0.02140, 0.03740
0.02187, 0.03767
0.02234, 0.03794
0.02282, 0.03821
0.02330, 0.03847
0.02379, 0.03874
0.02428, 0.03901
0.02478, 0.03927
0.02528, 0.03954
0.02579, 0.03980
0.02630, 0.04007
0.02681, 0.04033
0.02734, 0.04059
0.02786, 0.04086
0.02839, 0.04112
0.02893, 0.04138
0.02947, 0.04164
0.03002, 0.04190
0.03057, 0.04216
0.03113, 0.04242
0.03169, 0.04268
0.03225, 0.04294
0.03282, 0.04320
0.03340, 0.04346
0.03398, 0.04371
0.03456, 0.04397
0.03515, 0.04423
0.03575, 0.04448
0.03635, 0.04474
0.03695, 0.04499
0.03756, 0.04524
0.03818, 0.04550
0.03879, 0.04575
0.03942, 0.04600
0.04005, 0.04625
0.04068, 0.04650
0.04132, 0.04675
0.04196, 0.04700
0.04261, 0.04725
0.04326, 0.04750
0.04392, 0.04774
0.04458, 0.04799
0.04524, 0.04823
0.04592, 0.04848
0.04659, 0.04872
0.04727, 0.04897
0.04796, 0.04921
0.04865, 0.04945
0.04934, 0.04969
0.05004, 0.04993
0.05074, 0.05017
0.05145, 0.05041
0.05216, 0.05065
0.05288, 0.05089
0.05360, 0.05112
0.05433, 0.05136
0.05506, 0.05159
0.05580, 0.05183
0.05654, 0.05206
0.05728, 0.05229
0.05803, 0.05252
0.05878, 0.05275
0.05954, 0.05298
0.06030, 0.05321
0.06107, 0.05344
0.06184, 0.05367
0.06262, 0.05390
0.06340, 0.05412
0.06418, 0.05435
0.06497, 0.05457
0.06577, 0.05479
0.06657, 0.05501
0.06737, 0.05523
0.06818, 0.05545
0.06899, 0.05567
0.06980, 0.05589
0.07062, 0.05611
0.07145, 0.05633
0.07228, 0.05654
0.07311, 0.05676
0.07395, 0.05697
0.07479, 0.05718
0.07564, 0.05739
0.07649, 0.05760
0.07734, 0.05781
0.07820, 0.05802
0.07906, 0.05823
0.07993, 0.05844
0.08080, 0.05864
0.08168, 0.05885
0.08256, 0.05905
0.08344, 0.05925
0.08433, 0.05945
0.08522, 0.05966
0.08612, 0.05986
0.08702, 0.06005
0.08792, 0.06025
0.08883, 0.06045
0.08974, 0.06064
0.09066, 0.06084
0.09158, 0.06103
0.09251, 0.06122
0.09344, 0.06142
0.09437, 0.06161
0.09530, 0.06180
0.09625, 0.06198
0.09719, 0.06217
0.09814, 0.06236
0.09909, 0.06254
0.10005, 0.06273
0.10101, 0.06291
0.10197, 0.06309
0.10294, 0.06327
0.10391, 0.06345
0.10489, 0.06363
0.10587, 0.06381
0.10685, 0.06398
0.10784, 0.06416
0.10883, 0.06433
0.10982, 0.06451
0.11082, 0.06468
0.11183, 0.06485
0.11283, 0.06502
0.11384, 0.06519
0.11485, 0.06536
0.11587, 0.06553
0.11689, 0.06569
0.11792, 0.06586
0.11894, 0.06602
0.11998, 0.06618
0.12101, 0.06634
0.12205, 0.06651
0.12309, 0.06666
0.12414, 0.06682
0.12519, 0.06698
0.12624, 0.06714
0.12730, 0.06729
0.12836, 0.06745
0.12942, 0.06760
0.13049, 0.06775
0.13156, 0.06790
0.13263, 0.06805
0.13371, 0.06820
0.13479, 0.06835
0.13587, 0.06850
0.13696, 0.06864
0.13805, 0.06879
0.13914, 0.06893
0.14024, 0.06907
0.14134, 0.06922
0.14244, 0.06936
0.14354, 0.06950
0.14465, 0.06963
0.14577, 0.06977
0.14688, 0.06991
0.14800, 0.07004
0.14912, 0.07018
0.15025, 0.07031
0.15137, 0.07045
0.15250, 0.07058
0.15364, 0.07071
0.15477, 0.07084
0.15591, 0.07097
0.15706, 0.07110
0.15820, 0.07122
0.15935, 0.07135
0.16050, 0.07148
0.16165, 0.07160
0.16281, 0.07172
0.16397, 0.07185
0.16513, 0.07197
0.16630, 0.07209
0.16747, 0.07221
0.16864, 0.07233
0.16981, 0.07245
0.17099, 0.07257
0.17217, 0.07269
0.17335, 0.07280
0.17453, 0.07292
0.17572, 0.07303
0.17691, 0.07315
0.17810, 0.07326
0.17930, 0.07337
0.18050, 0.07349
0.18170, 0.07360
0.18290, 0.07371
0.18410, 0.07382
0.18531, 0.07393
0.18652, 0.07403
0.18774, 0.07414
0.18895, 0.07425
0.19017, 0.07436
0.19139, 0.07446
0.19261, 0.07457
0.19384, 0.07467
0.19506, 0.07478
0.19629, 0.07488
0.19753, 0.07499
0.19876, 0.07509
0.20000, 0.07519
0.20124, 0.07529
0.20248, 0.07539
0.20373, 0.07550
0.20498, 0.07560
0.20624, 0.07570
0.20750, 0.07580
0.20876, 0.07589
0.21002, 0.07599
0.21129, 0.07609
0.21257, 0.07619
0.21384, 0.07628
0.21512, 0.07638
0.21641, 0.07647
0.21769, 0.07657
0.21898, 0.07666
0.22028, 0.07676
0.22157, 0.07685
0.22287, 0.07694
0.22418, 0.07703
0.22548, 0.07712
0.22680, 0.07721
0.22811, 0.07730
0.22943, 0.07739
0.23075, 0.07748
0.23207, 0.07756
0.23340, 0.07765
0.23473, 0.07773
0.23607, 0.07782
0.23741, 0.07790
0.23875, 0.07798
0.24009, 0.07806
0.24144, 0.07814
0.24279, 0.07822
0.24415, 0.07830
0.24551, 0.07838
0.24687, 0.07846
0.24823, 0.07853
0.24960, 0.07861
0.25098, 0.07868
0.25235, 0.07875
0.25373, 0.07882
0.25511, 0.07889
0.25650, 0.07896
0.25788, 0.07903
0.25928, 0.07910
0.26067, 0.07916
0.26207, 0.07923
0.26347, 0.07929
0.26487, 0.07935
0.26628, 0.07941
0.26769, 0.07947
0.26910, 0.07953
0.27052, 0.07959
0.27193, 0.07964
0.27335, 0.07970
0.27477, 0.07975
0.27620, 0.07980
0.27762, 0.07985
0.27905, 0.07990
0.28048, 0.07995
0.28191, 0.07999
0.28335, 0.08004
0.28478, 0.08008
0.28622, 0.08012
0.28766, 0.08016
0.28911, 0.08020
0.29055, 0.08024
0.29200, 0.08028
0.29345, 0.08032
0.29490, 0.08035
0.29635, 0.08038
0.29781, 0.08042
0.29926, 0.08045
0.30072, 0.08048
0.30218, 0.08050
0.30365, 0.08053
0.30511, 0.08056
0.30658, 0.08058
0.30805, 0.08060
0.30952, 0.08062
0.31099, 0.08064
0.31246, 0.08066
0.31394, 0.08068
0.31542, 0.08070
0.31690, 0.08071
0.31838, 0.08073
0.31986, 0.08074
0.32135, 0.08075
0.32283, 0.08076
0.32432, 0.08077
0.32581, 0.08078
0.32731, 0.08078
0.32880, 0.08079
0.33029, 0.08079
0.33179, 0.08080
0.33329, 0.08080
0.33479, 0.08080
0.33629, 0.08080
0.33779, 0.08079
0.33930, 0.08079
0.34081, 0.08079
0.34231, 0.08078
0.34382, 0.08077
0.34533, 0.08076
0.34685, 0.08075
0.34836, 0.08074
0.34988, 0.08073
0.35139, 0.08072
0.35291, 0.08070
0.35443, 0.08069
0.35595, 0.08067
0.35747, 0.08065
0.35900, 0.08063
0.36052, 0.08061
0.36205, 0.08059
0.36358, 0.08056
0.36511, 0.08054
0.36664, 0.08051
0.36817, 0.08049
0.36970, 0.08046
0.37124, 0.08043
0.37277, 0.08040
0.37431, 0.08037
0.37584, 0.08033
0.37738, 0.08030
0.37892, 0.08026
0.38047, 0.08023
0.38201, 0.08019
0.38355, 0.08015
0.38510, 0.08011
0.38664, 0.08007
0.38819, 0.08003
0.38974, 0.07999
0.39128, 0.07994
0.39283, 0.07990
0.39438, 0.07985
0.39594, 0.07980
0.39749, 0.07975
0.39904, 0.07970
0.40060, 0.07965
0.40215, 0.07960
0.40371, 0.07954
0.40527, 0.07949
0.40682, 0.07943
0.40838, 0.07938
0.40994, 0.07932
0.41150, 0.07926
0.41307, 0.07920
0.41463, 0.07914
0.41619, 0.07908
0.41775, 0.07901
0.41932, 0.07895
0.42088, 0.07888
0.42245, 0.07881
0.42402, 0.07875
0.42558, 0.07868
0.42715, 0.07861
0.42872, 0.07854
0.43029, 0.07847
0.43186, 0.07839
0.43343, 0.07832
0.43500, 0.07824
0.43657, 0.07817
0.43815, 0.07809
0.43972, 0.07801
0.44129, 0.07793
0.44287, 0.07785
0.44444, 0.07777
0.44601, 0.07769
0.44759, 0.07760
0.44917, 0.07752
0.45074, 0.07744
0.45232, 0.07735
0.45390, 0.07726
0.45547, 0.07717
0.45705, 0.07708
0.45863, 0.07699
0.46021, 0.07690
0.46178, 0.07681
0.46336, 0.07672
0.46494, 0.07662
0.46652, 0.07653
0.46810, 0.07643
0.46968, 0.07634
0.47126, 0.07624
0.47284, 0.07614
0.47442, 0.07604
0.47600, 0.07594
0.47758, 0.07584
0.47917, 0.07573
0.48075, 0.07563
0.48233, 0.07553
0.48391, 0.07542
0.48549, 0.07532
0.48707, 0.07521
0.48865, 0.07510
0.49024, 0.07499
0.49182, 0.07488
0.49340, 0.07477
0.49498, 0.07466
0.49656, 0.07455
0.49814, 0.07444
0.49972, 0.07432
0.50131, 0.07421
0.50289, 0.07409
0.50447, 0.07398
0.50605, 0.07386
0.50763, 0.07374
0.50921, 0.07362
0.51079, 0.07350
0.51237, 0.07338
0.51395, 0.07326
0.51553, 0.07314
0.51711, 0.07302
0.51869, 0.07289
0.52027, 0.07277
0.52185, 0.07264
0.52343, 0.07252
0.52501, 0.07239
0.52658, 0.07226
0.52816, 0.07214
0.52974, 0.07201
0.53132, 0.07188
0.53289, 0.07175
0.53447, 0.07162
0.53604, 0.07148
0.53762, 0.07135
0.53919, 0.07122
0.54077, 0.07108
0.54234, 0.07095
0.54391, 0.07081
0.54549, 0.07068
0.54706, 0.07054
0.54863, 0.07040
0.55020, 0.07027
0.55177, 0.07013
0.55334, 0.06999
0.55491, 0.06985
0.55648, 0.06971
0.55805, 0.06957
0.55962, 0.06942
0.56118, 0.06928
0.56275, 0.06914
0.56432, 0.06899
0.56588, 0.06885
0.56744, 0.06870
0.56901, 0.06856
0.57057, 0.06841
0.57213, 0.06827
0.57369, 0.06812
0.57525, 0.06797
0.57681, 0.06782
0.57837, 0.06767
0.57993, 0.06752
0.58148, 0.06737
0.58304, 0.06722
0.58459, 0.06707
0.58615, 0.06692
0.58770, 0.06676
0.58925, 0.06661
0.59081, 0.06646
0.59236, 0.06630
0.59390, 0.06615
0.59545, 0.06599
0.59700, 0.06584
0.59855, 0.06568
0.60009, 0.06552
0.60164, 0.06537
0.60318, 0.06521
0.60472, 0.06505
0.60626, 0.06489
0.60780, 0.06473
0.60934, 0.06457
0.61088, 0.06441
0.61241, 0.06425
0.61395, 0.06409
0.61548, 0.06393
0.61701, 0.06377
0.61855, 0.06360
0.62008, 0.06344
0.62161, 0.06328
0.62313, 0.06311
0.62466, 0.06295
0.62618, 0.06278
0.62771, 0.06262
0.62923, 0.06245
0.63075, 0.06229
0.63227, 0.06212
0.63379, 0.06196
0.63531, 0.06179
0.63682, 0.06162
0.63834, 0.06145
0.63985, 0.06128
0.64136, 0.06112
0.64287, 0.06095
0.64438, 0.06078
0.64589, 0.06061
0.64739, 0.06044
0.64889, 0.06027
0.65040, 0.06010
0.65190, 0.05993
0.65340, 0.05976
0.65489, 0.05958
0.65639, 0.05941
0.65789, 0.05924
0.65938, 0.05907
0.66087, 0.05890
0.66236, 0.05872
0.66385, 0.05855
0.66533, 0.05838
0.66682, 0.05820
0.66830, 0.05803
0.66978, 0.05785
0.67126, 0.05768
0.67274, 0.05750
0.67422, 0.05733
0.67569, 0.05715
0.67717, 0.05698
0.67864, 0.05680
0.68011, 0.05663
0.68158, 0.05645
0.68304, 0.05627
0.68451, 0.05610
0.68597, 0.05592
0.68744, 0.05574
0.68890, 0.05556
0.69035, 0.05538
0.69181, 0.05520
0.69327, 0.05503
0.69472, 0.05485
0.69617, 0.05467
0.69762, 0.05449
0.69907, 0.05431
0.70052, 0.05412
0.70196, 0.05394
0.70340, 0.05376
0.70484, 0.05358
0.70628, 0.05340
0.70772, 0.05322
0.70915, 0.05303
0.71059, 0.05285
0.71202, 0.05267
0.71345, 0.05248
0.71487, 0.05230
0.71630, 0.05211
0.71772, 0.05193
0.71914, 0.05174
0.72056, 0.05156
0.72198, 0.05137
0.72339, 0.05119
0.72480, 0.05100
0.72621, 0.05081
0.72762, 0.05062
0.72903, 0.05044
0.73043, 0.05025
0.73183, 0.05006
0.73323, 0.04987
0.73463, 0.04968
0.73602, 0.04949
0.73741, 0.04930
0.73880, 0.04911
0.74019, 0.04892
0.74158, 0.04873
0.74296, 0.04854
0.74434, 0.04834
0.74572, 0.04815
0.74709, 0.04796
0.74847, 0.04777
0.74984, 0.04757
0.75121, 0.04738
0.75257, 0.04718
0.75394, 0.04699
0.75530, 0.04679
0.75666, 0.04660
0.75801, 0.04640
0.75936, 0.04621
0.76071, 0.04601
0.76206, 0.04581
0.76341, 0.04562
0.76475, 0.04542
0.76609, 0.04522
0.76742, 0.04502
0.76876, 0.04483
0.77009, 0.04463
0.77142, 0.04443
0.77274, 0.04423
0.77406, 0.04403
0.77538, 0.04383
0.77670, 0.04363
0.77801, 0.04343
0.77932, 0.04323
0.78063, 0.04303
0.78194, 0.04283
0.78324, 0.04263
0.78454, 0.04243
0.78583, 0.04223
0.78713, 0.04203
0.78842, 0.04182
0.78971, 0.04162
0.79099, 0.04142
0.79227, 0.04122
0.79355, 0.04102
0.79483, 0.04081
0.79610, 0.04061
0.79737, 0.04041
0.79863, 0.04021
0.79990, 0.04000
0.80116, 0.03980
0.80242, 0.03960
0.80367, 0.03940
0.80492, 0.03919
0.80617, 0.03899
0.80741, 0.03879
0.80866, 0.03858
0.80989, 0.03838
0.81113, 0.03818
0.81236, 0.03797
0.81359, 0.03777
0.81482, 0.03757
0.81604, 0.03736
0.81726, 0.03716
0.81847, 0.03696
0.81969, 0.03675
0.82090, 0.03655
0.82210, 0.03635
0.82331, 0.03614
0.82451, 0.03594
0.82570, 0.03574
0.82690, 0.03553
0.82809, 0.03533
0.82927, 0.03513
0.83046, 0.03492
0.83164, 0.03472
0.83281, 0.03452
0.83398, 0.03431
0.83515, 0.03411
0.83632, 0.03391
0.83748, 0.03371
0.83864, 0.03350
0.83980, 0.03330
0.84095, 0.03310
0.84210, 0.03290
0.84325, 0.03270
0.84439, 0.03250
0.84553, 0.03229
0.84666, 0.03209
0.84780, 0.03189
0.84892, 0.03169
0.85005, 0.03149
0.85117, 0.03129
0.85229, 0.03109
0.85340, 0.03089
0.85451, 0.03069
0.85562, 0.03049
0.85672, 0.03029
0.85782, 0.03009
0.85892, 0.02989
0.86001, 0.02969
0.86110, 0.02950
0.86218, 0.02930
0.86327, 0.02910
0.86434, 0.02890
0.86542, 0.02871
0.86649, 0.02851
0.86756, 0.02831
0.86862, 0.02812
0.86968, 0.02792
0.87073, 0.02773
0.87179, 0.02753
0.87284, 0.02734
0.87388, 0.02714
0.87492, 0.02695
0.87596, 0.02675
0.87699, 0.02656
0.87802, 0.02637
0.87905, 0.02617
0.88007, 0.02598
0.88109, 0.02579
0.88210, 0.02560
0.88311, 0.02541
0.88412, 0.02522
0.88512, 0.02503
0.88612, 0.02484
0.88712, 0.02465
0.88811, 0.02446
0.88910, 0.02427
0.89008, 0.02408
0.89106, 0.02389
0.89204, 0.02371
0.89301, 0.02352
0.89398, 0.02333
0.89494, 0.02315
0.89590, 0.02296
0.89686, 0.02278
0.89781, 0.02260
0.89876, 0.02241
0.89970, 0.02223
0.90064, 0.02205
0.90158, 0.02186
0.90251, 0.02168
0.90344, 0.02150
0.90437, 0.02132
0.90529, 0.02114
0.90620, 0.02096
0.90712, 0.02078
0.90802, 0.02060
0.90893, 0.02043
0.90983, 0.02025
0.91073, 0.02007
0.91162, 0.01990
0.91251, 0.01972
0.91339, 0.01955
0.91427, 0.01937
0.91515, 0.01920
0.91602, 0.01903
0.91689, 0.01885
0.91775, 0.01868
0.91861, 0.01851
0.91946, 0.01834
0.92031, 0.01817
0.92116, 0.01800
0.92200, 0.01783
0.92284, 0.01766
0.92368, 0.01750
0.92451, 0.01733
0.92533, 0.01717
0.92616, 0.01700
0.92697, 0.01684
0.92779, 0.01667
0.92860, 0.01651
0.92940, 0.01635
0.93020, 0.01618
0.93100, 0.01602
0.93179, 0.01586
0.93258, 0.01570
0.93336, 0.01554
0.93414, 0.01538
0.93492, 0.01523
0.93569, 0.01507
0.93646, 0.01491
0.93722, 0.01476
0.93798, 0.01460
0.93873, 0.01445
0.93948, 0.01430
0.94022, 0.01414
0.94097, 0.01399
0.94170, 0.01384
0.94243, 0.01369
0.94316, 0.01354
0.94389, 0.01339
0.94460, 0.01325
0.94532, 0.01310
0.94603, 0.01295
0.94674, 0.01281
0.94744, 0.01266
0.94813, 0.01252
0.94883, 0.01237
0.94951, 0.01223
0.95020, 0.01209
0.95088, 0.01195
0.95155, 0.01181
0.95222, 0.01167
0.95289, 0.01153
0.95355, 0.01140
0.95421, 0.01126
0.95486, 0.01112
0.95551, 0.01099
0.95615, 0.01085
0.95679, 0.01072
0.95743, 0.01059
0.95806, 0.01046
0.95868, 0.01033
0.95931, 0.01020
0.95992, 0.01007
0.96053, 0.00994
0.96114, 0.00981
0.96175, 0.00968
0.96234, 0.00956
0.96294, 0.00943
0.96353, 0.00931
0.96411, 0.00919
0.96469, 0.00906
0.96527, 0.00894
0.96584, 0.00882
0.96641, 0.00870
0.96697, 0.00859
0.96753, 0.00847
0.96808, 0.00835
0.96863, 0.00823
0.96917, 0.00812
0.96971, 0.00801
0.97025, 0.00789
0.97078, 0.00778
0.97130, 0.00767
0.97183, 0.00756
0.97234, 0.00745
0.97285, 0.00734
0.97336, 0.00723
0.97386, 0.00713
0.97436, 0.00702
0.97485, 0.00692
0.97534, 0.00681
0.97583, 0.00671
0.97631, 0.00661
0.97678, 0.00651
0.97725, 0.00641
0.97772, 0.00631
0.97818, 0.00621
0.97863, 0.00611
0.97908, 0.00602
0.97953, 0.00592
0.97997, 0.00583
0.98041, 0.00573
0.98084, 0.00564
0.98127, 0.00555
0.98169, 0.00546
0.98211, 0.00537
0.98252, 0.00528
0.98293, 0.00519
0.98333, 0.00511
0.98373, 0.00502
0.98413, 0.00494
0.98452, 0.00485
0.98490, 0.00477
0.98528, 0.00469
0.98566, 0.00461
0.98603, 0.00453
0.98640, 0.00445
0.98676, 0.00437
0.98711, 0.00430
0.98747, 0.00422
0.98781, 0.00414
0.98815, 0.00407
0.98849, 0.00400
0.98882, 0.00393
0.98915, 0.00386
0.98948, 0.00379
0.98979, 0.00372
0.99011, 0.00365
0.99042, 0.00358
0.99072, 0.00352
0.99102, 0.00345
0.99131, 0.00339
0.99160, 0.00333
0.99189, 0.00327
0.99217, 0.00321
0.99244, 0.00315
0.99271, 0.00309
0.99298, 0.00303
0.99324, 0.00297
0.99349, 0.00292
0.99375, 0.00286
0.99399, 0.00281
0.99423, 0.00276
0.99447, 0.00271
0.99470, 0.00266
0.99493, 0.00261
0.99515, 0.00256
0.99537, 0.00251
0.99558, 0.00247
0.99579, 0.00242
0.99599, 0.00238
0.99619, 0.00234
0.99638, 0.00229
0.99657, 0.00225
0.99675, 0.00221
0.99693, 0.00218
0.99710, 0.00214
0.99727, 0.00210
0.99743, 0.00207
0.99759, 0.00203
0.99775, 0.00200
0.99789, 0.00197
0.99804, 0.00193
0.99818, 0.00190
0.99831, 0.00187
0.99844, 0.00185
0.99857, 0.00182
0.99869, 0.00179
0.99880, 0.00177
0.99891, 0.00174
0.99902, 0.00172
0.99912, 0.00170
0.99921, 0.00168
0.99930, 0.00166
0.99939, 0.00164
0.99947, 0.00162
0.99954, 0.00161
0.99962, 0.00159
0.99968, 0.00158
0.99974, 0.00156
0.99980, 0.00155
0.99985, 0.00154
0.99990, 0.00153
0.99994, 0.00152
0.99997, 0.00151
1.00001, 0.00151
1.00003, 0.00150
1.00006, 0.00150
1.00007, 0.00149
1.00009, 0.00149
1.00012, 0.00148
1.00014, 0.00148

=== Lower Surface ===
0.00000, 0.01050
0.00003, 0.01023
0.00006, 0.00995
0.00009, 0.00967
0.00013, 0.00939
0.00018, 0.00912
0.00023, 0.00884
0.00029, 0.00857
0.00035, 0.00830
0.00041, 0.00803
0.00048, 0.00775
0.00056, 0.00748
0.00064, 0.00721
0.00072, 0.00694
0.00081, 0.00668
0.00091, 0.00641
0.00101, 0.00614
0.00111, 0.00587
0.00122, 0.00561
0.00133, 0.00535
0.00145, 0.00508
0.00158, 0.00482
0.00170, 0.00456
0.00184, 0.00430
0.00198, 0.00404
0.00212, 0.00378
0.00227, 0.00352
0.00242, 0.00326
0.00258, 0.00300
0.00274, 0.00274
0.00290, 0.00249
0.00308, 0.00223
0.00325, 0.00198
0.00343, 0.00173
0.00362, 0.00147
0.00381, 0.00122
0.00401, 0.00097
0.00421, 0.00072
0.00441, 0.00047
0.00462, 0.00022
0.00484, -0.00002
0.00506, -0.00027
0.00528, -0.00052
0.00551, -0.00076
0.00574, -0.00101
0.00598, -0.00125
0.00622, -0.00150
0.00647, -0.00174
0.00672, -0.00198
0.00698, -0.00222
0.00724, -0.00246
0.00751, -0.00270
0.00778, -0.00294
0.00806, -0.00318
0.00834, -0.00341
0.00862, -0.00365
0.00891, -0.00389
0.00921, -0.00412
0.00951, -0.00435
0.00981, -0.00459
0.01012, -0.00482
0.01043, -0.00505
0.01075, -0.00528
0.01107, -0.00551
0.01140, -0.00574
0.01173, -0.00597
0.01207, -0.00620
0.01241, -0.00643
0.01276, -0.00665
0.01311, -0.00688
0.01346, -0.00710
0.01382, -0.00733
0.01419, -0.00755
0.01455, -0.00777
0.01493, -0.00800
0.01530, -0.00822
0.01569, -0.00844
0.01607, -0.00866
0.01647, -0.00888
0.01686, -0.00909
0.01726, -0.00931
0.01767, -0.00953
0.01808, -0.00974
0.01849, -0.00996
0.01891, -0.01017
0.01933, -0.01039
0.01976, -0.01060
0.02019, -0.01081
0.02063, -0.01103
0.02107, -0.01124
0.02152, -0.01145
0.02197, -0.01166
0.02242, -0.01187
0.02288, -0.01208
0.02335, -0.01228
0.02381, -0.01249
0.02429, -0.01270
0.02477, -0.01290
0.02525, -0.01311
0.02573, -0.01331
0.02622, -0.01351
0.02672, -0.01372
0.02722, -0.01392
0.02772, -0.01412
0.02823, -0.01432
0.02874, -0.01452
0.02926, -0.01472
0.02978, -0.01492
0.03031, -0.01512
0.03084, -0.01531
0.03137, -0.01551
0.03191, -0.01571
0.03246, -0.01590
0.03300, -0.01609
0.03356, -0.01629
0.03411, -0.01648
0.03468, -0.01667
0.03524, -0.01687
0.03581, -0.01706
0.03639, -0.01725
0.03696, -0.01744
0.03755, -0.01763
0.03813, -0.01782
0.03873, -0.01800
0.03932, -0.01819
0.03992, -0.01838
0.04053, -0.01856
0.04114, -0.01875
0.04175, -0.01893
0.04237, -0.01912
0.04299, -0.01930
0.04362, -0.01948
0.04425, -0.01966
0.04488, -0.01984
0.04552, -0.02003
0.04616, -0.02021
0.04681, -0.02038
0.04746, -0.02056
0.04812, -0.02074
0.04878, -0.02092
0.04945, -0.02110
0.05011, -0.02127
0.05079, -0.02145
0.05147, -0.02162
0.05215, -0.02180
0.05283, -0.02197
0.05352, -0.02214
0.05422, -0.02231
0.05492, -0.02249
0.05562, -0.02266
0.05633, -0.02283
0.05704, -0.02300
0.05775, -0.02317
0.05847, -0.02333
0.05920, -0.02350
0.05993, -0.02367
0.06066, -0.02384
0.06140, -0.02400
0.06214, -0.02417
0.06288, -0.02433
0.06363, -0.02450
0.06439, -0.02466
0.06514, -0.02482
0.06590, -0.02498
0.06667, -0.02514
0.06744, -0.02530
0.06822, -0.02547
0.06899, -0.02562
0.06978, -0.02578
0.07056, -0.02594
0.07135, -0.02610
0.07215, -0.02626
0.07295, -0.02641
0.07375, -0.02657
0.07456, -0.02672
0.07537, -0.02688
0.07619, -0.02703
0.07701, -0.02718
0.07783, -0.02734
0.07866, -0.02749
0.07949, -0.02764
0.08033, -0.02779
0.08117, -0.02794
0.08201, -0.02809
0.08286, -0.02824
0.08371, -0.02838
0.08457, -0.02853
0.08543, -0.02868
0.08629, -0.02882
0.08716, -0.02897
0.08803, -0.02911
0.08891, -0.02926
0.08979, -0.02940
0.09068, -0.02954
0.09157, -0.02968
0.09246, -0.02983
0.09336, -0.02997
0.09426, -0.03011
0.09516, -0.03024
0.09607, -0.03038
0.09698, -0.03052
0.09790, -0.03066
0.09882, -0.03079
0.09975, -0.03093
0.10068, -0.03106
0.10161, -0.03120
0.10255, -0.03133
0.10349, -0.03146
0.10443, -0.03160
0.10538, -0.03173
0.10634, -0.03186
0.10729, -0.03199
0.10826, -0.03212
0.10922, -0.03225
0.11019, -0.03237
0.11116, -0.03250
0.11214, -0.03263
0.11312, -0.03275
0.11411, -0.03288
0.11509, -0.03300
0.11609, -0.03312
0.11708, -0.03325
0.11808, -0.03337
0.11909, -0.03349
0.12010, -0.03361
0.12111, -0.03373
0.12213, -0.03385
0.12315, -0.03396
0.12417, -0.03408
0.12520, -0.03420
0.12623, -0.03431
0.12727, -0.03443
0.12831, -0.03454
0.12935, -0.03465
0.13040, -0.03476
0.13145, -0.03488
0.13250, -0.03499
0.13356, -0.03509
0.13462, -0.03520
0.13569, -0.03531
0.13676, -0.03542
0.13784, -0.03552
0.13892, -0.03563
0.14000, -0.03573
0.14108, -0.03584
0.14217, -0.03594
0.14327, -0.03604
0.14437, -0.03614
0.14547, -0.03624
0.14657, -0.03634
0.14768, -0.03644
0.14880, -0.03653
0.14992, -0.03663
0.15104, -0.03672
0.15216, -0.03682
0.15329, -0.03691
0.15442, -0.03700
0.15556, -0.03709
0.15670, -0.03718
0.15785, -0.03727
0.15899, -0.03736
0.16015, -0.03744
0.16130, -0.03753
0.16246, -0.03761
0.16363, -0.03769
0.16479, -0.03778
0.16596, -0.03786
0.16714, -0.03794
0.16832, -0.03802
0.16950, -0.03809
0.17069, -0.03817
0.17188, -0.03824
0.17307, -0.03832
0.17427, -0.03839
0.17547, -0.03846
0.17668, -0.03853
0.17788, -0.03860
0.17910, -0.03867
0.18031, -0.03873
0.18153, -0.03880
0.18276, -0.03886
0.18399, -0.03892
0.18522, -0.03898
0.18645, -0.03904
0.18769, -0.03910
0.18893, -0.03916
0.19018, -0.03921
0.19143, -0.03927
0.19268, -0.03932
0.19394, -0.03937
0.19520, -0.03942
0.19647, -0.03947
0.19774, -0.03952
0.19901, -0.03956
0.20028, -0.03960
0.20156, -0.03965
0.20284, -0.03969
0.20413, -0.03973
0.20541, -0.03976
0.20670, -0.03980
0.20800, -0.03983
0.20929, -0.03987
0.21059, -0.03990
0.21188, -0.03993
0.21318, -0.03996
0.21449, -0.03998
0.21579, -0.04001
0.21710, -0.04003
0.21841, -0.04006
0.21972, -0.04008
0.22103, -0.04010
0.22235, -0.04012
0.22366, -0.04014
0.22498, -0.04015
0.22630, -0.04017
0.22763, -0.04018
0.22895, -0.04020
0.23028, -0.04021
0.23161, -0.04022
0.23294, -0.04023
0.23427, -0.04023
0.23561, -0.04024
0.23695, -0.04025
0.23828, -0.04025
0.23962, -0.04025
0.24097, -0.04026
0.24231, -0.04026
0.24366, -0.04026
0.24500, -0.04026
0.24635, -0.04026
0.24770, -0.04025
0.24906, -0.04025
0.25041, -0.04025
0.25177, -0.04024
0.25312, -0.04023
0.25448, -0.04023
0.25584, -0.04022
0.25720, -0.04021
0.25857, -0.04020
0.25993, -0.04019
0.26130, -0.04018
0.26267, -0.04017
0.26404, -0.04015
0.26541, -0.04014
0.26678, -0.04012
0.26815, -0.04011
0.26953, -0.04009
0.27091, -0.04008
0.27229, -0.04006
0.27367, -0.04004
0.27506, -0.04003
0.27644, -0.04001
0.27783, -0.03999
0.27922, -0.03997
0.28062, -0.03995
0.28201, -0.03993
0.28341, -0.03990
0.28481, -0.03988
0.28621, -0.03986
0.28762, -0.03983
0.28902, -0.03981
0.29043, -0.03978
0.29184, -0.03976
0.29325, -0.03973
0.29467, -0.03971
0.29608, -0.03968
0.29750, -0.03965
0.29892, -0.03962
0.30035, -0.03959
0.30177, -0.03956
0.30320, -0.03953
0.30463, -0.03950
0.30606, -0.03947
0.30749, -0.03944
0.30892, -0.03940
0.31036, -0.03937
0.31180, -0.03934
0.31324, -0.03930
0.31468, -0.03927
0.31612, -0.03923
0.31757, -0.03919
0.31902, -0.03916
0.32046, -0.03912
0.32192, -0.03908
0.32337, -0.03904
0.32482, -0.03900
0.32628, -0.03896
0.32774, -0.03892
0.32920, -0.03888
0.33066, -0.03884
0.33212, -0.03880
0.33359, -0.03876
0.33505, -0.03872
0.33652, -0.03867
0.33799, -0.03863
0.33946, -0.03858
0.34094, -0.03854
0.34241, -0.03849
0.34389, -0.03845
0.34537, -0.03840
0.34685, -0.03835
0.34833, -0.03831
0.34981, -0.03826
0.35129, -0.03821
0.35278, -0.03816
0.35427, -0.03811
0.35576, -0.03806
0.35725, -0.03801
0.35874, -0.03796
0.36023, -0.03791
0.36172, -0.03786
0.36322, -0.03780
0.36472, -0.03775
0.36622, -0.03770
0.36772, -0.03764
0.36922, -0.03759
0.37072, -0.03754
0.37222, -0.03748
0.37373, -0.03742
0.37524, -0.03737
0.37674, -0.03731
0.37825, -0.03726
0.37976, -0.03720
0.38128, -0.03714
0.38279, -0.03708
0.38430, -0.03702
0.38582, -0.03696
0.38734, -0.03690
0.38885, -0.03684
0.39037, -0.03678
0.39189, -0.03672
0.39341, -0.03666
0.39494, -0.03660
0.39646, -0.03654
0.39798, -0.03647
0.39951, -0.03641
0.40104, -0.03635
0.40256, -0.03628
0.40409, -0.03622
0.40562, -0.03616
0.40715, -0.03609
0.40869, -0.03603
0.41022, -0.03596
0.41175, -0.03589
0.41329, -0.03583
0.41482, -0.03576
0.41636, -0.03569
0.41790, -0.03563
0.41943, -0.03556
0.42097, -0.03549
0.42251, -0.03542
0.42405, -0.03535
0.42560, -0.03528
0.42714, -0.03521
0.42868, -0.03514
0.43022, -0.03507
0.43177, -0.03500
0.43332, -0.03493
0.43486, -0.03486
0.43641, -0.03479
0.43796, -0.03471
0.43950, -0.03464
0.44105, -0.03457
0.44260, -0.03449
0.44415, -0.03442
0.44570, -0.03435
0.44726, -0.03427
0.44881, -0.03420
0.45036, -0.03412
0.45191, -0.03405
0.45347, -0.03397
0.45502, -0.03390
0.45658, -0.03382
0.45813, -0.03374
0.45969, -0.03367
0.46125, -0.03359
0.46280, -0.03351
0.46436, -0.03343
0.46592, -0.03336
0.46748, -0.03328
0.46903, -0.03320
0.47059, -0.03312
0.47215, -0.03304
0.47371, -0.03296
0.47527, -0.03288
0.47683, -0.03280
0.47839, -0.03272
0.47995, -0.03264
0.48152, -0.03256
0.48308, -0.03248
0.48464, -0.03240
0.48620, -0.03231
0.48776, -0.03223
0.48933, -0.03215
0.49089, -0.03207
0.49245, -0.03199
0.49401, -0.03190
0.49558, -0.03182
0.49714, -0.03174
0.49870, -0.03165
0.50027, -0.03157
0.50183, -0.03148
0.50339, -0.03140
0.50496, -0.03131
0.50652, -0.03123
0.50808, -0.03114
0.50965, -0.03106
0.51121, -0.03097
0.51278, -0.03089
0.51434, -0.03080
0.51590, -0.03071
0.51747, -0.03063
0.51903, -0.03054
0.52059, -0.03045
0.52216, -0.03037
0.52372, -0.03028
0.52528, -0.03019
0.52684, -0.03010
0.52841, -0.03002
0.52997, -0.02993
0.53153, -0.02984
0.53309, -0.02975
0.53465, -0.02966
0.53622, -0.02957
0.53778, -0.02948
0.53934, -0.02939
0.54090, -0.02930
0.54246, -0.02921
0.54402, -0.02912
0.54558, -0.02903
0.54714, -0.02894
0.54869, -0.02885
0.55025, -0.02876
0.55181, -0.02867
0.55337, -0.02858
0.55493, -0.02849
0.55648, -0.02840
0.55804, -0.02830
0.55959, -0.02821
0.56115, -0.02812
0.56270, -0.02803
0.56426, -0.02793
0.56581, -0.02784
0.56736, -0.02775
0.56892, -0.02766
0.57047, -0.02756
0.57202, -0.02747
0.57357, -0.02738
0.57512, -0.02728
0.57667, -0.02719
0.57822, -0.02709
0.57976, -0.02700
0.58131, -0.02691
0.58286, -0.02681
0.58440, -0.02672
0.58595, -0.02662
0.58749, -0.02653
0.58903, -0.02643
0.59058, -0.02634
0.59212, -0.02624
0.59366, -0.02615
0.59520, -0.02605
0.59674, -0.02596
0.59827, -0.02586
0.59981, -0.02576
0.60135, -0.02567
0.60288, -0.02557
0.60442, -0.02548
0.60595, -0.02538
0.60748, -0.02528
0.60902, -0.02519
0.61055, -0.02509
0.61208, -0.02499
0.61360, -0.02490
0.61513, -0.02480
0.61666, -0.02470
0.61818, -0.02460
0.61971, -0.02451
0.62123, -0.02441
0.62275, -0.02431
0.62427, -0.02421
0.62579, -0.02411
0.62731, -0.02402
0.62883, -0.02392
0.63034, -0.02382
0.63186, -0.02372
0.63337, -0.02362
0.63488, -0.02352
0.63639, -0.02343
0.63790, -0.02333
0.63941, -0.02323
0.64092, -0.02313
0.64242, -0.02303
0.64393, -0.02293
0.64543, -0.02283
0.64693, -0.02273
0.64843, -0.02263
0.64993, -0.02253
0.65143, -0.02243
0.65293, -0.02233
0.65442, -0.02224
0.65591, -0.02214
0.65740, -0.02204
0.65889, -0.02194
0.66038, -0.02184
0.66187, -0.02174
0.66336, -0.02163
0.66484, -0.02153
0.66632, -0.02143
0.66780, -0.02133
0.66928, -0.02123
0.67076, -0.02113
0.67223, -0.02103
0.67371, -0.02093
0.67518, -0.02083
0.67665, -0.02073
0.67811, -0.02063
0.67958, -0.02053
0.68104, -0.02043
0.68250, -0.02033
0.68396, -0.02023
0.68542, -0.02013
0.68688, -0.02003
0.68833, -0.01993
0.68978, -0.01983
0.69123, -0.01972
0.69268, -0.01962
0.69413, -0.01952
0.69557, -0.01942
0.69701, -0.01932
0.69845, -0.01922
0.69989, -0.01913
0.70132, -0.01903
0.70276, -0.01893
0.70419, -0.01883
0.70562, -0.01873
0.70704, -0.01863
0.70847, -0.01853
0.70989, -0.01843
0.71131, -0.01833
0.71273, -0.01824
0.71414, -0.01814
0.71556, -0.01804
0.71697, -0.01794
0.71838, -0.01785
0.71978, -0.01775
0.72119, -0.01765
0.72259, -0.01756
0.72399, -0.01746
0.72539, -0.01736
0.72679, -0.01727
0.72818, -0.01717
0.72957, -0.01708
0.73096, -0.01698
0.73234, -0.01689
0.73373, -0.01679
0.73511, -0.01670
0.73649, -0.01661
0.73787, -0.01651
0.73924, -0.01642
0.74061, -0.01633
0.74198, -0.01624
0.74335, -0.01614
0.74471, -0.01605
0.74608, -0.01596
0.74744, -0.01587
0.74879, -0.01578
0.75015, -0.01569
0.75150, -0.01560
0.75285, -0.01551
0.75420, -0.01542
0.75554, -0.01534
0.75689, -0.01525
0.75823, -0.01516
0.75957, -0.01507
0.76090, -0.01499
0.76224, -0.01490
0.76357, -0.01481
0.76489, -0.01473
0.76622, -0.01464
0.76754, -0.01456
0.76886, -0.01447
0.77018, -0.01439
0.77150, -0.01431
0.77281, -0.01422
0.77412, -0.01414
0.77543, -0.01406
0.77674, -0.01398
0.77804, -0.01389
0.77934, -0.01381
0.78064, -0.01373
0.78193, -0.01365
0.78323, -0.01357
0.78451, -0.01349
0.78580, -0.01341
0.78709, -0.01333
0.78837, -0.01325
0.78965, -0.01317
0.79092, -0.01309
0.79220, -0.01302
0.79347, -0.01294
0.79473, -0.01286
0.79600, -0.01278
0.79726, -0.01271
0.79852, -0.01263
0.79978, -0.01255
0.80103, -0.01248
0.80228, -0.01240
0.80353, -0.01233
0.80477, -0.01225
0.80601, -0.01218
0.80725, -0.01210
0.80849, -0.01203
0.80972, -0.01196
0.81095, -0.01188
0.81218, -0.01181
0.81340, -0.01174
0.81463, -0.01167
0.81584, -0.01160
0.81706, -0.01152
0.81827, -0.01145
0.81948, -0.01138
0.82069, -0.01131
0.82189, -0.01124
0.82309, -0.01117
0.82428, -0.01110
0.82548, -0.01103
0.82667, -0.01096
0.82786, -0.01089
0.82904, -0.01082
0.83022, -0.01076
0.83140, -0.01069
0.83257, -0.01062
0.83374, -0.01055
0.83491, -0.01049
0.83608, -0.01042
0.83724, -0.01035
0.83840, -0.01029
0.83955, -0.01022
0.84070, -0.01016
0.84185, -0.01009
0.84300, -0.01003
0.84414, -0.00996
0.84528, -0.00990
0.84641, -0.00983
0.84755, -0.00977
0.84867, -0.00970
0.84980, -0.00964
0.85092, -0.00958
0.85204, -0.00951
0.85315, -0.00945
0.85427, -0.00939
0.85537, -0.00933
0.85648, -0.00927
0.85758, -0.00920
0.85868, -0.00914
0.85977, -0.00908
0.86086, -0.00902
0.86195, -0.00896
0.86303, -0.00890
0.86411, -0.00884
0.86519, -0.00878
0.86626, -0.00872
0.86733, -0.00866
0.86840, -0.00860
0.86946, -0.00854
0.87052, -0.00848
0.87157, -0.00842
0.87263, -0.00837
0.87367, -0.00831
0.87472, -0.00825
0.87576, -0.00819
0.87680, -0.00814
0.87783, -0.00808
0.87886, -0.00802
0.87988, -0.00796
0.88091, -0.00791
0.88192, -0.00785
0.88294, -0.00780
0.88395, -0.00774
0.88496, -0.00768
0.88596, -0.00763
0.88696, -0.00757
0.88796, -0.00752
0.88895, -0.00746
0.88993, -0.00741
0.89092, -0.00735
0.89190, -0.00730
0.89288, -0.00725
0.89385, -0.00719
0.89482, -0.00714
0.89578, -0.00709
0.89674, -0.00703
0.89770, -0.00698
0.89865, -0.00693
0.89960, -0.00688
0.90055, -0.00682
0.90149, -0.00677
0.90243, -0.00672
0.90336, -0.00667
0.90429, -0.00662
0.90522, -0.00656
0.90614, -0.00651
0.90705, -0.00646
0.90797, -0.00641
0.90888, -0.00636
0.90978, -0.00631
0.91068, -0.00626
0.91158, -0.00621
0.91247, -0.00616
0.91336, -0.00611
0.91425, -0.00606
0.91513, -0.00601
0.91601, -0.00597
0.91688, -0.00592
0.91775, -0.00587
0.91861, -0.00582
0.91947, -0.00577
0.92033, -0.00573
0.92118, -0.00568
0.92203, -0.00563
0.92287, -0.00558
0.92371, -0.00554
0.92455, -0.00549
0.92538, -0.00544
0.92621, -0.00540
0.92703, -0.00535
0.92785, -0.00530
0.92866, -0.00526
0.92947, -0.00521
0.93028, -0.00517
0.93108, -0.00512
0.93187, -0.00508
0.93267, -0.00503
0.93346, -0.00499
0.93424, -0.00494
0.93502, -0.00490
0.93580, -0.00486
0.93657, -0.00481
0.93733, -0.00477
0.93810, -0.00473
0.93885, -0.00468
0.93961, -0.00464
0.94036, -0.00460
0.94110, -0.00455
0.94184, -0.00451
0.94258, -0.00447
0.94331, -0.00443
0.94404, -0.00439
0.94476, -0.00435
0.94548, -0.00430
0.94620, -0.00426
0.94691, -0.00422
0.94761, -0.00418
0.94831, -0.00414
0.94901, -0.00410
0.94970, -0.00406
0.95039, -0.00402
0.95107, -0.00398
0.95175, -0.00394
0.95242, -0.00390
0.95309, -0.00387
0.95376, -0.00383
0.95442, -0.00379
0.95507, -0.00375
0.95573, -0.00371
0.95637, -0.00367
0.95702, -0.00364
0.95765, -0.00360
0.95829, -0.00356
0.95892, -0.00353
0.95954, -0.00349
0.96016, -0.00345
0.96077, -0.00342
0.96138, -0.00338
0.96199, -0.00335
0.96259, -0.00331
0.96319, -0.00328
0.96378, -0.00324
0.96437, -0.00321
0.96495, -0.00317
0.96553, -0.00314
0.96610, -0.00310
0.96667, -0.00307
0.96723, -0.00304
0.96779, -0.00300
0.96835, -0.00297
0.96890, -0.00294
0.96944, -0.00290
0.96998, -0.00287
0.97052, -0.00284
0.97105, -0.00281
0.97158, -0.00278
0.97210, -0.00275
0.97262, -0.00271
0.97313, -0.00268
0.97364, -0.00265
0.97414, -0.00262
0.97464, -0.00259
0.97513, -0.00256
0.97562, -0.00253
0.97611, -0.00250
0.97658, -0.00247
0.97706, -0.00245
0.97753, -0.00242
0.97799, -0.00239
0.97845, -0.00236
0.97891, -0.00233
0.97936, -0.00231
0.97981, -0.00228
0.98025, -0.00225
0.98068, -0.00223
0.98112, -0.00220
0.98154, -0.00217
0.98196, -0.00215
0.98238, -0.00212
0.98279, -0.00210
0.98320, -0.00207
0.98360, -0.00205
0.98400, -0.00202
0.98440, -0.00200
0.98478, -0.00197
0.98517, -0.00195
0.98555, -0.00193
0.98592, -0.00190
0.98629, -0.00188
0.98665, -0.00186
0.98701, -0.00184
0.98736, -0.00181
0.98771, -0.00179
0.98806, -0.00177
0.98840, -0.00175
0.98873, -0.00173
0.98906, -0.00171
0.98939, -0.00169
0.98971, -0.00167
0.99002, -0.00165
0.99033, -0.00163
0.99064, -0.00161
0.99094, -0.00159
0.99123, -0.00157
0.99152, -0.00156
0.99181, -0.00154
0.99209, -0.00152
0.99237, -0.00150
0.99264, -0.00149
0.99290, -0.00147
0.99317, -0.00145
0.99342, -0.00144
0.99367, -0.00142
0.99392, -0.00141
0.99416, -0.00139
0.99440, -0.00138
0.99463, -0.00136
0.99485, -0.00135
0.99508, -0.00133
0.99529, -0.00132
0.99550, -0.00131
0.99571, -0.00129
0.99591, -0.00128
0.99611, -0.00127
0.99630, -0.00125
0.99649, -0.00124
0.99667, -0.00123
0.99685, -0.00122
0.99702, -0.00121
0.99719, -0.00120
0.99735, -0.00119
0.99751, -0.00118
0.99766, -0.00117
0.99781, -0.00116
0.99795, -0.00115
0.99809, -0.00114
0.99822, -0.00113
0.99834, -0.00113
0.99847, -0.00112
0.99858, -0.00111
0.99870, -0.00110
0.99880, -0.00110
0.99891, -0.00109
0.99900, -0.00108
0.99910, -0.00108
0.99918, -0.00107
0.99927, -0.00107
0.99934, -0.00106
0.99942, -0.00106
0.99948, -0.00105
0.99955, -0.00105
0.99960, -0.00105
0.99966, -0.00104
0.99970, -0.00104
0.99975, -0.00104
0.99978, -0.00103
0.99982, -0.00103
0.99984, -0.00103
0.99987, -0.00103
0.99988, -0.00103
0.99989, -0.00103
0.99987, -0.00102
0.99986, -0.00102
