=== Airfoil Parameters ===
m = 0.02
p = 0.4
t = 0.12

=== Control Points ===
0.00000, -0.00314, -0.00314
0.06667, 0.00467, -0.00144
0.13333, 0.01187, 0.00076
0.20000, 0.01773, 0.00273
0.26667, 0.02272, 0.00494
0.66667, 0.02416, 0.00811
0.75000, 0.02561, 0.01242
0.83333, 0.02698, 0.01741
0.91667, 0.02727, 0.02210
1.00000, 0.02505, 0.02505

=== Upper Surface ===
0.00000, -0.00314
-0.00005, -0.00286
-0.00006, -0.00258
-0.00008, -0.00230
-0.00009, -0.00202
-0.00010, -0.00174
-0.00010, -0.00146
-0.00010, -0.00118
-0.00010, -0.00090
-0.00009, -0.00062
-0.00007, -0.00034
-0.00005, -0.00006
-0.00003, 0.00022
0.00000, 0.00050
0.00004, 0.00078
0.00008, 0.00106
0.00012, 0.00134
0.00017, 0.00162
0.00023, 0.00190
0.00029, 0.00219
0.00035, 0.00247
0.00042, 0.00275
0.00050, 0.00303
0.00058, 0.00332
0.00066, 0.00360
0.00075, 0.00388
0.00085, 0.00416
0.00095, 0.00445
0.00105, 0.00473
0.00116, 0.00501
0.00127, 0.00530
0.00139, 0.00558
0.00152, 0.00587
0.00165, 0.00615
0.00178, 0.00643
0.00192, 0.00672
0.00207, 0.00700
0.00222, 0.00729
0.00237, 0.00757
0.00253, 0.00786
0.00269, 0.00814
0.00286, 0.00843
0.00304, 0.00872
0.00321, 0.00900
0.00340, 0.00929
0.00359, 0.00957
0.00378, 0.00986
0.00398, 0.01015
0.00418, 0.01043
0.00439, 0.01072
0.00460, 0.01101
0.00482, 0.01129
0.00505, 0.01158
0.00527, 0.01187
0.00551, 0.01215
0.00574, 0.01244
0.00599, 0.01273
0.00623, 0.01302
0.00649, 0.01331
0.00675, 0.01359
0.00701, 0.01388
0.00727, 0.01417
0.00755, 0.01446
0.00782, 0.01475
0.00811, 0.01503
0.00839, 0.01532
0.00868, 0.01561
0.00898, 0.01590
0.00928, 0.01619
0.00959, 0.01648
0.00990, 0.01677
0.01022, 0.01706
0.01054, 0.01735
0.01086, 0.01764
0.01119, 0.01793
0.01153, 0.01821
0.01187, 0.01850
0.01222, 0.01879
0.01257, 0.01908
0.01292, 0.01937
0.01328, 0.01966
0.01364, 0.01995
0.01401, 0.02024
0.01439, 0.02053
0.01477, 0.02082
0.01515, 0.02111
0.01554, 0.02140
0.01593, 0.02169
0.01633, 0.02198
0.01674, 0.02228
0.01714, 0.02257
0.01756, 0.02286
0.01797, 0.02315
0.01840, 0.02344
0.01882, 0.02373
0.01926, 0.02402
0.01969, 0.02431
0.02014, 0.02460
0.02058, 0.02489
0.02103, 0.02518
0.02149, 0.02547
0.02195, 0.02576
0.02242, 0.02605
0.02289, 0.02634
0.02336, 0.02663
0.02384, 0.02692
0.02433, 0.02721
0.02482, 0.02751
0.02531, 0.02780
0.02581, 0.02809
0.02631, 0.02838
0.02682, 0.02867
0.02733, 0.02896
0.02785, 0.02925
0.02837, 0.02954
0.02890, 0.02983
0.02943, 0.03012
0.02997, 0.03041
0.03051, 0.03070
0.03106, 0.03099
0.03161, 0.03128
0.03217, 0.03157
0.03273, 0.03186
0.03329, 0.03215
0.03386, 0.03244
0.03444, 0.03273
0.03502, 0.03302
0.03560, 0.03331
0.03619, 0.03359
0.03678, 0.03388
0.03738, 0.03417
0.03798, 0.03446
0.03859, 0.03475
0.03920, 0.03504
0.03982, 0.03533
0.04044, 0.03562
0.04107, 0.03590
0.04170, 0.03619
0.04233, 0.03648
0.04297, 0.03677
0.04362, 0.03705
0.04427, 0.03734
0.04492, 0.03763
0.04558, 0.03792
0.04624, 0.03820
0.04691, 0.03849
0.04758, 0.03878
0.04826, 0.03906
0.04894, 0.03935
0.04963, 0.03963
0.05032, 0.03992
0.05101, 0.04020
0.05171, 0.04049
0.05242, 0.04077
0.05313, 0.04106
0.05384, 0.04134
0.05456, 0.04163
0.05528, 0.04191
0.05601, 0.04219
0.05674, 0.04248
0.05748, 0.04276
0.05822, 0.04304
0.05897, 0.04333
0.05972, 0.04361
0.06047, 0.04389
0.06123, 0.04417
0.06200, 0.04445
0.06277, 0.04473
0.06354, 0.04501
0.06432, 0.04529
0.06510, 0.04557
0.06589, 0.04585
0.06668, 0.04613
0.06747, 0.04641
0.06827, 0.04669
0.06908, 0.04696
0.06989, 0.04724
0.07070, 0.04752
0.07152, 0.04780
0.07234, 0.04807
0.07317, 0.04835
0.07400, 0.04862
0.07484, 0.04890
0.07568, 0.04917
0.07652, 0.04945
0.07737, 0.04972
0.07822, 0.04999
0.07908, 0.05026
0.07995, 0.05054
0.08081, 0.05081
0.08168, 0.05108
0.08256, 0.05135
0.08344, 0.05162
0.08433, 0.05189
0.08522, 0.05216
0.08611, 0.05243
0.08701, 0.05269
0.08791, 0.05296
0.08882, 0.05323
0.08973, 0.05349
0.09064, 0.05376
0.09156, 0.05402
0.09249, 0.05429
0.09342, 0.05455
0.09435, 0.05481
0.09529, 0.05508
0.09623, 0.05534
0.09718, 0.05560
0.09813, 0.05586
0.09908, 0.05612
0.10004, 0.05638
0.10100, 0.05663
0.10197, 0.05689
0.10294, 0.05715
0.10392, 0.05740
0.10490, 0.05766
0.10589, 0.05791
0.10687, 0.05817
0.10787, 0.05842
0.10887, 0.05867
0.10987, 0.05892
0.11087, 0.05917
0.11188, 0.05942
0.11290, 0.05967
0.11392, 0.05992
0.11494, 0.06017
0.11597, 0.06041
0.11700, 0.06066
0.11804, 0.06090
0.11908, 0.06115
0.12012, 0.06139
0.12117, 0.06163
0.12222, 0.06187
0.12328, 0.06211
0.12434, 0.06235
0.12541, 0.06259
0.12648, 0.06283
0.12755, 0.06306
0.12863, 0.06330
0.12971, 0.06353
0.13079, 0.06376
0.13188, 0.06399
0.13297, 0.06423
0.13407, 0.06445
0.13517, 0.06468
0.13627, 0.06491
0.13738, 0.06514
0.13848, 0.06536
0.13960, 0.06559
0.14071, 0.06581
0.14183, 0.06603
0.14296, 0.06625
0.14408, 0.06647
0.14521, 0.06669
0.14635, 0.06691
0.14748, 0.06712
0.14862, 0.06734
0.14976, 0.06755
0.15091, 0.06777
0.15206, 0.06798
0.15321, 0.06819
0.15437, 0.06840
0.15553, 0.06861
0.15669, 0.06882
0.15786, 0.06902
0.15902, 0.06923
0.16020, 0.06943
0.16137, 0.06964
0.16255, 0.06984
0.16373, 0.07004
0.16491, 0.07024
0.16610, 0.07044
0.16729, 0.07064
0.16848, 0.07084
0.16968, 0.07104
0.17088, 0.07123
0.17208, 0.07143
0.17328, 0.07162
0.17449, 0.07181
0.17570, 0.07200
0.17692, 0.07219
0.17813, 0.07238
0.17935, 0.07257
0.18057, 0.07276
0.18180, 0.07295
0.18303, 0.07313
0.18426, 0.07332
0.18549, 0.07350
0.18672, 0.07368
0.18796, 0.07387
0.18920, 0.07405
0.19045, 0.07423
0.19169, 0.07441
0.19294, 0.07458
0.19420, 0.07476
0.19545, 0.07494
0.19671, 0.07511
0.19797, 0.07529
0.19924, 0.07546
0.20050, 0.07564
0.20178, 0.07581
0.20305, 0.07598
0.20433, 0.07615
0.20562, 0.07632
0.20691, 0.07649
0.20820, 0.07666
0.20949, 0.07682
0.21079, 0.07699
0.21210, 0.07716
0.21340, 0.07732
0.21471, 0.07748
0.21603, 0.07764
0.21734, 0.07781
0.21867, 0.07797
0.21999, 0.07812
0.22132, 0.07828
0.22265, 0.07844
0.22399, 0.07859
0.22533, 0.07875
0.22667, 0.07890
0.22802, 0.07905
0.22937, 0.07920
0.23073, 0.07935
0.23209, 0.07950
0.23345, 0.07964
0.23481, 0.07979
0.23618, 0.07993
0.23756, 0.08007
0.23893, 0.08021
0.24031, 0.08035
0.24170, 0.08049
0.24308, 0.08062
0.24448, 0.08076
0.24587, 0.08089
0.24727, 0.08102
0.24867, 0.08115
0.25007, 0.08128
0.25148, 0.08140
0.25290, 0.08153
0.25431, 0.08165
0.25573, 0.08177
0.25715, 0.08189
0.25858, 0.08201
0.26001, 0.08212
0.26144, 0.08224
0.26288, 0.08235
0.26432, 0.08246
0.26576, 0.08256
0.26720, 0.08267
0.26865, 0.08277
0.27010, 0.08287
0.27155, 0.08297
0.27300, 0.08307
0.27446, 0.08316
0.27591, 0.08326
0.27737, 0.08335
0.27883, 0.08344
0.28029, 0.08352
0.28176, 0.08361
0.28323, 0.08369
0.28470, 0.08377
0.28617, 0.08385
0.28764, 0.08393
0.28911, 0.08400
0.29059, 0.08408
0.29207, 0.08415
0.29355, 0.08422
0.29503, 0.08428
0.29652, 0.08435
0.29800, 0.08441
0.29949, 0.08447
0.30098, 0.08453
0.30247, 0.08459
0.30396, 0.08464
0.30546, 0.08470
0.30695, 0.08475
0.30845, 0.08480
0.30995, 0.08484
0.31145, 0.08489
0.31295, 0.08493
0.31446, 0.08497
0.31597, 0.08501
0.31747, 0.08505
0.31898, 0.08509
0.32049, 0.08512
0.32201, 0.08515
0.32352, 0.08518
0.32504, 0.08521
0.32655, 0.08524
0.32808, 0.08526
0.32960, 0.08528
0.33113, 0.08530
0.33267, 0.08532
0.33420, 0.08534
0.33574, 0.08535
0.33728, 0.08536
0.33882, 0.08537
0.34037, 0.08538
0.34191, 0.08539
0.34346, 0.08539
0.34500, 0.08539
0.34655, 0.08539
0.34810, 0.08538
0.34966, 0.08538
0.35121, 0.08537
0.35276, 0.08536
0.35432, 0.08535
0.35588, 0.08533
0.35744, 0.08532
0.35899, 0.08530
0.36056, 0.08528
0.36212, 0.08525
0.36368, 0.08523
0.36524, 0.08520
0.36681, 0.08517
0.36838, 0.08514
0.36994, 0.08511
0.37151, 0.08507
0.37308, 0.08503
0.37465, 0.08499
0.37622, 0.08495
0.37779, 0.08491
0.37936, 0.08486
0.38094, 0.08481
0.38251, 0.08476
0.38409, 0.08471
0.38566, 0.08465
0.38724, 0.08460
0.38881, 0.08454
0.39039, 0.08448
0.39197, 0.08442
0.39354, 0.08435
0.39512, 0.08429
0.39670, 0.08422
0.39828, 0.08415
0.39986, 0.08408
0.40144, 0.08400
0.40302, 0.08393
0.40460, 0.08385
0.40618, 0.08377
0.40777, 0.08369
0.40935, 0.08360
0.41093, 0.08352
0.41251, 0.08343
0.41409, 0.08335
0.41568, 0.08326
0.41726, 0.08316
0.41884, 0.08307
0.42043, 0.08298
0.42201, 0.08288
0.42359, 0.08278
0.42517, 0.08268
0.42676, 0.08258
0.42834, 0.08248
0.42992, 0.08237
0.43151, 0.08227
0.43309, 0.08216
0.43467, 0.08205
0.43626, 0.08194
0.43784, 0.08183
0.43942, 0.08172
0.44101, 0.08160
0.44259, 0.08149
0.44417, 0.08137
0.44575, 0.08125
0.44733, 0.08113
0.44892, 0.08101
0.45050, 0.08089
0.45208, 0.08077
0.45366, 0.08064
0.45524, 0.08052
0.45682, 0.08039
0.45840, 0.08026
0.45998, 0.08013
0.46156, 0.08000
0.46314, 0.07987
0.46472, 0.07974
0.46630, 0.07961
0.46788, 0.07947
0.46946, 0.07934
0.47104, 0.07920
0.47261, 0.07906
0.47419, 0.07893
0.47577, 0.07879
0.47734, 0.07865
0.47892, 0.07851
0.48050, 0.07837
0.48207, 0.07823
0.48365, 0.07808
0.48522, 0.07794
0.48679, 0.07780
0.48837, 0.07765
0.48994, 0.07750
0.49151, 0.07736
0.49308, 0.07721
0.49466, 0.07706
0.49623, 0.07692
0.49780, 0.07677
0.49937, 0.07662
0.50094, 0.07647
0.50251, 0.07632
0.50407, 0.07617
0.50564, 0.07602
0.50721, 0.07586
0.50878, 0.07571
0.51034, 0.07556
0.51191, 0.07541
0.51347, 0.07525
0.51504, 0.07510
0.51660, 0.07494
0.51817, 0.07479
0.51973, 0.07463
0.52129, 0.07448
0.52286, 0.07432
0.52442, 0.07417
0.52598, 0.07401
0.52754, 0.07385
0.52910, 0.07370
0.53066, 0.07354
0.53221, 0.07338
0.53377, 0.07323
0.53533, 0.07307
0.53689, 0.07291
0.53844, 0.07275
0.54000, 0.07259
0.54155, 0.07244
0.54311, 0.07228
0.54466, 0.07212
0.54621, 0.07196
0.54776, 0.07180
0.54932, 0.07164
0.55087, 0.07148
0.55242, 0.07133
0.55396, 0.07117
0.55551, 0.07101
0.55706, 0.07085
0.55861, 0.07069
0.56015, 0.07053
0.56170, 0.07037
0.56324, 0.07021
0.56479, 0.07005
0.56633, 0.06989
0.56787, 0.06974
0.56942, 0.06958
0.57096, 0.06942
0.57250, 0.06926
0.57404, 0.06910
0.57557, 0.06894
0.57711, 0.06878
0.57865, 0.06863
0.58018, 0.06847
0.58172, 0.06831
0.58325, 0.06815
0.58479, 0.06799
0.58632, 0.06784
0.58785, 0.06768
0.58938, 0.06752
0.59091, 0.06736
0.59244, 0.06721
0.59397, 0.06705
0.59549, 0.06689
0.59702, 0.06674
0.59854, 0.06658
0.60007, 0.06642
0.60159, 0.06627
0.60311, 0.06611
0.60463, 0.06596
0.60615, 0.06580
0.60767, 0.06565
0.60919, 0.06549
0.61070, 0.06534
0.61222, 0.06518
0.61373, 0.06503
0.61525, 0.06488
0.61676, 0.06472
0.61827, 0.06457
0.61978, 0.06442
0.62129, 0.06427
0.62279, 0.06411
0.62430, 0.06396
0.62580, 0.06381
0.62731, 0.06366
0.62881, 0.06351
0.63031, 0.06336
0.63181, 0.06321
0.63331, 0.06306
0.63480, 0.06291
0.63630, 0.06276
0.63779, 0.06261
0.63928, 0.06247
0.64077, 0.06232
0.64226, 0.06217
0.64375, 0.06202
0.64524, 0.06188
0.64672, 0.06173
0.64820, 0.06159
0.64966, 0.06144
0.65102, 0.06130
0.65203, 0.06116
0.65211, 0.06102
0.65047, 0.06072
0.64694, 0.05991
0.64308, 0.05851
0.64128, 0.05756
0.64275, 0.05822
0.64745, 0.06030
0.65414, 0.06242
0.66049, 0.06352
0.66499, 0.06380
0.66781, 0.06377
0.66973, 0.06366
0.67130, 0.06354
0.67279, 0.06342
0.67425, 0.06330
0.67571, 0.06318
0.67716, 0.06306
0.67862, 0.06294
0.68007, 0.06282
0.68152, 0.06270
0.68297, 0.06258
0.68442, 0.06246
0.68587, 0.06234
0.68732, 0.06222
0.68876, 0.06211
0.69021, 0.06199
0.69165, 0.06187
0.69309, 0.06176
0.69453, 0.06164
0.69597, 0.06152
0.69741, 0.06141
0.69884, 0.06129
0.70028, 0.06118
0.70171, 0.06106
0.70314, 0.06095
0.70457, 0.06084
0.70600, 0.06072
0.70742, 0.06061
0.70885, 0.06049
0.71027, 0.06038
0.71169, 0.06027
0.71311, 0.06015
0.71453, 0.06004
0.71595, 0.05993
0.71736, 0.05981
0.71877, 0.05970
0.72019, 0.05959
0.72159, 0.05947
0.72300, 0.05936
0.72441, 0.05925
0.72581, 0.05913
0.72721, 0.05902
0.72861, 0.05891
0.73001, 0.05880
0.73141, 0.05868
0.73280, 0.05857
0.73419, 0.05846
0.73558, 0.05834
0.73697, 0.05823
0.73835, 0.05812
0.73974, 0.05800
0.74112, 0.05789
0.74250, 0.05778
0.74388, 0.05766
0.74525, 0.05755
0.74663, 0.05744
0.74800, 0.05732
0.74937, 0.05721
0.75073, 0.05709
0.75210, 0.05698
0.75346, 0.05686
0.75482, 0.05675
0.75617, 0.05663
0.75753, 0.05652
0.75888, 0.05640
0.76023, 0.05629
0.76157, 0.05617
0.76292, 0.05606
0.76426, 0.05594
0.76560, 0.05582
0.76693, 0.05571
0.76826, 0.05559
0.76959, 0.05547
0.77092, 0.05536
0.77225, 0.05524
0.77357, 0.05512
0.77489, 0.05501
0.77621, 0.05489
0.77752, 0.05477
0.77883, 0.05465
0.78014, 0.05454
0.78145, 0.05442
0.78275, 0.05430
0.78405, 0.05418
0.78535, 0.05406
0.78664, 0.05395
0.78793, 0.05383
0.78922, 0.05371
0.79051, 0.05359
0.79179, 0.05347
0.79307, 0.05335
0.79435, 0.05323
0.79562, 0.05311
0.79689, 0.05299
0.79816, 0.05287
0.79943, 0.05276
0.80069, 0.05264
0.80195, 0.05252
0.80320, 0.05240
0.80446, 0.05228
0.80571, 0.05216
0.80696, 0.05204
0.80820, 0.05192
0.80944, 0.05180
0.81068, 0.05168
0.81191, 0.05156
0.81315, 0.05144
0.81437, 0.05132
0.81560, 0.05120
0.81682, 0.05107
0.81804, 0.05095
0.81926, 0.05083
0.82047, 0.05071
0.82168, 0.05059
0.82289, 0.05047
0.82409, 0.05035
0.82529, 0.05023
0.82649, 0.05011
0.82768, 0.04999
0.82887, 0.04987
0.83006, 0.04975
0.83124, 0.04963
0.83242, 0.04950
0.83360, 0.04938
0.83477, 0.04926
0.83594, 0.04914
0.83711, 0.04902
0.83827, 0.04890
0.83943, 0.04878
0.84059, 0.04866
0.84174, 0.04854
0.84289, 0.04842
0.84404, 0.04829
0.84518, 0.04817
0.84633, 0.04805
0.84746, 0.04793
0.84860, 0.04781
0.84973, 0.04769
0.85085, 0.04757
0.85198, 0.04745
0.85310, 0.04732
0.85421, 0.04720
0.85532, 0.04708
0.85643, 0.04696
0.85754, 0.04684
0.85864, 0.04672
0.85974, 0.04660
0.86083, 0.04648
0.86193, 0.04635
0.86301, 0.04623
0.86410, 0.04611
0.86518, 0.04599
0.86626, 0.04587
0.86733, 0.04575
0.86840, 0.04563
0.86946, 0.04551
0.87053, 0.04538
0.87159, 0.04526
0.87264, 0.04514
0.87369, 0.04502
0.87474, 0.04490
0.87578, 0.04478
0.87682, 0.04466
0.87786, 0.04454
0.87889, 0.04441
0.87992, 0.04429
0.88095, 0.04417
0.88197, 0.04405
0.88298, 0.04393
0.88400, 0.04381
0.88501, 0.04369
0.88601, 0.04357
0.88701, 0.04345
0.88801, 0.04333
0.88901, 0.04320
0.89000, 0.04308
0.89098, 0.04296
0.89197, 0.04284
0.89294, 0.04272
0.89392, 0.04260
0.89489, 0.04248
0.89586, 0.04236
0.89682, 0.04224
0.89778, 0.04212
0.89873, 0.04200
0.89968, 0.04188
0.90063, 0.04176
0.90157, 0.04164
0.90251, 0.04152
0.90345, 0.04140
0.90438, 0.04128
0.90531, 0.04116
0.90623, 0.04104
0.90715, 0.04092
0.90806, 0.04081
0.90897, 0.04069
0.90988, 0.04057
0.91078, 0.04045
0.91168, 0.04033
0.91257, 0.04021
0.91346, 0.04009
0.91435, 0.03998
0.91523, 0.03986
0.91611, 0.03974
0.91698, 0.03962
0.91785, 0.03951
0.91871, 0.03939
0.91957, 0.03927
0.92043, 0.03915
0.92128, 0.03904
0.92213, 0.03892
0.92298, 0.03880
0.92381, 0.03869
0.92465, 0.03857
0.92548, 0.03846
0.92631, 0.03834
0.92713, 0.03823
0.92795, 0.03811
0.92876, 0.03800
0.92957, 0.03788
0.93038, 0.03777
0.93118, 0.03765
0.93198, 0.03754
0.93277, 0.03743
0.93356, 0.03731
0.93434, 0.03720
0.93512, 0.03709
0.93589, 0.03698
0.93666, 0.03686
0.93743, 0.03675
0.93819, 0.03664
0.93895, 0.03653
0.93970, 0.03642
0.94045, 0.03631
0.94120, 0.03620
0.94194, 0.03609
0.94267, 0.03598
0.94340, 0.03587
0.94413, 0.03576
0.94485, 0.03565
0.94557, 0.03554
0.94628, 0.03543
0.94699, 0.03533
0.94769, 0.03522
0.94839, 0.03511
0.94909, 0.03501
0.94978, 0.03490
0.95047, 0.03480
0.95115, 0.03469
0.95183, 0.03459
0.95250, 0.03448
0.95317, 0.03438
0.95383, 0.03427
0.95449, 0.03417
0.95514, 0.03407
0.95579, 0.03397
0.95644, 0.03386
0.95708, 0.03376
0.95772, 0.03366
0.95835, 0.03356
0.95898, 0.03346
0.95960, 0.03336
0.96022, 0.03326
0.96083, 0.03316
0.96144, 0.03307
0.96204, 0.03297
0.96264, 0.03287
0.96324, 0.03278
0.96383, 0.03268
0.96441, 0.03258
0.96500, 0.03249
0.96557, 0.03239
0.96614, 0.03230
0.96671, 0.03221
0.96727, 0.03211
0.96783, 0.03202
0.96839, 0.03193
0.96893, 0.03184
0.96948, 0.03175
0.97002, 0.03166
0.97055, 0.03157
0.97108, 0.03148
0.97161, 0.03139
0.97213, 0.03130
0.97264, 0.03122
0.97315, 0.03113
0.97366, 0.03104
0.97416, 0.03096
0.97466, 0.03088
0.97515, 0.03079
0.97564, 0.03071
0.97612, 0.03063
0.97660, 0.03054
0.97707, 0.03046
0.97754, 0.03038
0.97801, 0.03030
0.97847, 0.03022
0.97892, 0.03014
0.97937, 0.03006
0.97982, 0.02999
0.98026, 0.02991
0.98069, 0.02983
0.98112, 0.02976
0.98155, 0.02968
0.98197, 0.02961
0.98239, 0.02954
0.98280, 0.02946
0.98320, 0.02939
0.98361, 0.02932
0.98400, 0.02925
0.98440, 0.02918
0.98478, 0.02911
0.98517, 0.02904
0.98554, 0.02898
0.98592, 0.02891
0.98629, 0.02884
0.98665, 0.02878
0.98701, 0.02872
0.98736, 0.02865
0.98771, 0.02859
0.98806, 0.02853
0.98840, 0.02847
0.98873, 0.02841
0.98906, 0.02835
0.98939, 0.02829
0.98971, 0.02823
0.99002, 0.02817
0.99033, 0.02811
0.99064, 0.02806
0.99094, 0.02800
0.99123, 0.02795
0.99152, 0.02790
0.99181, 0.02784
0.99209, 0.02779
0.99237, 0.02774
0.99264, 0.02769
0.99291, 0.02764
0.99317, 0.02759
0.99343, 0.02755
0.99368, 0.02750
0.99393, 0.02746
0.99417, 0.02741
0.99441, 0.02737
0.99464, 0.02732
0.99487, 0.02728
0.99509, 0.02724
0.99531, 0.02720
0.99552, 0.02716
0.99573, 0.02712
0.99593, 0.02708
0.99613, 0.02705
0.99633, 0.02701
0.99652, 0.02697
0.99670, 0.02694
0.99688, 0.02691
0.99705, 0.02687
0.99722, 0.02684
0.99739, 0.02681
0.99755, 0.02678
0.99770, 0.02675
0.99785, 0.02672
0.99800, 0.02670
0.99814, 0.02667
0.99827, 0.02664
0.99840, 0.02662
0.99853, 0.02660
0.99865, 0.02657
0.99876, 0.02655
0.99887, 0.02653
0.99898, 0.02651
0.99908, 0.02649
0.99917, 0.02647
0.99926, 0.02646
0.99935, 0.02644
0.99943, 0.02643
0.99951, 0.02641
0.99958, 0.02640
0.99965, 0.02638
0.99971, 0.02637
0.99976, 0.02636
0.99982, 0.02635
0.99986, 0.02634
0.99990, 0.02634
0.99994, 0.02633
0.99997, 0.02632
1.00000, 0.02632
1.00002, 0.02631
1.00004, 0.02631
1.00006, 0.02631
1.00009, 0.02630
1.00010, 0.02630

=== Lower Surface ===
0.00000, -0.00314
0.00005, -0.00341
0.00008, -0.00369
0.00012, -0.00397
0.00017, -0.00424
0.00022, -0.00452
0.00028, -0.00479
0.00035, -0.00506
0.00041, -0.00533
0.00049, -0.00560
0.00057, -0.00587
0.00065, -0.00614
0.00074, -0.00641
0.00083, -0.00667
0.00093, -0.00694
0.00103, -0.00720
0.00114, -0.00747
0.00126, -0.00773
0.00137, -0.00799
0.00150, -0.00825
0.00162, -0.00851
0.00176, -0.00877
0.00190, -0.00903
0.00204, -0.00928
0.00219, -0.00954
0.00234, -0.00979
0.00249, -0.01005
0.00266, -0.01030
0.00282, -0.01055
0.00300, -0.01080
0.00317, -0.01105
0.00335, -0.01130
0.00354, -0.01155
0.00373, -0.01180
0.00393, -0.01204
0.00413, -0.01229
0.00434, -0.01253
0.00455, -0.01278
0.00476, -0.01302
0.00498, -0.01326
0.00521, -0.01350
0.00544, -0.01374
0.00567, -0.01398
0.00591, -0.01421
0.00616, -0.01445
0.00641, -0.01468
0.00666, -0.01492
0.00692, -0.01515
0.00719, -0.01538
0.00746, -0.01561
0.00773, -0.01585
0.00801, -0.01607
0.00830, -0.01630
0.00858, -0.01653
0.00888, -0.01675
0.00918, -0.01698
0.00948, -0.01720
0.00979, -0.01743
0.01010, -0.01765
0.01042, -0.01787
0.01074, -0.01809
0.01107, -0.01831
0.01140, -0.01853
0.01174, -0.01874
0.01208, -0.01896
0.01243, -0.01917
0.01278, -0.01939
0.01313, -0.01960
0.01349, -0.01981
0.01386, -0.02002
0.01423, -0.02023
0.01461, -0.02044
0.01499, -0.02064
0.01537, -0.02085
0.01576, -0.02106
0.01616, -0.02126
0.01655, -0.02146
0.01696, -0.02166
0.01737, -0.02187
0.01778, -0.02207
0.01820, -0.02226
0.01862, -0.02246
0.01905, -0.02266
0.01948, -0.02285
0.01992, -0.02305
0.02036, -0.02324
0.02081, -0.02343
0.02126, -0.02362
0.02172, -0.02381
0.02218, -0.02400
0.02264, -0.02419
0.02311, -0.02438
0.02359, -0.02456
0.02407, -0.02475
0.02455, -0.02493
0.02504, -0.02511
0.02553, -0.02529
0.02603, -0.02547
0.02653, -0.02565
0.02704, -0.02583
0.02755, -0.02601
0.02807, -0.02618
0.02859, -0.02636
0.02912, -0.02653
0.02965, -0.02670
0.03018, -0.02687
0.03072, -0.02704
0.03126, -0.02721
0.03181, -0.02738
0.03237, -0.02755
0.03292, -0.02771
0.03349, -0.02787
0.03405, -0.02804
0.03463, -0.02820
0.03520, -0.02836
0.03578, -0.02852
0.03637, -0.02868
0.03696, -0.02884
0.03755, -0.02899
0.03815, -0.02915
0.03875, -0.02930
0.03936, -0.02945
0.03997, -0.02961
0.04059, -0.02976
0.04121, -0.02990
0.04183, -0.03005
0.04246, -0.03020
0.04310, -0.03035
0.04374, -0.03049
0.04438, -0.03063
0.04503, -0.03078
0.04568, -0.03092
0.04634, -0.03106
0.04700, -0.03120
0.04766, -0.03133
0.04833, -0.03147
0.04900, -0.03160
0.04968, -0.03174
0.05037, -0.03187
0.05105, -0.03200
0.05174, -0.03213
0.05244, -0.03226
0.05314, -0.03239
0.05384, -0.03252
0.05455, -0.03264
0.05526, -0.03277
0.05598, -0.03289
0.05670, -0.03302
0.05743, -0.03314
0.05816, -0.03326
0.05889, -0.03338
0.05963, -0.03349
0.06037, -0.03361
0.06112, -0.03373
0.06187, -0.03384
0.06262, -0.03395
0.06338, -0.03406
0.06414, -0.03417
0.06491, -0.03428
0.06568, -0.03439
0.06646, -0.03450
0.06723, -0.03461
0.06802, -0.03471
0.06881, -0.03481
0.06960, -0.03492
0.07039, -0.03502
0.07119, -0.03512
0.07200, -0.03522
0.07280, -0.03532
0.07362, -0.03541
0.07443, -0.03551
0.07525, -0.03560
0.07608, -0.03570
0.07690, -0.03579
0.07773, -0.03588
0.07857, -0.03597
0.07941, -0.03606
0.08025, -0.03615
0.08110, -0.03623
0.08195, -0.03632
0.08281, -0.03640
0.08367, -0.03648
0.08453, -0.03657
0.08540, -0.03665
0.08627, -0.03673
0.08714, -0.03681
0.08802, -0.03688
0.08890, -0.03696
0.08979, -0.03703
0.09068, -0.03711
0.09157, -0.03718
0.09247, -0.03725
0.09337, -0.03733
0.09427, -0.03739
0.09518, -0.03746
0.09609, -0.03753
0.09701, -0.03760
0.09793, -0.03766
0.09885, -0.03773
0.09978, -0.03779
0.10071, -0.03785
0.10164, -0.03791
0.10258, -0.03798
0.10352, -0.03803
0.10447, -0.03809
0.10541, -0.03815
0.10637, -0.03821
0.10732, -0.03826
0.10828, -0.03831
0.10924, -0.03837
0.11021, -0.03842
0.11118, -0.03847
0.11215, -0.03852
0.11313, -0.03857
0.11411, -0.03862
0.11509, -0.03866
0.11608, -0.03871
0.11707, -0.03876
0.11806, -0.03880
0.11906, -0.03884
0.12006, -0.03889
0.12106, -0.03893
0.12207, -0.03897
0.12308, -0.03901
0.12409, -0.03905
0.12511, -0.03908
0.12613, -0.03912
0.12716, -0.03916
0.12818, -0.03919
0.12921, -0.03922
0.13025, -0.03926
0.13128, -0.03929
0.13232, -0.03932
0.13337, -0.03935
0.13441, -0.03938
0.13546, -0.03941
0.13651, -0.03944
0.13757, -0.03947
0.13863, -0.03949
0.13969, -0.03952
0.14076, -0.03954
0.14183, -0.03957
0.14290, -0.03959
0.14398, -0.03961
0.14506, -0.03963
0.14614, -0.03965
0.14723, -0.03967
0.14832, -0.03969
0.14942, -0.03971
0.15051, -0.03973
0.15162, -0.03974
0.15272, -0.03976
0.15383, -0.03977
0.15494, -0.03979
0.15606, -0.03980
0.15718, -0.03981
0.15830, -0.03982
0.15943, -0.03983
0.16056, -0.03984
0.16170, -0.03985
0.16284, -0.03985
0.16398, -0.03986
0.16512, -0.03986
0.16627, -0.03987
0.16742, -0.03987
0.16858, -0.03987
0.16974, -0.03987
0.17090, -0.03987
0.17207, -0.03987
0.17324, -0.03987
0.17441, -0.03987
0.17559, -0.03986
0.17677, -0.03986
0.17795, -0.03985
0.17914, -0.03984
0.18033, -0.03984
0.18153, -0.03983
0.18272, -0.03982
0.18393, -0.03981
0.18513, -0.03979
0.18634, -0.03978
0.18755, -0.03977
0.18877, -0.03975
0.18998, -0.03973
0.19121, -0.03972
0.19243, -0.03970
0.19366, -0.03968
0.19489, -0.03966
0.19613, -0.03963
0.19737, -0.03961
0.19861, -0.03958
0.19986, -0.03956
0.20111, -0.03953
0.20236, -0.03950
0.20361, -0.03947
0.20487, -0.03944
0.20613, -0.03941
0.20740, -0.03938
0.20866, -0.03935
0.20993, -0.03931
0.21120, -0.03927
0.21247, -0.03924
0.21375, -0.03920
0.21502, -0.03916
0.21630, -0.03912
0.21758, -0.03908
0.21886, -0.03904
0.22015, -0.03900
0.22143, -0.03895
0.22272, -0.03891
0.22401, -0.03886
0.22530, -0.03882
0.22659, -0.03877
0.22789, -0.03872
0.22919, -0.03867
0.23048, -0.03863
0.23178, -0.03858
0.23309, -0.03853
0.23439, -0.03847
0.23570, -0.03842
0.23700, -0.03837
0.23831, -0.03832
0.23962, -0.03826
0.24093, -0.03821
0.24224, -0.03816
0.24356, -0.03810
0.24488, -0.03805
0.24619, -0.03799
0.24751, -0.03793
0.24883, -0.03788
0.25016, -0.03782
0.25148, -0.03776
0.25280, -0.03770
0.25413, -0.03765
0.25546, -0.03759
0.25679, -0.03753
0.25812, -0.03747
0.25945, -0.03741
0.26078, -0.03735
0.26212, -0.03730
0.26345, -0.03724
0.26479, -0.03718
0.26613, -0.03712
0.26747, -0.03706
0.26881, -0.03700
0.27015, -0.03694
0.27150, -0.03688
0.27284, -0.03682
0.27419, -0.03676
0.27554, -0.03670
0.27689, -0.03664
0.27825, -0.03658
0.27961, -0.03652
0.28097, -0.03647
0.28233, -0.03641
0.28369, -0.03635
0.28506, -0.03629
0.28643, -0.03623
0.28780, -0.03617
0.28917, -0.03611
0.29055, -0.03605
0.29193, -0.03599
0.29331, -0.03593
0.29469, -0.03587
0.29608, -0.03581
0.29746, -0.03575
0.29885, -0.03570
0.30024, -0.03564
0.30164, -0.03558
0.30303, -0.03552
0.30443, -0.03546
0.30583, -0.03540
0.30723, -0.03534
0.30864, -0.03528
0.31004, -0.03522
0.31145, -0.03516
0.31286, -0.03511
0.31428, -0.03505
0.31569, -0.03499
0.31711, -0.03493
0.31853, -0.03487
0.31995, -0.03481
0.32137, -0.03475
0.32280, -0.03469
0.32422, -0.03463
0.32565, -0.03458
0.32708, -0.03452
0.32852, -0.03446
0.32995, -0.03440
0.33138, -0.03434
0.33281, -0.03428
0.33424, -0.03423
0.33568, -0.03417
0.33711, -0.03411
0.33854, -0.03405
0.33998, -0.03400
0.34141, -0.03394
0.34285, -0.03388
0.34429, -0.03383
0.34573, -0.03377
0.34718, -0.03372
0.34862, -0.03366
0.35007, -0.03361
0.35151, -0.03356
0.35296, -0.03350
0.35441, -0.03345
0.35587, -0.03340
0.35732, -0.03334
0.35878, -0.03329
0.36023, -0.03324
0.36169, -0.03319
0.36315, -0.03314
0.36461, -0.03309
0.36608, -0.03304
0.36754, -0.03299
0.36901, -0.03294
0.37048, -0.03289
0.37195, -0.03284
0.37342, -0.03279
0.37489, -0.03275
0.37637, -0.03270
0.37785, -0.03265
0.37932, -0.03261
0.38080, -0.03256
0.38229, -0.03251
0.38377, -0.03247
0.38525, -0.03242
0.38674, -0.03238
0.38823, -0.03233
0.38972, -0.03229
0.39121, -0.03225
0.39270, -0.03220
0.39420, -0.03216
0.39569, -0.03212
0.39719, -0.03207
0.39869, -0.03203
0.40019, -0.03199
0.40170, -0.03195
0.40320, -0.03191
0.40471, -0.03187
0.40621, -0.03183
0.40772, -0.03179
0.40923, -0.03175
0.41074, -0.03171
0.41226, -0.03167
0.41377, -0.03163
0.41529, -0.03159
0.41681, -0.03155
0.41833, -0.03151
0.41985, -0.03147
0.42137, -0.03143
0.42290, -0.03139
0.42442, -0.03136
0.42595, -0.03132
0.42748, -0.03128
0.42901, -0.03124
0.43054, -0.03120
0.43207, -0.03117
0.43361, -0.03113
0.43514, -0.03109
0.43668, -0.03105
0.43822, -0.03101
0.43976, -0.03098
0.44130, -0.03094
0.44284, -0.03090
0.44438, -0.03086
0.44593, -0.03083
0.44748, -0.03079
0.44902, -0.03075
0.45057, -0.03071
0.45212, -0.03067
0.45367, -0.03064
0.45522, -0.03060
0.45678, -0.03056
0.45833, -0.03052
0.45989, -0.03048
0.46144, -0.03044
0.46300, -0.03040
0.46456, -0.03036
0.46612, -0.03032
0.46768, -0.03028
0.46924, -0.03024
0.47080, -0.03020
0.47237, -0.03016
0.47393, -0.03012
0.47550, -0.03008
0.47706, -0.03004
0.47863, -0.02999
0.48020, -0.02995
0.48177, -0.02991
0.48334, -0.02987
0.48491, -0.02982
0.48648, -0.02978
0.48805, -0.02973
0.48962, -0.02969
0.49119, -0.02964
0.49277, -0.02960
0.49434, -0.02955
0.49592, -0.02950
0.49749, -0.02946
0.49907, -0.02941
0.50064, -0.02936
0.50222, -0.02931
0.50380, -0.02926
0.50537, -0.02921
0.50695, -0.02916
0.50853, -0.02911
0.51011, -0.02906
0.51169, -0.02900
0.51327, -0.02895
0.51485, -0.02890
0.51643, -0.02884
0.51801, -0.02879
0.51959, -0.02873
0.52117, -0.02867
0.52275, -0.02862
0.52433, -0.02856
0.52591, -0.02850
0.52749, -0.02844
0.52907, -0.02838
0.53065, -0.02832
0.53223, -0.02826
0.53381, -0.02820
0.53539, -0.02813
0.53697, -0.02807
0.53855, -0.02801
0.54013, -0.02794
0.54171, -0.02788
0.54329, -0.02781
0.54487, -0.02774
0.54645, -0.02767
0.54803, -0.02760
0.54961, -0.02753
0.55119, -0.02746
0.55277, -0.02739
0.55435, -0.02732
0.55592, -0.02725
0.55750, -0.02717
0.55908, -0.02710
0.56065, -0.02702
0.56223, -0.02695
0.56380, -0.02687
0.56538, -0.02679
0.56695, -0.02671
0.56853, -0.02663
0.57010, -0.02655
0.57167, -0.02647
0.57325, -0.02639
0.57482, -0.02631
0.57639, -0.02622
0.57796, -0.02614
0.57953, -0.02605
0.58110, -0.02597
0.58266, -0.02588
0.58423, -0.02579
0.58580, -0.02570
0.58736, -0.02561
0.58893, -0.02552
0.59049, -0.02543
0.59205, -0.02534
0.59362, -0.02525
0.59518, -0.02515
0.59674, -0.02506
0.59830, -0.02496
0.59986, -0.02486
0.60141, -0.02477
0.60297, -0.02467
0.60453, -0.02457
0.60608, -0.02447
0.60764, -0.02437
0.60919, -0.02427
0.61074, -0.02416
0.61229, -0.02406
0.61384, -0.02395
0.61539, -0.02385
0.61693, -0.02374
0.61848, -0.02364
0.62003, -0.02353
0.62157, -0.02342
0.62311, -0.02331
0.62465, -0.02320
0.62619, -0.02309
0.62773, -0.02298
0.62927, -0.02286
0.63081, -0.02275
0.63234, -0.02263
0.63388, -0.02252
0.63541, -0.02240
0.63694, -0.02228
0.63847, -0.02217
0.64000, -0.02205
0.64153, -0.02193
0.64305, -0.02181
0.64458, -0.02168
0.64610, -0.02156
0.64762, -0.02144
0.64917, -0.02131
0.65081, -0.02119
0.65280, -0.02105
0.65571, -0.02085
0.66034, -0.02035
0.66686, -0.01902
0.67370, -0.01662
0.67848, -0.01423
0.67999, -0.01325
0.67826, -0.01387
0.67455, -0.01497
0.67117, -0.01552
0.66963, -0.01555
0.66978, -0.01542
0.67082, -0.01527
0.67219, -0.01512
0.67366, -0.01496
0.67515, -0.01481
0.67664, -0.01465
0.67812, -0.01450
0.67960, -0.01434
0.68109, -0.01418
0.68256, -0.01402
0.68404, -0.01386
0.68551, -0.01370
0.68699, -0.01354
0.68845, -0.01338
0.68992, -0.01322
0.69139, -0.01306
0.69285, -0.01290
0.69431, -0.01273
0.69576, -0.01257
0.69722, -0.01240
0.69867, -0.01224
0.70012, -0.01207
0.70157, -0.01191
0.70301, -0.01174
0.70446, -0.01158
0.70590, -0.01141
0.70734, -0.01124
0.70877, -0.01107
0.71020, -0.01091
0.71163, -0.01074
0.71306, -0.01057
0.71449, -0.01040
0.71591, -0.01023
0.71733, -0.01006
0.71875, -0.00989
0.72016, -0.00972
0.72157, -0.00955
0.72298, -0.00939
0.72439, -0.00922
0.72580, -0.00905
0.72720, -0.00888
0.72860, -0.00870
0.73000, -0.00853
0.73139, -0.00836
0.73278, -0.00819
0.73417, -0.00802
0.73556, -0.00785
0.73694, -0.00768
0.73832, -0.00751
0.73970, -0.00734
0.74108, -0.00717
0.74245, -0.00700
0.74382, -0.00683
0.74519, -0.00666
0.74655, -0.00649
0.74792, -0.00632
0.74928, -0.00615
0.75063, -0.00599
0.75199, -0.00582
0.75334, -0.00565
0.75469, -0.00548
0.75604, -0.00531
0.75738, -0.00514
0.75872, -0.00498
0.76006, -0.00481
0.76140, -0.00464
0.76273, -0.00447
0.76407, -0.00431
0.76540, -0.00414
0.76672, -0.00397
0.76805, -0.00381
0.76937, -0.00364
0.77069, -0.00347
0.77200, -0.00331
0.77331, -0.00314
0.77463, -0.00298
0.77593, -0.00281
0.77724, -0.00265
0.77854, -0.00248
0.77984, -0.00232
0.78114, -0.00216
0.78243, -0.00199
0.78372, -0.00183
0.78501, -0.00167
0.78630, -0.00150
0.78758, -0.00134
0.78886, -0.00118
0.79014, -0.00102
0.79141, -0.00086
0.79268, -0.00070
0.79395, -0.00054
0.79522, -0.00037
0.79648, -0.00021
0.79774, -0.00005
0.79900, 0.00010
0.80025, 0.00026
0.80150, 0.00042
0.80275, 0.00058
0.80400, 0.00074
0.80524, 0.00090
0.80648, 0.00106
0.80771, 0.00121
0.80895, 0.00137
0.81018, 0.00153
0.81141, 0.00168
0.81263, 0.00184
0.81385, 0.00199
0.81507, 0.00215
0.81628, 0.00230
0.81750, 0.00246
0.81870, 0.00261
0.81991, 0.00277
0.82111, 0.00292
0.82231, 0.00307
0.82351, 0.00322
0.82470, 0.00338
0.82589, 0.00353
0.82708, 0.00368
0.82826, 0.00383
0.82944, 0.00398
0.83062, 0.00413
0.83179, 0.00428
0.83296, 0.00443
0.83413, 0.00458
0.83529, 0.00473
0.83645, 0.00488
0.83761, 0.00502
0.83877, 0.00517
0.83992, 0.00532
0.84106, 0.00546
0.84221, 0.00561
0.84335, 0.00576
0.84448, 0.00590
0.84562, 0.00605
0.84675, 0.00619
0.84787, 0.00633
0.84900, 0.00648
0.85012, 0.00662
0.85123, 0.00676
0.85235, 0.00691
0.85346, 0.00705
0.85456, 0.00719
0.85566, 0.00733
0.85676, 0.00747
0.85786, 0.00761
0.85895, 0.00775
0.86004, 0.00788
0.86112, 0.00802
0.86220, 0.00816
0.86328, 0.00830
0.86435, 0.00843
0.86542, 0.00857
0.86649, 0.00870
0.86755, 0.00884
0.86861, 0.00897
0.86967, 0.00911
0.87072, 0.00924
0.87177, 0.00937
0.87282, 0.00950
0.87386, 0.00963
0.87489, 0.00976
0.87593, 0.00989
0.87696, 0.01002
0.87798, 0.01015
0.87901, 0.01028
0.88003, 0.01041
0.88104, 0.01054
0.88205, 0.01066
0.88306, 0.01079
0.88406, 0.01091
0.88507, 0.01104
0.88606, 0.01116
0.88705, 0.01129
0.88804, 0.01141
0.88903, 0.01153
0.89001, 0.01165
0.89099, 0.01178
0.89196, 0.01190
0.89293, 0.01202
0.89390, 0.01214
0.89486, 0.01225
0.89582, 0.01237
0.89677, 0.01249
0.89772, 0.01261
0.89867, 0.01272
0.89961, 0.01284
0.90055, 0.01295
0.90149, 0.01307
0.90242, 0.01318
0.90334, 0.01329
0.90427, 0.01341
0.90519, 0.01352
0.90610, 0.01363
0.90701, 0.01374
0.90792, 0.01385
0.90882, 0.01396
0.90972, 0.01407
0.91062, 0.01418
0.91151, 0.01428
0.91240, 0.01439
0.91328, 0.01450
0.91416, 0.01460
0.91504, 0.01471
0.91591, 0.01481
0.91678, 0.01491
0.91764, 0.01502
0.91850, 0.01512
0.91935, 0.01522
0.92020, 0.01532
0.92105, 0.01542
0.92189, 0.01552
0.92273, 0.01562
0.92357, 0.01572
0.92440, 0.01581
0.92522, 0.01591
0.92604, 0.01601
0.92686, 0.01610
0.92768, 0.01620
0.92849, 0.01629
0.92929, 0.01639
0.93009, 0.01648
0.93089, 0.01657
0.93168, 0.01666
0.93247, 0.01675
0.93325, 0.01684
0.93403, 0.01693
0.93481, 0.01702
0.93558, 0.01711
0.93635, 0.01720
0.93711, 0.01729
0.93787, 0.01737
0.93863, 0.01746
0.93938, 0.01754
0.94012, 0.01763
0.94086, 0.01771
0.94160, 0.01780
0.94234, 0.01788
0.94306, 0.01796
0.94379, 0.01804
0.94451, 0.01812
0.94522, 0.01820
0.94594, 0.01828
0.94664, 0.01836
0.94735, 0.01844
0.94804, 0.01852
0.94874, 0.01859
0.94943, 0.01867
0.95011, 0.01874
0.95079, 0.01882
0.95147, 0.01889
0.95214, 0.01897
0.95281, 0.01904
0.95347, 0.01911
0.95413, 0.01918
0.95478, 0.01926
0.95543, 0.01933
0.95608, 0.01940
0.95672, 0.01947
0.95736, 0.01953
0.95799, 0.01960
0.95862, 0.01967
0.95924, 0.01974
0.95986, 0.01980
0.96047, 0.01987
0.96108, 0.01993
0.96169, 0.02000
0.96229, 0.02006
0.96288, 0.02013
0.96347, 0.02019
0.96406, 0.02025
0.96464, 0.02031
0.96522, 0.02037
0.96579, 0.02043
0.96636, 0.02049
0.96692, 0.02055
0.96748, 0.02061
0.96804, 0.02067
0.96859, 0.02072
0.96913, 0.02078
0.96968, 0.02084
0.97021, 0.02089
0.97074, 0.02095
0.97127, 0.02100
0.97179, 0.02106
0.97231, 0.02111
0.97282, 0.02116
0.97333, 0.02121
0.97384, 0.02126
0.97433, 0.02132
0.97483, 0.02137
0.97532, 0.02142
0.97580, 0.02146
0.97628, 0.02151
0.97676, 0.02156
0.97723, 0.02161
0.97770, 0.02166
0.97816, 0.02170
0.97862, 0.02175
0.97907, 0.02179
0.97952, 0.02184
0.97996, 0.02188
0.98040, 0.02192
0.98083, 0.02197
0.98126, 0.02201
0.98168, 0.02205
0.98210, 0.02209
0.98252, 0.02213
0.98293, 0.02218
0.98333, 0.02221
0.98373, 0.02225
0.98412, 0.02229
0.98452, 0.02233
0.98490, 0.02237
0.98528, 0.02241
0.98566, 0.02244
0.98603, 0.02248
0.98640, 0.02251
0.98676, 0.02255
0.98711, 0.02258
0.98747, 0.02262
0.98781, 0.02265
0.98816, 0.02268
0.98849, 0.02272
0.98883, 0.02275
0.98915, 0.02278
0.98948, 0.02281
0.98979, 0.02284
0.99011, 0.02287
0.99042, 0.02290
0.99072, 0.02293
0.99102, 0.02296
0.99131, 0.02299
0.99160, 0.02301
0.99188, 0.02304
0.99216, 0.02307
0.99244, 0.02309
0.99271, 0.02312
0.99297, 0.02314
0.99323, 0.02317
0.99349, 0.02319
0.99374, 0.02322
0.99398, 0.02324
0.99422, 0.02326
0.99446, 0.02328
0.99469, 0.02330
0.99491, 0.02333
0.99513, 0.02335
0.99535, 0.02337
0.99556, 0.02339
0.99577, 0.02340
0.99597, 0.02342
0.99616, 0.02344
0.99635, 0.02346
0.99654, 0.02348
0.99672, 0.02349
0.99690, 0.02351
0.99707, 0.02353
0.99723, 0.02354
0.99739, 0.02356
0.99755, 0.02357
0.99770, 0.02358
0.99785, 0.02360
0.99799, 0.02361
0.99813, 0.02362
0.99826, 0.02364
0.99839, 0.02365
0.99851, 0.02366
0.99862, 0.02367
0.99874, 0.02368
0.99884, 0.02369
0.99894, 0.02370
0.99904, 0.02371
0.99913, 0.02372
0.99922, 0.02372
0.99930, 0.02373
0.99938, 0.02374
0.99945, 0.02374
0.99952, 0.02375
0.99958, 0.02376
0.99964, 0.02376
0.99969, 0.02377
0.99974, 0.02377
0.99978, 0.02377
0.99982, 0.02378
0.99985, 0.02378
0.99988, 0.02378
0.99990, 0.02379
0.99991, 0.02379
0.99992, 0.02379
0.99990, 0.02379
0.99990, 0.02379
