=== Airfoil Parameters ===
m = 0.02
p = 0.4
t = 0.12

=== Control Points ===
0.00000, -0.01402, -0.01402
0.06667, -0.00612, -0.01223
0.13333, 0.00136, -0.00975
0.20000, 0.00700, -0.00800
0.26667, 0.00960, -0.00818
0.66667, 0.00521, -0.01084
0.75000, -0.00199, -0.01519
0.83333, -0.00936, -0.01893
0.91667, -0.01511, -0.02028
1.00000, -0.01998, -0.01998

=== Upper Surface ===
0.00000, -0.01402
-0.00005, -0.01374
-0.00006, -0.01346
-0.00008, -0.01318
-0.00009, -0.01290
-0.00010, -0.01262
-0.00010, -0.01235
-0.00010, -0.01207
-0.00010, -0.01179
-0.00009, -0.01151
-0.00007, -0.01123
-0.00005, -0.01095
-0.00003, -0.01066
0.00000, -0.01038
0.00004, -0.01010
0.00008, -0.00982
0.00012, -0.00954
0.00017, -0.00926
0.00023, -0.00898
0.00029, -0.00870
0.00035, -0.00841
0.00042, -0.00813
0.00050, -0.00785
0.00058, -0.00757
0.00066, -0.00728
0.00075, -0.00700
0.00085, -0.00672
0.00095, -0.00644
0.00105, -0.00615
0.00116, -0.00587
0.00128, -0.00558
0.00139, -0.00530
0.00152, -0.00502
0.00165, -0.00473
0.00178, -0.00445
0.00192, -0.00416
0.00207, -0.00388
0.00222, -0.00359
0.00237, -0.00331
0.00253, -0.00302
0.00269, -0.00274
0.00286, -0.00245
0.00304, -0.00217
0.00321, -0.00188
0.00340, -0.00160
0.00359, -0.00131
0.00378, -0.00102
0.00398, -0.00074
0.00418, -0.00045
0.00439, -0.00016
0.00460, 0.00012
0.00482, 0.00041
0.00504, 0.00070
0.00527, 0.00098
0.00550, 0.00127
0.00574, 0.00156
0.00598, 0.00185
0.00623, 0.00213
0.00648, 0.00242
0.00674, 0.00271
0.00700, 0.00300
0.00727, 0.00329
0.00754, 0.00358
0.00782, 0.00386
0.00810, 0.00415
0.00839, 0.00444
0.00868, 0.00473
0.00898, 0.00502
0.00928, 0.00531
0.00958, 0.00560
0.00989, 0.00589
0.01021, 0.00618
0.01053, 0.00646
0.01085, 0.00675
0.01119, 0.00704
0.01152, 0.00733
0.01186, 0.00762
0.01220, 0.00791
0.01255, 0.00820
0.01291, 0.00849
0.01327, 0.00878
0.01363, 0.00907
0.01400, 0.00936
0.01438, 0.00965
0.01475, 0.00994
0.01514, 0.01023
0.01553, 0.01052
0.01592, 0.01082
0.01632, 0.01111
0.01672, 0.01140
0.01713, 0.01169
0.01754, 0.01198
0.01796, 0.01227
0.01838, 0.01256
0.01880, 0.01285
0.01924, 0.01314
0.01967, 0.01343
0.02011, 0.01372
0.02056, 0.01401
0.02101, 0.01430
0.02146, 0.01460
0.02192, 0.01489
0.02239, 0.01518
0.02286, 0.01547
0.02333, 0.01576
0.02381, 0.01605
0.02430, 0.01634
0.02478, 0.01663
0.02528, 0.01692
0.02578, 0.01721
0.02628, 0.01751
0.02679, 0.01780
0.02730, 0.01809
0.02782, 0.01838
0.02834, 0.01867
0.02886, 0.01896
0.02939, 0.01925
0.02993, 0.01954
0.03047, 0.01983
0.03102, 0.02012
0.03157, 0.02041
0.03212, 0.02070
0.03268, 0.02100
0.03324, 0.02129
0.03381, 0.02158
0.03439, 0.02187
0.03496, 0.02216
0.03555, 0.02245
0.03613, 0.02274
0.03673, 0.02303
0.03732, 0.02332
0.03792, 0.02361
0.03853, 0.02390
0.03914, 0.02419
0.03976, 0.02448
0.04038, 0.02476
0.04100, 0.02505
0.04163, 0.02534
0.04227, 0.02563
0.04290, 0.02592
0.04355, 0.02621
0.04420, 0.02650
0.04485, 0.02679
0.04550, 0.02707
0.04617, 0.02736
0.04683, 0.02765
0.04750, 0.02794
0.04818, 0.02823
0.04886, 0.02851
0.04954, 0.02880
0.05023, 0.02909
0.05093, 0.02937
0.05163, 0.02966
0.05233, 0.02995
0.05304, 0.03023
0.05375, 0.03052
0.05447, 0.03080
0.05519, 0.03109
0.05591, 0.03138
0.05664, 0.03166
0.05738, 0.03194
0.05812, 0.03223
0.05886, 0.03251
0.05961, 0.03280
0.06036, 0.03308
0.06112, 0.03336
0.06188, 0.03365
0.06265, 0.03393
0.06342, 0.03421
0.06420, 0.03449
0.06498, 0.03478
0.06576, 0.03506
0.06655, 0.03534
0.06735, 0.03562
0.06814, 0.03590
0.06895, 0.03618
0.06975, 0.03646
0.07057, 0.03674
0.07138, 0.03702
0.07220, 0.03730
0.07303, 0.03758
0.07386, 0.03785
0.07469, 0.03813
0.07553, 0.03841
0.07637, 0.03869
0.07722, 0.03896
0.07807, 0.03924
0.07893, 0.03951
0.07979, 0.03979
0.08065, 0.04006
0.08152, 0.04034
0.08240, 0.04061
0.08328, 0.04088
0.08416, 0.04116
0.08504, 0.04143
0.08594, 0.04170
0.08683, 0.04197
0.08773, 0.04224
0.08864, 0.04251
0.08955, 0.04278
0.09046, 0.04305
0.09138, 0.04332
0.09230, 0.04358
0.09323, 0.04385
0.09416, 0.04412
0.09509, 0.04438
0.09603, 0.04465
0.09697, 0.04491
0.09792, 0.04518
0.09888, 0.04544
0.09983, 0.04571
0.10079, 0.04597
0.10176, 0.04623
0.10273, 0.04649
0.10370, 0.04675
0.10468, 0.04701
0.10566, 0.04727
0.10665, 0.04753
0.10764, 0.04778
0.10864, 0.04804
0.10964, 0.04830
0.11064, 0.04855
0.11165, 0.04881
0.11266, 0.04906
0.11368, 0.04931
0.11470, 0.04956
0.11572, 0.04982
0.11675, 0.05007
0.11778, 0.05032
0.11882, 0.05056
0.11986, 0.05081
0.12091, 0.05106
0.12196, 0.05130
0.12301, 0.05155
0.12407, 0.05179
0.12513, 0.05204
0.12620, 0.05228
0.12727, 0.05252
0.12835, 0.05276
0.12943, 0.05300
0.13051, 0.05324
0.13160, 0.05348
0.13269, 0.05371
0.13379, 0.05395
0.13489, 0.05418
0.13600, 0.05442
0.13711, 0.05465
0.13822, 0.05488
0.13934, 0.05511
0.14046, 0.05534
0.14159, 0.05557
0.14272, 0.05580
0.14386, 0.05602
0.14500, 0.05625
0.14614, 0.05647
0.14729, 0.05669
0.14844, 0.05691
0.14960, 0.05713
0.15076, 0.05735
0.15193, 0.05757
0.15310, 0.05778
0.15427, 0.05800
0.15545, 0.05821
0.15663, 0.05842
0.15782, 0.05863
0.15901, 0.05884
0.16021, 0.05905
0.16141, 0.05925
0.16262, 0.05945
0.16382, 0.05966
0.16504, 0.05986
0.16625, 0.06006
0.16748, 0.06025
0.16870, 0.06045
0.16993, 0.06064
0.17117, 0.06084
0.17240, 0.06103
0.17365, 0.06122
0.17489, 0.06140
0.17615, 0.06159
0.17740, 0.06177
0.17866, 0.06195
0.17992, 0.06213
0.18119, 0.06231
0.18246, 0.06249
0.18374, 0.06266
0.18502, 0.06283
0.18631, 0.06300
0.18759, 0.06317
0.18889, 0.06334
0.19018, 0.06350
0.19149, 0.06366
0.19279, 0.06382
0.19410, 0.06398
0.19541, 0.06413
0.19673, 0.06429
0.19805, 0.06444
0.19937, 0.06459
0.20069, 0.06473
0.20202, 0.06487
0.20335, 0.06502
0.20468, 0.06515
0.20601, 0.06529
0.20735, 0.06543
0.20869, 0.06556
0.21003, 0.06569
0.21137, 0.06581
0.21271, 0.06594
0.21405, 0.06606
0.21540, 0.06618
0.21675, 0.06630
0.21810, 0.06642
0.21945, 0.06653
0.22080, 0.06665
0.22216, 0.06676
0.22352, 0.06687
0.22488, 0.06697
0.22624, 0.06708
0.22760, 0.06718
0.22896, 0.06728
0.23033, 0.06738
0.23169, 0.06748
0.23306, 0.06757
0.23443, 0.06767
0.23580, 0.06776
0.23717, 0.06785
0.23855, 0.06794
0.23992, 0.06802
0.24130, 0.06811
0.24268, 0.06819
0.24406, 0.06827
0.24544, 0.06835
0.24682, 0.06843
0.24820, 0.06851
0.24958, 0.06858
0.25097, 0.06866
0.25235, 0.06873
0.25374, 0.06880
0.25513, 0.06887
0.25652, 0.06894
0.25791, 0.06901
0.25930, 0.06907
0.26069, 0.06914
0.26209, 0.06920
0.26348, 0.06927
0.26488, 0.06933
0.26628, 0.06939
0.26768, 0.06945
0.26908, 0.06950
0.27048, 0.06956
0.27189, 0.06962
0.27330, 0.06967
0.27471, 0.06973
0.27612, 0.06978
0.27754, 0.06983
0.27895, 0.06988
0.28038, 0.06993
0.28180, 0.06998
0.28322, 0.07003
0.28465, 0.07007
0.28608, 0.07012
0.28751, 0.07016
0.28895, 0.07021
0.29038, 0.07025
0.29182, 0.07029
0.29326, 0.07033
0.29470, 0.07037
0.29615, 0.07041
0.29760, 0.07044
0.29905, 0.07048
0.30050, 0.07051
0.30195, 0.07055
0.30341, 0.07058
0.30486, 0.07061
0.30632, 0.07064
0.30779, 0.07067
0.30925, 0.07070
0.31072, 0.07073
0.31218, 0.07075
0.31365, 0.07078
0.31513, 0.07080
0.31660, 0.07082
0.31808, 0.07084
0.31955, 0.07086
0.32103, 0.07088
0.32251, 0.07090
0.32400, 0.07092
0.32548, 0.07093
0.32696, 0.07095
0.32844, 0.07096
0.32992, 0.07097
0.33140, 0.07099
0.33287, 0.07100
0.33435, 0.07101
0.33583, 0.07102
0.33730, 0.07103
0.33879, 0.07103
0.34027, 0.07104
0.34175, 0.07105
0.34324, 0.07106
0.34473, 0.07106
0.34622, 0.07107
0.34771, 0.07107
0.34921, 0.07108
0.35071, 0.07108
0.35220, 0.07108
0.35370, 0.07108
0.35521, 0.07108
0.35671, 0.07108
0.35822, 0.07108
0.35973, 0.07108
0.36124, 0.07108
0.36275, 0.07108
0.36426, 0.07108
0.36578, 0.07107
0.36730, 0.07107
0.36881, 0.07106
0.37033, 0.07105
0.37186, 0.07105
0.37338, 0.07104
0.37491, 0.07103
0.37643, 0.07102
0.37796, 0.07101
0.37949, 0.07100
0.38103, 0.07099
0.38256, 0.07097
0.38410, 0.07096
0.38563, 0.07095
0.38717, 0.07093
0.38871, 0.07091
0.39025, 0.07090
0.39180, 0.07088
0.39334, 0.07086
0.39489, 0.07084
0.39643, 0.07082
0.39798, 0.07080
0.39953, 0.07077
0.40108, 0.07075
0.40263, 0.07072
0.40419, 0.07070
0.40574, 0.07067
0.40730, 0.07064
0.40886, 0.07061
0.41041, 0.07059
0.41197, 0.07055
0.41353, 0.07052
0.41510, 0.07049
0.41666, 0.07046
0.41822, 0.07042
0.41979, 0.07039
0.42135, 0.07035
0.42292, 0.07031
0.42449, 0.07027
0.42606, 0.07023
0.42763, 0.07019
0.42920, 0.07015
0.43077, 0.07011
0.43234, 0.07006
0.43392, 0.07002
0.43549, 0.06997
0.43706, 0.06993
0.43864, 0.06988
0.44022, 0.06983
0.44179, 0.06978
0.44337, 0.06973
0.44495, 0.06968
0.44653, 0.06962
0.44811, 0.06957
0.44969, 0.06951
0.45127, 0.06946
0.45285, 0.06940
0.45443, 0.06934
0.45602, 0.06928
0.45760, 0.06922
0.45918, 0.06916
0.46077, 0.06909
0.46235, 0.06903
0.46393, 0.06897
0.46552, 0.06890
0.46711, 0.06883
0.46869, 0.06876
0.47028, 0.06869
0.47186, 0.06862
0.47345, 0.06855
0.47504, 0.06848
0.47662, 0.06841
0.47821, 0.06833
0.47980, 0.06826
0.48139, 0.06818
0.48297, 0.06810
0.48456, 0.06802
0.48615, 0.06794
0.48774, 0.06786
0.48933, 0.06778
0.49092, 0.06770
0.49250, 0.06762
0.49409, 0.06753
0.49568, 0.06745
0.49727, 0.06736
0.49886, 0.06727
0.50045, 0.06718
0.50203, 0.06709
0.50362, 0.06700
0.50521, 0.06691
0.50680, 0.06682
0.50839, 0.06672
0.50997, 0.06663
0.51156, 0.06653
0.51315, 0.06644
0.51474, 0.06634
0.51632, 0.06624
0.51791, 0.06614
0.51950, 0.06604
0.52108, 0.06594
0.52267, 0.06584
0.52425, 0.06573
0.52584, 0.06563
0.52742, 0.06552
0.52901, 0.06542
0.53059, 0.06531
0.53218, 0.06520
0.53376, 0.06509
0.53534, 0.06498
0.53693, 0.06487
0.53851, 0.06476
0.54009, 0.06465
0.54167, 0.06453
0.54325, 0.06442
0.54483, 0.06430
0.54641, 0.06419
0.54799, 0.06407
0.54957, 0.06395
0.55115, 0.06383
0.55273, 0.06372
0.55431, 0.06359
0.55588, 0.06347
0.55746, 0.06335
0.55904, 0.06323
0.56061, 0.06310
0.56219, 0.06298
0.56376, 0.06285
0.56533, 0.06273
0.56691, 0.06260
0.56848, 0.06247
0.57005, 0.06234
0.57162, 0.06221
0.57319, 0.06208
0.57476, 0.06195
0.57633, 0.06181
0.57790, 0.06168
0.57947, 0.06154
0.58103, 0.06141
0.58260, 0.06127
0.58417, 0.06114
0.58573, 0.06100
0.58729, 0.06086
0.58886, 0.06072
0.59042, 0.06058
0.59198, 0.06044
0.59354, 0.06029
0.59510, 0.06015
0.59666, 0.06000
0.59822, 0.05986
0.59978, 0.05971
0.60134, 0.05957
0.60289, 0.05942
0.60445, 0.05927
0.60600, 0.05912
0.60755, 0.05897
0.60911, 0.05882
0.61066, 0.05866
0.61221, 0.05851
0.61376, 0.05836
0.61531, 0.05820
0.61686, 0.05804
0.61840, 0.05789
0.61995, 0.05773
0.62149, 0.05757
0.62304, 0.05741
0.62458, 0.05725
0.62612, 0.05708
0.62766, 0.05692
0.62920, 0.05676
0.63074, 0.05659
0.63228, 0.05642
0.63382, 0.05626
0.63535, 0.05609
0.63689, 0.05592
0.63842, 0.05575
0.63995, 0.05557
0.64148, 0.05540
0.64301, 0.05523
0.64454, 0.05505
0.64607, 0.05488
0.64760, 0.05470
0.64913, 0.05452
0.65069, 0.05434
0.65242, 0.05415
0.65475, 0.05391
0.65862, 0.05346
0.66525, 0.05216
0.67425, 0.04883
0.68246, 0.04377
0.68739, 0.03945
0.68891, 0.03776
0.68716, 0.03900
0.68238, 0.04182
0.67685, 0.04386
0.67351, 0.04449
0.67276, 0.04447
0.67349, 0.04428
0.67478, 0.04404
0.67623, 0.04379
0.67771, 0.04354
0.67920, 0.04328
0.68068, 0.04303
0.68216, 0.04277
0.68364, 0.04252
0.68511, 0.04226
0.68658, 0.04200
0.68805, 0.04174
0.68952, 0.04148
0.69098, 0.04122
0.69245, 0.04096
0.69391, 0.04070
0.69536, 0.04044
0.69682, 0.04018
0.69827, 0.03992
0.69972, 0.03965
0.70117, 0.03939
0.70261, 0.03912
0.70406, 0.03886
0.70550, 0.03859
0.70694, 0.03833
0.70837, 0.03806
0.70980, 0.03780
0.71123, 0.03753
0.71266, 0.03726
0.71409, 0.03700
0.71551, 0.03673
0.71693, 0.03646
0.71834, 0.03619
0.71976, 0.03593
0.72117, 0.03566
0.72258, 0.03539
0.72399, 0.03512
0.72539, 0.03485
0.72679, 0.03458
0.72819, 0.03431
0.72959, 0.03404
0.73098, 0.03378
0.73237, 0.03351
0.73376, 0.03324
0.73515, 0.03297
0.73653, 0.03270
0.73791, 0.03243
0.73929, 0.03216
0.74066, 0.03189
0.74204, 0.03162
0.74341, 0.03135
0.74477, 0.03109
0.74614, 0.03082
0.74750, 0.03055
0.74886, 0.03028
0.75021, 0.03001
0.75156, 0.02974
0.75292, 0.02948
0.75426, 0.02921
0.75561, 0.02894
0.75695, 0.02868
0.75829, 0.02841
0.75963, 0.02814
0.76096, 0.02788
0.76229, 0.02761
0.76362, 0.02735
0.76495, 0.02708
0.76627, 0.02682
0.76759, 0.02655
0.76891, 0.02629
0.77022, 0.02603
0.77153, 0.02577
0.77284, 0.02550
0.77415, 0.02524
0.77545, 0.02498
0.77675, 0.02472
0.77805, 0.02446
0.77934, 0.02420
0.78063, 0.02394
0.78192, 0.02368
0.78321, 0.02342
0.78449, 0.02316
0.78577, 0.02291
0.78705, 0.02265
0.78832, 0.02239
0.78959, 0.02214
0.79086, 0.02188
0.79213, 0.02163
0.79339, 0.02137
0.79465, 0.02112
0.79591, 0.02087
0.79716, 0.02061
0.79841, 0.02036
0.79966, 0.02011
0.80090, 0.01986
0.80214, 0.01961
0.80338, 0.01936
0.80462, 0.01912
0.80585, 0.01887
0.80708, 0.01862
0.80830, 0.01838
0.80953, 0.01813
0.81075, 0.01789
0.81196, 0.01764
0.81318, 0.01740
0.81439, 0.01716
0.81560, 0.01692
0.81680, 0.01667
0.81800, 0.01643
0.81920, 0.01620
0.82039, 0.01596
0.82159, 0.01572
0.82278, 0.01548
0.82396, 0.01525
0.82514, 0.01501
0.82632, 0.01478
0.82750, 0.01454
0.82867, 0.01431
0.82984, 0.01408
0.83101, 0.01385
0.83217, 0.01362
0.83333, 0.01339
0.83448, 0.01316
0.83564, 0.01293
0.83679, 0.01271
0.83793, 0.01248
0.83908, 0.01226
0.84022, 0.01203
0.84136, 0.01181
0.84249, 0.01159
0.84362, 0.01137
0.84475, 0.01115
0.84587, 0.01093
0.84700, 0.01071
0.84811, 0.01049
0.84923, 0.01027
0.85034, 0.01006
0.85145, 0.00984
0.85256, 0.00963
0.85366, 0.00941
0.85476, 0.00920
0.85585, 0.00899
0.85694, 0.00878
0.85803, 0.00857
0.85912, 0.00836
0.86020, 0.00815
0.86128, 0.00794
0.86235, 0.00774
0.86342, 0.00753
0.86449, 0.00732
0.86556, 0.00712
0.86662, 0.00691
0.86768, 0.00671
0.86873, 0.00651
0.86978, 0.00631
0.87083, 0.00611
0.87187, 0.00591
0.87291, 0.00571
0.87395, 0.00551
0.87498, 0.00531
0.87601, 0.00512
0.87704, 0.00492
0.87806, 0.00472
0.87908, 0.00453
0.88010, 0.00434
0.88111, 0.00414
0.88212, 0.00395
0.88312, 0.00376
0.88412, 0.00357
0.88512, 0.00338
0.88611, 0.00319
0.88710, 0.00300
0.88809, 0.00281
0.88907, 0.00263
0.89005, 0.00244
0.89103, 0.00226
0.89200, 0.00207
0.89297, 0.00189
0.89393, 0.00171
0.89489, 0.00152
0.89585, 0.00134
0.89680, 0.00116
0.89775, 0.00098
0.89869, 0.00080
0.89963, 0.00062
0.90057, 0.00045
0.90150, 0.00027
0.90243, 0.00009
0.90336, -0.00008
0.90428, -0.00026
0.90520, -0.00043
0.90611, -0.00060
0.90702, -0.00078
0.90793, -0.00095
0.90883, -0.00112
0.90973, -0.00129
0.91062, -0.00146
0.91151, -0.00163
0.91240, -0.00179
0.91328, -0.00196
0.91416, -0.00213
0.91503, -0.00229
0.91590, -0.00246
0.91677, -0.00262
0.91763, -0.00279
0.91849, -0.00295
0.91934, -0.00311
0.92019, -0.00327
0.92104, -0.00343
0.92188, -0.00359
0.92272, -0.00375
0.92355, -0.00391
0.92438, -0.00406
0.92521, -0.00422
0.92603, -0.00438
0.92684, -0.00453
0.92766, -0.00469
0.92847, -0.00484
0.92927, -0.00499
0.93007, -0.00514
0.93087, -0.00530
0.93166, -0.00545
0.93245, -0.00560
0.93323, -0.00574
0.93401, -0.00589
0.93479, -0.00604
0.93556, -0.00619
0.93632, -0.00633
0.93709, -0.00648
0.93784, -0.00662
0.93860, -0.00677
0.93935, -0.00691
0.94009, -0.00705
0.94083, -0.00719
0.94157, -0.00733
0.94230, -0.00747
0.94303, -0.00761
0.94376, -0.00775
0.94448, -0.00789
0.94519, -0.00802
0.94590, -0.00816
0.94661, -0.00829
0.94731, -0.00843
0.94801, -0.00856
0.94870, -0.00869
0.94939, -0.00882
0.95007, -0.00896
0.95075, -0.00909
0.95143, -0.00922
0.95210, -0.00934
0.95277, -0.00947
0.95343, -0.00960
0.95409, -0.00973
0.95474, -0.00985
0.95539, -0.00998
0.95604, -0.01010
0.95668, -0.01022
0.95731, -0.01034
0.95794, -0.01047
0.95857, -0.01059
0.95919, -0.01071
0.95981, -0.01083
0.96043, -0.01094
0.96103, -0.01106
0.96164, -0.01118
0.96224, -0.01129
0.96283, -0.01141
0.96342, -0.01152
0.96401, -0.01164
0.96459, -0.01175
0.96517, -0.01186
0.96574, -0.01197
0.96631, -0.01208
0.96687, -0.01219
0.96743, -0.01230
0.96799, -0.01240
0.96854, -0.01251
0.96908, -0.01262
0.96962, -0.01272
0.97016, -0.01283
0.97069, -0.01293
0.97122, -0.01303
0.97174, -0.01313
0.97226, -0.01323
0.97277, -0.01333
0.97328, -0.01343
0.97378, -0.01353
0.97428, -0.01363
0.97477, -0.01372
0.97526, -0.01382
0.97575, -0.01391
0.97623, -0.01401
0.97670, -0.01410
0.97717, -0.01419
0.97764, -0.01428
0.97810, -0.01437
0.97856, -0.01446
0.97901, -0.01455
0.97946, -0.01464
0.97990, -0.01473
0.98034, -0.01481
0.98077, -0.01490
0.98120, -0.01498
0.98162, -0.01506
0.98204, -0.01515
0.98246, -0.01523
0.98287, -0.01531
0.98327, -0.01539
0.98367, -0.01547
0.98407, -0.01554
0.98446, -0.01562
0.98485, -0.01570
0.98523, -0.01577
0.98560, -0.01585
0.98597, -0.01592
0.98634, -0.01599
0.98670, -0.01606
0.98706, -0.01613
0.98741, -0.01620
0.98776, -0.01627
0.98810, -0.01634
0.98844, -0.01641
0.98878, -0.01647
0.98910, -0.01654
0.98943, -0.01660
0.98975, -0.01666
0.99006, -0.01673
0.99037, -0.01679
0.99068, -0.01685
0.99098, -0.01691
0.99127, -0.01697
0.99156, -0.01702
0.99185, -0.01708
0.99213, -0.01714
0.99240, -0.01719
0.99267, -0.01724
0.99294, -0.01730
0.99320, -0.01735
0.99346, -0.01740
0.99371, -0.01745
0.99396, -0.01750
0.99420, -0.01755
0.99443, -0.01759
0.99467, -0.01764
0.99489, -0.01768
0.99512, -0.01773
0.99533, -0.01777
0.99555, -0.01781
0.99575, -0.01786
0.99596, -0.01790
0.99616, -0.01794
0.99635, -0.01797
0.99654, -0.01801
0.99672, -0.01805
0.99690, -0.01808
0.99707, -0.01812
0.99724, -0.01815
0.99741, -0.01819
0.99756, -0.01822
0.99772, -0.01825
0.99787, -0.01828
0.99801, -0.01831
0.99815, -0.01833
0.99829, -0.01836
0.99842, -0.01839
0.99854, -0.01841
0.99866, -0.01844
0.99878, -0.01846
0.99889, -0.01848
0.99899, -0.01850
0.99909, -0.01852
0.99919, -0.01854
0.99928, -0.01856
0.99937, -0.01858
0.99945, -0.01859
0.99952, -0.01861
0.99959, -0.01862
0.99966, -0.01864
0.99972, -0.01865
0.99978, -0.01866
0.99983, -0.01867
0.99988, -0.01868
0.99992, -0.01869
0.99995, -0.01870
0.99999, -0.01870
1.00001, -0.01871
1.00004, -0.01871
1.00005, -0.01871
1.00007, -0.01872
1.00011, -0.01872
1.00012, -0.01872

=== Lower Surface ===
0.00000, -0.01402
0.00005, -0.01429
0.00008, -0.01457
0.00012, -0.01485
0.00017, -0.01512
0.00022, -0.01540
0.00028, -0.01567
0.00035, -0.01594
0.00041, -0.01621
0.00049, -0.01648
0.00057, -0.01675
0.00065, -0.01702
0.00074, -0.01729
0.00083, -0.01756
0.00093, -0.01782
0.00103, -0.01809
0.00114, -0.01835
0.00126, -0.01861
0.00137, -0.01887
0.00150, -0.01913
0.00162, -0.01939
0.00176, -0.01965
0.00189, -0.01991
0.00204, -0.02017
0.00218, -0.02042
0.00234, -0.02068
0.00249, -0.02093
0.00266, -0.02118
0.00282, -0.02144
0.00299, -0.02169
0.00317, -0.02194
0.00335, -0.02219
0.00354, -0.02243
0.00373, -0.02268
0.00393, -0.02293
0.00413, -0.02317
0.00433, -0.02342
0.00455, -0.02366
0.00476, -0.02390
0.00498, -0.02414
0.00521, -0.02438
0.00544, -0.02462
0.00567, -0.02486
0.00591, -0.02510
0.00616, -0.02533
0.00641, -0.02557
0.00667, -0.02580
0.00692, -0.02603
0.00719, -0.02627
0.00746, -0.02650
0.00773, -0.02673
0.00801, -0.02696
0.00830, -0.02718
0.00859, -0.02741
0.00888, -0.02764
0.00918, -0.02786
0.00948, -0.02809
0.00979, -0.02831
0.01010, -0.02853
0.01042, -0.02875
0.01074, -0.02897
0.01107, -0.02919
0.01140, -0.02941
0.01174, -0.02962
0.01208, -0.02984
0.01243, -0.03005
0.01278, -0.03027
0.01314, -0.03048
0.01350, -0.03069
0.01387, -0.03090
0.01424, -0.03111
0.01461, -0.03132
0.01499, -0.03152
0.01538, -0.03173
0.01577, -0.03194
0.01616, -0.03214
0.01656, -0.03234
0.01697, -0.03254
0.01738, -0.03274
0.01779, -0.03294
0.01821, -0.03314
0.01863, -0.03334
0.01906, -0.03354
0.01950, -0.03373
0.01993, -0.03392
0.02038, -0.03412
0.02082, -0.03431
0.02128, -0.03450
0.02173, -0.03469
0.02219, -0.03488
0.02266, -0.03506
0.02313, -0.03525
0.02361, -0.03544
0.02409, -0.03562
0.02457, -0.03580
0.02506, -0.03598
0.02555, -0.03617
0.02605, -0.03634
0.02656, -0.03652
0.02706, -0.03670
0.02758, -0.03688
0.02809, -0.03705
0.02862, -0.03722
0.02914, -0.03740
0.02967, -0.03757
0.03021, -0.03774
0.03075, -0.03791
0.03130, -0.03808
0.03185, -0.03824
0.03240, -0.03841
0.03296, -0.03857
0.03352, -0.03874
0.03409, -0.03890
0.03466, -0.03906
0.03524, -0.03922
0.03582, -0.03938
0.03641, -0.03954
0.03700, -0.03969
0.03759, -0.03985
0.03819, -0.04000
0.03880, -0.04016
0.03941, -0.04031
0.04002, -0.04046
0.04064, -0.04061
0.04126, -0.04075
0.04188, -0.04090
0.04252, -0.04105
0.04315, -0.04119
0.04379, -0.04134
0.04444, -0.04148
0.04508, -0.04162
0.04574, -0.04176
0.04640, -0.04190
0.04706, -0.04203
0.04772, -0.04217
0.04839, -0.04231
0.04907, -0.04244
0.04975, -0.04257
0.05043, -0.04270
0.05112, -0.04283
0.05181, -0.04296
0.05251, -0.04309
0.05321, -0.04322
0.05392, -0.04334
0.05463, -0.04347
0.05534, -0.04359
0.05606, -0.04371
0.05678, -0.04383
0.05751, -0.04395
0.05824, -0.04407
0.05897, -0.04419
0.05971, -0.04430
0.06046, -0.04442
0.06121, -0.04453
0.06196, -0.04464
0.06271, -0.04475
0.06347, -0.04486
0.06424, -0.04497
0.06501, -0.04508
0.06578, -0.04519
0.06656, -0.04529
0.06734, -0.04540
0.06812, -0.04550
0.06891, -0.04560
0.06971, -0.04570
0.07050, -0.04580
0.07131, -0.04590
0.07211, -0.04599
0.07292, -0.04609
0.07373, -0.04618
0.07455, -0.04628
0.07537, -0.04637
0.07620, -0.04646
0.07703, -0.04655
0.07786, -0.04664
0.07870, -0.04672
0.07954, -0.04681
0.08039, -0.04689
0.08124, -0.04698
0.08209, -0.04706
0.08295, -0.04714
0.08381, -0.04722
0.08467, -0.04730
0.08554, -0.04738
0.08642, -0.04745
0.08729, -0.04753
0.08817, -0.04760
0.08906, -0.04768
0.08995, -0.04775
0.09084, -0.04782
0.09173, -0.04789
0.09263, -0.04796
0.09353, -0.04802
0.09444, -0.04809
0.09535, -0.04816
0.09627, -0.04822
0.09718, -0.04828
0.09811, -0.04834
0.09903, -0.04840
0.09996, -0.04846
0.10089, -0.04852
0.10183, -0.04858
0.10277, -0.04864
0.10371, -0.04869
0.10466, -0.04874
0.10561, -0.04880
0.10657, -0.04885
0.10752, -0.04890
0.10848, -0.04895
0.10945, -0.04900
0.11042, -0.04905
0.11139, -0.04909
0.11237, -0.04914
0.11334, -0.04918
0.11433, -0.04923
0.11531, -0.04927
0.11630, -0.04931
0.11729, -0.04935
0.11829, -0.04939
0.11929, -0.04943
0.12029, -0.04946
0.12130, -0.04950
0.12231, -0.04954
0.12332, -0.04957
0.12434, -0.04960
0.12536, -0.04964
0.12638, -0.04967
0.12741, -0.04970
0.12844, -0.04973
0.12947, -0.04976
0.13050, -0.04978
0.13154, -0.04981
0.13259, -0.04984
0.13363, -0.04986
0.13468, -0.04988
0.13573, -0.04991
0.13679, -0.04993
0.13784, -0.04995
0.13891, -0.04997
0.13997, -0.04999
0.14104, -0.05001
0.14211, -0.05003
0.14318, -0.05005
0.14426, -0.05006
0.14533, -0.05008
0.14641, -0.05009
0.14750, -0.05011
0.14859, -0.05012
0.14967, -0.05013
0.15077, -0.05015
0.15186, -0.05016
0.15296, -0.05017
0.15406, -0.05018
0.15516, -0.05019
0.15627, -0.05020
0.15737, -0.05021
0.15848, -0.05021
0.15960, -0.05022
0.16071, -0.05023
0.16183, -0.05023
0.16295, -0.05024
0.16407, -0.05025
0.16520, -0.05025
0.16633, -0.05025
0.16746, -0.05026
0.16859, -0.05026
0.16973, -0.05026
0.17086, -0.05027
0.17200, -0.05027
0.17314, -0.05027
0.17429, -0.05027
0.17543, -0.05028
0.17658, -0.05028
0.17773, -0.05028
0.17889, -0.05028
0.18004, -0.05028
0.18120, -0.05028
0.18236, -0.05028
0.18352, -0.05028
0.18469, -0.05028
0.18585, -0.05028
0.18702, -0.05028
0.18819, -0.05028
0.18937, -0.05028
0.19054, -0.05028
0.19172, -0.05028
0.19290, -0.05028
0.19408, -0.05028
0.19526, -0.05028
0.19644, -0.05028
0.19763, -0.05028
0.19882, -0.05028
0.20001, -0.05028
0.20120, -0.05028
0.20240, -0.05028
0.20359, -0.05028
0.20479, -0.05028
0.20600, -0.05028
0.20720, -0.05028
0.20841, -0.05028
0.20963, -0.05028
0.21085, -0.05028
0.21207, -0.05029
0.21329, -0.05029
0.21452, -0.05029
0.21575, -0.05029
0.21699, -0.05029
0.21823, -0.05029
0.21947, -0.05029
0.22072, -0.05030
0.22197, -0.05030
0.22323, -0.05030
0.22449, -0.05030
0.22575, -0.05030
0.22702, -0.05030
0.22829, -0.05030
0.22956, -0.05030
0.23084, -0.05030
0.23212, -0.05030
0.23341, -0.05030
0.23470, -0.05030
0.23599, -0.05030
0.23729, -0.05030
0.23859, -0.05030
0.23989, -0.05030
0.24120, -0.05029
0.24251, -0.05029
0.24383, -0.05029
0.24515, -0.05029
0.24647, -0.05028
0.24780, -0.05028
0.24913, -0.05027
0.25046, -0.05027
0.25180, -0.05026
0.25314, -0.05025
0.25449, -0.05025
0.25584, -0.05024
0.25719, -0.05023
0.25855, -0.05022
0.25991, -0.05021
0.26127, -0.05020
0.26264, -0.05019
0.26401, -0.05018
0.26539, -0.05016
0.26677, -0.05015
0.26815, -0.05014
0.26954, -0.05012
0.27092, -0.05010
0.27232, -0.05009
0.27371, -0.05007
0.27510, -0.05005
0.27650, -0.05003
0.27790, -0.05001
0.27930, -0.04998
0.28070, -0.04996
0.28211, -0.04994
0.28352, -0.04991
0.28493, -0.04989
0.28634, -0.04986
0.28775, -0.04983
0.28917, -0.04981
0.29058, -0.04978
0.29200, -0.04975
0.29342, -0.04972
0.29485, -0.04969
0.29627, -0.04965
0.29770, -0.04962
0.29913, -0.04959
0.30056, -0.04955
0.30199, -0.04952
0.30342, -0.04948
0.30486, -0.04945
0.30630, -0.04941
0.30774, -0.04937
0.30918, -0.04933
0.31062, -0.04929
0.31207, -0.04925
0.31351, -0.04921
0.31496, -0.04917
0.31641, -0.04912
0.31786, -0.04908
0.31931, -0.04904
0.32077, -0.04899
0.32223, -0.04895
0.32368, -0.04890
0.32514, -0.04885
0.32661, -0.04881
0.32807, -0.04876
0.32954, -0.04871
0.33102, -0.04866
0.33250, -0.04861
0.33398, -0.04855
0.33547, -0.04850
0.33696, -0.04845
0.33846, -0.04839
0.33995, -0.04833
0.34145, -0.04828
0.34295, -0.04822
0.34445, -0.04816
0.34595, -0.04810
0.34745, -0.04803
0.34895, -0.04797
0.35046, -0.04791
0.35196, -0.04784
0.35347, -0.04777
0.35497, -0.04771
0.35648, -0.04764
0.35799, -0.04757
0.35950, -0.04750
0.36101, -0.04743
0.36252, -0.04736
0.36403, -0.04728
0.36555, -0.04721
0.36706, -0.04713
0.36858, -0.04706
0.37009, -0.04698
0.37161, -0.04690
0.37312, -0.04683
0.37464, -0.04675
0.37616, -0.04667
0.37768, -0.04659
0.37920, -0.04650
0.38072, -0.04642
0.38225, -0.04634
0.38377, -0.04626
0.38529, -0.04617
0.38682, -0.04609
0.38834, -0.04600
0.38987, -0.04591
0.39140, -0.04583
0.39292, -0.04574
0.39445, -0.04565
0.39598, -0.04556
0.39751, -0.04547
0.39904, -0.04538
0.40057, -0.04529
0.40210, -0.04520
0.40364, -0.04511
0.40517, -0.04501
0.40670, -0.04492
0.40824, -0.04483
0.40977, -0.04473
0.41131, -0.04464
0.41284, -0.04454
0.41438, -0.04445
0.41592, -0.04435
0.41745, -0.04425
0.41899, -0.04416
0.42053, -0.04406
0.42207, -0.04396
0.42361, -0.04386
0.42515, -0.04376
0.42669, -0.04367
0.42823, -0.04357
0.42977, -0.04347
0.43132, -0.04337
0.43286, -0.04327
0.43440, -0.04316
0.43595, -0.04306
0.43749, -0.04296
0.43904, -0.04286
0.44058, -0.04276
0.44213, -0.04265
0.44368, -0.04255
0.44522, -0.04245
0.44677, -0.04234
0.44832, -0.04224
0.44987, -0.04214
0.45141, -0.04203
0.45296, -0.04193
0.45451, -0.04182
0.45606, -0.04172
0.45761, -0.04161
0.45916, -0.04151
0.46071, -0.04140
0.46226, -0.04130
0.46382, -0.04119
0.46537, -0.04108
0.46692, -0.04098
0.46847, -0.04087
0.47003, -0.04076
0.47158, -0.04066
0.47313, -0.04055
0.47469, -0.04044
0.47624, -0.04034
0.47779, -0.04023
0.47935, -0.04012
0.48090, -0.04001
0.48246, -0.03990
0.48401, -0.03980
0.48557, -0.03969
0.48712, -0.03958
0.48868, -0.03947
0.49023, -0.03936
0.49179, -0.03925
0.49335, -0.03914
0.49490, -0.03903
0.49646, -0.03892
0.49801, -0.03882
0.49957, -0.03871
0.50113, -0.03860
0.50268, -0.03849
0.50424, -0.03838
0.50580, -0.03827
0.50735, -0.03816
0.50891, -0.03805
0.51047, -0.03794
0.51202, -0.03783
0.51358, -0.03772
0.51514, -0.03761
0.51669, -0.03750
0.51825, -0.03739
0.51980, -0.03728
0.52136, -0.03717
0.52292, -0.03706
0.52447, -0.03695
0.52603, -0.03684
0.52758, -0.03672
0.52914, -0.03661
0.53069, -0.03650
0.53225, -0.03639
0.53380, -0.03628
0.53535, -0.03617
0.53691, -0.03606
0.53846, -0.03595
0.54001, -0.03584
0.54157, -0.03573
0.54312, -0.03562
0.54467, -0.03551
0.54622, -0.03540
0.54777, -0.03529
0.54933, -0.03518
0.55088, -0.03506
0.55242, -0.03495
0.55397, -0.03484
0.55552, -0.03473
0.55707, -0.03462
0.55862, -0.03451
0.56017, -0.03440
0.56171, -0.03429
0.56326, -0.03418
0.56480, -0.03407
0.56635, -0.03396
0.56789, -0.03385
0.56943, -0.03374
0.57098, -0.03363
0.57252, -0.03352
0.57406, -0.03341
0.57560, -0.03330
0.57714, -0.03319
0.57868, -0.03308
0.58021, -0.03298
0.58175, -0.03287
0.58328, -0.03276
0.58482, -0.03265
0.58635, -0.03254
0.58789, -0.03243
0.58942, -0.03232
0.59095, -0.03222
0.59248, -0.03211
0.59401, -0.03200
0.59554, -0.03189
0.59706, -0.03179
0.59859, -0.03168
0.60011, -0.03157
0.60164, -0.03147
0.60316, -0.03136
0.60468, -0.03126
0.60620, -0.03115
0.60772, -0.03105
0.60923, -0.03094
0.61075, -0.03084
0.61226, -0.03073
0.61378, -0.03063
0.61529, -0.03053
0.61680, -0.03042
0.61831, -0.03032
0.61982, -0.03022
0.62132, -0.03012
0.62283, -0.03002
0.62433, -0.02992
0.62584, -0.02982
0.62734, -0.02972
0.62884, -0.02962
0.63033, -0.02952
0.63183, -0.02942
0.63333, -0.02932
0.63482, -0.02923
0.63631, -0.02913
0.63780, -0.02903
0.63929, -0.02894
0.64078, -0.02884
0.64226, -0.02875
0.64374, -0.02866
0.64523, -0.02856
0.64670, -0.02847
0.64814, -0.02838
0.64941, -0.02828
0.65008, -0.02817
0.64920, -0.02794
0.64556, -0.02711
0.63955, -0.02480
0.63432, -0.02154
0.63238, -0.01981
0.63383, -0.02106
0.63856, -0.02493
0.64631, -0.02963
0.65481, -0.03279
0.66111, -0.03402
0.66482, -0.03434
0.66705, -0.03440
0.66871, -0.03439
0.67022, -0.03437
0.67168, -0.03434
0.67314, -0.03432
0.67460, -0.03429
0.67606, -0.03427
0.67752, -0.03425
0.67898, -0.03422
0.68043, -0.03420
0.68188, -0.03418
0.68334, -0.03416
0.68479, -0.03414
0.68624, -0.03412
0.68769, -0.03410
0.68913, -0.03408
0.69058, -0.03406
0.69203, -0.03404
0.69347, -0.03402
0.69491, -0.03400
0.69635, -0.03399
0.69779, -0.03397
0.69923, -0.03395
0.70066, -0.03394
0.70210, -0.03392
0.70353, -0.03390
0.70496, -0.03389
0.70639, -0.03387
0.70782, -0.03386
0.70925, -0.03384
0.71067, -0.03383
0.71210, -0.03381
0.71352, -0.03380
0.71494, -0.03378
0.71636, -0.03377
0.71777, -0.03375
0.71919, -0.03374
0.72060, -0.03373
0.72201, -0.03371
0.72342, -0.03370
0.72483, -0.03369
0.72623, -0.03367
0.72764, -0.03366
0.72904, -0.03364
0.73044, -0.03363
0.73184, -0.03362
0.73323, -0.03360
0.73463, -0.03359
0.73602, -0.03357
0.73741, -0.03356
0.73880, -0.03355
0.74019, -0.03353
0.74157, -0.03352
0.74295, -0.03350
0.74433, -0.03349
0.74571, -0.03347
0.74708, -0.03346
0.74846, -0.03344
0.74983, -0.03343
0.75120, -0.03341
0.75256, -0.03340
0.75393, -0.03338
0.75529, -0.03337
0.75665, -0.03335
0.75801, -0.03333
0.75936, -0.03332
0.76071, -0.03330
0.76206, -0.03328
0.76341, -0.03326
0.76476, -0.03324
0.76610, -0.03323
0.76744, -0.03321
0.76878, -0.03319
0.77011, -0.03317
0.77145, -0.03315
0.77278, -0.03313
0.77410, -0.03311
0.77543, -0.03309
0.77675, -0.03307
0.77807, -0.03305
0.77939, -0.03303
0.78070, -0.03300
0.78201, -0.03298
0.78332, -0.03296
0.78463, -0.03294
0.78593, -0.03291
0.78723, -0.03289
0.78853, -0.03286
0.78982, -0.03284
0.79112, -0.03281
0.79241, -0.03279
0.79369, -0.03276
0.79498, -0.03274
0.79626, -0.03271
0.79754, -0.03268
0.79881, -0.03266
0.80008, -0.03263
0.80135, -0.03260
0.80262, -0.03257
0.80388, -0.03254
0.80514, -0.03251
0.80640, -0.03248
0.80765, -0.03245
0.80891, -0.03242
0.81015, -0.03239
0.81140, -0.03235
0.81264, -0.03232
0.81388, -0.03229
0.81512, -0.03226
0.81635, -0.03222
0.81758, -0.03219
0.81881, -0.03215
0.82003, -0.03212
0.82125, -0.03208
0.82247, -0.03204
0.82368, -0.03201
0.82489, -0.03197
0.82610, -0.03193
0.82731, -0.03189
0.82851, -0.03185
0.82970, -0.03181
0.83090, -0.03177
0.83209, -0.03173
0.83328, -0.03169
0.83446, -0.03165
0.83564, -0.03161
0.83682, -0.03156
0.83799, -0.03152
0.83916, -0.03148
0.84033, -0.03143
0.84149, -0.03139
0.84265, -0.03134
0.84381, -0.03130
0.84496, -0.03125
0.84611, -0.03121
0.84725, -0.03116
0.84839, -0.03111
0.84953, -0.03107
0.85066, -0.03102
0.85180, -0.03097
0.85292, -0.03092
0.85404, -0.03087
0.85516, -0.03082
0.85628, -0.03077
0.85739, -0.03072
0.85850, -0.03067
0.85960, -0.03062
0.86070, -0.03057
0.86180, -0.03052
0.86289, -0.03047
0.86398, -0.03042
0.86507, -0.03036
0.86615, -0.03031
0.86723, -0.03026
0.86830, -0.03021
0.86937, -0.03015
0.87044, -0.03010
0.87150, -0.03005
0.87256, -0.02999
0.87362, -0.02994
0.87467, -0.02988
0.87572, -0.02983
0.87676, -0.02977
0.87780, -0.02972
0.87884, -0.02966
0.87987, -0.02961
0.88090, -0.02955
0.88192, -0.02950
0.88294, -0.02944
0.88396, -0.02939
0.88497, -0.02933
0.88598, -0.02928
0.88698, -0.02922
0.88798, -0.02916
0.88898, -0.02911
0.88997, -0.02905
0.89096, -0.02899
0.89195, -0.02894
0.89293, -0.02888
0.89390, -0.02882
0.89488, -0.02877
0.89585, -0.02871
0.89681, -0.02865
0.89777, -0.02859
0.89873, -0.02854
0.89968, -0.02848
0.90063, -0.02842
0.90157, -0.02837
0.90251, -0.02831
0.90345, -0.02825
0.90438, -0.02819
0.90531, -0.02814
0.90623, -0.02808
0.90715, -0.02802
0.90807, -0.02796
0.90898, -0.02791
0.90989, -0.02785
0.91079, -0.02779
0.91169, -0.02773
0.91259, -0.02768
0.91348, -0.02762
0.91436, -0.02756
0.91525, -0.02751
0.91613, -0.02745
0.91700, -0.02739
0.91787, -0.02734
0.91874, -0.02728
0.91960, -0.02722
0.92045, -0.02717
0.92131, -0.02711
0.92216, -0.02705
0.92300, -0.02700
0.92384, -0.02694
0.92468, -0.02688
0.92551, -0.02683
0.92634, -0.02677
0.92716, -0.02672
0.92798, -0.02666
0.92879, -0.02660
0.92960, -0.02655
0.93041, -0.02649
0.93121, -0.02644
0.93201, -0.02638
0.93280, -0.02633
0.93359, -0.02627
0.93437, -0.02622
0.93515, -0.02616
0.93593, -0.02611
0.93670, -0.02606
0.93747, -0.02600
0.93823, -0.02595
0.93899, -0.02589
0.93974, -0.02584
0.94049, -0.02579
0.94123, -0.02573
0.94197, -0.02568
0.94271, -0.02563
0.94344, -0.02558
0.94417, -0.02552
0.94489, -0.02547
0.94561, -0.02542
0.94632, -0.02537
0.94703, -0.02532
0.94774, -0.02527
0.94844, -0.02522
0.94913, -0.02516
0.94982, -0.02511
0.95051, -0.02506
0.95119, -0.02501
0.95187, -0.02496
0.95254, -0.02491
0.95321, -0.02486
0.95388, -0.02482
0.95454, -0.02477
0.95519, -0.02472
0.95584, -0.02467
0.95649, -0.02462
0.95713, -0.02457
0.95777, -0.02453
0.95840, -0.02448
0.95903, -0.02443
0.95965, -0.02439
0.96027, -0.02434
0.96088, -0.02429
0.96149, -0.02425
0.96210, -0.02420
0.96270, -0.02416
0.96329, -0.02411
0.96388, -0.02407
0.96447, -0.02402
0.96505, -0.02398
0.96563, -0.02393
0.96620, -0.02389
0.96677, -0.02385
0.96733, -0.02380
0.96789, -0.02376
0.96844, -0.02372
0.96899, -0.02368
0.96953, -0.02363
0.97007, -0.02359
0.97061, -0.02355
0.97114, -0.02351
0.97167, -0.02347
0.97219, -0.02343
0.97270, -0.02339
0.97321, -0.02335
0.97372, -0.02331
0.97422, -0.02327
0.97472, -0.02323
0.97521, -0.02320
0.97570, -0.02316
0.97618, -0.02312
0.97666, -0.02308
0.97713, -0.02305
0.97760, -0.02301
0.97807, -0.02297
0.97853, -0.02294
0.97898, -0.02290
0.97943, -0.02287
0.97988, -0.02283
0.98032, -0.02280
0.98075, -0.02276
0.98118, -0.02273
0.98161, -0.02270
0.98203, -0.02266
0.98244, -0.02263
0.98286, -0.02260
0.98326, -0.02257
0.98366, -0.02253
0.98406, -0.02250
0.98445, -0.02247
0.98484, -0.02244
0.98522, -0.02241
0.98560, -0.02238
0.98597, -0.02235
0.98634, -0.02232
0.98670, -0.02229
0.98706, -0.02227
0.98742, -0.02224
0.98776, -0.02221
0.98811, -0.02218
0.98845, -0.02216
0.98878, -0.02213
0.98911, -0.02210
0.98943, -0.02208
0.98975, -0.02205
0.99007, -0.02203
0.99038, -0.02200
0.99068, -0.02198
0.99098, -0.02195
0.99128, -0.02193
0.99157, -0.02191
0.99185, -0.02188
0.99213, -0.02186
0.99241, -0.02184
0.99268, -0.02182
0.99294, -0.02180
0.99320, -0.02178
0.99346, -0.02176
0.99371, -0.02174
0.99395, -0.02172
0.99420, -0.02170
0.99443, -0.02168
0.99466, -0.02166
0.99489, -0.02164
0.99511, -0.02162
0.99533, -0.02161
0.99554, -0.02159
0.99574, -0.02157
0.99594, -0.02156
0.99614, -0.02154
0.99633, -0.02152
0.99652, -0.02151
0.99670, -0.02150
0.99688, -0.02148
0.99705, -0.02147
0.99721, -0.02145
0.99738, -0.02144
0.99753, -0.02143
0.99768, -0.02142
0.99783, -0.02140
0.99797, -0.02139
0.99811, -0.02138
0.99824, -0.02137
0.99837, -0.02136
0.99849, -0.02135
0.99861, -0.02134
0.99872, -0.02133
0.99883, -0.02132
0.99893, -0.02132
0.99903, -0.02131
0.99912, -0.02130
0.99921, -0.02129
0.99929, -0.02129
0.99937, -0.02128
0.99944, -0.02127
0.99951, -0.02127
0.99957, -0.02126
0.99962, -0.02126
0.99968, -0.02126
0.99972, -0.02125
0.99977, -0.02125
0.99980, -0.02124
0.99984, -0.02124
0.99986, -0.02124
0.99989, -0.02124
0.99990, -0.02124
0.99991, -0.02124
0.99988, -0.02123
0.99988, -0.02123
