=== Airfoil Parameters ===
m = 0.02
p = 0.4
t = 0.12

=== Control Points ===
0.00000, 0.01488, 0.01488
0.06667, 0.01739, 0.01128
0.13333, 0.01707, 0.00596
0.20000, 0.01607, 0.00107
0.26667, 0.01558, -0.00220
0.66667, 0.01240, -0.00365
0.75000, 0.00963, -0.00357
0.83333, 0.00706, -0.00251
0.91667, 0.00394, -0.00123
1.00000, -0.00039, -0.00039

=== Upper Surface ===
0.00000, 0.01488
-0.00003, 0.01516
-0.00003, 0.01544
-0.00004, 0.01572
-0.00004, 0.01600
-0.00004, 0.01628
-0.00003, 0.01656
-0.00002, 0.01684
0.00000, 0.01712
0.00002, 0.01740
0.00005, 0.01767
0.00008, 0.01795
0.00012, 0.01823
0.00017, 0.01851
0.00021, 0.01879
0.00027, 0.01907
0.00032, 0.01935
0.00039, 0.01963
0.00045, 0.01991
0.00053, 0.02018
0.00061, 0.02046
0.00069, 0.02074
0.00078, 0.02102
0.00087, 0.02130
0.00097, 0.02158
0.00107, 0.02186
0.00118, 0.02213
0.00129, 0.02241
0.00141, 0.02269
0.00154, 0.02297
0.00166, 0.02325
0.00180, 0.02353
0.00194, 0.02380
0.00208, 0.02408
0.00223, 0.02436
0.00238, 0.02464
0.00254, 0.02491
0.00271, 0.02519
0.00288, 0.02547
0.00305, 0.02575
0.00323, 0.02602
0.00342, 0.02630
0.00361, 0.02658
0.00380, 0.02685
0.00400, 0.02713
0.00421, 0.02741
0.00442, 0.02768
0.00463, 0.02796
0.00485, 0.02823
0.00508, 0.02851
0.00531, 0.02878
0.00555, 0.02906
0.00579, 0.02933
0.00603, 0.02961
0.00629, 0.02988
0.00654, 0.03016
0.00680, 0.03043
0.00707, 0.03071
0.00734, 0.03098
0.00762, 0.03125
0.00790, 0.03153
0.00819, 0.03180
0.00848, 0.03207
0.00878, 0.03235
0.00908, 0.03262
0.00939, 0.03289
0.00970, 0.03316
0.01002, 0.03343
0.01034, 0.03370
0.01067, 0.03397
0.01100, 0.03425
0.01134, 0.03452
0.01169, 0.03479
0.01203, 0.03505
0.01239, 0.03532
0.01275, 0.03559
0.01311, 0.03586
0.01348, 0.03613
0.01385, 0.03640
0.01423, 0.03666
0.01462, 0.03693
0.01501, 0.03720
0.01540, 0.03746
0.01580, 0.03773
0.01621, 0.03799
0.01661, 0.03826
0.01703, 0.03852
0.01745, 0.03879
0.01787, 0.03905
0.01830, 0.03931
0.01874, 0.03958
0.01918, 0.03984
0.01963, 0.04010
0.02008, 0.04036
0.02053, 0.04062
0.02099, 0.04088
0.02146, 0.04114
0.02193, 0.04140
0.02240, 0.04166
0.02288, 0.04192
0.02337, 0.04217
0.02386, 0.04243
0.02436, 0.04269
0.02486, 0.04294
0.02536, 0.04320
0.02587, 0.04345
0.02639, 0.04370
0.02691, 0.04396
0.02743, 0.04421
0.02796, 0.04446
0.02850, 0.04471
0.02904, 0.04496
0.02959, 0.04521
0.03014, 0.04546
0.03069, 0.04571
0.03125, 0.04596
0.03182, 0.04620
0.03239, 0.04645
0.03296, 0.04670
0.03354, 0.04694
0.03413, 0.04718
0.03472, 0.04743
0.03531, 0.04767
0.03591, 0.04791
0.03652, 0.04815
0.03712, 0.04839
0.03774, 0.04863
0.03836, 0.04887
0.03898, 0.04911
0.03961, 0.04934
0.04024, 0.04958
0.04088, 0.04981
0.04152, 0.05005
0.04217, 0.05028
0.04282, 0.05051
0.04348, 0.05075
0.04414, 0.05098
0.04481, 0.05121
0.04548, 0.05144
0.04616, 0.05166
0.04684, 0.05189
0.04753, 0.05212
0.04822, 0.05234
0.04891, 0.05257
0.04961, 0.05279
0.05032, 0.05301
0.05102, 0.05323
0.05174, 0.05345
0.05246, 0.05367
0.05318, 0.05389
0.05391, 0.05411
0.05464, 0.05432
0.05538, 0.05454
0.05612, 0.05475
0.05686, 0.05497
0.05762, 0.05518
0.05837, 0.05539
0.05913, 0.05560
0.05989, 0.05581
0.06066, 0.05602
0.06144, 0.05622
0.06221, 0.05643
0.06300, 0.05663
0.06378, 0.05684
0.06457, 0.05704
0.06537, 0.05724
0.06617, 0.05744
0.06697, 0.05764
0.06778, 0.05784
0.06859, 0.05803
0.06941, 0.05823
0.07023, 0.05842
0.07106, 0.05862
0.07189, 0.05881
0.07272, 0.05900
0.07356, 0.05919
0.07441, 0.05938
0.07525, 0.05957
0.07611, 0.05975
0.07696, 0.05994
0.07782, 0.06012
0.07869, 0.06030
0.07956, 0.06049
0.08043, 0.06067
0.08130, 0.06085
0.08219, 0.06102
0.08307, 0.06120
0.08396, 0.06138
0.08485, 0.06155
0.08575, 0.06172
0.08665, 0.06189
0.08756, 0.06207
0.08847, 0.06223
0.08938, 0.06240
0.09030, 0.06257
0.09122, 0.06274
0.09215, 0.06290
0.09308, 0.06306
0.09401, 0.06323
0.09495, 0.06339
0.09589, 0.06355
0.09683, 0.06370
0.09778, 0.06386
0.09874, 0.06402
0.09969, 0.06417
0.10065, 0.06432
0.10162, 0.06448
0.10258, 0.06463
0.10356, 0.06478
0.10453, 0.06493
0.10551, 0.06507
0.10649, 0.06522
0.10748, 0.06536
0.10847, 0.06551
0.10947, 0.06565
0.11046, 0.06579
0.11147, 0.06593
0.11247, 0.06607
0.11348, 0.06621
0.11449, 0.06634
0.11551, 0.06648
0.11653, 0.06661
0.11755, 0.06674
0.11857, 0.06687
0.11960, 0.06700
0.12064, 0.06713
0.12167, 0.06726
0.12271, 0.06739
0.12376, 0.06751
0.12480, 0.06764
0.12585, 0.06776
0.12691, 0.06788
0.12796, 0.06800
0.12902, 0.06812
0.13009, 0.06824
0.13115, 0.06835
0.13222, 0.06847
0.13330, 0.06859
0.13437, 0.06870
0.13545, 0.06881
0.13654, 0.06892
0.13762, 0.06903
0.13871, 0.06914
0.13981, 0.06925
0.14090, 0.06936
0.14200, 0.06946
0.14311, 0.06957
0.14421, 0.06967
0.14532, 0.06977
0.14644, 0.06987
0.14755, 0.06998
0.14867, 0.07007
0.14979, 0.07017
0.15092, 0.07027
0.15205, 0.07037
0.15318, 0.07046
0.15432, 0.07055
0.15545, 0.07065
0.15660, 0.07074
0.15774, 0.07083
0.15889, 0.07092
0.16004, 0.07101
0.16119, 0.07109
0.16235, 0.07118
0.16351, 0.07127
0.16467, 0.07135
0.16584, 0.07143
0.16701, 0.07152
0.16818, 0.07160
0.16935, 0.07168
0.17053, 0.07176
0.17171, 0.07184
0.17289, 0.07192
0.17408, 0.07199
0.17527, 0.07207
0.17646, 0.07214
0.17765, 0.07222
0.17885, 0.07229
0.18005, 0.07236
0.18125, 0.07243
0.18246, 0.07250
0.18367, 0.07257
0.18488, 0.07264
0.18609, 0.07271
0.18731, 0.07277
0.18853, 0.07284
0.18975, 0.07290
0.19097, 0.07297
0.19220, 0.07303
0.19343, 0.07309
0.19466, 0.07316
0.19590, 0.07322
0.19713, 0.07328
0.19837, 0.07334
0.19961, 0.07339
0.20086, 0.07345
0.20211, 0.07351
0.20336, 0.07356
0.20461, 0.07362
0.20587, 0.07367
0.20713, 0.07373
0.20839, 0.07378
0.20966, 0.07383
0.21093, 0.07389
0.21220, 0.07394
0.21347, 0.07399
0.21475, 0.07404
0.21603, 0.07408
0.21731, 0.07413
0.21860, 0.07418
0.21989, 0.07422
0.22118, 0.07427
0.22248, 0.07431
0.22377, 0.07436
0.22507, 0.07440
0.22638, 0.07444
0.22768, 0.07448
0.22899, 0.07452
0.23030, 0.07456
0.23162, 0.07460
0.23294, 0.07464
0.23426, 0.07468
0.23558, 0.07472
0.23691, 0.07475
0.23824, 0.07479
0.23957, 0.07482
0.24090, 0.07485
0.24224, 0.07489
0.24358, 0.07492
0.24492, 0.07495
0.24626, 0.07498
0.24761, 0.07501
0.24896, 0.07504
0.25031, 0.07506
0.25167, 0.07509
0.25303, 0.07512
0.25439, 0.07514
0.25575, 0.07517
0.25712, 0.07519
0.25849, 0.07521
0.25986, 0.07523
0.26123, 0.07526
0.26261, 0.07528
0.26399, 0.07529
0.26537, 0.07531
0.26675, 0.07533
0.26814, 0.07535
0.26952, 0.07536
0.27092, 0.07538
0.27231, 0.07539
0.27370, 0.07541
0.27510, 0.07542
0.27650, 0.07543
0.27790, 0.07544
0.27931, 0.07545
0.28072, 0.07546
0.28212, 0.07547
0.28354, 0.07547
0.28495, 0.07548
0.28636, 0.07549
0.28778, 0.07549
0.28920, 0.07549
0.29062, 0.07550
0.29205, 0.07550
0.29348, 0.07550
0.29490, 0.07550
0.29633, 0.07550
0.29777, 0.07550
0.29920, 0.07550
0.30064, 0.07549
0.30208, 0.07549
0.30352, 0.07549
0.30496, 0.07548
0.30641, 0.07547
0.30785, 0.07547
0.30930, 0.07546
0.31075, 0.07545
0.31221, 0.07544
0.31366, 0.07543
0.31512, 0.07542
0.31658, 0.07541
0.31804, 0.07539
0.31950, 0.07538
0.32096, 0.07536
0.32243, 0.07535
0.32390, 0.07533
0.32537, 0.07532
0.32684, 0.07530
0.32831, 0.07528
0.32978, 0.07526
0.33125, 0.07524
0.33272, 0.07522
0.33419, 0.07520
0.33566, 0.07517
0.33713, 0.07515
0.33861, 0.07513
0.34008, 0.07510
0.34156, 0.07508
0.34304, 0.07505
0.34452, 0.07503
0.34600, 0.07500
0.34748, 0.07498
0.34897, 0.07495
0.35046, 0.07492
0.35195, 0.07489
0.35344, 0.07487
0.35493, 0.07484
0.35643, 0.07481
0.35792, 0.07478
0.35942, 0.07474
0.36092, 0.07471
0.36242, 0.07468
0.36392, 0.07465
0.36543, 0.07462
0.36693, 0.07458
0.36844, 0.07455
0.36995, 0.07451
0.37146, 0.07448
0.37297, 0.07444
0.37448, 0.07440
0.37600, 0.07437
0.37752, 0.07433
0.37903, 0.07429
0.38055, 0.07425
0.38207, 0.07421
0.38360, 0.07417
0.38512, 0.07413
0.38665, 0.07409
0.38817, 0.07405
0.38970, 0.07400
0.39123, 0.07396
0.39276, 0.07392
0.39429, 0.07387
0.39582, 0.07383
0.39736, 0.07378
0.39889, 0.07373
0.40043, 0.07369
0.40197, 0.07364
0.40351, 0.07359
0.40505, 0.07354
0.40659, 0.07349
0.40813, 0.07344
0.40968, 0.07339
0.41122, 0.07334
0.41277, 0.07328
0.41432, 0.07323
0.41587, 0.07318
0.41742, 0.07312
0.41897, 0.07307
0.42052, 0.07301
0.42207, 0.07295
0.42363, 0.07290
0.42518, 0.07284
0.42674, 0.07278
0.42829, 0.07272
0.42985, 0.07266
0.43141, 0.07260
0.43297, 0.07254
0.43453, 0.07248
0.43609, 0.07241
0.43765, 0.07235
0.43922, 0.07229
0.44078, 0.07222
0.44234, 0.07215
0.44391, 0.07209
0.44548, 0.07202
0.44704, 0.07195
0.44861, 0.07188
0.45018, 0.07181
0.45175, 0.07174
0.45332, 0.07167
0.45489, 0.07160
0.45646, 0.07153
0.45803, 0.07146
0.45960, 0.07138
0.46117, 0.07131
0.46275, 0.07123
0.46432, 0.07115
0.46589, 0.07108
0.46747, 0.07100
0.46904, 0.07092
0.47062, 0.07084
0.47219, 0.07076
0.47377, 0.07068
0.47535, 0.07060
0.47692, 0.07052
0.47850, 0.07043
0.48008, 0.07035
0.48166, 0.07027
0.48323, 0.07018
0.48481, 0.07009
0.48639, 0.07001
0.48797, 0.06992
0.48955, 0.06983
0.49113, 0.06974
0.49271, 0.06965
0.49429, 0.06956
0.49587, 0.06947
0.49745, 0.06938
0.49903, 0.06928
0.50061, 0.06919
0.50219, 0.06910
0.50377, 0.06900
0.50535, 0.06891
0.50693, 0.06881
0.50851, 0.06871
0.51009, 0.06861
0.51167, 0.06851
0.51325, 0.06841
0.51483, 0.06831
0.51641, 0.06821
0.51798, 0.06811
0.51956, 0.06801
0.52114, 0.06790
0.52272, 0.06780
0.52430, 0.06769
0.52588, 0.06759
0.52746, 0.06748
0.52904, 0.06738
0.53061, 0.06727
0.53219, 0.06716
0.53377, 0.06705
0.53535, 0.06694
0.53692, 0.06683
0.53850, 0.06672
0.54008, 0.06661
0.54165, 0.06649
0.54323, 0.06638
0.54480, 0.06626
0.54637, 0.06615
0.54795, 0.06603
0.54952, 0.06592
0.55109, 0.06580
0.55267, 0.06568
0.55424, 0.06556
0.55581, 0.06544
0.55738, 0.06532
0.55895, 0.06520
0.56052, 0.06508
0.56209, 0.06496
0.56366, 0.06484
0.56523, 0.06471
0.56679, 0.06459
0.56836, 0.06447
0.56992, 0.06434
0.57149, 0.06421
0.57305, 0.06409
0.57462, 0.06396
0.57618, 0.06383
0.57774, 0.06370
0.57930, 0.06357
0.58086, 0.06344
0.58242, 0.06331
0.58398, 0.06318
0.58554, 0.06305
0.58710, 0.06292
0.58866, 0.06278
0.59021, 0.06265
0.59177, 0.06252
0.59332, 0.06238
0.59487, 0.06224
0.59642, 0.06211
0.59797, 0.06197
0.59953, 0.06183
0.60107, 0.06170
0.60262, 0.06156
0.60417, 0.06142
0.60572, 0.06128
0.60726, 0.06114
0.60880, 0.06099
0.61035, 0.06085
0.61189, 0.06071
0.61343, 0.06057
0.61497, 0.06042
0.61651, 0.06028
0.61805, 0.06013
0.61958, 0.05999
0.62112, 0.05984
0.62265, 0.05969
0.62418, 0.05955
0.62572, 0.05940
0.62725, 0.05925
0.62878, 0.05910
0.63030, 0.05895
0.63183, 0.05880
0.63336, 0.05865
0.63488, 0.05850
0.63640, 0.05834
0.63792, 0.05819
0.63945, 0.05804
0.64096, 0.05788
0.64248, 0.05773
0.64400, 0.05757
0.64551, 0.05742
0.64703, 0.05726
0.64854, 0.05710
0.65007, 0.05694
0.65166, 0.05678
0.65349, 0.05661
0.65596, 0.05639
0.65961, 0.05599
0.66463, 0.05512
0.67006, 0.05364
0.67415, 0.05209
0.67567, 0.05133
0.67467, 0.05151
0.67234, 0.05196
0.67042, 0.05214
0.66982, 0.05207
0.67038, 0.05191
0.67156, 0.05174
0.67296, 0.05156
0.67443, 0.05137
0.67590, 0.05119
0.67738, 0.05101
0.67886, 0.05082
0.68033, 0.05064
0.68180, 0.05045
0.68327, 0.05027
0.68473, 0.05008
0.68620, 0.04989
0.68766, 0.04971
0.68912, 0.04952
0.69058, 0.04933
0.69203, 0.04915
0.69349, 0.04896
0.69494, 0.04877
0.69639, 0.04858
0.69783, 0.04839
0.69928, 0.04820
0.70072, 0.04802
0.70216, 0.04783
0.70360, 0.04764
0.70503, 0.04745
0.70647, 0.04726
0.70790, 0.04707
0.70932, 0.04688
0.71075, 0.04669
0.71217, 0.04650
0.71359, 0.04631
0.71501, 0.04612
0.71643, 0.04593
0.71784, 0.04574
0.71926, 0.04555
0.72066, 0.04536
0.72207, 0.04517
0.72347, 0.04498
0.72488, 0.04479
0.72628, 0.04460
0.72767, 0.04441
0.72907, 0.04422
0.73046, 0.04403
0.73185, 0.04384
0.73324, 0.04366
0.73462, 0.04347
0.73600, 0.04328
0.73738, 0.04309
0.73876, 0.04290
0.74013, 0.04271
0.74150, 0.04252
0.74287, 0.04234
0.74424, 0.04215
0.74560, 0.04196
0.74696, 0.04177
0.74832, 0.04159
0.74968, 0.04140
0.75103, 0.04122
0.75238, 0.04103
0.75373, 0.04084
0.75508, 0.04066
0.75642, 0.04047
0.75776, 0.04029
0.75910, 0.04010
0.76044, 0.03992
0.76178, 0.03974
0.76311, 0.03955
0.76444, 0.03937
0.76576, 0.03919
0.76709, 0.03900
0.76841, 0.03882
0.76973, 0.03864
0.77105, 0.03846
0.77236, 0.03827
0.77368, 0.03809
0.77499, 0.03791
0.77629, 0.03773
0.77760, 0.03755
0.77890, 0.03737
0.78020, 0.03719
0.78150, 0.03701
0.78279, 0.03683
0.78408, 0.03665
0.78537, 0.03647
0.78666, 0.03629
0.78794, 0.03611
0.78923, 0.03593
0.79050, 0.03575
0.79178, 0.03557
0.79305, 0.03539
0.79432, 0.03522
0.79559, 0.03504
0.79685, 0.03486
0.79812, 0.03468
0.79937, 0.03450
0.80063, 0.03433
0.80188, 0.03415
0.80313, 0.03397
0.80438, 0.03380
0.80563, 0.03362
0.80687, 0.03344
0.80811, 0.03327
0.80934, 0.03309
0.81057, 0.03292
0.81180, 0.03274
0.81303, 0.03256
0.81425, 0.03239
0.81547, 0.03221
0.81669, 0.03204
0.81791, 0.03186
0.81912, 0.03169
0.82033, 0.03151
0.82153, 0.03134
0.82273, 0.03116
0.82393, 0.03099
0.82513, 0.03082
0.82632, 0.03064
0.82751, 0.03047
0.82870, 0.03030
0.82988, 0.03012
0.83106, 0.02995
0.83224, 0.02978
0.83341, 0.02960
0.83458, 0.02943
0.83575, 0.02926
0.83691, 0.02909
0.83808, 0.02891
0.83923, 0.02874
0.84039, 0.02857
0.84154, 0.02840
0.84268, 0.02823
0.84383, 0.02806
0.84497, 0.02788
0.84610, 0.02771
0.84724, 0.02754
0.84837, 0.02737
0.84949, 0.02720
0.85062, 0.02703
0.85174, 0.02686
0.85285, 0.02669
0.85397, 0.02652
0.85508, 0.02635
0.85618, 0.02618
0.85728, 0.02602
0.85838, 0.02585
0.85948, 0.02568
0.86057, 0.02551
0.86166, 0.02534
0.86274, 0.02517
0.86382, 0.02501
0.86490, 0.02484
0.86597, 0.02467
0.86704, 0.02451
0.86811, 0.02434
0.86917, 0.02417
0.87023, 0.02401
0.87128, 0.02384
0.87234, 0.02368
0.87338, 0.02351
0.87443, 0.02335
0.87547, 0.02318
0.87650, 0.02302
0.87754, 0.02285
0.87857, 0.02269
0.87959, 0.02253
0.88061, 0.02236
0.88163, 0.02220
0.88265, 0.02204
0.88366, 0.02188
0.88466, 0.02171
0.88566, 0.02155
0.88666, 0.02139
0.88766, 0.02123
0.88865, 0.02107
0.88964, 0.02091
0.89062, 0.02075
0.89160, 0.02059
0.89258, 0.02043
0.89355, 0.02027
0.89452, 0.02011
0.89548, 0.01995
0.89644, 0.01980
0.89740, 0.01964
0.89835, 0.01948
0.89930, 0.01933
0.90024, 0.01917
0.90118, 0.01901
0.90212, 0.01886
0.90305, 0.01870
0.90398, 0.01855
0.90490, 0.01839
0.90582, 0.01824
0.90674, 0.01809
0.90765, 0.01793
0.90856, 0.01778
0.90946, 0.01763
0.91036, 0.01748
0.91126, 0.01732
0.91215, 0.01717
0.91304, 0.01702
0.91392, 0.01687
0.91480, 0.01672
0.91568, 0.01657
0.91655, 0.01642
0.91742, 0.01628
0.91828, 0.01613
0.91914, 0.01598
0.91999, 0.01583
0.92084, 0.01569
0.92169, 0.01554
0.92253, 0.01540
0.92337, 0.01525
0.92421, 0.01511
0.92504, 0.01496
0.92586, 0.01482
0.92668, 0.01467
0.92750, 0.01453
0.92831, 0.01439
0.92912, 0.01425
0.92993, 0.01411
0.93073, 0.01397
0.93152, 0.01383
0.93231, 0.01369
0.93310, 0.01355
0.93388, 0.01341
0.93466, 0.01327
0.93544, 0.01314
0.93621, 0.01300
0.93697, 0.01286
0.93773, 0.01273
0.93849, 0.01259
0.93924, 0.01246
0.93999, 0.01232
0.94074, 0.01219
0.94147, 0.01206
0.94221, 0.01193
0.94294, 0.01179
0.94367, 0.01166
0.94439, 0.01153
0.94511, 0.01140
0.94582, 0.01127
0.94653, 0.01114
0.94723, 0.01102
0.94793, 0.01089
0.94863, 0.01076
0.94932, 0.01064
0.95001, 0.01051
0.95069, 0.01039
0.95137, 0.01026
0.95204, 0.01014
0.95271, 0.01002
0.95338, 0.00989
0.95404, 0.00977
0.95469, 0.00965
0.95534, 0.00953
0.95599, 0.00941
0.95663, 0.00929
0.95727, 0.00918
0.95790, 0.00906
0.95853, 0.00894
0.95915, 0.00883
0.95977, 0.00871
0.96039, 0.00860
0.96100, 0.00848
0.96160, 0.00837
0.96220, 0.00826
0.96280, 0.00814
0.96339, 0.00803
0.96398, 0.00792
0.96456, 0.00781
0.96514, 0.00770
0.96572, 0.00760
0.96628, 0.00749
0.96685, 0.00738
0.96741, 0.00728
0.96796, 0.00717
0.96851, 0.00707
0.96906, 0.00696
0.96960, 0.00686
0.97014, 0.00676
0.97067, 0.00666
0.97120, 0.00655
0.97172, 0.00645
0.97224, 0.00636
0.97275, 0.00626
0.97326, 0.00616
0.97377, 0.00606
0.97427, 0.00597
0.97476, 0.00587
0.97525, 0.00578
0.97574, 0.00568
0.97622, 0.00559
0.97669, 0.00550
0.97717, 0.00541
0.97763, 0.00532
0.97809, 0.00523
0.97855, 0.00514
0.97900, 0.00505
0.97945, 0.00497
0.97990, 0.00488
0.98033, 0.00479
0.98077, 0.00471
0.98120, 0.00463
0.98162, 0.00454
0.98204, 0.00446
0.98246, 0.00438
0.98287, 0.00430
0.98327, 0.00422
0.98367, 0.00414
0.98407, 0.00406
0.98446, 0.00399
0.98484, 0.00391
0.98523, 0.00384
0.98560, 0.00376
0.98597, 0.00369
0.98634, 0.00362
0.98670, 0.00355
0.98706, 0.00348
0.98741, 0.00341
0.98776, 0.00334
0.98811, 0.00327
0.98844, 0.00320
0.98878, 0.00314
0.98911, 0.00307
0.98943, 0.00301
0.98975, 0.00294
0.99006, 0.00288
0.99037, 0.00282
0.99068, 0.00276
0.99098, 0.00270
0.99127, 0.00264
0.99156, 0.00258
0.99185, 0.00253
0.99213, 0.00247
0.99241, 0.00241
0.99268, 0.00236
0.99294, 0.00231
0.99320, 0.00226
0.99346, 0.00220
0.99371, 0.00215
0.99396, 0.00210
0.99420, 0.00206
0.99444, 0.00201
0.99467, 0.00196
0.99490, 0.00192
0.99512, 0.00187
0.99534, 0.00183
0.99555, 0.00178
0.99576, 0.00174
0.99596, 0.00170
0.99616, 0.00166
0.99635, 0.00162
0.99654, 0.00159
0.99672, 0.00155
0.99690, 0.00151
0.99708, 0.00148
0.99725, 0.00144
0.99741, 0.00141
0.99757, 0.00138
0.99772, 0.00135
0.99787, 0.00132
0.99802, 0.00129
0.99816, 0.00126
0.99829, 0.00123
0.99842, 0.00121
0.99855, 0.00118
0.99867, 0.00116
0.99878, 0.00113
0.99889, 0.00111
0.99900, 0.00109
0.99910, 0.00107
0.99919, 0.00105
0.99928, 0.00103
0.99937, 0.00101
0.99945, 0.00100
0.99953, 0.00098
0.99960, 0.00097
0.99966, 0.00095
0.99972, 0.00094
0.99978, 0.00093
0.99983, 0.00092
0.99988, 0.00091
0.99992, 0.00090
0.99996, 0.00089
0.99999, 0.00089
1.00002, 0.00088
1.00004, 0.00088
1.00006, 0.00087
1.00007, 0.00087
1.00012, 0.00087
1.00013, 0.00087

=== Lower Surface ===
0.00000, 0.01488
0.00003, 0.01460
0.00005, 0.01432
0.00008, 0.01405
0.00012, 0.01377
0.00016, 0.01349
0.00021, 0.01322
0.00026, 0.01294
0.00031, 0.01267
0.00038, 0.01240
0.00044, 0.01212
0.00051, 0.01185
0.00059, 0.01158
0.00067, 0.01131
0.00076, 0.01104
0.00085, 0.01077
0.00094, 0.01050
0.00104, 0.01024
0.00115, 0.00997
0.00126, 0.00970
0.00137, 0.00944
0.00149, 0.00917
0.00162, 0.00891
0.00174, 0.00865
0.00188, 0.00838
0.00202, 0.00812
0.00216, 0.00786
0.00231, 0.00760
0.00246, 0.00734
0.00262, 0.00708
0.00278, 0.00682
0.00295, 0.00657
0.00312, 0.00631
0.00330, 0.00605
0.00348, 0.00580
0.00367, 0.00554
0.00386, 0.00529
0.00405, 0.00504
0.00425, 0.00478
0.00446, 0.00453
0.00467, 0.00428
0.00488, 0.00403
0.00510, 0.00378
0.00533, 0.00353
0.00556, 0.00328
0.00579, 0.00303
0.00603, 0.00279
0.00627, 0.00254
0.00652, 0.00230
0.00677, 0.00205
0.00703, 0.00181
0.00729, 0.00156
0.00755, 0.00132
0.00782, 0.00108
0.00810, 0.00084
0.00838, 0.00059
0.00866, 0.00035
0.00895, 0.00011
0.00925, -0.00013
0.00954, -0.00036
0.00985, -0.00060
0.01015, -0.00084
0.01047, -0.00107
0.01078, -0.00131
0.01110, -0.00155
0.01143, -0.00178
0.01176, -0.00201
0.01210, -0.00225
0.01244, -0.00248
0.01278, -0.00271
0.01313, -0.00294
0.01348, -0.00317
0.01384, -0.00340
0.01420, -0.00363
0.01457, -0.00386
0.01494, -0.00409
0.01531, -0.00432
0.01569, -0.00455
0.01608, -0.00477
0.01647, -0.00500
0.01686, -0.00522
0.01726, -0.00545
0.01766, -0.00567
0.01807, -0.00590
0.01848, -0.00612
0.01890, -0.00634
0.01932, -0.00656
0.01974, -0.00678
0.02017, -0.00701
0.02061, -0.00723
0.02105, -0.00744
0.02149, -0.00766
0.02194, -0.00788
0.02239, -0.00810
0.02284, -0.00832
0.02330, -0.00853
0.02377, -0.00875
0.02424, -0.00897
0.02471, -0.00918
0.02519, -0.00940
0.02567, -0.00961
0.02616, -0.00982
0.02665, -0.01004
0.02715, -0.01025
0.02764, -0.01046
0.02815, -0.01067
0.02866, -0.01088
0.02917, -0.01109
0.02969, -0.01130
0.03021, -0.01151
0.03074, -0.01172
0.03127, -0.01193
0.03180, -0.01214
0.03234, -0.01234
0.03288, -0.01255
0.03343, -0.01276
0.03398, -0.01296
0.03454, -0.01317
0.03510, -0.01337
0.03567, -0.01358
0.03624, -0.01378
0.03681, -0.01398
0.03739, -0.01418
0.03797, -0.01439
0.03856, -0.01459
0.03915, -0.01479
0.03974, -0.01499
0.04034, -0.01519
0.04094, -0.01539
0.04155, -0.01559
0.04216, -0.01579
0.04278, -0.01599
0.04340, -0.01619
0.04403, -0.01638
0.04466, -0.01658
0.04529, -0.01678
0.04593, -0.01697
0.04657, -0.01717
0.04722, -0.01736
0.04787, -0.01756
0.04852, -0.01775
0.04918, -0.01795
0.04984, -0.01814
0.05051, -0.01833
0.05118, -0.01853
0.05186, -0.01872
0.05254, -0.01891
0.05322, -0.01910
0.05391, -0.01929
0.05460, -0.01948
0.05530, -0.01967
0.05600, -0.01986
0.05671, -0.02005
0.05742, -0.02024
0.05813, -0.02043
0.05885, -0.02062
0.05957, -0.02080
0.06030, -0.02099
0.06103, -0.02118
0.06176, -0.02136
0.06250, -0.02155
0.06324, -0.02173
0.06399, -0.02192
0.06474, -0.02210
0.06550, -0.02229
0.06626, -0.02247
0.06702, -0.02265
0.06779, -0.02284
0.06856, -0.02302
0.06934, -0.02320
0.07012, -0.02338
0.07090, -0.02356
0.07169, -0.02374
0.07249, -0.02392
0.07328, -0.02410
0.07408, -0.02428
0.07489, -0.02446
0.07570, -0.02464
0.07651, -0.02482
0.07733, -0.02500
0.07815, -0.02517
0.07898, -0.02535
0.07981, -0.02553
0.08064, -0.02570
0.08148, -0.02588
0.08233, -0.02605
0.08317, -0.02623
0.08402, -0.02640
0.08488, -0.02657
0.08574, -0.02675
0.08660, -0.02692
0.08747, -0.02709
0.08834, -0.02726
0.08922, -0.02743
0.09010, -0.02760
0.09098, -0.02777
0.09187, -0.02794
0.09276, -0.02811
0.09366, -0.02828
0.09456, -0.02845
0.09546, -0.02862
0.09637, -0.02878
0.09729, -0.02895
0.09820, -0.02912
0.09912, -0.02928
0.10005, -0.02945
0.10098, -0.02961
0.10191, -0.02978
0.10285, -0.02994
0.10379, -0.03010
0.10474, -0.03026
0.10569, -0.03043
0.10664, -0.03059
0.10760, -0.03075
0.10856, -0.03091
0.10953, -0.03107
0.11050, -0.03123
0.11147, -0.03139
0.11245, -0.03154
0.11343, -0.03170
0.11442, -0.03186
0.11541, -0.03201
0.11641, -0.03217
0.11741, -0.03232
0.11841, -0.03248
0.11942, -0.03263
0.12043, -0.03278
0.12144, -0.03294
0.12246, -0.03309
0.12349, -0.03324
0.12451, -0.03339
0.12554, -0.03354
0.12658, -0.03369
0.12762, -0.03384
0.12866, -0.03398
0.12971, -0.03413
0.13076, -0.03428
0.13182, -0.03442
0.13288, -0.03457
0.13394, -0.03471
0.13501, -0.03485
0.13608, -0.03499
0.13716, -0.03514
0.13824, -0.03528
0.13932, -0.03542
0.14041, -0.03555
0.14150, -0.03569
0.14259, -0.03583
0.14369, -0.03597
0.14479, -0.03610
0.14590, -0.03624
0.14701, -0.03637
0.14812, -0.03650
0.14924, -0.03664
0.15036, -0.03677
0.15148, -0.03690
0.15261, -0.03703
0.15374, -0.03716
0.15488, -0.03728
0.15602, -0.03741
0.15716, -0.03754
0.15831, -0.03766
0.15946, -0.03779
0.16061, -0.03791
0.16177, -0.03803
0.16293, -0.03815
0.16410, -0.03827
0.16527, -0.03839
0.16644, -0.03851
0.16762, -0.03863
0.16880, -0.03875
0.16998, -0.03886
0.17117, -0.03898
0.17236, -0.03909
0.17355, -0.03920
0.17475, -0.03931
0.17595, -0.03942
0.17716, -0.03953
0.17837, -0.03964
0.17958, -0.03975
0.18080, -0.03986
0.18202, -0.03996
0.18324, -0.04006
0.18447, -0.04017
0.18570, -0.04027
0.18693, -0.04037
0.18817, -0.04047
0.18941, -0.04057
0.19065, -0.04066
0.19190, -0.04076
0.19315, -0.04085
0.19441, -0.04095
0.19567, -0.04104
0.19693, -0.04113
0.19819, -0.04122
0.19946, -0.04131
0.20073, -0.04140
0.20201, -0.04148
0.20329, -0.04157
0.20457, -0.04165
0.20585, -0.04173
0.20714, -0.04181
0.20842, -0.04189
0.20972, -0.04197
0.21101, -0.04205
0.21231, -0.04213
0.21361, -0.04220
0.21491, -0.04227
0.21622, -0.04235
0.21752, -0.04242
0.21883, -0.04249
0.22015, -0.04256
0.22146, -0.04262
0.22278, -0.04269
0.22410, -0.04275
0.22543, -0.04282
0.22675, -0.04288
0.22808, -0.04294
0.22942, -0.04300
0.23075, -0.04306
0.23209, -0.04312
0.23343, -0.04317
0.23477, -0.04323
0.23611, -0.04328
0.23746, -0.04334
0.23881, -0.04339
0.24016, -0.04344
0.24151, -0.04349
0.24287, -0.04354
0.24423, -0.04358
0.24559, -0.04363
0.24695, -0.04367
0.24832, -0.04372
0.24969, -0.04376
0.25106, -0.04380
0.25243, -0.04384
0.25380, -0.04388
0.25518, -0.04392
0.25656, -0.04395
0.25794, -0.04399
0.25933, -0.04402
0.26071, -0.04405
0.26210, -0.04409
0.26349, -0.04412
0.26488, -0.04415
0.26628, -0.04418
0.26768, -0.04420
0.26908, -0.04423
0.27048, -0.04426
0.27188, -0.04428
0.27329, -0.04430
0.27469, -0.04432
0.27610, -0.04435
0.27752, -0.04437
0.27893, -0.04438
0.28035, -0.04440
0.28177, -0.04442
0.28319, -0.04443
0.28461, -0.04445
0.28604, -0.04446
0.28746, -0.04447
0.28889, -0.04449
0.29032, -0.04450
0.29176, -0.04451
0.29319, -0.04451
0.29463, -0.04452
0.29607, -0.04453
0.29751, -0.04453
0.29895, -0.04454
0.30040, -0.04454
0.30184, -0.04454
0.30329, -0.04454
0.30474, -0.04454
0.30619, -0.04454
0.30765, -0.04454
0.30910, -0.04454
0.31056, -0.04453
0.31202, -0.04453
0.31348, -0.04452
0.31494, -0.04451
0.31641, -0.04451
0.31788, -0.04450
0.31934, -0.04449
0.32081, -0.04448
0.32229, -0.04446
0.32376, -0.04445
0.32523, -0.04444
0.32671, -0.04442
0.32819, -0.04441
0.32968, -0.04439
0.33117, -0.04437
0.33266, -0.04435
0.33415, -0.04433
0.33565, -0.04431
0.33715, -0.04429
0.33865, -0.04426
0.34016, -0.04424
0.34166, -0.04421
0.34316, -0.04418
0.34467, -0.04415
0.34618, -0.04412
0.34769, -0.04409
0.34920, -0.04406
0.35071, -0.04403
0.35222, -0.04399
0.35374, -0.04396
0.35525, -0.04392
0.35677, -0.04388
0.35829, -0.04384
0.35981, -0.04380
0.36133, -0.04376
0.36285, -0.04372
0.36437, -0.04367
0.36590, -0.04363
0.36742, -0.04358
0.36895, -0.04353
0.37047, -0.04348
0.37200, -0.04344
0.37353, -0.04339
0.37506, -0.04333
0.37659, -0.04328
0.37812, -0.04323
0.37965, -0.04317
0.38119, -0.04312
0.38272, -0.04306
0.38426, -0.04300
0.38579, -0.04295
0.38733, -0.04289
0.38887, -0.04283
0.39041, -0.04277
0.39195, -0.04270
0.39349, -0.04264
0.39503, -0.04258
0.39657, -0.04251
0.39811, -0.04244
0.39966, -0.04238
0.40120, -0.04231
0.40275, -0.04224
0.40429, -0.04217
0.40584, -0.04210
0.40739, -0.04203
0.40893, -0.04196
0.41048, -0.04189
0.41203, -0.04181
0.41358, -0.04174
0.41513, -0.04166
0.41668, -0.04159
0.41823, -0.04151
0.41979, -0.04143
0.42134, -0.04136
0.42289, -0.04128
0.42444, -0.04120
0.42600, -0.04112
0.42755, -0.04104
0.42911, -0.04095
0.43066, -0.04087
0.43222, -0.04079
0.43378, -0.04071
0.43533, -0.04062
0.43689, -0.04054
0.43845, -0.04045
0.44001, -0.04036
0.44157, -0.04028
0.44312, -0.04019
0.44468, -0.04010
0.44624, -0.04001
0.44780, -0.03992
0.44936, -0.03983
0.45092, -0.03974
0.45249, -0.03965
0.45405, -0.03956
0.45561, -0.03947
0.45717, -0.03937
0.45873, -0.03928
0.46030, -0.03919
0.46186, -0.03909
0.46342, -0.03900
0.46498, -0.03890
0.46655, -0.03881
0.46811, -0.03871
0.46967, -0.03861
0.47124, -0.03852
0.47280, -0.03842
0.47437, -0.03832
0.47593, -0.03822
0.47749, -0.03812
0.47906, -0.03802
0.48062, -0.03792
0.48219, -0.03782
0.48375, -0.03772
0.48532, -0.03762
0.48688, -0.03752
0.48845, -0.03742
0.49001, -0.03732
0.49158, -0.03721
0.49314, -0.03711
0.49471, -0.03701
0.49627, -0.03690
0.49784, -0.03680
0.49940, -0.03669
0.50097, -0.03659
0.50253, -0.03648
0.50410, -0.03638
0.50566, -0.03627
0.50723, -0.03617
0.50879, -0.03606
0.51035, -0.03595
0.51192, -0.03585
0.51348, -0.03574
0.51504, -0.03563
0.51661, -0.03553
0.51817, -0.03542
0.51973, -0.03531
0.52130, -0.03520
0.52286, -0.03509
0.52442, -0.03498
0.52598, -0.03487
0.52755, -0.03477
0.52911, -0.03466
0.53067, -0.03455
0.53223, -0.03444
0.53379, -0.03433
0.53535, -0.03421
0.53691, -0.03410
0.53847, -0.03399
0.54003, -0.03388
0.54159, -0.03377
0.54315, -0.03366
0.54470, -0.03355
0.54626, -0.03344
0.54782, -0.03332
0.54938, -0.03321
0.55093, -0.03310
0.55249, -0.03299
0.55404, -0.03287
0.55560, -0.03276
0.55715, -0.03265
0.55870, -0.03254
0.56026, -0.03242
0.56181, -0.03231
0.56336, -0.03220
0.56491, -0.03208
0.56646, -0.03197
0.56801, -0.03186
0.56956, -0.03174
0.57111, -0.03163
0.57266, -0.03151
0.57420, -0.03140
0.57575, -0.03129
0.57729, -0.03117
0.57884, -0.03106
0.58038, -0.03094
0.58193, -0.03083
0.58347, -0.03071
0.58501, -0.03060
0.58655, -0.03048
0.58809, -0.03037
0.58963, -0.03025
0.59117, -0.03014
0.59270, -0.03002
0.59424, -0.02991
0.59577, -0.02980
0.59731, -0.02968
0.59884, -0.02957
0.60037, -0.02945
0.60190, -0.02934
0.60343, -0.02922
0.60496, -0.02911
0.60649, -0.02899
0.60802, -0.02888
0.60954, -0.02876
0.61107, -0.02865
0.61259, -0.02853
0.61412, -0.02842
0.61564, -0.02830
0.61716, -0.02819
0.61868, -0.02807
0.62019, -0.02796
0.62171, -0.02784
0.62323, -0.02773
0.62474, -0.02761
0.62625, -0.02750
0.62776, -0.02739
0.62927, -0.02727
0.63078, -0.02716
0.63229, -0.02704
0.63380, -0.02693
0.63530, -0.02682
0.63681, -0.02670
0.63831, -0.02659
0.63981, -0.02648
0.64131, -0.02636
0.64280, -0.02625
0.64430, -0.02614
0.64580, -0.02603
0.64729, -0.02591
0.64876, -0.02580
0.65017, -0.02569
0.65133, -0.02558
0.65186, -0.02545
0.65120, -0.02525
0.64917, -0.02480
0.64672, -0.02406
0.64562, -0.02356
0.64707, -0.02400
0.65105, -0.02525
0.65635, -0.02646
0.66124, -0.02709
0.66480, -0.02726
0.66720, -0.02723
0.66899, -0.02716
0.67054, -0.02707
0.67202, -0.02698
0.67349, -0.02688
0.67496, -0.02679
0.67643, -0.02670
0.67789, -0.02661
0.67936, -0.02651
0.68082, -0.02642
0.68228, -0.02633
0.68374, -0.02624
0.68520, -0.02615
0.68665, -0.02605
0.68811, -0.02596
0.68956, -0.02587
0.69101, -0.02578
0.69246, -0.02569
0.69391, -0.02560
0.69536, -0.02550
0.69680, -0.02541
0.69824, -0.02532
0.69969, -0.02523
0.70113, -0.02514
0.70257, -0.02505
0.70400, -0.02496
0.70544, -0.02486
0.70687, -0.02477
0.70830, -0.02468
0.70973, -0.02459
0.71116, -0.02450
0.71259, -0.02440
0.71401, -0.02431
0.71543, -0.02422
0.71685, -0.02413
0.71827, -0.02404
0.71969, -0.02394
0.72110, -0.02385
0.72252, -0.02376
0.72393, -0.02366
0.72534, -0.02357
0.72674, -0.02348
0.72815, -0.02338
0.72955, -0.02329
0.73095, -0.02320
0.73235, -0.02310
0.73375, -0.02301
0.73514, -0.02291
0.73654, -0.02282
0.73793, -0.02273
0.73931, -0.02263
0.74070, -0.02253
0.74208, -0.02244
0.74346, -0.02234
0.74484, -0.02225
0.74622, -0.02215
0.74760, -0.02205
0.74897, -0.02196
0.75034, -0.02186
0.75170, -0.02176
0.75307, -0.02166
0.75443, -0.02157
0.75579, -0.02147
0.75715, -0.02137
0.75850, -0.02127
0.75985, -0.02117
0.76120, -0.02107
0.76255, -0.02097
0.76389, -0.02087
0.76523, -0.02077
0.76656, -0.02067
0.76790, -0.02057
0.76923, -0.02047
0.77056, -0.02037
0.77188, -0.02027
0.77321, -0.02017
0.77453, -0.02007
0.77584, -0.01997
0.77716, -0.01987
0.77847, -0.01977
0.77978, -0.01967
0.78108, -0.01957
0.78239, -0.01947
0.78369, -0.01936
0.78498, -0.01926
0.78628, -0.01916
0.78757, -0.01906
0.78885, -0.01896
0.79014, -0.01886
0.79142, -0.01876
0.79270, -0.01865
0.79398, -0.01855
0.79525, -0.01845
0.79652, -0.01835
0.79778, -0.01825
0.79905, -0.01815
0.80031, -0.01805
0.80157, -0.01794
0.80282, -0.01784
0.80407, -0.01774
0.80532, -0.01764
0.80656, -0.01754
0.80781, -0.01744
0.80904, -0.01734
0.81028, -0.01724
0.81151, -0.01714
0.81274, -0.01704
0.81397, -0.01694
0.81519, -0.01684
0.81641, -0.01674
0.81763, -0.01664
0.81884, -0.01654
0.82005, -0.01644
0.82126, -0.01634
0.82246, -0.01624
0.82366, -0.01614
0.82486, -0.01604
0.82605, -0.01594
0.82724, -0.01584
0.82843, -0.01574
0.82961, -0.01565
0.83079, -0.01555
0.83197, -0.01545
0.83314, -0.01535
0.83431, -0.01526
0.83548, -0.01516
0.83665, -0.01506
0.83781, -0.01497
0.83896, -0.01487
0.84012, -0.01477
0.84127, -0.01468
0.84241, -0.01458
0.84356, -0.01449
0.84470, -0.01439
0.84584, -0.01430
0.84697, -0.01420
0.84810, -0.01411
0.84923, -0.01401
0.85035, -0.01392
0.85147, -0.01383
0.85258, -0.01373
0.85370, -0.01364
0.85481, -0.01355
0.85591, -0.01346
0.85701, -0.01336
0.85811, -0.01327
0.85921, -0.01318
0.86030, -0.01309
0.86139, -0.01300
0.86247, -0.01291
0.86355, -0.01282
0.86463, -0.01273
0.86571, -0.01264
0.86678, -0.01255
0.86784, -0.01246
0.86891, -0.01237
0.86996, -0.01228
0.87102, -0.01219
0.87207, -0.01210
0.87312, -0.01202
0.87417, -0.01193
0.87521, -0.01184
0.87624, -0.01176
0.87728, -0.01167
0.87831, -0.01158
0.87933, -0.01150
0.88036, -0.01141
0.88137, -0.01133
0.88239, -0.01124
0.88340, -0.01116
0.88441, -0.01107
0.88541, -0.01099
0.88641, -0.01091
0.88741, -0.01082
0.88840, -0.01074
0.88939, -0.01066
0.89037, -0.01057
0.89135, -0.01049
0.89233, -0.01041
0.89330, -0.01033
0.89427, -0.01025
0.89524, -0.01017
0.89620, -0.01009
0.89715, -0.01001
0.89811, -0.00993
0.89906, -0.00985
0.90000, -0.00977
0.90094, -0.00969
0.90188, -0.00961
0.90282, -0.00954
0.90374, -0.00946
0.90467, -0.00938
0.90559, -0.00930
0.90651, -0.00923
0.90742, -0.00915
0.90833, -0.00908
0.90924, -0.00900
0.91014, -0.00893
0.91104, -0.00885
0.91193, -0.00878
0.91282, -0.00870
0.91371, -0.00863
0.91459, -0.00856
0.91547, -0.00848
0.91634, -0.00841
0.91721, -0.00834
0.91807, -0.00827
0.91893, -0.00820
0.91979, -0.00812
0.92064, -0.00805
0.92149, -0.00798
0.92234, -0.00791
0.92318, -0.00784
0.92401, -0.00777
0.92484, -0.00771
0.92567, -0.00764
0.92649, -0.00757
0.92731, -0.00750
0.92813, -0.00743
0.92894, -0.00737
0.92974, -0.00730
0.93055, -0.00723
0.93134, -0.00717
0.93214, -0.00710
0.93293, -0.00704
0.93371, -0.00697
0.93449, -0.00691
0.93527, -0.00685
0.93604, -0.00678
0.93681, -0.00672
0.93757, -0.00666
0.93833, -0.00659
0.93909, -0.00653
0.93984, -0.00647
0.94059, -0.00641
0.94133, -0.00635
0.94206, -0.00629
0.94280, -0.00623
0.94353, -0.00617
0.94425, -0.00611
0.94497, -0.00605
0.94569, -0.00599
0.94640, -0.00593
0.94711, -0.00587
0.94781, -0.00582
0.94851, -0.00576
0.94920, -0.00570
0.94989, -0.00565
0.95057, -0.00559
0.95125, -0.00554
0.95193, -0.00548
0.95260, -0.00543
0.95327, -0.00537
0.95393, -0.00532
0.95459, -0.00526
0.95524, -0.00521
0.95589, -0.00516
0.95653, -0.00511
0.95717, -0.00505
0.95781, -0.00500
0.95844, -0.00495
0.95907, -0.00490
0.95969, -0.00485
0.96030, -0.00480
0.96092, -0.00475
0.96152, -0.00470
0.96213, -0.00465
0.96273, -0.00460
0.96332, -0.00456
0.96391, -0.00451
0.96450, -0.00446
0.96508, -0.00442
0.96565, -0.00437
0.96622, -0.00432
0.96679, -0.00428
0.96735, -0.00423
0.96791, -0.00419
0.96846, -0.00414
0.96901, -0.00410
0.96955, -0.00405
0.97009, -0.00401
0.97063, -0.00397
0.97116, -0.00393
0.97168, -0.00388
0.97220, -0.00384
0.97272, -0.00380
0.97323, -0.00376
0.97373, -0.00372
0.97423, -0.00368
0.97473, -0.00364
0.97522, -0.00360
0.97571, -0.00356
0.97619, -0.00352
0.97667, -0.00348
0.97714, -0.00345
0.97761, -0.00341
0.97807, -0.00337
0.97853, -0.00333
0.97899, -0.00330
0.97944, -0.00326
0.97988, -0.00323
0.98032, -0.00319
0.98076, -0.00316
0.98119, -0.00312
0.98161, -0.00309
0.98203, -0.00306
0.98245, -0.00302
0.98286, -0.00299
0.98326, -0.00296
0.98367, -0.00293
0.98406, -0.00289
0.98445, -0.00286
0.98484, -0.00283
0.98522, -0.00280
0.98560, -0.00277
0.98597, -0.00274
0.98634, -0.00271
0.98670, -0.00269
0.98706, -0.00266
0.98741, -0.00263
0.98776, -0.00260
0.98811, -0.00257
0.98845, -0.00255
0.98878, -0.00252
0.98911, -0.00250
0.98943, -0.00247
0.98975, -0.00244
0.99007, -0.00242
0.99037, -0.00239
0.99068, -0.00237
0.99098, -0.00235
0.99127, -0.00232
0.99156, -0.00230
0.99185, -0.00228
0.99213, -0.00226
0.99240, -0.00223
0.99267, -0.00221
0.99294, -0.00219
0.99320, -0.00217
0.99345, -0.00215
0.99371, -0.00213
0.99395, -0.00211
0.99419, -0.00209
0.99443, -0.00208
0.99466, -0.00206
0.99488, -0.00204
0.99511, -0.00202
0.99532, -0.00201
0.99553, -0.00199
0.99574, -0.00197
0.99594, -0.00196
0.99614, -0.00194
0.99633, -0.00193
0.99651, -0.00191
0.99670, -0.00190
0.99687, -0.00188
0.99704, -0.00187
0.99721, -0.00186
0.99737, -0.00184
0.99753, -0.00183
0.99768, -0.00182
0.99783, -0.00181
0.99797, -0.00180
0.99811, -0.00179
0.99824, -0.00178
0.99837, -0.00177
0.99849, -0.00176
0.99860, -0.00175
0.99872, -0.00174
0.99882, -0.00173
0.99893, -0.00172
0.99902, -0.00172
0.99912, -0.00171
0.99920, -0.00170
0.99928, -0.00169
0.99936, -0.00169
0.99943, -0.00168
0.99950, -0.00168
0.99956, -0.00167
0.99962, -0.00167
0.99967, -0.00166
0.99972, -0.00166
0.99976, -0.00166
0.99980, -0.00165
0.99983, -0.00165
0.99986, -0.00165
0.99988, -0.00165
0.99990, -0.00165
0.99991, -0.00165
0.99988, -0.00164
0.99987, -0.00164
