airfoil_points_2883
1.000000 0.023144
0.999748 0.023196
0.998993 0.023350
0.997736 0.023606
0.995977 0.023962
0.993719 0.024418
0.990964 0.024969
0.987715 0.025614
0.983974 0.026349
0.979746 0.027170
0.975036 0.028073
0.969846 0.029054
0.964184 0.030106
0.958054 0.031225
0.951463 0.032405
0.944418 0.033639
0.936925 0.034920
0.928992 0.036243
0.920627 0.037599
0.911838 0.038981
0.902635 0.040383
0.893027 0.041795
0.883022 0.043210
0.872632 0.044620
0.861867 0.046016
0.850737 0.047391
0.839255 0.048736
0.827430 0.050043
0.815276 0.051313
0.802805 0.052549
0.790028 0.053759
0.776960 0.054952
0.763613 0.056139
0.750000 0.057334
0.736136 0.058545
0.722033 0.059771
0.707708 0.061010
0.693173 0.062259
0.678443 0.063514
0.663534 0.064265
0.648460 0.061770
0.633237 0.063240
0.617879 0.064729
0.602403 0.066230
0.586824 0.067733
0.571157 0.069229
0.555419 0.070708
0.539625 0.072162
0.523791 0.073581
0.507933 0.074956
0.492067 0.076280
0.476209 0.077544
0.460375 0.078740
0.444581 0.079862
0.428843 0.080903
0.413176 0.081856
0.397597 0.082716
0.382121 0.083478
0.366763 0.084137
0.351540 0.084689
0.336466 0.085131
0.321557 0.085466
0.306827 0.085711
0.292292 0.085864
0.277967 0.085923
0.263864 0.085885
0.250000 0.085756
0.236387 0.085551
0.223040 0.085291
0.209972 0.084992
0.197195 0.084669
0.184724 0.084323
0.172570 0.083926
0.160745 0.083451
0.149263 0.082874
0.138133 0.082176
0.127368 0.081342
0.116978 0.080363
0.106973 0.079238
0.097365 0.077968
0.088162 0.076554
0.079373 0.075000
0.071008 0.073311
0.063075 0.071494
0.055582 0.069555
0.048537 0.067503
0.041946 0.065345
0.035816 0.063090
0.030154 0.060747
0.024964 0.058326
0.020254 0.055836
0.016026 0.053285
0.012285 0.050683
0.009036 0.048037
0.006281 0.045355
0.004023 0.042647
0.002264 0.039919
0.001007 0.037186
0.000252 0.034497
0.000000 0.032567
0.000252 0.028508
0.001007 0.025852
0.002264 0.023193
0.004023 0.020580
0.006281 0.018022
0.009036 0.015521
0.012285 0.013076
0.016026 0.010685
0.020254 0.008345
0.024964 0.006054
0.030154 0.003808
0.035816 0.001604
0.041946 -0.000561
0.048537 -0.002691
0.055582 -0.004788
0.063075 -0.006855
0.071008 -0.008892
0.079373 -0.010902
0.088162 -0.012883
0.097365 -0.014834
0.106973 -0.016754
0.116978 -0.018638
0.127368 -0.020480
0.138133 -0.022274
0.149263 -0.024001
0.160745 -0.025642
0.172570 -0.027175
0.184724 -0.028575
0.197195 -0.029815
0.209972 -0.030876
0.223040 -0.031764
0.236387 -0.032493
0.250000 -0.033079
0.263864 -0.033540
0.277967 -0.033896
0.292292 -0.034151
0.306827 -0.034308
0.321557 -0.034367
0.336466 -0.034333
0.351540 -0.034228
0.366763 -0.034058
0.382121 -0.033827
0.397597 -0.033536
0.413176 -0.033187
0.428843 -0.032781
0.444581 -0.032320
0.460375 -0.031805
0.476209 -0.031235
0.492067 -0.030610
0.507933 -0.029931
0.523791 -0.029197
0.539625 -0.028406
0.555419 -0.027558
0.571157 -0.026651
0.586824 -0.025682
0.602403 -0.024651
0.617879 -0.023554
0.633237 -0.022390
0.648460 -0.021159
0.663534 -0.019451
0.678443 -0.013897
0.693173 -0.012345
0.707708 -0.010765
0.722033 -0.009159
0.736136 -0.007530
0.750000 -0.005881
0.763613 -0.004217
0.776960 -0.002553
0.790028 -0.000907
0.802805 0.000703
0.815276 0.002262
0.827430 0.003757
0.839255 0.005176
0.850737 0.006513
0.861867 0.007772
0.872632 0.008954
0.883022 0.010064
0.893027 0.011104
0.902635 0.012077
0.911838 0.012985
0.920627 0.013831
0.928992 0.014618
0.936925 0.015348
0.944418 0.016022
0.951463 0.016644
0.958054 0.017216
0.964184 0.017738
0.969846 0.018212
0.975036 0.018640
0.979746 0.019024
0.983974 0.019364
0.987715 0.019662
0.990964 0.019918
0.993719 0.020134
0.995977 0.020309
0.997736 0.020445
0.998993 0.020542
0.999748 0.020600
1.000000 0.020617
