=== Airfoil Parameters ===
m = 0.02
p = 0.4
t = 0.12

=== Control Points ===
0.00000, -0.01981, -0.01981
0.06667, -0.00997, -0.01608
0.13333, 0.00002, -0.01109
0.20000, 0.00752, -0.00748
0.26667, 0.01158, -0.00620
0.66667, 0.00993, -0.00612
0.75000, 0.00863, -0.00456
0.83333, 0.01051, 0.00094
0.91667, 0.01476, 0.00959
1.00000, 0.01646, 0.01646

=== Upper Surface ===
0.00000, -0.01981
-0.00005, -0.01954
-0.00007, -0.01926
-0.00009, -0.01898
-0.00011, -0.01870
-0.00012, -0.01842
-0.00013, -0.01814
-0.00013, -0.01786
-0.00013, -0.01758
-0.00013, -0.01730
-0.00012, -0.01702
-0.00010, -0.01674
-0.00008, -0.01646
-0.00006, -0.01618
-0.00002, -0.01590
0.00001, -0.01561
0.00005, -0.01533
0.00010, -0.01505
0.00015, -0.01477
0.00020, -0.01448
0.00026, -0.01420
0.00033, -0.01392
0.00040, -0.01363
0.00047, -0.01335
0.00055, -0.01307
0.00064, -0.01278
0.00073, -0.01250
0.00082, -0.01221
0.00092, -0.01193
0.00103, -0.01164
0.00113, -0.01136
0.00125, -0.01107
0.00137, -0.01078
0.00149, -0.01050
0.00162, -0.01021
0.00176, -0.00993
0.00189, -0.00964
0.00204, -0.00935
0.00219, -0.00906
0.00234, -0.00877
0.00250, -0.00849
0.00266, -0.00820
0.00283, -0.00791
0.00300, -0.00762
0.00318, -0.00733
0.00336, -0.00704
0.00355, -0.00675
0.00374, -0.00646
0.00394, -0.00617
0.00414, -0.00588
0.00435, -0.00559
0.00456, -0.00530
0.00477, -0.00501
0.00500, -0.00472
0.00522, -0.00443
0.00545, -0.00413
0.00569, -0.00384
0.00593, -0.00355
0.00617, -0.00326
0.00642, -0.00296
0.00668, -0.00267
0.00694, -0.00238
0.00720, -0.00208
0.00747, -0.00179
0.00775, -0.00150
0.00803, -0.00120
0.00831, -0.00091
0.00860, -0.00061
0.00889, -0.00032
0.00919, -0.00002
0.00949, 0.00027
0.00980, 0.00057
0.01011, 0.00087
0.01043, 0.00116
0.01075, 0.00146
0.01108, 0.00176
0.01141, 0.00205
0.01174, 0.00235
0.01209, 0.00265
0.01243, 0.00295
0.01278, 0.00324
0.01314, 0.00354
0.01350, 0.00384
0.01386, 0.00414
0.01423, 0.00444
0.01460, 0.00474
0.01498, 0.00504
0.01537, 0.00534
0.01575, 0.00564
0.01615, 0.00594
0.01654, 0.00624
0.01695, 0.00654
0.01735, 0.00684
0.01777, 0.00714
0.01818, 0.00744
0.01860, 0.00774
0.01903, 0.00804
0.01946, 0.00835
0.01990, 0.00865
0.02034, 0.00895
0.02078, 0.00925
0.02123, 0.00956
0.02168, 0.00986
0.02214, 0.01016
0.02261, 0.01047
0.02307, 0.01077
0.02355, 0.01107
0.02402, 0.01138
0.02451, 0.01168
0.02499, 0.01199
0.02548, 0.01229
0.02598, 0.01259
0.02648, 0.01290
0.02699, 0.01321
0.02750, 0.01351
0.02801, 0.01382
0.02853, 0.01412
0.02905, 0.01443
0.02958, 0.01473
0.03012, 0.01504
0.03065, 0.01535
0.03120, 0.01565
0.03174, 0.01596
0.03230, 0.01627
0.03285, 0.01658
0.03341, 0.01688
0.03398, 0.01719
0.03455, 0.01750
0.03513, 0.01781
0.03571, 0.01811
0.03629, 0.01842
0.03688, 0.01873
0.03747, 0.01904
0.03807, 0.01935
0.03868, 0.01966
0.03928, 0.01997
0.03990, 0.02028
0.04051, 0.02059
0.04113, 0.02089
0.04176, 0.02120
0.04239, 0.02151
0.04303, 0.02182
0.04367, 0.02213
0.04431, 0.02244
0.04496, 0.02275
0.04562, 0.02306
0.04628, 0.02337
0.04694, 0.02368
0.04761, 0.02399
0.04828, 0.02430
0.04896, 0.02462
0.04964, 0.02493
0.05032, 0.02524
0.05102, 0.02555
0.05171, 0.02586
0.05241, 0.02617
0.05312, 0.02648
0.05383, 0.02679
0.05454, 0.02710
0.05526, 0.02741
0.05598, 0.02772
0.05671, 0.02803
0.05744, 0.02835
0.05818, 0.02866
0.05892, 0.02897
0.05967, 0.02928
0.06042, 0.02959
0.06118, 0.02990
0.06194, 0.03021
0.06270, 0.03052
0.06347, 0.03083
0.06425, 0.03114
0.06503, 0.03145
0.06581, 0.03176
0.06660, 0.03208
0.06739, 0.03239
0.06819, 0.03270
0.06899, 0.03301
0.06980, 0.03332
0.07061, 0.03363
0.07142, 0.03394
0.07225, 0.03424
0.07307, 0.03455
0.07390, 0.03486
0.07473, 0.03517
0.07557, 0.03548
0.07642, 0.03579
0.07727, 0.03610
0.07812, 0.03641
0.07898, 0.03671
0.07984, 0.03702
0.08071, 0.03733
0.08158, 0.03764
0.08245, 0.03794
0.08333, 0.03825
0.08422, 0.03856
0.08511, 0.03886
0.08600, 0.03917
0.08690, 0.03947
0.08781, 0.03978
0.08871, 0.04008
0.08963, 0.04039
0.09055, 0.04069
0.09147, 0.04099
0.09239, 0.04130
0.09333, 0.04160
0.09426, 0.04190
0.09520, 0.04220
0.09615, 0.04250
0.09710, 0.04280
0.09805, 0.04310
0.09901, 0.04340
0.09998, 0.04370
0.10094, 0.04400
0.10192, 0.04430
0.10290, 0.04460
0.10388, 0.04489
0.10487, 0.04519
0.10586, 0.04548
0.10685, 0.04578
0.10785, 0.04607
0.10886, 0.04636
0.10987, 0.04666
0.11088, 0.04695
0.11190, 0.04724
0.11293, 0.04753
0.11396, 0.04782
0.11499, 0.04811
0.11603, 0.04840
0.11707, 0.04868
0.11812, 0.04897
0.11917, 0.04925
0.12022, 0.04954
0.12129, 0.04982
0.12235, 0.05010
0.12342, 0.05039
0.12450, 0.05067
0.12558, 0.05095
0.12666, 0.05122
0.12775, 0.05150
0.12884, 0.05178
0.12994, 0.05205
0.13104, 0.05233
0.13214, 0.05260
0.13325, 0.05287
0.13437, 0.05314
0.13548, 0.05341
0.13661, 0.05368
0.13773, 0.05394
0.13886, 0.05421
0.14000, 0.05447
0.14114, 0.05473
0.14228, 0.05500
0.14343, 0.05526
0.14458, 0.05551
0.14574, 0.05577
0.14690, 0.05603
0.14806, 0.05628
0.14923, 0.05653
0.15040, 0.05679
0.15158, 0.05704
0.15276, 0.05728
0.15394, 0.05753
0.15513, 0.05778
0.15633, 0.05802
0.15752, 0.05826
0.15873, 0.05850
0.15993, 0.05874
0.16114, 0.05898
0.16235, 0.05922
0.16357, 0.05945
0.16479, 0.05968
0.16602, 0.05991
0.16725, 0.06014
0.16848, 0.06037
0.16972, 0.06060
0.17096, 0.06082
0.17221, 0.06104
0.17346, 0.06126
0.17471, 0.06148
0.17597, 0.06170
0.17723, 0.06191
0.17849, 0.06212
0.17976, 0.06233
0.18104, 0.06254
0.18231, 0.06275
0.18359, 0.06295
0.18488, 0.06316
0.18617, 0.06336
0.18746, 0.06356
0.18876, 0.06375
0.19006, 0.06395
0.19136, 0.06414
0.19267, 0.06433
0.19398, 0.06452
0.19529, 0.06470
0.19661, 0.06489
0.19793, 0.06507
0.19926, 0.06525
0.20058, 0.06543
0.20191, 0.06560
0.20324, 0.06577
0.20458, 0.06594
0.20591, 0.06611
0.20725, 0.06628
0.20859, 0.06644
0.20994, 0.06660
0.21128, 0.06676
0.21263, 0.06692
0.21398, 0.06707
0.21534, 0.06722
0.21669, 0.06737
0.21805, 0.06752
0.21941, 0.06767
0.22077, 0.06781
0.22213, 0.06795
0.22350, 0.06809
0.22487, 0.06823
0.22624, 0.06836
0.22761, 0.06850
0.22899, 0.06863
0.23036, 0.06875
0.23174, 0.06888
0.23312, 0.06901
0.23451, 0.06913
0.23589, 0.06925
0.23728, 0.06937
0.23867, 0.06949
0.24006, 0.06960
0.24145, 0.06971
0.24285, 0.06982
0.24424, 0.06993
0.24564, 0.07004
0.24704, 0.07015
0.24844, 0.07025
0.24984, 0.07035
0.25125, 0.07045
0.25265, 0.07055
0.25406, 0.07064
0.25547, 0.07074
0.25688, 0.07083
0.25830, 0.07092
0.25971, 0.07101
0.26113, 0.07110
0.26255, 0.07118
0.26397, 0.07127
0.26539, 0.07135
0.26681, 0.07143
0.26824, 0.07151
0.26966, 0.07159
0.27109, 0.07166
0.27253, 0.07174
0.27396, 0.07181
0.27540, 0.07188
0.27684, 0.07195
0.27828, 0.07202
0.27972, 0.07209
0.28117, 0.07215
0.28261, 0.07221
0.28406, 0.07228
0.28552, 0.07234
0.28697, 0.07239
0.28842, 0.07245
0.28988, 0.07251
0.29134, 0.07256
0.29280, 0.07261
0.29427, 0.07266
0.29573, 0.07271
0.29720, 0.07276
0.29867, 0.07280
0.30014, 0.07285
0.30162, 0.07289
0.30309, 0.07293
0.30457, 0.07297
0.30605, 0.07301
0.30753, 0.07304
0.30901, 0.07308
0.31050, 0.07311
0.31198, 0.07314
0.31347, 0.07317
0.31496, 0.07320
0.31645, 0.07323
0.31794, 0.07325
0.31944, 0.07328
0.32094, 0.07330
0.32243, 0.07332
0.32393, 0.07334
0.32543, 0.07335
0.32693, 0.07337
0.32843, 0.07338
0.32993, 0.07340
0.33143, 0.07341
0.33292, 0.07342
0.33442, 0.07343
0.33591, 0.07344
0.33741, 0.07344
0.33891, 0.07345
0.34042, 0.07345
0.34192, 0.07346
0.34343, 0.07346
0.34493, 0.07346
0.34644, 0.07346
0.34795, 0.07346
0.34947, 0.07346
0.35098, 0.07346
0.35250, 0.07345
0.35401, 0.07345
0.35553, 0.07344
0.35705, 0.07343
0.35857, 0.07342
0.36010, 0.07341
0.36162, 0.07340
0.36315, 0.07339
0.36468, 0.07338
0.36621, 0.07336
0.36774, 0.07335
0.36927, 0.07333
0.37080, 0.07331
0.37234, 0.07329
0.37387, 0.07327
0.37541, 0.07325
0.37695, 0.07323
0.37849, 0.07320
0.38003, 0.07318
0.38157, 0.07315
0.38311, 0.07313
0.38466, 0.07310
0.38620, 0.07307
0.38775, 0.07304
0.38929, 0.07301
0.39084, 0.07297
0.39239, 0.07294
0.39394, 0.07290
0.39549, 0.07287
0.39705, 0.07283
0.39860, 0.07279
0.40015, 0.07275
0.40171, 0.07271
0.40327, 0.07267
0.40482, 0.07263
0.40638, 0.07258
0.40794, 0.07254
0.40950, 0.07249
0.41106, 0.07245
0.41262, 0.07240
0.41418, 0.07235
0.41574, 0.07230
0.41731, 0.07225
0.41887, 0.07219
0.42044, 0.07214
0.42200, 0.07209
0.42357, 0.07203
0.42513, 0.07197
0.42670, 0.07192
0.42827, 0.07186
0.42984, 0.07180
0.43140, 0.07174
0.43297, 0.07168
0.43454, 0.07162
0.43611, 0.07155
0.43768, 0.07149
0.43926, 0.07142
0.44083, 0.07136
0.44240, 0.07129
0.44397, 0.07122
0.44555, 0.07115
0.44712, 0.07108
0.44869, 0.07101
0.45027, 0.07094
0.45184, 0.07087
0.45342, 0.07079
0.45499, 0.07072
0.45657, 0.07064
0.45814, 0.07056
0.45972, 0.07049
0.46129, 0.07041
0.46287, 0.07033
0.46445, 0.07025
0.46602, 0.07017
0.46760, 0.07009
0.46918, 0.07001
0.47075, 0.06992
0.47233, 0.06984
0.47391, 0.06975
0.47549, 0.06967
0.47706, 0.06958
0.47864, 0.06949
0.48022, 0.06941
0.48180, 0.06932
0.48338, 0.06923
0.48496, 0.06914
0.48653, 0.06905
0.48811, 0.06895
0.48969, 0.06886
0.49127, 0.06877
0.49285, 0.06867
0.49442, 0.06858
0.49600, 0.06848
0.49758, 0.06839
0.49916, 0.06829
0.50074, 0.06819
0.50232, 0.06810
0.50389, 0.06800
0.50547, 0.06790
0.50705, 0.06780
0.50863, 0.06769
0.51020, 0.06759
0.51178, 0.06749
0.51336, 0.06739
0.51493, 0.06728
0.51651, 0.06718
0.51809, 0.06707
0.51966, 0.06697
0.52124, 0.06686
0.52282, 0.06675
0.52439, 0.06665
0.52597, 0.06654
0.52754, 0.06643
0.52912, 0.06632
0.53069, 0.06621
0.53226, 0.06610
0.53384, 0.06599
0.53541, 0.06587
0.53699, 0.06576
0.53856, 0.06565
0.54013, 0.06553
0.54170, 0.06542
0.54327, 0.06530
0.54485, 0.06519
0.54642, 0.06507
0.54799, 0.06496
0.54956, 0.06484
0.55113, 0.06472
0.55270, 0.06460
0.55426, 0.06448
0.55583, 0.06436
0.55740, 0.06424
0.55897, 0.06412
0.56053, 0.06400
0.56210, 0.06388
0.56366, 0.06375
0.56523, 0.06363
0.56679, 0.06350
0.56836, 0.06338
0.56992, 0.06325
0.57148, 0.06313
0.57304, 0.06300
0.57461, 0.06288
0.57617, 0.06275
0.57773, 0.06262
0.57929, 0.06249
0.58084, 0.06236
0.58240, 0.06223
0.58396, 0.06210
0.58552, 0.06197
0.58707, 0.06184
0.58863, 0.06171
0.59018, 0.06157
0.59173, 0.06144
0.59328, 0.06131
0.59484, 0.06117
0.59639, 0.06104
0.59794, 0.06090
0.59949, 0.06076
0.60103, 0.06063
0.60258, 0.06049
0.60413, 0.06035
0.60567, 0.06021
0.60722, 0.06007
0.60876, 0.05993
0.61030, 0.05979
0.61184, 0.05965
0.61338, 0.05951
0.61492, 0.05937
0.61646, 0.05923
0.61800, 0.05908
0.61953, 0.05894
0.62107, 0.05879
0.62260, 0.05865
0.62413, 0.05850
0.62567, 0.05836
0.62720, 0.05821
0.62872, 0.05806
0.63025, 0.05791
0.63178, 0.05776
0.63330, 0.05761
0.63483, 0.05746
0.63635, 0.05731
0.63787, 0.05716
0.63939, 0.05701
0.64091, 0.05686
0.64243, 0.05671
0.64394, 0.05655
0.64546, 0.05640
0.64697, 0.05624
0.64849, 0.05609
0.65002, 0.05593
0.65166, 0.05577
0.65366, 0.05559
0.65663, 0.05533
0.66138, 0.05470
0.66805, 0.05315
0.67495, 0.05048
0.67971, 0.04790
0.68120, 0.04686
0.67944, 0.04756
0.67560, 0.04883
0.67202, 0.04951
0.67033, 0.04959
0.67038, 0.04947
0.67137, 0.04930
0.67272, 0.04913
0.67416, 0.04895
0.67562, 0.04878
0.67709, 0.04861
0.67855, 0.04844
0.68001, 0.04826
0.68147, 0.04809
0.68292, 0.04792
0.68438, 0.04775
0.68583, 0.04758
0.68727, 0.04740
0.68872, 0.04723
0.69016, 0.04706
0.69161, 0.04689
0.69304, 0.04672
0.69448, 0.04655
0.69592, 0.04638
0.69735, 0.04621
0.69878, 0.04604
0.70021, 0.04587
0.70163, 0.04571
0.70305, 0.04554
0.70447, 0.04537
0.70589, 0.04520
0.70731, 0.04504
0.70872, 0.04487
0.71013, 0.04471
0.71154, 0.04454
0.71295, 0.04438
0.71435, 0.04422
0.71575, 0.04405
0.71715, 0.04389
0.71855, 0.04373
0.71994, 0.04357
0.72133, 0.04341
0.72272, 0.04325
0.72411, 0.04309
0.72549, 0.04293
0.72688, 0.04278
0.72826, 0.04262
0.72963, 0.04247
0.73101, 0.04231
0.73238, 0.04216
0.73375, 0.04200
0.73512, 0.04185
0.73648, 0.04170
0.73784, 0.04155
0.73920, 0.04140
0.74056, 0.04125
0.74191, 0.04111
0.74326, 0.04096
0.74461, 0.04081
0.74596, 0.04067
0.74730, 0.04052
0.74865, 0.04038
0.74999, 0.04024
0.75132, 0.04010
0.75266, 0.03996
0.75399, 0.03982
0.75532, 0.03968
0.75665, 0.03955
0.75797, 0.03941
0.75930, 0.03928
0.76062, 0.03914
0.76194, 0.03901
0.76325, 0.03888
0.76457, 0.03875
0.76588, 0.03862
0.76719, 0.03849
0.76850, 0.03836
0.76980, 0.03824
0.77110, 0.03811
0.77241, 0.03798
0.77370, 0.03786
0.77500, 0.03774
0.77629, 0.03762
0.77758, 0.03749
0.77887, 0.03737
0.78016, 0.03725
0.78144, 0.03714
0.78272, 0.03702
0.78400, 0.03690
0.78527, 0.03679
0.78655, 0.03667
0.78782, 0.03656
0.78908, 0.03644
0.79035, 0.03633
0.79161, 0.03622
0.79287, 0.03611
0.79413, 0.03600
0.79538, 0.03589
0.79664, 0.03578
0.79789, 0.03568
0.79913, 0.03557
0.80038, 0.03546
0.80162, 0.03536
0.80286, 0.03526
0.80409, 0.03515
0.80533, 0.03505
0.80656, 0.03495
0.80778, 0.03485
0.80901, 0.03475
0.81023, 0.03465
0.81145, 0.03455
0.81267, 0.03445
0.81388, 0.03436
0.81509, 0.03426
0.81630, 0.03417
0.81750, 0.03407
0.81870, 0.03398
0.81990, 0.03389
0.82110, 0.03379
0.82229, 0.03370
0.82348, 0.03361
0.82467, 0.03352
0.82585, 0.03343
0.82703, 0.03334
0.82821, 0.03326
0.82939, 0.03317
0.83056, 0.03308
0.83173, 0.03300
0.83289, 0.03291
0.83406, 0.03283
0.83522, 0.03274
0.83637, 0.03266
0.83753, 0.03258
0.83868, 0.03250
0.83983, 0.03242
0.84097, 0.03234
0.84211, 0.03226
0.84325, 0.03218
0.84439, 0.03210
0.84552, 0.03202
0.84665, 0.03194
0.84778, 0.03187
0.84891, 0.03179
0.85003, 0.03171
0.85115, 0.03164
0.85226, 0.03156
0.85337, 0.03149
0.85448, 0.03141
0.85559, 0.03134
0.85669, 0.03126
0.85779, 0.03119
0.85888, 0.03112
0.85998, 0.03104
0.86106, 0.03097
0.86215, 0.03090
0.86323, 0.03083
0.86431, 0.03076
0.86539, 0.03068
0.86646, 0.03061
0.86753, 0.03054
0.86859, 0.03047
0.86966, 0.03040
0.87072, 0.03033
0.87177, 0.03026
0.87282, 0.03019
0.87387, 0.03012
0.87492, 0.03005
0.87596, 0.02998
0.87699, 0.02991
0.87803, 0.02984
0.87906, 0.02977
0.88009, 0.02971
0.88111, 0.02964
0.88213, 0.02957
0.88314, 0.02950
0.88416, 0.02943
0.88517, 0.02936
0.88617, 0.02929
0.88717, 0.02923
0.88817, 0.02916
0.88916, 0.02909
0.89015, 0.02902
0.89114, 0.02895
0.89212, 0.02889
0.89310, 0.02882
0.89408, 0.02875
0.89505, 0.02868
0.89601, 0.02861
0.89698, 0.02855
0.89794, 0.02848
0.89889, 0.02841
0.89984, 0.02834
0.90079, 0.02827
0.90174, 0.02820
0.90268, 0.02814
0.90361, 0.02807
0.90454, 0.02800
0.90547, 0.02793
0.90640, 0.02786
0.90732, 0.02780
0.90823, 0.02773
0.90915, 0.02766
0.91005, 0.02759
0.91096, 0.02752
0.91186, 0.02745
0.91275, 0.02738
0.91364, 0.02732
0.91453, 0.02725
0.91542, 0.02718
0.91630, 0.02711
0.91717, 0.02704
0.91804, 0.02697
0.91891, 0.02690
0.91977, 0.02683
0.92063, 0.02676
0.92148, 0.02669
0.92233, 0.02662
0.92318, 0.02656
0.92402, 0.02649
0.92486, 0.02642
0.92569, 0.02635
0.92652, 0.02628
0.92735, 0.02621
0.92817, 0.02614
0.92898, 0.02607
0.92979, 0.02600
0.93060, 0.02593
0.93141, 0.02586
0.93220, 0.02579
0.93300, 0.02572
0.93379, 0.02565
0.93457, 0.02558
0.93536, 0.02551
0.93613, 0.02544
0.93691, 0.02537
0.93767, 0.02530
0.93844, 0.02523
0.93920, 0.02516
0.93995, 0.02509
0.94070, 0.02502
0.94145, 0.02494
0.94219, 0.02487
0.94293, 0.02480
0.94366, 0.02473
0.94439, 0.02466
0.94511, 0.02459
0.94583, 0.02452
0.94655, 0.02445
0.94726, 0.02438
0.94796, 0.02431
0.94867, 0.02424
0.94936, 0.02417
0.95005, 0.02410
0.95074, 0.02403
0.95143, 0.02396
0.95210, 0.02389
0.95278, 0.02382
0.95345, 0.02375
0.95411, 0.02368
0.95477, 0.02361
0.95543, 0.02354
0.95608, 0.02347
0.95673, 0.02340
0.95737, 0.02333
0.95801, 0.02326
0.95864, 0.02320
0.95927, 0.02313
0.95989, 0.02306
0.96051, 0.02299
0.96112, 0.02292
0.96173, 0.02285
0.96234, 0.02278
0.96294, 0.02272
0.96353, 0.02265
0.96412, 0.02258
0.96471, 0.02251
0.96529, 0.02245
0.96587, 0.02238
0.96644, 0.02231
0.96701, 0.02225
0.96757, 0.02218
0.96813, 0.02211
0.96868, 0.02205
0.96923, 0.02198
0.96977, 0.02192
0.97031, 0.02185
0.97085, 0.02179
0.97138, 0.02172
0.97190, 0.02166
0.97242, 0.02159
0.97294, 0.02153
0.97345, 0.02146
0.97395, 0.02140
0.97445, 0.02134
0.97495, 0.02128
0.97544, 0.02121
0.97593, 0.02115
0.97641, 0.02109
0.97689, 0.02103
0.97736, 0.02097
0.97783, 0.02091
0.97829, 0.02085
0.97875, 0.02079
0.97920, 0.02073
0.97965, 0.02067
0.98009, 0.02061
0.98053, 0.02055
0.98096, 0.02049
0.98139, 0.02044
0.98182, 0.02038
0.98224, 0.02032
0.98265, 0.02027
0.98306, 0.02021
0.98347, 0.02016
0.98387, 0.02010
0.98426, 0.02005
0.98465, 0.01999
0.98504, 0.01994
0.98542, 0.01989
0.98579, 0.01984
0.98617, 0.01978
0.98653, 0.01973
0.98689, 0.01968
0.98725, 0.01963
0.98760, 0.01958
0.98795, 0.01953
0.98829, 0.01948
0.98863, 0.01944
0.98896, 0.01939
0.98928, 0.01934
0.98961, 0.01929
0.98992, 0.01925
0.99024, 0.01920
0.99054, 0.01916
0.99085, 0.01911
0.99115, 0.01907
0.99144, 0.01903
0.99173, 0.01899
0.99201, 0.01894
0.99229, 0.01890
0.99256, 0.01886
0.99283, 0.01882
0.99309, 0.01878
0.99335, 0.01874
0.99361, 0.01871
0.99385, 0.01867
0.99410, 0.01863
0.99434, 0.01860
0.99457, 0.01856
0.99480, 0.01853
0.99503, 0.01849
0.99525, 0.01846
0.99546, 0.01843
0.99567, 0.01839
0.99587, 0.01836
0.99607, 0.01833
0.99627, 0.01830
0.99646, 0.01827
0.99664, 0.01825
0.99682, 0.01822
0.99700, 0.01819
0.99717, 0.01816
0.99733, 0.01814
0.99749, 0.01811
0.99765, 0.01809
0.99780, 0.01807
0.99795, 0.01804
0.99809, 0.01802
0.99822, 0.01800
0.99835, 0.01798
0.99848, 0.01796
0.99860, 0.01794
0.99872, 0.01792
0.99883, 0.01791
0.99893, 0.01789
0.99904, 0.01787
0.99913, 0.01786
0.99922, 0.01784
0.99931, 0.01783
0.99939, 0.01782
0.99947, 0.01781
0.99954, 0.01779
0.99961, 0.01778
0.99967, 0.01777
0.99972, 0.01777
0.99978, 0.01776
0.99982, 0.01775
0.99986, 0.01774
0.99990, 0.01774
0.99993, 0.01773
0.99996, 0.01773
0.99998, 0.01772
1.00000, 0.01772
1.00002, 0.01772
1.00003, 0.01772
1.00004, 0.01772

=== Lower Surface ===
0.00000, -0.01981
0.00006, -0.02008
0.00009, -0.02036
0.00014, -0.02064
0.00019, -0.02091
0.00024, -0.02119
0.00031, -0.02146
0.00038, -0.02173
0.00045, -0.02200
0.00053, -0.02227
0.00061, -0.02254
0.00070, -0.02280
0.00079, -0.02307
0.00089, -0.02333
0.00099, -0.02360
0.00110, -0.02386
0.00121, -0.02412
0.00133, -0.02438
0.00145, -0.02464
0.00158, -0.02490
0.00172, -0.02516
0.00185, -0.02541
0.00199, -0.02567
0.00214, -0.02592
0.00229, -0.02618
0.00245, -0.02643
0.00261, -0.02668
0.00278, -0.02693
0.00295, -0.02718
0.00313, -0.02743
0.00331, -0.02767
0.00350, -0.02792
0.00369, -0.02816
0.00389, -0.02841
0.00409, -0.02865
0.00430, -0.02889
0.00451, -0.02913
0.00472, -0.02937
0.00495, -0.02961
0.00517, -0.02985
0.00540, -0.03008
0.00564, -0.03032
0.00588, -0.03055
0.00613, -0.03078
0.00638, -0.03101
0.00663, -0.03124
0.00690, -0.03147
0.00716, -0.03170
0.00743, -0.03193
0.00771, -0.03215
0.00799, -0.03238
0.00828, -0.03260
0.00857, -0.03282
0.00886, -0.03304
0.00916, -0.03326
0.00947, -0.03348
0.00978, -0.03370
0.01009, -0.03392
0.01041, -0.03413
0.01074, -0.03434
0.01107, -0.03456
0.01140, -0.03477
0.01174, -0.03498
0.01209, -0.03519
0.01244, -0.03540
0.01279, -0.03560
0.01315, -0.03581
0.01352, -0.03601
0.01389, -0.03622
0.01426, -0.03642
0.01464, -0.03662
0.01502, -0.03682
0.01541, -0.03702
0.01581, -0.03721
0.01620, -0.03741
0.01661, -0.03760
0.01702, -0.03779
0.01743, -0.03799
0.01785, -0.03818
0.01827, -0.03837
0.01870, -0.03855
0.01913, -0.03874
0.01957, -0.03893
0.02001, -0.03911
0.02046, -0.03929
0.02091, -0.03947
0.02137, -0.03965
0.02183, -0.03983
0.02229, -0.04001
0.02276, -0.04019
0.02324, -0.04036
0.02372, -0.04054
0.02421, -0.04071
0.02470, -0.04088
0.02519, -0.04105
0.02569, -0.04122
0.02620, -0.04138
0.02671, -0.04155
0.02722, -0.04171
0.02774, -0.04188
0.02826, -0.04204
0.02879, -0.04220
0.02932, -0.04236
0.02986, -0.04251
0.03040, -0.04267
0.03095, -0.04283
0.03150, -0.04298
0.03206, -0.04313
0.03262, -0.04328
0.03318, -0.04343
0.03375, -0.04358
0.03433, -0.04372
0.03491, -0.04387
0.03549, -0.04401
0.03608, -0.04415
0.03667, -0.04429
0.03727, -0.04443
0.03787, -0.04457
0.03848, -0.04471
0.03909, -0.04484
0.03971, -0.04498
0.04033, -0.04511
0.04095, -0.04524
0.04158, -0.04537
0.04222, -0.04550
0.04286, -0.04562
0.04350, -0.04575
0.04415, -0.04587
0.04480, -0.04599
0.04546, -0.04611
0.04612, -0.04623
0.04678, -0.04635
0.04745, -0.04647
0.04813, -0.04658
0.04880, -0.04669
0.04949, -0.04681
0.05018, -0.04692
0.05087, -0.04703
0.05156, -0.04713
0.05226, -0.04724
0.05297, -0.04734
0.05368, -0.04745
0.05439, -0.04755
0.05511, -0.04765
0.05583, -0.04775
0.05656, -0.04784
0.05729, -0.04794
0.05802, -0.04803
0.05876, -0.04813
0.05950, -0.04822
0.06025, -0.04831
0.06100, -0.04840
0.06176, -0.04848
0.06252, -0.04857
0.06328, -0.04865
0.06405, -0.04874
0.06482, -0.04882
0.06560, -0.04890
0.06638, -0.04898
0.06716, -0.04905
0.06795, -0.04913
0.06874, -0.04920
0.06954, -0.04928
0.07034, -0.04935
0.07115, -0.04942
0.07196, -0.04949
0.07277, -0.04955
0.07358, -0.04962
0.07440, -0.04968
0.07523, -0.04975
0.07606, -0.04981
0.07689, -0.04987
0.07773, -0.04993
0.07857, -0.04998
0.07941, -0.05004
0.08026, -0.05009
0.08111, -0.05015
0.08196, -0.05020
0.08282, -0.05025
0.08368, -0.05030
0.08455, -0.05034
0.08542, -0.05039
0.08629, -0.05044
0.08717, -0.05048
0.08805, -0.05052
0.08894, -0.05056
0.08983, -0.05060
0.09072, -0.05064
0.09161, -0.05068
0.09251, -0.05071
0.09342, -0.05075
0.09432, -0.05078
0.09523, -0.05081
0.09615, -0.05084
0.09706, -0.05087
0.09798, -0.05090
0.09891, -0.05093
0.09984, -0.05095
0.10077, -0.05098
0.10170, -0.05100
0.10264, -0.05102
0.10358, -0.05104
0.10452, -0.05106
0.10547, -0.05108
0.10642, -0.05110
0.10738, -0.05112
0.10833, -0.05113
0.10929, -0.05115
0.11026, -0.05116
0.11123, -0.05117
0.11220, -0.05118
0.11317, -0.05119
0.11415, -0.05120
0.11513, -0.05121
0.11611, -0.05122
0.11710, -0.05122
0.11809, -0.05123
0.11908, -0.05123
0.12007, -0.05123
0.12107, -0.05123
0.12207, -0.05123
0.12308, -0.05123
0.12409, -0.05123
0.12510, -0.05123
0.12611, -0.05123
0.12713, -0.05123
0.12815, -0.05122
0.12917, -0.05122
0.13019, -0.05121
0.13122, -0.05120
0.13225, -0.05120
0.13328, -0.05119
0.13432, -0.05118
0.13536, -0.05117
0.13640, -0.05116
0.13745, -0.05115
0.13849, -0.05113
0.13954, -0.05112
0.14060, -0.05111
0.14165, -0.05109
0.14271, -0.05108
0.14377, -0.05106
0.14483, -0.05105
0.14590, -0.05103
0.14697, -0.05101
0.14804, -0.05100
0.14912, -0.05098
0.15020, -0.05096
0.15128, -0.05094
0.15236, -0.05092
0.15345, -0.05090
0.15454, -0.05088
0.15563, -0.05086
0.15673, -0.05083
0.15783, -0.05081
0.15893, -0.05079
0.16003, -0.05076
0.16114, -0.05074
0.16224, -0.05072
0.16336, -0.05069
0.16447, -0.05067
0.16559, -0.05064
0.16671, -0.05061
0.16783, -0.05059
0.16895, -0.05056
0.17008, -0.05053
0.17121, -0.05051
0.17234, -0.05048
0.17348, -0.05045
0.17461, -0.05042
0.17575, -0.05040
0.17690, -0.05037
0.17804, -0.05034
0.17919, -0.05031
0.18034, -0.05028
0.18149, -0.05025
0.18264, -0.05022
0.18380, -0.05019
0.18496, -0.05016
0.18612, -0.05013
0.18729, -0.05010
0.18845, -0.05007
0.18962, -0.05004
0.19079, -0.05001
0.19197, -0.04998
0.19314, -0.04995
0.19432, -0.04992
0.19550, -0.04989
0.19668, -0.04986
0.19787, -0.04983
0.19906, -0.04980
0.20025, -0.04977
0.20144, -0.04974
0.20263, -0.04971
0.20383, -0.04968
0.20503, -0.04965
0.20623, -0.04962
0.20743, -0.04959
0.20864, -0.04956
0.20985, -0.04953
0.21107, -0.04951
0.21228, -0.04948
0.21350, -0.04945
0.21473, -0.04942
0.21596, -0.04939
0.21719, -0.04936
0.21842, -0.04933
0.21966, -0.04930
0.22090, -0.04927
0.22214, -0.04925
0.22339, -0.04922
0.22464, -0.04919
0.22589, -0.04916
0.22715, -0.04913
0.22841, -0.04910
0.22967, -0.04907
0.23094, -0.04904
0.23221, -0.04901
0.23348, -0.04898
0.23476, -0.04896
0.23604, -0.04893
0.23732, -0.04890
0.23860, -0.04887
0.23989, -0.04884
0.24119, -0.04881
0.24248, -0.04878
0.24378, -0.04875
0.24508, -0.04872
0.24639, -0.04869
0.24770, -0.04866
0.24901, -0.04863
0.25032, -0.04859
0.25164, -0.04856
0.25296, -0.04853
0.25429, -0.04850
0.25561, -0.04847
0.25694, -0.04844
0.25828, -0.04840
0.25962, -0.04837
0.26096, -0.04834
0.26230, -0.04830
0.26365, -0.04827
0.26500, -0.04824
0.26635, -0.04820
0.26770, -0.04817
0.26906, -0.04813
0.27043, -0.04810
0.27179, -0.04806
0.27316, -0.04802
0.27452, -0.04799
0.27590, -0.04795
0.27727, -0.04791
0.27864, -0.04787
0.28002, -0.04783
0.28140, -0.04780
0.28279, -0.04776
0.28417, -0.04772
0.28556, -0.04768
0.28695, -0.04764
0.28834, -0.04760
0.28973, -0.04756
0.29113, -0.04752
0.29252, -0.04747
0.29392, -0.04743
0.29532, -0.04739
0.29673, -0.04735
0.29813, -0.04731
0.29954, -0.04726
0.30095, -0.04722
0.30236, -0.04717
0.30378, -0.04713
0.30519, -0.04709
0.30661, -0.04704
0.30803, -0.04700
0.30945, -0.04695
0.31088, -0.04691
0.31230, -0.04686
0.31373, -0.04681
0.31516, -0.04677
0.31659, -0.04672
0.31803, -0.04667
0.31946, -0.04663
0.32090, -0.04658
0.32234, -0.04653
0.32378, -0.04648
0.32522, -0.04643
0.32667, -0.04638
0.32812, -0.04633
0.32957, -0.04628
0.33103, -0.04623
0.33249, -0.04618
0.33395, -0.04613
0.33542, -0.04608
0.33689, -0.04603
0.33837, -0.04597
0.33984, -0.04592
0.34132, -0.04587
0.34280, -0.04581
0.34428, -0.04576
0.34576, -0.04570
0.34725, -0.04564
0.34873, -0.04558
0.35022, -0.04553
0.35170, -0.04547
0.35319, -0.04541
0.35468, -0.04535
0.35617, -0.04529
0.35766, -0.04523
0.35916, -0.04517
0.36065, -0.04510
0.36215, -0.04504
0.36365, -0.04498
0.36515, -0.04491
0.36665, -0.04485
0.36815, -0.04478
0.36965, -0.04472
0.37115, -0.04465
0.37266, -0.04459
0.37416, -0.04452
0.37567, -0.04445
0.37718, -0.04439
0.37869, -0.04432
0.38020, -0.04425
0.38171, -0.04418
0.38323, -0.04411
0.38474, -0.04404
0.38626, -0.04397
0.38778, -0.04390
0.38929, -0.04383
0.39081, -0.04375
0.39233, -0.04368
0.39386, -0.04361
0.39538, -0.04354
0.39690, -0.04346
0.39843, -0.04339
0.39995, -0.04331
0.40148, -0.04324
0.40301, -0.04316
0.40454, -0.04309
0.40607, -0.04301
0.40760, -0.04293
0.40913, -0.04286
0.41066, -0.04278
0.41220, -0.04270
0.41373, -0.04262
0.41527, -0.04254
0.41681, -0.04247
0.41834, -0.04239
0.41988, -0.04231
0.42142, -0.04223
0.42296, -0.04214
0.42450, -0.04206
0.42605, -0.04198
0.42759, -0.04190
0.42913, -0.04182
0.43068, -0.04173
0.43223, -0.04165
0.43377, -0.04157
0.43532, -0.04148
0.43687, -0.04140
0.43842, -0.04131
0.43997, -0.04123
0.44152, -0.04114
0.44307, -0.04106
0.44462, -0.04097
0.44617, -0.04088
0.44773, -0.04079
0.44928, -0.04071
0.45084, -0.04062
0.45239, -0.04053
0.45395, -0.04044
0.45550, -0.04035
0.45706, -0.04026
0.45862, -0.04017
0.46018, -0.04008
0.46174, -0.03999
0.46330, -0.03990
0.46486, -0.03981
0.46642, -0.03971
0.46798, -0.03962
0.46954, -0.03953
0.47110, -0.03944
0.47266, -0.03934
0.47423, -0.03925
0.47579, -0.03915
0.47735, -0.03906
0.47892, -0.03896
0.48048, -0.03887
0.48204, -0.03877
0.48361, -0.03867
0.48517, -0.03858
0.48674, -0.03848
0.48830, -0.03838
0.48987, -0.03828
0.49144, -0.03819
0.49300, -0.03809
0.49457, -0.03799
0.49614, -0.03789
0.49770, -0.03779
0.49927, -0.03769
0.50083, -0.03759
0.50240, -0.03749
0.50397, -0.03738
0.50554, -0.03728
0.50710, -0.03718
0.50867, -0.03708
0.51024, -0.03698
0.51180, -0.03687
0.51337, -0.03677
0.51494, -0.03666
0.51650, -0.03656
0.51807, -0.03645
0.51964, -0.03635
0.52120, -0.03624
0.52277, -0.03614
0.52433, -0.03603
0.52590, -0.03593
0.52746, -0.03582
0.52903, -0.03571
0.53059, -0.03560
0.53216, -0.03550
0.53372, -0.03539
0.53529, -0.03528
0.53685, -0.03517
0.53841, -0.03506
0.53997, -0.03495
0.54154, -0.03484
0.54310, -0.03473
0.54466, -0.03462
0.54622, -0.03451
0.54778, -0.03440
0.54934, -0.03429
0.55090, -0.03418
0.55246, -0.03407
0.55402, -0.03396
0.55557, -0.03385
0.55713, -0.03373
0.55869, -0.03362
0.56024, -0.03351
0.56180, -0.03339
0.56335, -0.03328
0.56491, -0.03317
0.56646, -0.03305
0.56801, -0.03294
0.56956, -0.03283
0.57111, -0.03271
0.57266, -0.03260
0.57421, -0.03248
0.57576, -0.03237
0.57731, -0.03225
0.57886, -0.03214
0.58040, -0.03203
0.58195, -0.03191
0.58349, -0.03179
0.58504, -0.03168
0.58658, -0.03156
0.58812, -0.03145
0.58966, -0.03133
0.59120, -0.03122
0.59274, -0.03110
0.59427, -0.03098
0.59581, -0.03087
0.59735, -0.03075
0.59888, -0.03064
0.60041, -0.03052
0.60195, -0.03040
0.60348, -0.03029
0.60501, -0.03017
0.60654, -0.03005
0.60806, -0.02994
0.60959, -0.02982
0.61112, -0.02970
0.61264, -0.02959
0.61416, -0.02947
0.61569, -0.02936
0.61721, -0.02924
0.61873, -0.02912
0.62024, -0.02901
0.62176, -0.02889
0.62328, -0.02877
0.62479, -0.02866
0.62630, -0.02854
0.62782, -0.02843
0.62933, -0.02831
0.63084, -0.02819
0.63234, -0.02808
0.63385, -0.02796
0.63535, -0.02785
0.63686, -0.02773
0.63836, -0.02762
0.63986, -0.02750
0.64136, -0.02739
0.64286, -0.02727
0.64436, -0.02716
0.64585, -0.02704
0.64734, -0.02693
0.64881, -0.02681
0.65017, -0.02670
0.65116, -0.02658
0.65119, -0.02644
0.64943, -0.02609
0.64575, -0.02514
0.64183, -0.02357
0.64005, -0.02256
0.64155, -0.02330
0.64628, -0.02559
0.65309, -0.02797
0.65963, -0.02928
0.66430, -0.02967
0.66721, -0.02968
0.66917, -0.02961
0.67078, -0.02951
0.67229, -0.02941
0.67377, -0.02931
0.67525, -0.02920
0.67673, -0.02910
0.67821, -0.02900
0.67969, -0.02889
0.68116, -0.02879
0.68264, -0.02868
0.68411, -0.02858
0.68558, -0.02847
0.68705, -0.02836
0.68852, -0.02826
0.68999, -0.02815
0.69145, -0.02804
0.69292, -0.02793
0.69438, -0.02782
0.69584, -0.02771
0.69730, -0.02760
0.69876, -0.02749
0.70022, -0.02738
0.70167, -0.02727
0.70312, -0.02715
0.70458, -0.02704
0.70603, -0.02693
0.70747, -0.02681
0.70892, -0.02669
0.71036, -0.02658
0.71181, -0.02646
0.71325, -0.02634
0.71469, -0.02622
0.71613, -0.02610
0.71756, -0.02598
0.71899, -0.02586
0.72043, -0.02574
0.72186, -0.02562
0.72328, -0.02549
0.72471, -0.02537
0.72613, -0.02524
0.72756, -0.02512
0.72898, -0.02499
0.73039, -0.02486
0.73181, -0.02473
0.73322, -0.02460
0.73463, -0.02447
0.73604, -0.02434
0.73745, -0.02421
0.73886, -0.02407
0.74026, -0.02394
0.74166, -0.02380
0.74306, -0.02366
0.74445, -0.02353
0.74585, -0.02339
0.74724, -0.02325
0.74863, -0.02311
0.75001, -0.02297
0.75140, -0.02282
0.75278, -0.02268
0.75416, -0.02253
0.75553, -0.02239
0.75691, -0.02224
0.75828, -0.02209
0.75964, -0.02194
0.76101, -0.02179
0.76237, -0.02164
0.76373, -0.02149
0.76508, -0.02134
0.76644, -0.02119
0.76779, -0.02103
0.76913, -0.02088
0.77048, -0.02072
0.77182, -0.02056
0.77316, -0.02040
0.77449, -0.02025
0.77582, -0.02009
0.77715, -0.01993
0.77848, -0.01976
0.77980, -0.01960
0.78112, -0.01944
0.78244, -0.01928
0.78375, -0.01911
0.78506, -0.01895
0.78637, -0.01878
0.78767, -0.01861
0.78898, -0.01845
0.79027, -0.01828
0.79157, -0.01811
0.79286, -0.01794
0.79415, -0.01777
0.79543, -0.01760
0.79672, -0.01743
0.79800, -0.01726
0.79927, -0.01708
0.80055, -0.01691
0.80181, -0.01674
0.80308, -0.01656
0.80434, -0.01639
0.80560, -0.01621
0.80686, -0.01603
0.80811, -0.01586
0.80936, -0.01568
0.81061, -0.01550
0.81185, -0.01532
0.81309, -0.01515
0.81433, -0.01497
0.81556, -0.01479
0.81679, -0.01461
0.81802, -0.01443
0.81924, -0.01424
0.82046, -0.01406
0.82168, -0.01388
0.82289, -0.01370
0.82410, -0.01351
0.82531, -0.01333
0.82651, -0.01315
0.82771, -0.01296
0.82891, -0.01278
0.83010, -0.01259
0.83129, -0.01241
0.83247, -0.01222
0.83366, -0.01204
0.83483, -0.01185
0.83601, -0.01167
0.83718, -0.01148
0.83835, -0.01129
0.83951, -0.01111
0.84067, -0.01092
0.84183, -0.01073
0.84298, -0.01054
0.84413, -0.01036
0.84527, -0.01017
0.84641, -0.00998
0.84755, -0.00979
0.84868, -0.00961
0.84981, -0.00942
0.85094, -0.00923
0.85206, -0.00904
0.85318, -0.00886
0.85429, -0.00867
0.85540, -0.00848
0.85651, -0.00829
0.85761, -0.00811
0.85871, -0.00792
0.85980, -0.00773
0.86089, -0.00755
0.86198, -0.00736
0.86306, -0.00717
0.86414, -0.00699
0.86522, -0.00680
0.86629, -0.00662
0.86736, -0.00643
0.86842, -0.00625
0.86948, -0.00606
0.87054, -0.00588
0.87159, -0.00569
0.87264, -0.00551
0.87368, -0.00533
0.87472, -0.00514
0.87576, -0.00496
0.87679, -0.00478
0.87782, -0.00460
0.87885, -0.00442
0.87987, -0.00424
0.88089, -0.00406
0.88190, -0.00388
0.88291, -0.00370
0.88392, -0.00352
0.88492, -0.00335
0.88591, -0.00317
0.88691, -0.00299
0.88790, -0.00282
0.88888, -0.00264
0.88987, -0.00247
0.89084, -0.00229
0.89182, -0.00212
0.89279, -0.00195
0.89375, -0.00178
0.89472, -0.00161
0.89567, -0.00143
0.89663, -0.00127
0.89758, -0.00110
0.89852, -0.00093
0.89947, -0.00076
0.90040, -0.00059
0.90134, -0.00043
0.90227, -0.00026
0.90319, -0.00010
0.90412, 0.00007
0.90503, 0.00023
0.90595, 0.00039
0.90686, 0.00055
0.90776, 0.00071
0.90867, 0.00087
0.90956, 0.00103
0.91046, 0.00119
0.91135, 0.00135
0.91223, 0.00151
0.91311, 0.00166
0.91399, 0.00182
0.91487, 0.00197
0.91573, 0.00212
0.91660, 0.00228
0.91746, 0.00243
0.91832, 0.00258
0.91917, 0.00273
0.92002, 0.00288
0.92086, 0.00302
0.92170, 0.00317
0.92254, 0.00332
0.92337, 0.00346
0.92420, 0.00361
0.92502, 0.00375
0.92584, 0.00389
0.92666, 0.00403
0.92747, 0.00417
0.92828, 0.00431
0.92908, 0.00445
0.92988, 0.00459
0.93068, 0.00473
0.93147, 0.00486
0.93225, 0.00500
0.93303, 0.00513
0.93381, 0.00526
0.93459, 0.00539
0.93535, 0.00553
0.93612, 0.00566
0.93688, 0.00578
0.93764, 0.00591
0.93839, 0.00604
0.93914, 0.00617
0.93988, 0.00629
0.94062, 0.00642
0.94136, 0.00654
0.94209, 0.00666
0.94281, 0.00678
0.94354, 0.00690
0.94426, 0.00702
0.94497, 0.00714
0.94568, 0.00726
0.94638, 0.00737
0.94708, 0.00749
0.94778, 0.00760
0.94847, 0.00772
0.94916, 0.00783
0.94985, 0.00794
0.95052, 0.00805
0.95120, 0.00816
0.95187, 0.00827
0.95254, 0.00838
0.95320, 0.00849
0.95385, 0.00859
0.95451, 0.00870
0.95516, 0.00880
0.95580, 0.00890
0.95644, 0.00901
0.95708, 0.00911
0.95771, 0.00921
0.95833, 0.00931
0.95895, 0.00940
0.95957, 0.00950
0.96018, 0.00960
0.96079, 0.00969
0.96140, 0.00979
0.96200, 0.00988
0.96259, 0.00997
0.96318, 0.01006
0.96377, 0.01015
0.96435, 0.01024
0.96493, 0.01033
0.96550, 0.01042
0.96607, 0.01051
0.96663, 0.01059
0.96719, 0.01068
0.96775, 0.01076
0.96830, 0.01085
0.96884, 0.01093
0.96938, 0.01101
0.96992, 0.01109
0.97045, 0.01117
0.97098, 0.01125
0.97150, 0.01133
0.97202, 0.01140
0.97253, 0.01148
0.97304, 0.01155
0.97355, 0.01163
0.97405, 0.01170
0.97454, 0.01177
0.97503, 0.01185
0.97552, 0.01192
0.97600, 0.01199
0.97648, 0.01205
0.97695, 0.01212
0.97742, 0.01219
0.97788, 0.01226
0.97834, 0.01232
0.97879, 0.01239
0.97924, 0.01245
0.97968, 0.01251
0.98012, 0.01258
0.98056, 0.01264
0.98099, 0.01270
0.98141, 0.01276
0.98183, 0.01282
0.98225, 0.01287
0.98266, 0.01293
0.98307, 0.01299
0.98347, 0.01304
0.98387, 0.01310
0.98426, 0.01315
0.98465, 0.01321
0.98503, 0.01326
0.98541, 0.01331
0.98578, 0.01336
0.98615, 0.01341
0.98651, 0.01346
0.98687, 0.01351
0.98723, 0.01356
0.98758, 0.01361
0.98792, 0.01365
0.98826, 0.01370
0.98860, 0.01374
0.98893, 0.01379
0.98925, 0.01383
0.98957, 0.01387
0.98989, 0.01391
0.99020, 0.01396
0.99051, 0.01400
0.99081, 0.01404
0.99111, 0.01407
0.99140, 0.01411
0.99169, 0.01415
0.99197, 0.01419
0.99225, 0.01422
0.99252, 0.01426
0.99279, 0.01429
0.99305, 0.01433
0.99331, 0.01436
0.99356, 0.01439
0.99381, 0.01443
0.99405, 0.01446
0.99429, 0.01449
0.99452, 0.01452
0.99475, 0.01455
0.99498, 0.01457
0.99520, 0.01460
0.99541, 0.01463
0.99562, 0.01466
0.99583, 0.01468
0.99603, 0.01471
0.99622, 0.01473
0.99641, 0.01476
0.99659, 0.01478
0.99677, 0.01480
0.99695, 0.01482
0.99712, 0.01485
0.99729, 0.01487
0.99745, 0.01489
0.99760, 0.01491
0.99775, 0.01492
0.99790, 0.01494
0.99804, 0.01496
0.99817, 0.01498
0.99831, 0.01499
0.99843, 0.01501
0.99855, 0.01502
0.99867, 0.01504
0.99878, 0.01505
0.99889, 0.01506
0.99899, 0.01508
0.99908, 0.01509
0.99918, 0.01510
0.99926, 0.01511
0.99934, 0.01512
0.99942, 0.01513
0.99949, 0.01514
0.99956, 0.01515
0.99962, 0.01515
0.99968, 0.01516
0.99973, 0.01517
0.99978, 0.01517
0.99982, 0.01518
0.99986, 0.01518
0.99989, 0.01519
0.99992, 0.01519
0.99994, 0.01519
0.99995, 0.01520
0.99997, 0.01520
0.99996, 0.01520
0.99996, 0.01520
