=== Airfoil Parameters ===
m = 0.02
p = 0.4
t = 0.12

=== Control Points ===
0.00000, 0.00243, 0.00243
0.06667, -0.00233, -0.00844
0.13333, -0.01225, -0.02336
0.20000, -0.01773, -0.03273
0.26667, -0.01466, -0.03244
0.66667, -0.01035, -0.02640
0.75000, -0.00667, -0.01987
0.83333, -0.00338, -0.01295
0.91667, 0.00092, -0.00425
1.00000, 0.00262, 0.00262

=== Upper Surface ===
0.00000, 0.00243
-0.00000, 0.00271
-0.00000, 0.00299
0.00001, 0.00327
0.00002, 0.00355
0.00004, 0.00383
0.00006, 0.00411
0.00009, 0.00439
0.00012, 0.00467
0.00016, 0.00494
0.00020, 0.00522
0.00025, 0.00550
0.00030, 0.00577
0.00036, 0.00605
0.00042, 0.00633
0.00049, 0.00660
0.00057, 0.00688
0.00064, 0.00715
0.00073, 0.00743
0.00082, 0.00770
0.00091, 0.00798
0.00101, 0.00825
0.00112, 0.00852
0.00123, 0.00880
0.00134, 0.00907
0.00146, 0.00934
0.00159, 0.00961
0.00172, 0.00988
0.00185, 0.01015
0.00200, 0.01043
0.00214, 0.01070
0.00229, 0.01097
0.00245, 0.01123
0.00261, 0.01150
0.00278, 0.01177
0.00296, 0.01204
0.00314, 0.01231
0.00332, 0.01257
0.00351, 0.01284
0.00370, 0.01311
0.00391, 0.01337
0.00411, 0.01364
0.00432, 0.01390
0.00454, 0.01416
0.00476, 0.01443
0.00499, 0.01469
0.00522, 0.01495
0.00546, 0.01521
0.00570, 0.01547
0.00595, 0.01574
0.00621, 0.01599
0.00647, 0.01625
0.00674, 0.01651
0.00701, 0.01677
0.00728, 0.01703
0.00757, 0.01728
0.00785, 0.01754
0.00815, 0.01779
0.00845, 0.01805
0.00875, 0.01830
0.00906, 0.01855
0.00938, 0.01880
0.00970, 0.01905
0.01002, 0.01930
0.01036, 0.01955
0.01069, 0.01980
0.01104, 0.02005
0.01138, 0.02029
0.01174, 0.02054
0.01210, 0.02078
0.01246, 0.02103
0.01283, 0.02127
0.01321, 0.02151
0.01359, 0.02175
0.01398, 0.02199
0.01437, 0.02223
0.01477, 0.02247
0.01517, 0.02270
0.01558, 0.02294
0.01600, 0.02317
0.01642, 0.02340
0.01684, 0.02364
0.01728, 0.02387
0.01771, 0.02410
0.01816, 0.02432
0.01860, 0.02455
0.01906, 0.02478
0.01952, 0.02500
0.01998, 0.02522
0.02045, 0.02545
0.02092, 0.02567
0.02141, 0.02588
0.02189, 0.02610
0.02238, 0.02632
0.02288, 0.02653
0.02338, 0.02675
0.02389, 0.02696
0.02440, 0.02717
0.02492, 0.02738
0.02545, 0.02759
0.02598, 0.02779
0.02651, 0.02800
0.02705, 0.02820
0.02760, 0.02840
0.02815, 0.02860
0.02870, 0.02880
0.02926, 0.02900
0.02983, 0.02919
0.03040, 0.02939
0.03098, 0.02958
0.03156, 0.02977
0.03215, 0.02996
0.03274, 0.03014
0.03334, 0.03033
0.03394, 0.03051
0.03455, 0.03069
0.03516, 0.03087
0.03578, 0.03105
0.03641, 0.03123
0.03704, 0.03140
0.03767, 0.03158
0.03831, 0.03175
0.03895, 0.03192
0.03960, 0.03208
0.04026, 0.03225
0.04092, 0.03241
0.04158, 0.03257
0.04225, 0.03273
0.04292, 0.03289
0.04360, 0.03304
0.04429, 0.03320
0.04497, 0.03335
0.04567, 0.03350
0.04637, 0.03365
0.04707, 0.03379
0.04778, 0.03394
0.04849, 0.03408
0.04921, 0.03422
0.04993, 0.03436
0.05066, 0.03449
0.05139, 0.03463
0.05212, 0.03476
0.05287, 0.03489
0.05361, 0.03501
0.05436, 0.03514
0.05511, 0.03526
0.05587, 0.03538
0.05664, 0.03550
0.05741, 0.03562
0.05818, 0.03574
0.05895, 0.03585
0.05974, 0.03596
0.06052, 0.03607
0.06131, 0.03617
0.06210, 0.03628
0.06290, 0.03638
0.06371, 0.03648
0.06451, 0.03658
0.06532, 0.03668
0.06614, 0.03677
0.06696, 0.03686
0.06778, 0.03695
0.06861, 0.03704
0.06944, 0.03713
0.07027, 0.03721
0.07111, 0.03729
0.07196, 0.03737
0.07280, 0.03745
0.07366, 0.03752
0.07451, 0.03760
0.07537, 0.03767
0.07623, 0.03774
0.07710, 0.03781
0.07797, 0.03787
0.07884, 0.03793
0.07972, 0.03800
0.08060, 0.03806
0.08148, 0.03811
0.08237, 0.03817
0.08326, 0.03822
0.08416, 0.03827
0.08505, 0.03832
0.08596, 0.03837
0.08686, 0.03842
0.08777, 0.03846
0.08868, 0.03851
0.08959, 0.03855
0.09051, 0.03859
0.09143, 0.03862
0.09236, 0.03866
0.09328, 0.03869
0.09421, 0.03872
0.09515, 0.03875
0.09608, 0.03878
0.09702, 0.03881
0.09797, 0.03884
0.09891, 0.03886
0.09986, 0.03888
0.10081, 0.03890
0.10176, 0.03892
0.10272, 0.03894
0.10368, 0.03896
0.10464, 0.03897
0.10560, 0.03899
0.10657, 0.03900
0.10754, 0.03901
0.10851, 0.03902
0.10948, 0.03903
0.11046, 0.03903
0.11144, 0.03904
0.11242, 0.03904
0.11340, 0.03905
0.11439, 0.03905
0.11537, 0.03905
0.11636, 0.03905
0.11735, 0.03905
0.11835, 0.03905
0.11934, 0.03905
0.12034, 0.03905
0.12134, 0.03904
0.12234, 0.03904
0.12334, 0.03903
0.12435, 0.03903
0.12536, 0.03902
0.12636, 0.03901
0.12737, 0.03900
0.12839, 0.03900
0.12940, 0.03899
0.13041, 0.03898
0.13143, 0.03897
0.13245, 0.03896
0.13347, 0.03895
0.13449, 0.03894
0.13551, 0.03893
0.13653, 0.03892
0.13756, 0.03890
0.13858, 0.03889
0.13961, 0.03888
0.14064, 0.03887
0.14167, 0.03886
0.14270, 0.03885
0.14373, 0.03884
0.14476, 0.03883
0.14580, 0.03882
0.14683, 0.03881
0.14787, 0.03880
0.14891, 0.03879
0.14995, 0.03878
0.15099, 0.03877
0.15203, 0.03876
0.15307, 0.03875
0.15412, 0.03875
0.15516, 0.03874
0.15621, 0.03873
0.15726, 0.03873
0.15831, 0.03872
0.15935, 0.03872
0.16041, 0.03871
0.16146, 0.03871
0.16251, 0.03871
0.16356, 0.03871
0.16461, 0.03871
0.16567, 0.03871
0.16672, 0.03871
0.16778, 0.03872
0.16883, 0.03872
0.16989, 0.03873
0.17095, 0.03874
0.17200, 0.03874
0.17306, 0.03875
0.17412, 0.03877
0.17518, 0.03878
0.17624, 0.03879
0.17730, 0.03881
0.17836, 0.03883
0.17942, 0.03885
0.18048, 0.03887
0.18154, 0.03889
0.18260, 0.03891
0.18366, 0.03894
0.18472, 0.03897
0.18578, 0.03900
0.18684, 0.03903
0.18790, 0.03907
0.18896, 0.03910
0.19002, 0.03914
0.19108, 0.03918
0.19214, 0.03922
0.19320, 0.03927
0.19426, 0.03932
0.19532, 0.03937
0.19638, 0.03942
0.19744, 0.03947
0.19850, 0.03953
0.19956, 0.03959
0.20062, 0.03965
0.20169, 0.03972
0.20276, 0.03979
0.20383, 0.03986
0.20492, 0.03993
0.20600, 0.04001
0.20710, 0.04008
0.20821, 0.04016
0.20932, 0.04025
0.21043, 0.04033
0.21156, 0.04042
0.21269, 0.04051
0.21383, 0.04060
0.21497, 0.04069
0.21613, 0.04079
0.21729, 0.04089
0.21846, 0.04099
0.21963, 0.04109
0.22081, 0.04119
0.22200, 0.04130
0.22320, 0.04140
0.22441, 0.04151
0.22562, 0.04162
0.22684, 0.04173
0.22807, 0.04185
0.22930, 0.04196
0.23055, 0.04208
0.23180, 0.04219
0.23306, 0.04231
0.23433, 0.04243
0.23560, 0.04255
0.23688, 0.04267
0.23817, 0.04279
0.23947, 0.04291
0.24078, 0.04304
0.24209, 0.04316
0.24341, 0.04328
0.24474, 0.04341
0.24608, 0.04353
0.24743, 0.04365
0.24878, 0.04378
0.25014, 0.04390
0.25151, 0.04402
0.25289, 0.04414
0.25428, 0.04426
0.25568, 0.04438
0.25708, 0.04450
0.25849, 0.04462
0.25991, 0.04474
0.26134, 0.04485
0.26277, 0.04497
0.26422, 0.04508
0.26566, 0.04519
0.26711, 0.04529
0.26856, 0.04540
0.27001, 0.04550
0.27146, 0.04561
0.27292, 0.04570
0.27437, 0.04580
0.27583, 0.04590
0.27729, 0.04599
0.27876, 0.04608
0.28022, 0.04617
0.28169, 0.04626
0.28316, 0.04634
0.28463, 0.04642
0.28610, 0.04650
0.28758, 0.04658
0.28906, 0.04666
0.29054, 0.04673
0.29202, 0.04681
0.29350, 0.04688
0.29498, 0.04694
0.29647, 0.04701
0.29796, 0.04708
0.29945, 0.04714
0.30094, 0.04720
0.30243, 0.04726
0.30392, 0.04731
0.30542, 0.04737
0.30692, 0.04742
0.30842, 0.04747
0.30992, 0.04752
0.31142, 0.04756
0.31293, 0.04761
0.31443, 0.04765
0.31594, 0.04769
0.31745, 0.04773
0.31896, 0.04776
0.32047, 0.04780
0.32198, 0.04783
0.32350, 0.04786
0.32501, 0.04789
0.32653, 0.04792
0.32805, 0.04794
0.32957, 0.04796
0.33109, 0.04799
0.33261, 0.04800
0.33414, 0.04802
0.33566, 0.04804
0.33719, 0.04805
0.33872, 0.04806
0.34025, 0.04807
0.34178, 0.04808
0.34331, 0.04809
0.34484, 0.04809
0.34637, 0.04809
0.34791, 0.04810
0.34945, 0.04809
0.35098, 0.04809
0.35252, 0.04809
0.35406, 0.04808
0.35560, 0.04807
0.35714, 0.04807
0.35869, 0.04805
0.36023, 0.04804
0.36177, 0.04803
0.36332, 0.04801
0.36487, 0.04799
0.36641, 0.04797
0.36796, 0.04795
0.36951, 0.04793
0.37106, 0.04790
0.37261, 0.04788
0.37416, 0.04785
0.37572, 0.04782
0.37727, 0.04779
0.37883, 0.04776
0.38038, 0.04773
0.38194, 0.04769
0.38349, 0.04765
0.38505, 0.04761
0.38661, 0.04757
0.38817, 0.04753
0.38973, 0.04749
0.39129, 0.04745
0.39285, 0.04740
0.39441, 0.04735
0.39597, 0.04730
0.39753, 0.04725
0.39910, 0.04720
0.40066, 0.04715
0.40223, 0.04709
0.40379, 0.04704
0.40536, 0.04698
0.40692, 0.04692
0.40849, 0.04686
0.41006, 0.04680
0.41162, 0.04674
0.41319, 0.04668
0.41476, 0.04661
0.41633, 0.04655
0.41790, 0.04648
0.41947, 0.04641
0.42104, 0.04634
0.42261, 0.04627
0.42418, 0.04620
0.42575, 0.04612
0.42732, 0.04605
0.42889, 0.04597
0.43047, 0.04590
0.43204, 0.04582
0.43361, 0.04574
0.43518, 0.04566
0.43676, 0.04558
0.43833, 0.04550
0.43990, 0.04541
0.44148, 0.04533
0.44305, 0.04524
0.44462, 0.04516
0.44620, 0.04507
0.44777, 0.04498
0.44935, 0.04489
0.45092, 0.04480
0.45249, 0.04471
0.45407, 0.04462
0.45564, 0.04452
0.45722, 0.04443
0.45879, 0.04433
0.46037, 0.04424
0.46194, 0.04414
0.46352, 0.04404
0.46509, 0.04395
0.46666, 0.04385
0.46824, 0.04375
0.46981, 0.04365
0.47139, 0.04355
0.47296, 0.04344
0.47453, 0.04334
0.47611, 0.04324
0.47768, 0.04313
0.47925, 0.04303
0.48083, 0.04292
0.48240, 0.04282
0.48397, 0.04271
0.48555, 0.04260
0.48712, 0.04249
0.48869, 0.04238
0.49026, 0.04227
0.49183, 0.04216
0.49340, 0.04205
0.49497, 0.04194
0.49655, 0.04183
0.49812, 0.04172
0.49969, 0.04161
0.50125, 0.04149
0.50282, 0.04138
0.50439, 0.04126
0.50596, 0.04115
0.50753, 0.04104
0.50910, 0.04092
0.51066, 0.04080
0.51223, 0.04069
0.51380, 0.04057
0.51536, 0.04045
0.51693, 0.04034
0.51849, 0.04022
0.52006, 0.04010
0.52162, 0.03998
0.52318, 0.03987
0.52474, 0.03975
0.52631, 0.03963
0.52787, 0.03951
0.52943, 0.03939
0.53099, 0.03927
0.53255, 0.03915
0.53411, 0.03903
0.53567, 0.03891
0.53722, 0.03879
0.53878, 0.03867
0.54034, 0.03855
0.54189, 0.03843
0.54345, 0.03831
0.54500, 0.03819
0.54655, 0.03806
0.54811, 0.03794
0.54966, 0.03782
0.55121, 0.03770
0.55276, 0.03758
0.55431, 0.03746
0.55586, 0.03734
0.55740, 0.03722
0.55895, 0.03710
0.56050, 0.03698
0.56204, 0.03685
0.56359, 0.03673
0.56513, 0.03661
0.56667, 0.03649
0.56822, 0.03637
0.56976, 0.03625
0.57130, 0.03613
0.57284, 0.03601
0.57437, 0.03589
0.57591, 0.03577
0.57745, 0.03565
0.57898, 0.03553
0.58052, 0.03541
0.58205, 0.03530
0.58358, 0.03518
0.58511, 0.03506
0.58664, 0.03494
0.58817, 0.03482
0.58970, 0.03471
0.59122, 0.03459
0.59275, 0.03447
0.59428, 0.03436
0.59580, 0.03424
0.59732, 0.03412
0.59884, 0.03401
0.60036, 0.03389
0.60188, 0.03378
0.60340, 0.03367
0.60491, 0.03355
0.60643, 0.03344
0.60794, 0.03333
0.60946, 0.03321
0.61097, 0.03310
0.61248, 0.03299
0.61399, 0.03288
0.61550, 0.03277
0.61700, 0.03266
0.61851, 0.03255
0.62001, 0.03244
0.62151, 0.03233
0.62302, 0.03223
0.62452, 0.03212
0.62601, 0.03201
0.62751, 0.03191
0.62901, 0.03180
0.63050, 0.03170
0.63199, 0.03159
0.63349, 0.03149
0.63498, 0.03139
0.63647, 0.03129
0.63795, 0.03118
0.63944, 0.03108
0.64092, 0.03098
0.64241, 0.03088
0.64389, 0.03079
0.64537, 0.03069
0.64685, 0.03059
0.64832, 0.03049
0.64980, 0.03040
0.65127, 0.03030
0.65275, 0.03021
0.65422, 0.03012
0.65569, 0.03002
0.65715, 0.02993
0.65862, 0.02984
0.66008, 0.02975
0.66155, 0.02966
0.66301, 0.02957
0.66447, 0.02948
0.66593, 0.02940
0.66738, 0.02931
0.66884, 0.02923
0.67030, 0.02914
0.67175, 0.02906
0.67321, 0.02897
0.67466, 0.02889
0.67612, 0.02881
0.67757, 0.02873
0.67902, 0.02865
0.68047, 0.02857
0.68192, 0.02849
0.68337, 0.02841
0.68482, 0.02833
0.68627, 0.02826
0.68771, 0.02818
0.68916, 0.02810
0.69060, 0.02803
0.69205, 0.02795
0.69349, 0.02787
0.69493, 0.02780
0.69637, 0.02772
0.69781, 0.02765
0.69925, 0.02758
0.70068, 0.02750
0.70212, 0.02743
0.70356, 0.02735
0.70499, 0.02728
0.70642, 0.02720
0.70785, 0.02713
0.70928, 0.02706
0.71071, 0.02698
0.71213, 0.02691
0.71356, 0.02684
0.71498, 0.02676
0.71641, 0.02669
0.71783, 0.02661
0.71925, 0.02654
0.72066, 0.02647
0.72208, 0.02639
0.72349, 0.02632
0.72491, 0.02624
0.72632, 0.02617
0.72773, 0.02609
0.72914, 0.02601
0.73054, 0.02594
0.73195, 0.02586
0.73335, 0.02578
0.73475, 0.02571
0.73615, 0.02563
0.73755, 0.02555
0.73894, 0.02547
0.74034, 0.02539
0.74173, 0.02531
0.74312, 0.02523
0.74451, 0.02515
0.74589, 0.02507
0.74728, 0.02499
0.74866, 0.02490
0.75004, 0.02482
0.75141, 0.02474
0.75279, 0.02465
0.75416, 0.02456
0.75552, 0.02448
0.75689, 0.02439
0.75825, 0.02431
0.75960, 0.02422
0.76096, 0.02413
0.76231, 0.02404
0.76366, 0.02395
0.76500, 0.02386
0.76634, 0.02377
0.76768, 0.02368
0.76902, 0.02359
0.77035, 0.02350
0.77168, 0.02341
0.77301, 0.02332
0.77433, 0.02323
0.77565, 0.02314
0.77696, 0.02304
0.77828, 0.02295
0.77959, 0.02286
0.78089, 0.02277
0.78220, 0.02267
0.78350, 0.02258
0.78480, 0.02249
0.78609, 0.02240
0.78738, 0.02230
0.78867, 0.02221
0.78995, 0.02212
0.79123, 0.02203
0.79251, 0.02193
0.79379, 0.02184
0.79506, 0.02175
0.79633, 0.02166
0.79759, 0.02156
0.79885, 0.02147
0.80011, 0.02138
0.80136, 0.02129
0.80262, 0.02120
0.80386, 0.02110
0.80511, 0.02101
0.80635, 0.02092
0.80759, 0.02083
0.80883, 0.02074
0.81006, 0.02065
0.81129, 0.02056
0.81251, 0.02047
0.81373, 0.02038
0.81495, 0.02030
0.81617, 0.02021
0.81738, 0.02012
0.81859, 0.02003
0.81979, 0.01994
0.82100, 0.01986
0.82219, 0.01977
0.82339, 0.01969
0.82458, 0.01960
0.82577, 0.01952
0.82695, 0.01943
0.82814, 0.01935
0.82931, 0.01927
0.83049, 0.01918
0.83166, 0.01910
0.83283, 0.01902
0.83400, 0.01894
0.83516, 0.01886
0.83632, 0.01878
0.83747, 0.01870
0.83863, 0.01862
0.83978, 0.01854
0.84092, 0.01846
0.84207, 0.01839
0.84321, 0.01831
0.84435, 0.01823
0.84548, 0.01816
0.84662, 0.01808
0.84775, 0.01801
0.84887, 0.01793
0.84999, 0.01786
0.85111, 0.01778
0.85223, 0.01771
0.85334, 0.01764
0.85445, 0.01756
0.85556, 0.01749
0.85666, 0.01742
0.85777, 0.01735
0.85886, 0.01728
0.85996, 0.01720
0.86105, 0.01713
0.86213, 0.01706
0.86322, 0.01699
0.86430, 0.01692
0.86537, 0.01685
0.86645, 0.01678
0.86752, 0.01671
0.86858, 0.01664
0.86965, 0.01657
0.87071, 0.01650
0.87176, 0.01643
0.87282, 0.01636
0.87386, 0.01629
0.87491, 0.01622
0.87595, 0.01615
0.87699, 0.01608
0.87803, 0.01601
0.87906, 0.01595
0.88008, 0.01588
0.88111, 0.01581
0.88213, 0.01574
0.88314, 0.01567
0.88416, 0.01560
0.88517, 0.01553
0.88617, 0.01547
0.88717, 0.01540
0.88817, 0.01533
0.88917, 0.01526
0.89016, 0.01519
0.89114, 0.01512
0.89213, 0.01506
0.89311, 0.01499
0.89408, 0.01492
0.89505, 0.01485
0.89602, 0.01478
0.89698, 0.01471
0.89794, 0.01465
0.89890, 0.01458
0.89985, 0.01451
0.90080, 0.01444
0.90174, 0.01437
0.90268, 0.01430
0.90362, 0.01423
0.90455, 0.01417
0.90548, 0.01410
0.90640, 0.01403
0.90732, 0.01396
0.90824, 0.01389
0.90915, 0.01382
0.91006, 0.01375
0.91097, 0.01368
0.91187, 0.01361
0.91276, 0.01354
0.91365, 0.01348
0.91454, 0.01341
0.91542, 0.01334
0.91630, 0.01327
0.91718, 0.01320
0.91805, 0.01313
0.91892, 0.01306
0.91978, 0.01299
0.92064, 0.01292
0.92149, 0.01285
0.92234, 0.01278
0.92319, 0.01271
0.92403, 0.01264
0.92487, 0.01257
0.92570, 0.01250
0.92653, 0.01243
0.92735, 0.01236
0.92817, 0.01229
0.92899, 0.01222
0.92980, 0.01215
0.93061, 0.01208
0.93141, 0.01201
0.93221, 0.01194
0.93301, 0.01187
0.93380, 0.01179
0.93458, 0.01172
0.93536, 0.01165
0.93614, 0.01158
0.93691, 0.01151
0.93768, 0.01144
0.93844, 0.01137
0.93920, 0.01130
0.93996, 0.01123
0.94071, 0.01116
0.94145, 0.01109
0.94220, 0.01102
0.94293, 0.01095
0.94367, 0.01087
0.94439, 0.01080
0.94512, 0.01073
0.94584, 0.01066
0.94655, 0.01059
0.94726, 0.01052
0.94797, 0.01045
0.94867, 0.01038
0.94937, 0.01031
0.95006, 0.01024
0.95074, 0.01017
0.95143, 0.01010
0.95211, 0.01003
0.95278, 0.00996
0.95345, 0.00989
0.95411, 0.00982
0.95477, 0.00975
0.95543, 0.00968
0.95608, 0.00961
0.95673, 0.00954
0.95737, 0.00947
0.95801, 0.00940
0.95864, 0.00933
0.95927, 0.00926
0.95989, 0.00919
0.96051, 0.00913
0.96112, 0.00906
0.96173, 0.00899
0.96234, 0.00892
0.96294, 0.00885
0.96353, 0.00878
0.96412, 0.00872
0.96471, 0.00865
0.96529, 0.00858
0.96587, 0.00851
0.96644, 0.00845
0.96701, 0.00838
0.96757, 0.00832
0.96813, 0.00825
0.96868, 0.00818
0.96923, 0.00812
0.96977, 0.00805
0.97031, 0.00799
0.97084, 0.00792
0.97137, 0.00786
0.97190, 0.00779
0.97242, 0.00773
0.97293, 0.00767
0.97344, 0.00760
0.97395, 0.00754
0.97445, 0.00748
0.97495, 0.00741
0.97544, 0.00735
0.97593, 0.00729
0.97641, 0.00723
0.97688, 0.00717
0.97736, 0.00711
0.97782, 0.00705
0.97829, 0.00699
0.97874, 0.00693
0.97920, 0.00687
0.97965, 0.00681
0.98009, 0.00675
0.98053, 0.00669
0.98096, 0.00664
0.98139, 0.00658
0.98181, 0.00652
0.98223, 0.00647
0.98265, 0.00641
0.98306, 0.00635
0.98346, 0.00630
0.98386, 0.00625
0.98426, 0.00619
0.98465, 0.00614
0.98503, 0.00609
0.98542, 0.00603
0.98579, 0.00598
0.98616, 0.00593
0.98653, 0.00588
0.98689, 0.00583
0.98725, 0.00578
0.98760, 0.00573
0.98794, 0.00568
0.98829, 0.00563
0.98862, 0.00558
0.98895, 0.00554
0.98928, 0.00549
0.98960, 0.00544
0.98992, 0.00540
0.99023, 0.00535
0.99054, 0.00531
0.99084, 0.00527
0.99114, 0.00522
0.99144, 0.00518
0.99172, 0.00514
0.99201, 0.00510
0.99228, 0.00506
0.99256, 0.00502
0.99283, 0.00498
0.99309, 0.00494
0.99335, 0.00490
0.99360, 0.00486
0.99385, 0.00482
0.99410, 0.00479
0.99433, 0.00475
0.99457, 0.00472
0.99480, 0.00468
0.99502, 0.00465
0.99524, 0.00462
0.99546, 0.00458
0.99567, 0.00455
0.99587, 0.00452
0.99607, 0.00449
0.99627, 0.00446
0.99646, 0.00443
0.99664, 0.00441
0.99682, 0.00438
0.99700, 0.00435
0.99717, 0.00433
0.99733, 0.00430
0.99749, 0.00428
0.99765, 0.00425
0.99780, 0.00423
0.99794, 0.00421
0.99808, 0.00418
0.99822, 0.00416
0.99835, 0.00414
0.99848, 0.00412
0.99860, 0.00410
0.99871, 0.00409
0.99883, 0.00407
0.99893, 0.00405
0.99903, 0.00404
0.99913, 0.00402
0.99922, 0.00401
0.99931, 0.00399
0.99939, 0.00398
0.99946, 0.00397
0.99954, 0.00396
0.99960, 0.00395
0.99966, 0.00394
0.99972, 0.00393
0.99977, 0.00392
0.99982, 0.00391
0.99986, 0.00391
0.99990, 0.00390
0.99993, 0.00390
0.99996, 0.00389
0.99998, 0.00389
1.00000, 0.00389
1.00001, 0.00388
1.00002, 0.00388
1.00003, 0.00388

=== Lower Surface ===
0.00000, 0.00243
0.00001, 0.00215
0.00002, 0.00188
0.00004, 0.00160
0.00006, 0.00132
0.00009, 0.00104
0.00012, 0.00076
0.00015, 0.00049
0.00020, 0.00021
0.00024, -0.00007
0.00029, -0.00034
0.00035, -0.00062
0.00041, -0.00089
0.00048, -0.00117
0.00055, -0.00144
0.00062, -0.00171
0.00070, -0.00199
0.00078, -0.00226
0.00087, -0.00253
0.00097, -0.00280
0.00107, -0.00308
0.00117, -0.00335
0.00128, -0.00362
0.00139, -0.00389
0.00151, -0.00416
0.00163, -0.00443
0.00175, -0.00469
0.00189, -0.00496
0.00202, -0.00523
0.00216, -0.00550
0.00230, -0.00577
0.00245, -0.00603
0.00261, -0.00630
0.00277, -0.00656
0.00293, -0.00683
0.00309, -0.00710
0.00327, -0.00736
0.00344, -0.00763
0.00362, -0.00789
0.00381, -0.00815
0.00400, -0.00842
0.00419, -0.00868
0.00439, -0.00894
0.00459, -0.00921
0.00480, -0.00947
0.00501, -0.00973
0.00522, -0.00999
0.00544, -0.01025
0.00567, -0.01052
0.00589, -0.01078
0.00613, -0.01104
0.00636, -0.01130
0.00661, -0.01156
0.00685, -0.01182
0.00710, -0.01208
0.00735, -0.01234
0.00761, -0.01260
0.00787, -0.01286
0.00814, -0.01312
0.00841, -0.01338
0.00869, -0.01363
0.00897, -0.01389
0.00925, -0.01415
0.00954, -0.01441
0.00983, -0.01467
0.01013, -0.01493
0.01043, -0.01518
0.01073, -0.01544
0.01104, -0.01570
0.01135, -0.01596
0.01167, -0.01621
0.01199, -0.01647
0.01231, -0.01673
0.01264, -0.01699
0.01298, -0.01724
0.01331, -0.01750
0.01365, -0.01776
0.01400, -0.01802
0.01435, -0.01827
0.01470, -0.01853
0.01506, -0.01879
0.01542, -0.01905
0.01579, -0.01930
0.01616, -0.01956
0.01653, -0.01982
0.01691, -0.02008
0.01729, -0.02034
0.01768, -0.02059
0.01807, -0.02085
0.01846, -0.02111
0.01886, -0.02137
0.01926, -0.02163
0.01967, -0.02188
0.02008, -0.02214
0.02049, -0.02240
0.02091, -0.02266
0.02134, -0.02292
0.02176, -0.02318
0.02219, -0.02344
0.02263, -0.02370
0.02307, -0.02396
0.02351, -0.02422
0.02396, -0.02448
0.02441, -0.02474
0.02486, -0.02500
0.02532, -0.02526
0.02578, -0.02552
0.02625, -0.02579
0.02672, -0.02605
0.02720, -0.02631
0.02768, -0.02657
0.02816, -0.02684
0.02865, -0.02710
0.02914, -0.02736
0.02963, -0.02763
0.03013, -0.02789
0.03064, -0.02816
0.03114, -0.02842
0.03166, -0.02869
0.03217, -0.02895
0.03269, -0.02922
0.03322, -0.02949
0.03375, -0.02975
0.03428, -0.03002
0.03481, -0.03029
0.03536, -0.03056
0.03590, -0.03083
0.03645, -0.03110
0.03700, -0.03137
0.03756, -0.03164
0.03812, -0.03191
0.03869, -0.03218
0.03926, -0.03245
0.03983, -0.03272
0.04041, -0.03300
0.04099, -0.03327
0.04158, -0.03354
0.04217, -0.03382
0.04277, -0.03409
0.04337, -0.03437
0.04397, -0.03464
0.04458, -0.03492
0.04519, -0.03520
0.04581, -0.03547
0.04643, -0.03575
0.04706, -0.03603
0.04769, -0.03631
0.04832, -0.03659
0.04896, -0.03687
0.04961, -0.03715
0.05025, -0.03743
0.05091, -0.03771
0.05156, -0.03800
0.05222, -0.03828
0.05289, -0.03856
0.05356, -0.03885
0.05423, -0.03913
0.05491, -0.03942
0.05560, -0.03970
0.05629, -0.03999
0.05698, -0.04027
0.05768, -0.04056
0.05838, -0.04085
0.05908, -0.04114
0.05980, -0.04143
0.06051, -0.04172
0.06123, -0.04201
0.06196, -0.04230
0.06269, -0.04259
0.06342, -0.04288
0.06416, -0.04317
0.06491, -0.04347
0.06565, -0.04376
0.06641, -0.04405
0.06717, -0.04435
0.06793, -0.04464
0.06870, -0.04494
0.06947, -0.04523
0.07025, -0.04553
0.07103, -0.04583
0.07182, -0.04612
0.07261, -0.04642
0.07341, -0.04672
0.07421, -0.04702
0.07502, -0.04732
0.07583, -0.04762
0.07665, -0.04792
0.07747, -0.04822
0.07830, -0.04852
0.07913, -0.04882
0.07997, -0.04912
0.08081, -0.04942
0.08166, -0.04972
0.08252, -0.05002
0.08337, -0.05032
0.08424, -0.05063
0.08511, -0.05093
0.08598, -0.05123
0.08686, -0.05153
0.08775, -0.05184
0.08864, -0.05214
0.08953, -0.05244
0.09043, -0.05275
0.09134, -0.05305
0.09225, -0.05335
0.09317, -0.05366
0.09409, -0.05396
0.09502, -0.05426
0.09595, -0.05457
0.09689, -0.05487
0.09783, -0.05517
0.09878, -0.05548
0.09974, -0.05578
0.10070, -0.05608
0.10167, -0.05638
0.10264, -0.05669
0.10362, -0.05699
0.10460, -0.05729
0.10559, -0.05759
0.10659, -0.05789
0.10759, -0.05819
0.10859, -0.05849
0.10961, -0.05879
0.11062, -0.05908
0.11165, -0.05938
0.11268, -0.05968
0.11371, -0.05997
0.11476, -0.06027
0.11581, -0.06056
0.11686, -0.06086
0.11792, -0.06115
0.11898, -0.06144
0.12006, -0.06173
0.12114, -0.06202
0.12222, -0.06231
0.12331, -0.06260
0.12441, -0.06288
0.12551, -0.06317
0.12662, -0.06345
0.12773, -0.06373
0.12885, -0.06401
0.12998, -0.06429
0.13111, -0.06456
0.13225, -0.06484
0.13339, -0.06511
0.13454, -0.06538
0.13570, -0.06565
0.13686, -0.06592
0.13802, -0.06619
0.13920, -0.06645
0.14038, -0.06671
0.14156, -0.06697
0.14275, -0.06723
0.14395, -0.06748
0.14515, -0.06773
0.14636, -0.06798
0.14757, -0.06823
0.14879, -0.06848
0.15002, -0.06872
0.15125, -0.06896
0.15249, -0.06919
0.15373, -0.06943
0.15498, -0.06966
0.15624, -0.06989
0.15750, -0.07011
0.15877, -0.07033
0.16005, -0.07055
0.16133, -0.07077
0.16261, -0.07098
0.16391, -0.07119
0.16521, -0.07139
0.16651, -0.07159
0.16782, -0.07179
0.16914, -0.07199
0.17046, -0.07218
0.17179, -0.07236
0.17313, -0.07254
0.17447, -0.07272
0.17582, -0.07290
0.17718, -0.07307
0.17854, -0.07323
0.17990, -0.07339
0.18128, -0.07355
0.18266, -0.07370
0.18404, -0.07384
0.18544, -0.07399
0.18683, -0.07412
0.18824, -0.07425
0.18965, -0.07438
0.19107, -0.07450
0.19249, -0.07462
0.19392, -0.07473
0.19536, -0.07483
0.19680, -0.07493
0.19825, -0.07502
0.19970, -0.07511
0.20116, -0.07519
0.20261, -0.07527
0.20407, -0.07534
0.20552, -0.07540
0.20697, -0.07546
0.20843, -0.07551
0.20988, -0.07556
0.21133, -0.07560
0.21277, -0.07564
0.21422, -0.07567
0.21567, -0.07570
0.21711, -0.07572
0.21855, -0.07573
0.22000, -0.07575
0.22143, -0.07576
0.22287, -0.07576
0.22431, -0.07576
0.22574, -0.07576
0.22717, -0.07575
0.22860, -0.07574
0.23003, -0.07572
0.23146, -0.07570
0.23288, -0.07568
0.23430, -0.07565
0.23572, -0.07563
0.23713, -0.07559
0.23855, -0.07556
0.23996, -0.07552
0.24137, -0.07548
0.24277, -0.07544
0.24418, -0.07540
0.24558, -0.07535
0.24697, -0.07530
0.24837, -0.07525
0.24976, -0.07520
0.25115, -0.07515
0.25254, -0.07509
0.25392, -0.07504
0.25530, -0.07498
0.25667, -0.07492
0.25805, -0.07486
0.25942, -0.07480
0.26078, -0.07474
0.26215, -0.07468
0.26351, -0.07462
0.26486, -0.07456
0.26622, -0.07449
0.26757, -0.07443
0.26891, -0.07437
0.27025, -0.07431
0.27160, -0.07425
0.27294, -0.07418
0.27429, -0.07412
0.27563, -0.07406
0.27698, -0.07400
0.27834, -0.07394
0.27969, -0.07388
0.28105, -0.07382
0.28241, -0.07376
0.28377, -0.07370
0.28513, -0.07364
0.28650, -0.07357
0.28787, -0.07351
0.28924, -0.07345
0.29061, -0.07339
0.29199, -0.07333
0.29337, -0.07327
0.29475, -0.07321
0.29613, -0.07315
0.29752, -0.07309
0.29890, -0.07303
0.30029, -0.07297
0.30168, -0.07291
0.30308, -0.07285
0.30447, -0.07279
0.30587, -0.07273
0.30727, -0.07267
0.30868, -0.07261
0.31008, -0.07255
0.31149, -0.07249
0.31290, -0.07243
0.31431, -0.07237
0.31572, -0.07231
0.31714, -0.07225
0.31856, -0.07219
0.31998, -0.07213
0.32140, -0.07207
0.32282, -0.07201
0.32425, -0.07196
0.32568, -0.07190
0.32711, -0.07184
0.32854, -0.07178
0.32997, -0.07172
0.33141, -0.07166
0.33285, -0.07160
0.33429, -0.07154
0.33573, -0.07148
0.33717, -0.07142
0.33862, -0.07136
0.34007, -0.07130
0.34152, -0.07124
0.34297, -0.07119
0.34443, -0.07113
0.34588, -0.07107
0.34734, -0.07101
0.34880, -0.07095
0.35026, -0.07089
0.35172, -0.07083
0.35319, -0.07077
0.35466, -0.07071
0.35612, -0.07065
0.35760, -0.07059
0.35907, -0.07054
0.36054, -0.07048
0.36202, -0.07042
0.36350, -0.07036
0.36498, -0.07030
0.36646, -0.07024
0.36794, -0.07018
0.36942, -0.07012
0.37091, -0.07006
0.37240, -0.07000
0.37389, -0.06994
0.37538, -0.06988
0.37687, -0.06982
0.37837, -0.06976
0.37986, -0.06970
0.38136, -0.06964
0.38286, -0.06958
0.38436, -0.06952
0.38586, -0.06946
0.38737, -0.06940
0.38887, -0.06934
0.39038, -0.06928
0.39189, -0.06922
0.39340, -0.06916
0.39491, -0.06910
0.39642, -0.06903
0.39794, -0.06897
0.39945, -0.06891
0.40097, -0.06885
0.40249, -0.06879
0.40401, -0.06873
0.40553, -0.06866
0.40705, -0.06860
0.40858, -0.06854
0.41010, -0.06848
0.41163, -0.06841
0.41316, -0.06835
0.41469, -0.06829
0.41622, -0.06822
0.41775, -0.06816
0.41928, -0.06809
0.42082, -0.06803
0.42235, -0.06797
0.42389, -0.06790
0.42543, -0.06784
0.42697, -0.06777
0.42851, -0.06770
0.43005, -0.06764
0.43159, -0.06757
0.43314, -0.06751
0.43468, -0.06744
0.43623, -0.06737
0.43777, -0.06731
0.43932, -0.06724
0.44087, -0.06717
0.44242, -0.06710
0.44397, -0.06703
0.44552, -0.06696
0.44707, -0.06689
0.44863, -0.06683
0.45018, -0.06676
0.45174, -0.06668
0.45329, -0.06661
0.45485, -0.06654
0.45641, -0.06647
0.45797, -0.06640
0.45953, -0.06633
0.46109, -0.06625
0.46265, -0.06618
0.46421, -0.06611
0.46578, -0.06603
0.46734, -0.06596
0.46890, -0.06589
0.47047, -0.06581
0.47203, -0.06573
0.47360, -0.06566
0.47517, -0.06558
0.47674, -0.06550
0.47830, -0.06543
0.47987, -0.06535
0.48144, -0.06527
0.48301, -0.06519
0.48458, -0.06511
0.48616, -0.06503
0.48773, -0.06495
0.48930, -0.06487
0.49087, -0.06479
0.49245, -0.06470
0.49402, -0.06462
0.49559, -0.06454
0.49717, -0.06445
0.49874, -0.06437
0.50032, -0.06428
0.50189, -0.06420
0.50347, -0.06411
0.50505, -0.06403
0.50662, -0.06394
0.50820, -0.06385
0.50978, -0.06376
0.51135, -0.06367
0.51293, -0.06358
0.51451, -0.06349
0.51609, -0.06340
0.51767, -0.06331
0.51924, -0.06321
0.52082, -0.06312
0.52240, -0.06302
0.52398, -0.06293
0.52556, -0.06283
0.52714, -0.06274
0.52872, -0.06264
0.53030, -0.06254
0.53187, -0.06244
0.53345, -0.06234
0.53503, -0.06224
0.53661, -0.06214
0.53819, -0.06204
0.53977, -0.06194
0.54135, -0.06183
0.54293, -0.06173
0.54451, -0.06163
0.54608, -0.06152
0.54766, -0.06141
0.54924, -0.06131
0.55082, -0.06120
0.55239, -0.06109
0.55397, -0.06098
0.55555, -0.06087
0.55713, -0.06076
0.55870, -0.06064
0.56028, -0.06053
0.56185, -0.06042
0.56343, -0.06030
0.56501, -0.06018
0.56658, -0.06007
0.56815, -0.05995
0.56973, -0.05983
0.57130, -0.05971
0.57287, -0.05959
0.57445, -0.05947
0.57602, -0.05935
0.57759, -0.05922
0.57916, -0.05910
0.58073, -0.05897
0.58230, -0.05885
0.58387, -0.05872
0.58544, -0.05859
0.58701, -0.05846
0.58857, -0.05833
0.59014, -0.05820
0.59171, -0.05807
0.59327, -0.05793
0.59484, -0.05780
0.59640, -0.05766
0.59796, -0.05753
0.59952, -0.05739
0.60109, -0.05725
0.60265, -0.05711
0.60421, -0.05697
0.60576, -0.05683
0.60732, -0.05669
0.60888, -0.05654
0.61044, -0.05640
0.61199, -0.05625
0.61354, -0.05610
0.61510, -0.05596
0.61665, -0.05581
0.61820, -0.05566
0.61975, -0.05550
0.62130, -0.05535
0.62285, -0.05520
0.62440, -0.05504
0.62594, -0.05489
0.62749, -0.05473
0.62903, -0.05457
0.63057, -0.05441
0.63211, -0.05425
0.63365, -0.05409
0.63519, -0.05393
0.63673, -0.05376
0.63826, -0.05360
0.63980, -0.05343
0.64133, -0.05326
0.64287, -0.05309
0.64440, -0.05292
0.64593, -0.05275
0.64745, -0.05258
0.64898, -0.05241
0.65051, -0.05223
0.65203, -0.05206
0.65355, -0.05188
0.65507, -0.05170
0.65659, -0.05152
0.65811, -0.05134
0.65963, -0.05116
0.66114, -0.05098
0.66266, -0.05079
0.66417, -0.05061
0.66568, -0.05042
0.66719, -0.05023
0.66869, -0.05004
0.67020, -0.04985
0.67170, -0.04966
0.67320, -0.04947
0.67470, -0.04927
0.67619, -0.04908
0.67768, -0.04888
0.67917, -0.04869
0.68065, -0.04849
0.68214, -0.04829
0.68362, -0.04809
0.68509, -0.04789
0.68657, -0.04769
0.68804, -0.04749
0.68951, -0.04729
0.69097, -0.04709
0.69244, -0.04688
0.69390, -0.04668
0.69535, -0.04647
0.69681, -0.04627
0.69826, -0.04606
0.69971, -0.04586
0.70116, -0.04565
0.70260, -0.04545
0.70404, -0.04524
0.70548, -0.04503
0.70691, -0.04483
0.70835, -0.04462
0.70977, -0.04441
0.71120, -0.04420
0.71263, -0.04399
0.71405, -0.04379
0.71546, -0.04358
0.71688, -0.04337
0.71829, -0.04316
0.71970, -0.04295
0.72111, -0.04275
0.72251, -0.04254
0.72392, -0.04233
0.72531, -0.04212
0.72671, -0.04192
0.72810, -0.04171
0.72949, -0.04150
0.73088, -0.04129
0.73226, -0.04109
0.73364, -0.04088
0.73502, -0.04068
0.73640, -0.04047
0.73777, -0.04027
0.73914, -0.04006
0.74051, -0.03986
0.74187, -0.03965
0.74323, -0.03945
0.74459, -0.03925
0.74595, -0.03905
0.74730, -0.03885
0.74865, -0.03865
0.75000, -0.03845
0.75134, -0.03825
0.75268, -0.03805
0.75402, -0.03785
0.75536, -0.03765
0.75670, -0.03746
0.75803, -0.03726
0.75936, -0.03706
0.76069, -0.03687
0.76202, -0.03667
0.76335, -0.03648
0.76467, -0.03629
0.76599, -0.03609
0.76731, -0.03590
0.76863, -0.03571
0.76995, -0.03552
0.77126, -0.03532
0.77257, -0.03513
0.77388, -0.03494
0.77519, -0.03475
0.77649, -0.03456
0.77780, -0.03437
0.77910, -0.03418
0.78039, -0.03399
0.78169, -0.03380
0.78298, -0.03361
0.78427, -0.03343
0.78556, -0.03324
0.78685, -0.03305
0.78813, -0.03286
0.78941, -0.03267
0.79069, -0.03249
0.79197, -0.03230
0.79324, -0.03211
0.79451, -0.03192
0.79578, -0.03174
0.79704, -0.03155
0.79831, -0.03136
0.79957, -0.03118
0.80083, -0.03099
0.80208, -0.03080
0.80333, -0.03062
0.80458, -0.03043
0.80583, -0.03024
0.80708, -0.03006
0.80832, -0.02987
0.80956, -0.02968
0.81079, -0.02950
0.81203, -0.02931
0.81326, -0.02912
0.81448, -0.02894
0.81571, -0.02875
0.81693, -0.02856
0.81815, -0.02837
0.81937, -0.02819
0.82058, -0.02800
0.82179, -0.02781
0.82300, -0.02762
0.82420, -0.02744
0.82540, -0.02725
0.82660, -0.02706
0.82779, -0.02687
0.82899, -0.02668
0.83017, -0.02650
0.83136, -0.02631
0.83254, -0.02612
0.83372, -0.02593
0.83490, -0.02574
0.83607, -0.02555
0.83724, -0.02536
0.83840, -0.02517
0.83956, -0.02498
0.84072, -0.02479
0.84188, -0.02460
0.84303, -0.02441
0.84417, -0.02422
0.84531, -0.02403
0.84645, -0.02384
0.84759, -0.02365
0.84872, -0.02346
0.84985, -0.02327
0.85097, -0.02308
0.85209, -0.02289
0.85321, -0.02270
0.85432, -0.02252
0.85543, -0.02233
0.85653, -0.02214
0.85763, -0.02195
0.85873, -0.02176
0.85982, -0.02157
0.86091, -0.02138
0.86200, -0.02120
0.86308, -0.02101
0.86416, -0.02082
0.86524, -0.02064
0.86631, -0.02045
0.86737, -0.02026
0.86844, -0.02008
0.86949, -0.01989
0.87055, -0.01971
0.87160, -0.01953
0.87265, -0.01934
0.87369, -0.01916
0.87473, -0.01898
0.87577, -0.01879
0.87680, -0.01861
0.87783, -0.01843
0.87885, -0.01825
0.87987, -0.01807
0.88089, -0.01789
0.88190, -0.01771
0.88291, -0.01753
0.88392, -0.01735
0.88492, -0.01718
0.88591, -0.01700
0.88691, -0.01682
0.88790, -0.01665
0.88888, -0.01647
0.88986, -0.01630
0.89084, -0.01612
0.89181, -0.01595
0.89278, -0.01578
0.89375, -0.01561
0.89471, -0.01544
0.89567, -0.01527
0.89662, -0.01510
0.89757, -0.01493
0.89852, -0.01476
0.89946, -0.01459
0.90040, -0.01443
0.90133, -0.01426
0.90226, -0.01410
0.90319, -0.01393
0.90411, -0.01377
0.90503, -0.01360
0.90594, -0.01344
0.90685, -0.01328
0.90776, -0.01312
0.90866, -0.01296
0.90956, -0.01280
0.91045, -0.01265
0.91134, -0.01249
0.91222, -0.01233
0.91311, -0.01218
0.91398, -0.01202
0.91486, -0.01187
0.91573, -0.01172
0.91659, -0.01157
0.91745, -0.01142
0.91831, -0.01127
0.91916, -0.01112
0.92001, -0.01097
0.92086, -0.01082
0.92170, -0.01067
0.92253, -0.01053
0.92336, -0.01038
0.92419, -0.01024
0.92502, -0.01010
0.92584, -0.00996
0.92665, -0.00982
0.92746, -0.00968
0.92827, -0.00954
0.92907, -0.00940
0.92987, -0.00926
0.93067, -0.00913
0.93146, -0.00899
0.93225, -0.00886
0.93303, -0.00872
0.93381, -0.00859
0.93458, -0.00846
0.93535, -0.00833
0.93611, -0.00820
0.93687, -0.00807
0.93763, -0.00794
0.93838, -0.00782
0.93913, -0.00769
0.93988, -0.00757
0.94062, -0.00744
0.94135, -0.00732
0.94208, -0.00720
0.94281, -0.00708
0.94353, -0.00696
0.94425, -0.00684
0.94496, -0.00672
0.94567, -0.00660
0.94638, -0.00649
0.94708, -0.00637
0.94778, -0.00626
0.94847, -0.00614
0.94916, -0.00603
0.94984, -0.00592
0.95052, -0.00581
0.95120, -0.00570
0.95187, -0.00559
0.95253, -0.00548
0.95319, -0.00538
0.95385, -0.00527
0.95451, -0.00517
0.95515, -0.00506
0.95580, -0.00496
0.95644, -0.00486
0.95707, -0.00476
0.95770, -0.00466
0.95833, -0.00456
0.95895, -0.00446
0.95957, -0.00436
0.96018, -0.00427
0.96079, -0.00417
0.96140, -0.00408
0.96200, -0.00398
0.96259, -0.00389
0.96318, -0.00380
0.96377, -0.00371
0.96435, -0.00362
0.96493, -0.00353
0.96550, -0.00344
0.96607, -0.00336
0.96663, -0.00327
0.96719, -0.00319
0.96775, -0.00310
0.96830, -0.00302
0.96884, -0.00294
0.96938, -0.00285
0.96992, -0.00277
0.97045, -0.00269
0.97098, -0.00262
0.97150, -0.00254
0.97202, -0.00246
0.97254, -0.00238
0.97304, -0.00231
0.97355, -0.00223
0.97405, -0.00216
0.97454, -0.00209
0.97503, -0.00202
0.97552, -0.00195
0.97600, -0.00188
0.97648, -0.00181
0.97695, -0.00174
0.97742, -0.00167
0.97788, -0.00160
0.97834, -0.00154
0.97879, -0.00147
0.97924, -0.00141
0.97969, -0.00135
0.98013, -0.00128
0.98056, -0.00122
0.98099, -0.00116
0.98142, -0.00110
0.98184, -0.00104
0.98225, -0.00098
0.98266, -0.00093
0.98307, -0.00087
0.98347, -0.00081
0.98387, -0.00076
0.98426, -0.00070
0.98465, -0.00065
0.98503, -0.00060
0.98541, -0.00054
0.98578, -0.00049
0.98615, -0.00044
0.98652, -0.00039
0.98688, -0.00034
0.98723, -0.00029
0.98758, -0.00025
0.98792, -0.00020
0.98826, -0.00015
0.98860, -0.00011
0.98893, -0.00006
0.98926, -0.00002
0.98958, 0.00002
0.98989, 0.00006
0.99020, 0.00011
0.99051, 0.00015
0.99081, 0.00019
0.99111, 0.00023
0.99140, 0.00026
0.99169, 0.00030
0.99197, 0.00034
0.99225, 0.00038
0.99252, 0.00041
0.99279, 0.00045
0.99305, 0.00048
0.99331, 0.00052
0.99356, 0.00055
0.99381, 0.00058
0.99406, 0.00061
0.99429, 0.00064
0.99453, 0.00067
0.99476, 0.00070
0.99498, 0.00073
0.99520, 0.00076
0.99541, 0.00079
0.99562, 0.00081
0.99583, 0.00084
0.99603, 0.00087
0.99622, 0.00089
0.99641, 0.00092
0.99660, 0.00094
0.99678, 0.00096
0.99695, 0.00098
0.99712, 0.00101
0.99729, 0.00103
0.99745, 0.00105
0.99760, 0.00107
0.99775, 0.00109
0.99790, 0.00110
0.99804, 0.00112
0.99818, 0.00114
0.99831, 0.00116
0.99843, 0.00117
0.99856, 0.00119
0.99867, 0.00120
0.99878, 0.00121
0.99889, 0.00123
0.99899, 0.00124
0.99909, 0.00125
0.99918, 0.00126
0.99926, 0.00127
0.99935, 0.00129
0.99942, 0.00129
0.99949, 0.00130
0.99956, 0.00131
0.99962, 0.00132
0.99968, 0.00133
0.99973, 0.00133
0.99978, 0.00134
0.99982, 0.00134
0.99986, 0.00135
0.99989, 0.00135
0.99992, 0.00136
0.99994, 0.00136
0.99996, 0.00136
0.99997, 0.00136
0.99997, 0.00136
0.99997, 0.00136
