=== Airfoil Parameters ===
m = 0.02
p = 0.4
t = 0.12

=== Control Points ===
0.00000, 0.01075, 0.01075
0.06667, 0.01226, 0.00615
0.13333, 0.01128, 0.00017
0.20000, 0.01153, -0.00347
0.26667, 0.01433, -0.00345
0.66667, 0.01471, -0.00133
0.75000, 0.01362, 0.00042
0.83333, 0.01010, 0.00053
0.91667, 0.00457, -0.00060
1.00000, -0.00169, -0.00169

=== Upper Surface ===
0.00000, 0.01075
-0.00002, 0.01103
-0.00003, 0.01131
-0.00003, 0.01159
-0.00003, 0.01187
-0.00002, 0.01215
-0.00001, 0.01243
0.00000, 0.01271
0.00002, 0.01298
0.00005, 0.01326
0.00008, 0.01354
0.00011, 0.01382
0.00015, 0.01410
0.00020, 0.01438
0.00025, 0.01466
0.00030, 0.01494
0.00037, 0.01521
0.00043, 0.01549
0.00050, 0.01577
0.00058, 0.01605
0.00066, 0.01633
0.00074, 0.01660
0.00083, 0.01688
0.00093, 0.01716
0.00103, 0.01744
0.00114, 0.01771
0.00125, 0.01799
0.00137, 0.01827
0.00149, 0.01855
0.00161, 0.01882
0.00175, 0.01910
0.00188, 0.01938
0.00202, 0.01965
0.00217, 0.01993
0.00232, 0.02021
0.00248, 0.02048
0.00264, 0.02076
0.00281, 0.02103
0.00298, 0.02131
0.00316, 0.02158
0.00334, 0.02186
0.00353, 0.02213
0.00373, 0.02241
0.00392, 0.02268
0.00413, 0.02296
0.00434, 0.02323
0.00455, 0.02351
0.00477, 0.02378
0.00499, 0.02405
0.00522, 0.02433
0.00546, 0.02460
0.00570, 0.02487
0.00594, 0.02514
0.00619, 0.02542
0.00645, 0.02569
0.00671, 0.02596
0.00697, 0.02623
0.00724, 0.02650
0.00752, 0.02677
0.00780, 0.02704
0.00809, 0.02731
0.00838, 0.02758
0.00868, 0.02785
0.00898, 0.02812
0.00928, 0.02839
0.00960, 0.02866
0.00991, 0.02893
0.01024, 0.02919
0.01056, 0.02946
0.01090, 0.02973
0.01123, 0.02999
0.01158, 0.03026
0.01193, 0.03053
0.01228, 0.03079
0.01264, 0.03106
0.01300, 0.03132
0.01337, 0.03158
0.01374, 0.03185
0.01412, 0.03211
0.01451, 0.03237
0.01490, 0.03263
0.01529, 0.03290
0.01569, 0.03316
0.01609, 0.03342
0.01650, 0.03368
0.01692, 0.03394
0.01734, 0.03419
0.01776, 0.03445
0.01819, 0.03471
0.01863, 0.03497
0.01907, 0.03522
0.01952, 0.03548
0.01997, 0.03573
0.02042, 0.03599
0.02088, 0.03624
0.02135, 0.03650
0.02182, 0.03675
0.02230, 0.03700
0.02278, 0.03725
0.02326, 0.03750
0.02375, 0.03775
0.02425, 0.03800
0.02475, 0.03825
0.02526, 0.03850
0.02577, 0.03875
0.02628, 0.03899
0.02681, 0.03924
0.02733, 0.03948
0.02786, 0.03973
0.02840, 0.03997
0.02894, 0.04021
0.02949, 0.04046
0.03004, 0.04070
0.03059, 0.04094
0.03115, 0.04118
0.03172, 0.04142
0.03229, 0.04165
0.03287, 0.04189
0.03345, 0.04213
0.03403, 0.04236
0.03462, 0.04260
0.03522, 0.04283
0.03582, 0.04306
0.03642, 0.04329
0.03703, 0.04353
0.03765, 0.04376
0.03827, 0.04398
0.03889, 0.04421
0.03952, 0.04444
0.04015, 0.04467
0.04079, 0.04489
0.04143, 0.04512
0.04208, 0.04534
0.04273, 0.04556
0.04339, 0.04578
0.04405, 0.04600
0.04472, 0.04622
0.04539, 0.04644
0.04607, 0.04666
0.04675, 0.04687
0.04743, 0.04709
0.04812, 0.04730
0.04882, 0.04752
0.04952, 0.04773
0.05022, 0.04794
0.05093, 0.04815
0.05164, 0.04836
0.05236, 0.04857
0.05308, 0.04877
0.05381, 0.04898
0.05454, 0.04919
0.05528, 0.04939
0.05602, 0.04959
0.05676, 0.04979
0.05751, 0.04999
0.05826, 0.05019
0.05902, 0.05039
0.05978, 0.05059
0.06055, 0.05078
0.06132, 0.05098
0.06209, 0.05117
0.06287, 0.05136
0.06366, 0.05156
0.06444, 0.05175
0.06524, 0.05194
0.06603, 0.05212
0.06683, 0.05231
0.06764, 0.05250
0.06845, 0.05268
0.06926, 0.05286
0.07008, 0.05305
0.07090, 0.05323
0.07173, 0.05341
0.07256, 0.05359
0.07339, 0.05376
0.07423, 0.05394
0.07507, 0.05412
0.07592, 0.05429
0.07677, 0.05446
0.07762, 0.05463
0.07848, 0.05480
0.07934, 0.05497
0.08021, 0.05514
0.08108, 0.05531
0.08195, 0.05548
0.08283, 0.05564
0.08371, 0.05580
0.08459, 0.05597
0.08548, 0.05613
0.08637, 0.05629
0.08727, 0.05645
0.08817, 0.05661
0.08908, 0.05676
0.08998, 0.05692
0.09090, 0.05707
0.09181, 0.05723
0.09273, 0.05738
0.09365, 0.05753
0.09458, 0.05768
0.09551, 0.05783
0.09644, 0.05798
0.09738, 0.05813
0.09832, 0.05827
0.09926, 0.05842
0.10021, 0.05856
0.10116, 0.05871
0.10211, 0.05885
0.10307, 0.05899
0.10403, 0.05913
0.10499, 0.05927
0.10596, 0.05941
0.10693, 0.05954
0.10791, 0.05968
0.10888, 0.05981
0.10986, 0.05995
0.11085, 0.06008
0.11184, 0.06021
0.11283, 0.06034
0.11382, 0.06048
0.11482, 0.06060
0.11581, 0.06073
0.11682, 0.06086
0.11782, 0.06099
0.11883, 0.06111
0.11984, 0.06124
0.12086, 0.06136
0.12188, 0.06149
0.12290, 0.06161
0.12392, 0.06173
0.12495, 0.06185
0.12598, 0.06197
0.12701, 0.06209
0.12804, 0.06221
0.12908, 0.06233
0.13012, 0.06245
0.13116, 0.06256
0.13221, 0.06268
0.13326, 0.06280
0.13431, 0.06291
0.13537, 0.06303
0.13642, 0.06314
0.13748, 0.06325
0.13855, 0.06337
0.13961, 0.06348
0.14068, 0.06359
0.14175, 0.06370
0.14283, 0.06381
0.14391, 0.06392
0.14499, 0.06403
0.14607, 0.06414
0.14715, 0.06425
0.14824, 0.06436
0.14933, 0.06446
0.15043, 0.06457
0.15153, 0.06468
0.15263, 0.06478
0.15373, 0.06489
0.15483, 0.06500
0.15594, 0.06510
0.15705, 0.06521
0.15816, 0.06531
0.15928, 0.06542
0.16040, 0.06552
0.16152, 0.06562
0.16264, 0.06573
0.16377, 0.06583
0.16489, 0.06593
0.16602, 0.06604
0.16716, 0.06614
0.16829, 0.06624
0.16943, 0.06634
0.17057, 0.06645
0.17171, 0.06655
0.17286, 0.06665
0.17401, 0.06675
0.17515, 0.06685
0.17631, 0.06696
0.17746, 0.06706
0.17862, 0.06716
0.17978, 0.06726
0.18094, 0.06736
0.18210, 0.06746
0.18327, 0.06757
0.18443, 0.06767
0.18560, 0.06777
0.18678, 0.06787
0.18795, 0.06797
0.18913, 0.06808
0.19031, 0.06818
0.19149, 0.06828
0.19267, 0.06839
0.19385, 0.06849
0.19504, 0.06859
0.19623, 0.06870
0.19742, 0.06880
0.19862, 0.06891
0.19981, 0.06901
0.20102, 0.06912
0.20222, 0.06922
0.20343, 0.06933
0.20464, 0.06943
0.20586, 0.06954
0.20709, 0.06965
0.20831, 0.06975
0.20954, 0.06986
0.21078, 0.06997
0.21202, 0.07008
0.21327, 0.07018
0.21452, 0.07029
0.21577, 0.07040
0.21703, 0.07051
0.21829, 0.07061
0.21956, 0.07072
0.22083, 0.07083
0.22211, 0.07094
0.22339, 0.07105
0.22467, 0.07115
0.22596, 0.07126
0.22726, 0.07137
0.22856, 0.07147
0.22986, 0.07158
0.23117, 0.07169
0.23248, 0.07179
0.23380, 0.07190
0.23512, 0.07200
0.23645, 0.07211
0.23778, 0.07221
0.23911, 0.07231
0.24045, 0.07242
0.24180, 0.07252
0.24315, 0.07262
0.24450, 0.07272
0.24586, 0.07282
0.24722, 0.07292
0.24859, 0.07302
0.24996, 0.07311
0.25134, 0.07321
0.25272, 0.07330
0.25410, 0.07340
0.25549, 0.07349
0.25689, 0.07358
0.25829, 0.07367
0.25969, 0.07376
0.26110, 0.07385
0.26251, 0.07393
0.26393, 0.07402
0.26535, 0.07410
0.26677, 0.07418
0.26820, 0.07426
0.26962, 0.07434
0.27106, 0.07442
0.27249, 0.07449
0.27392, 0.07457
0.27536, 0.07464
0.27680, 0.07471
0.27824, 0.07478
0.27968, 0.07485
0.28113, 0.07491
0.28258, 0.07498
0.28403, 0.07504
0.28548, 0.07510
0.28693, 0.07516
0.28839, 0.07522
0.28984, 0.07527
0.29130, 0.07533
0.29277, 0.07538
0.29423, 0.07543
0.29569, 0.07548
0.29716, 0.07553
0.29863, 0.07558
0.30010, 0.07562
0.30158, 0.07566
0.30305, 0.07571
0.30453, 0.07575
0.30601, 0.07578
0.30749, 0.07582
0.30897, 0.07586
0.31045, 0.07589
0.31194, 0.07592
0.31343, 0.07595
0.31492, 0.07598
0.31641, 0.07601
0.31790, 0.07604
0.31940, 0.07606
0.32089, 0.07609
0.32239, 0.07611
0.32389, 0.07613
0.32539, 0.07615
0.32689, 0.07616
0.32839, 0.07618
0.32989, 0.07619
0.33139, 0.07621
0.33289, 0.07622
0.33439, 0.07623
0.33589, 0.07624
0.33740, 0.07624
0.33891, 0.07625
0.34041, 0.07626
0.34192, 0.07626
0.34344, 0.07626
0.34495, 0.07626
0.34646, 0.07626
0.34798, 0.07626
0.34950, 0.07626
0.35102, 0.07625
0.35254, 0.07625
0.35406, 0.07624
0.35559, 0.07623
0.35711, 0.07623
0.35864, 0.07622
0.36017, 0.07620
0.36170, 0.07619
0.36323, 0.07618
0.36476, 0.07616
0.36630, 0.07614
0.36783, 0.07613
0.36937, 0.07611
0.37091, 0.07609
0.37245, 0.07606
0.37399, 0.07604
0.37553, 0.07602
0.37707, 0.07599
0.37862, 0.07596
0.38016, 0.07593
0.38171, 0.07590
0.38326, 0.07587
0.38481, 0.07584
0.38636, 0.07581
0.38791, 0.07577
0.38946, 0.07574
0.39101, 0.07570
0.39257, 0.07566
0.39412, 0.07562
0.39568, 0.07558
0.39723, 0.07554
0.39879, 0.07550
0.40035, 0.07545
0.40191, 0.07540
0.40347, 0.07536
0.40503, 0.07531
0.40659, 0.07526
0.40815, 0.07521
0.40972, 0.07516
0.41128, 0.07510
0.41285, 0.07505
0.41441, 0.07499
0.41598, 0.07494
0.41754, 0.07488
0.41911, 0.07482
0.42068, 0.07476
0.42225, 0.07470
0.42381, 0.07464
0.42538, 0.07458
0.42695, 0.07451
0.42852, 0.07445
0.43010, 0.07438
0.43167, 0.07431
0.43324, 0.07424
0.43481, 0.07417
0.43638, 0.07410
0.43796, 0.07403
0.43953, 0.07396
0.44110, 0.07388
0.44268, 0.07381
0.44425, 0.07373
0.44583, 0.07365
0.44740, 0.07358
0.44898, 0.07350
0.45055, 0.07342
0.45213, 0.07334
0.45371, 0.07325
0.45528, 0.07317
0.45686, 0.07309
0.45844, 0.07300
0.46001, 0.07292
0.46159, 0.07283
0.46317, 0.07274
0.46475, 0.07265
0.46632, 0.07257
0.46790, 0.07247
0.46948, 0.07238
0.47106, 0.07229
0.47264, 0.07220
0.47421, 0.07211
0.47579, 0.07201
0.47737, 0.07192
0.47895, 0.07182
0.48053, 0.07172
0.48211, 0.07162
0.48368, 0.07153
0.48526, 0.07143
0.48684, 0.07133
0.48842, 0.07123
0.49000, 0.07112
0.49157, 0.07102
0.49315, 0.07092
0.49473, 0.07081
0.49631, 0.07071
0.49788, 0.07061
0.49946, 0.07050
0.50104, 0.07039
0.50262, 0.07028
0.50419, 0.07018
0.50577, 0.07007
0.50735, 0.06996
0.50892, 0.06985
0.51050, 0.06974
0.51207, 0.06963
0.51365, 0.06951
0.51522, 0.06940
0.51680, 0.06929
0.51837, 0.06917
0.51995, 0.06906
0.52152, 0.06895
0.52310, 0.06883
0.52467, 0.06871
0.52624, 0.06860
0.52781, 0.06848
0.52939, 0.06836
0.53096, 0.06824
0.53253, 0.06812
0.53410, 0.06800
0.53567, 0.06788
0.53724, 0.06776
0.53881, 0.06764
0.54038, 0.06752
0.54195, 0.06740
0.54352, 0.06727
0.54509, 0.06715
0.54665, 0.06703
0.54822, 0.06690
0.54979, 0.06678
0.55135, 0.06665
0.55292, 0.06653
0.55448, 0.06640
0.55605, 0.06627
0.55761, 0.06614
0.55917, 0.06602
0.56074, 0.06589
0.56230, 0.06576
0.56386, 0.06563
0.56542, 0.06550
0.56698, 0.06537
0.56854, 0.06524
0.57010, 0.06511
0.57166, 0.06498
0.57321, 0.06484
0.57477, 0.06471
0.57632, 0.06458
0.57788, 0.06445
0.57943, 0.06431
0.58099, 0.06418
0.58254, 0.06404
0.58409, 0.06391
0.58564, 0.06377
0.58719, 0.06364
0.58874, 0.06350
0.59029, 0.06337
0.59184, 0.06323
0.59338, 0.06309
0.59493, 0.06295
0.59647, 0.06281
0.59802, 0.06268
0.59956, 0.06254
0.60110, 0.06240
0.60264, 0.06226
0.60418, 0.06212
0.60572, 0.06198
0.60726, 0.06184
0.60879, 0.06170
0.61033, 0.06155
0.61186, 0.06141
0.61340, 0.06127
0.61493, 0.06113
0.61646, 0.06099
0.61799, 0.06084
0.61952, 0.06070
0.62105, 0.06055
0.62257, 0.06041
0.62410, 0.06027
0.62562, 0.06012
0.62715, 0.05998
0.62867, 0.05983
0.63019, 0.05968
0.63171, 0.05954
0.63322, 0.05939
0.63474, 0.05924
0.63625, 0.05910
0.63777, 0.05895
0.63928, 0.05880
0.64079, 0.05865
0.64230, 0.05851
0.64381, 0.05836
0.64531, 0.05821
0.64682, 0.05806
0.64832, 0.05791
0.64983, 0.05776
0.65138, 0.05761
0.65305, 0.05745
0.65505, 0.05728
0.65769, 0.05704
0.66108, 0.05664
0.66477, 0.05602
0.66776, 0.05533
0.66923, 0.05488
0.66918, 0.05474
0.66846, 0.05470
0.66805, 0.05460
0.66840, 0.05445
0.66938, 0.05430
0.67069, 0.05415
0.67212, 0.05400
0.67358, 0.05385
0.67505, 0.05370
0.67652, 0.05354
0.67798, 0.05339
0.67945, 0.05324
0.68091, 0.05309
0.68238, 0.05294
0.68384, 0.05279
0.68530, 0.05264
0.68676, 0.05248
0.68822, 0.05233
0.68968, 0.05218
0.69113, 0.05203
0.69259, 0.05187
0.69404, 0.05172
0.69550, 0.05157
0.69695, 0.05141
0.69839, 0.05126
0.69984, 0.05111
0.70129, 0.05095
0.70273, 0.05080
0.70418, 0.05064
0.70562, 0.05049
0.70706, 0.05033
0.70850, 0.05017
0.70993, 0.05002
0.71137, 0.04986
0.71280, 0.04970
0.71423, 0.04954
0.71566, 0.04938
0.71709, 0.04922
0.71852, 0.04906
0.71994, 0.04890
0.72137, 0.04874
0.72279, 0.04858
0.72421, 0.04842
0.72562, 0.04826
0.72704, 0.04809
0.72845, 0.04793
0.72986, 0.04776
0.73127, 0.04760
0.73268, 0.04743
0.73409, 0.04727
0.73549, 0.04710
0.73689, 0.04693
0.73829, 0.04676
0.73969, 0.04659
0.74108, 0.04642
0.74248, 0.04625
0.74387, 0.04608
0.74526, 0.04591
0.74664, 0.04573
0.74803, 0.04556
0.74941, 0.04538
0.75079, 0.04521
0.75216, 0.04503
0.75354, 0.04486
0.75491, 0.04468
0.75628, 0.04450
0.75764, 0.04432
0.75901, 0.04414
0.76037, 0.04396
0.76172, 0.04377
0.76308, 0.04359
0.76443, 0.04341
0.76578, 0.04323
0.76712, 0.04304
0.76847, 0.04286
0.76981, 0.04267
0.77114, 0.04248
0.77248, 0.04230
0.77381, 0.04211
0.77514, 0.04192
0.77646, 0.04173
0.77778, 0.04154
0.77910, 0.04135
0.78042, 0.04116
0.78173, 0.04097
0.78304, 0.04078
0.78434, 0.04059
0.78565, 0.04039
0.78695, 0.04020
0.78824, 0.04001
0.78954, 0.03981
0.79083, 0.03962
0.79212, 0.03942
0.79340, 0.03923
0.79468, 0.03903
0.79596, 0.03884
0.79724, 0.03864
0.79851, 0.03844
0.79978, 0.03825
0.80104, 0.03805
0.80230, 0.03785
0.80356, 0.03765
0.80482, 0.03746
0.80607, 0.03726
0.80732, 0.03706
0.80857, 0.03686
0.80981, 0.03666
0.81105, 0.03646
0.81229, 0.03626
0.81352, 0.03606
0.81475, 0.03586
0.81598, 0.03566
0.81720, 0.03546
0.81842, 0.03526
0.81963, 0.03506
0.82085, 0.03486
0.82206, 0.03466
0.82326, 0.03445
0.82447, 0.03425
0.82567, 0.03405
0.82686, 0.03385
0.82806, 0.03365
0.82924, 0.03345
0.83043, 0.03325
0.83161, 0.03304
0.83279, 0.03284
0.83397, 0.03264
0.83514, 0.03244
0.83631, 0.03224
0.83747, 0.03203
0.83863, 0.03183
0.83979, 0.03163
0.84095, 0.03143
0.84210, 0.03123
0.84325, 0.03102
0.84439, 0.03082
0.84553, 0.03062
0.84667, 0.03042
0.84780, 0.03022
0.84893, 0.03002
0.85006, 0.02982
0.85118, 0.02961
0.85230, 0.02941
0.85341, 0.02921
0.85453, 0.02901
0.85563, 0.02881
0.85674, 0.02861
0.85784, 0.02841
0.85894, 0.02821
0.86003, 0.02801
0.86112, 0.02781
0.86221, 0.02761
0.86329, 0.02741
0.86437, 0.02721
0.86544, 0.02702
0.86652, 0.02682
0.86758, 0.02662
0.86865, 0.02642
0.86971, 0.02622
0.87076, 0.02603
0.87182, 0.02583
0.87287, 0.02563
0.87391, 0.02544
0.87495, 0.02524
0.87599, 0.02504
0.87703, 0.02485
0.87806, 0.02465
0.87908, 0.02446
0.88010, 0.02427
0.88112, 0.02407
0.88214, 0.02388
0.88315, 0.02368
0.88416, 0.02349
0.88516, 0.02330
0.88616, 0.02311
0.88715, 0.02292
0.88815, 0.02272
0.88913, 0.02253
0.89012, 0.02234
0.89110, 0.02215
0.89207, 0.02196
0.89305, 0.02178
0.89401, 0.02159
0.89498, 0.02140
0.89594, 0.02121
0.89689, 0.02102
0.89785, 0.02084
0.89880, 0.02065
0.89974, 0.02047
0.90068, 0.02028
0.90162, 0.02010
0.90255, 0.01991
0.90348, 0.01973
0.90440, 0.01955
0.90532, 0.01936
0.90624, 0.01918
0.90715, 0.01900
0.90806, 0.01882
0.90896, 0.01864
0.90986, 0.01846
0.91076, 0.01828
0.91165, 0.01810
0.91254, 0.01793
0.91342, 0.01775
0.91430, 0.01757
0.91518, 0.01740
0.91605, 0.01722
0.91692, 0.01705
0.91778, 0.01687
0.91864, 0.01670
0.91950, 0.01653
0.92035, 0.01635
0.92119, 0.01618
0.92204, 0.01601
0.92287, 0.01584
0.92371, 0.01567
0.92454, 0.01550
0.92536, 0.01533
0.92619, 0.01517
0.92700, 0.01500
0.92782, 0.01483
0.92862, 0.01467
0.92943, 0.01450
0.93023, 0.01434
0.93103, 0.01418
0.93182, 0.01402
0.93261, 0.01385
0.93339, 0.01369
0.93417, 0.01353
0.93494, 0.01337
0.93571, 0.01321
0.93648, 0.01306
0.93724, 0.01290
0.93800, 0.01274
0.93875, 0.01259
0.93950, 0.01243
0.94025, 0.01228
0.94099, 0.01212
0.94172, 0.01197
0.94246, 0.01182
0.94318, 0.01167
0.94391, 0.01152
0.94462, 0.01137
0.94534, 0.01122
0.94605, 0.01107
0.94675, 0.01092
0.94745, 0.01078
0.94815, 0.01063
0.94884, 0.01049
0.94953, 0.01034
0.95022, 0.01020
0.95089, 0.01006
0.95157, 0.00992
0.95224, 0.00978
0.95290, 0.00964
0.95357, 0.00950
0.95422, 0.00936
0.95488, 0.00922
0.95552, 0.00909
0.95617, 0.00895
0.95681, 0.00882
0.95744, 0.00869
0.95807, 0.00855
0.95870, 0.00842
0.95932, 0.00829
0.95993, 0.00816
0.96055, 0.00803
0.96115, 0.00790
0.96176, 0.00778
0.96235, 0.00765
0.96295, 0.00752
0.96354, 0.00740
0.96412, 0.00727
0.96470, 0.00715
0.96528, 0.00703
0.96585, 0.00691
0.96642, 0.00679
0.96698, 0.00667
0.96754, 0.00655
0.96809, 0.00643
0.96864, 0.00632
0.96918, 0.00620
0.96972, 0.00609
0.97025, 0.00597
0.97078, 0.00586
0.97131, 0.00575
0.97183, 0.00564
0.97235, 0.00553
0.97286, 0.00542
0.97337, 0.00531
0.97387, 0.00520
0.97437, 0.00510
0.97486, 0.00499
0.97535, 0.00489
0.97583, 0.00478
0.97631, 0.00468
0.97678, 0.00458
0.97725, 0.00448
0.97772, 0.00438
0.97818, 0.00428
0.97863, 0.00419
0.97908, 0.00409
0.97953, 0.00399
0.97997, 0.00390
0.98041, 0.00381
0.98084, 0.00371
0.98127, 0.00362
0.98169, 0.00353
0.98211, 0.00344
0.98252, 0.00335
0.98293, 0.00326
0.98334, 0.00318
0.98373, 0.00309
0.98413, 0.00301
0.98452, 0.00292
0.98490, 0.00284
0.98528, 0.00276
0.98566, 0.00268
0.98603, 0.00260
0.98640, 0.00252
0.98676, 0.00244
0.98711, 0.00237
0.98747, 0.00229
0.98781, 0.00222
0.98815, 0.00214
0.98849, 0.00207
0.98882, 0.00200
0.98915, 0.00193
0.98948, 0.00186
0.98979, 0.00179
0.99011, 0.00172
0.99042, 0.00166
0.99072, 0.00159
0.99102, 0.00153
0.99131, 0.00146
0.99160, 0.00140
0.99189, 0.00134
0.99217, 0.00128
0.99244, 0.00122
0.99271, 0.00116
0.99298, 0.00110
0.99324, 0.00105
0.99349, 0.00099
0.99374, 0.00094
0.99399, 0.00089
0.99423, 0.00083
0.99447, 0.00078
0.99470, 0.00073
0.99493, 0.00068
0.99515, 0.00064
0.99536, 0.00059
0.99558, 0.00054
0.99578, 0.00050
0.99599, 0.00045
0.99618, 0.00041
0.99638, 0.00037
0.99656, 0.00033
0.99675, 0.00029
0.99693, 0.00025
0.99710, 0.00021
0.99727, 0.00018
0.99743, 0.00014
0.99759, 0.00011
0.99774, 0.00007
0.99789, 0.00004
0.99804, 0.00001
0.99818, -0.00002
0.99831, -0.00005
0.99844, -0.00008
0.99857, -0.00010
0.99868, -0.00013
0.99880, -0.00015
0.99891, -0.00018
0.99901, -0.00020
0.99911, -0.00022
0.99921, -0.00024
0.99930, -0.00026
0.99939, -0.00028
0.99947, -0.00030
0.99954, -0.00031
0.99961, -0.00033
0.99968, -0.00034
0.99974, -0.00036
0.99980, -0.00037
0.99985, -0.00038
0.99990, -0.00039
0.99994, -0.00040
0.99997, -0.00041
1.00001, -0.00041
1.00003, -0.00042
1.00005, -0.00042
1.00007, -0.00043
1.00009, -0.00043
1.00014, -0.00044
1.00016, -0.00044

=== Lower Surface ===
0.00000, 0.01075
0.00003, 0.01047
0.00005, 0.01019
0.00008, 0.00991
0.00011, 0.00964
0.00015, 0.00936
0.00019, 0.00908
0.00024, 0.00881
0.00029, 0.00853
0.00035, 0.00826
0.00042, 0.00799
0.00049, 0.00772
0.00056, 0.00744
0.00064, 0.00717
0.00072, 0.00690
0.00081, 0.00663
0.00090, 0.00636
0.00100, 0.00609
0.00110, 0.00583
0.00121, 0.00556
0.00132, 0.00529
0.00144, 0.00503
0.00156, 0.00476
0.00168, 0.00450
0.00181, 0.00423
0.00195, 0.00397
0.00209, 0.00371
0.00224, 0.00345
0.00239, 0.00319
0.00254, 0.00293
0.00270, 0.00267
0.00287, 0.00241
0.00303, 0.00215
0.00321, 0.00189
0.00339, 0.00163
0.00357, 0.00138
0.00376, 0.00112
0.00395, 0.00087
0.00415, 0.00061
0.00435, 0.00036
0.00456, 0.00010
0.00477, -0.00015
0.00498, -0.00040
0.00520, -0.00065
0.00543, -0.00090
0.00566, -0.00115
0.00589, -0.00140
0.00613, -0.00165
0.00638, -0.00190
0.00662, -0.00215
0.00688, -0.00240
0.00714, -0.00264
0.00740, -0.00289
0.00766, -0.00313
0.00794, -0.00338
0.00821, -0.00362
0.00849, -0.00387
0.00878, -0.00411
0.00907, -0.00435
0.00936, -0.00459
0.00966, -0.00484
0.00996, -0.00508
0.01027, -0.00532
0.01058, -0.00556
0.01090, -0.00580
0.01122, -0.00603
0.01155, -0.00627
0.01188, -0.00651
0.01221, -0.00675
0.01255, -0.00698
0.01290, -0.00722
0.01325, -0.00745
0.01360, -0.00769
0.01396, -0.00792
0.01432, -0.00816
0.01468, -0.00839
0.01506, -0.00862
0.01543, -0.00885
0.01581, -0.00909
0.01620, -0.00932
0.01658, -0.00955
0.01698, -0.00978
0.01737, -0.01001
0.01778, -0.01024
0.01818, -0.01046
0.01859, -0.01069
0.01901, -0.01092
0.01943, -0.01115
0.01985, -0.01137
0.02028, -0.01160
0.02072, -0.01183
0.02115, -0.01205
0.02159, -0.01228
0.02204, -0.01250
0.02249, -0.01272
0.02295, -0.01295
0.02341, -0.01317
0.02387, -0.01339
0.02434, -0.01361
0.02481, -0.01384
0.02529, -0.01406
0.02577, -0.01428
0.02625, -0.01450
0.02674, -0.01472
0.02724, -0.01494
0.02774, -0.01516
0.02824, -0.01538
0.02875, -0.01559
0.02926, -0.01581
0.02978, -0.01603
0.03030, -0.01625
0.03082, -0.01646
0.03135, -0.01668
0.03188, -0.01689
0.03242, -0.01711
0.03296, -0.01732
0.03351, -0.01754
0.03406, -0.01775
0.03462, -0.01797
0.03518, -0.01818
0.03574, -0.01839
0.03631, -0.01860
0.03688, -0.01882
0.03746, -0.01903
0.03804, -0.01924
0.03862, -0.01945
0.03921, -0.01966
0.03981, -0.01987
0.04041, -0.02008
0.04101, -0.02029
0.04162, -0.02050
0.04223, -0.02071
0.04284, -0.02092
0.04346, -0.02113
0.04409, -0.02133
0.04472, -0.02154
0.04535, -0.02175
0.04599, -0.02196
0.04663, -0.02216
0.04728, -0.02237
0.04793, -0.02257
0.04858, -0.02278
0.04924, -0.02298
0.04990, -0.02319
0.05057, -0.02339
0.05124, -0.02360
0.05192, -0.02380
0.05260, -0.02400
0.05328, -0.02420
0.05397, -0.02441
0.05467, -0.02461
0.05537, -0.02481
0.05607, -0.02501
0.05677, -0.02521
0.05749, -0.02541
0.05820, -0.02561
0.05892, -0.02581
0.05964, -0.02601
0.06037, -0.02621
0.06111, -0.02641
0.06184, -0.02661
0.06258, -0.02680
0.06333, -0.02700
0.06408, -0.02720
0.06483, -0.02740
0.06559, -0.02759
0.06636, -0.02779
0.06712, -0.02798
0.06789, -0.02818
0.06867, -0.02837
0.06945, -0.02857
0.07024, -0.02876
0.07103, -0.02895
0.07182, -0.02915
0.07262, -0.02934
0.07342, -0.02953
0.07423, -0.02972
0.07504, -0.02991
0.07585, -0.03010
0.07667, -0.03029
0.07750, -0.03048
0.07833, -0.03067
0.07916, -0.03086
0.08000, -0.03105
0.08084, -0.03124
0.08169, -0.03143
0.08254, -0.03161
0.08339, -0.03180
0.08425, -0.03198
0.08512, -0.03217
0.08598, -0.03235
0.08686, -0.03254
0.08773, -0.03272
0.08862, -0.03291
0.08950, -0.03309
0.09039, -0.03327
0.09129, -0.03345
0.09219, -0.03363
0.09309, -0.03381
0.09400, -0.03399
0.09491, -0.03417
0.09583, -0.03435
0.09675, -0.03453
0.09768, -0.03470
0.09861, -0.03488
0.09954, -0.03505
0.10048, -0.03523
0.10143, -0.03540
0.10238, -0.03558
0.10333, -0.03575
0.10429, -0.03592
0.10525, -0.03609
0.10622, -0.03626
0.10719, -0.03643
0.10816, -0.03660
0.10914, -0.03677
0.11013, -0.03693
0.11112, -0.03710
0.11211, -0.03726
0.11311, -0.03743
0.11411, -0.03759
0.11512, -0.03775
0.11613, -0.03792
0.11715, -0.03808
0.11817, -0.03824
0.11920, -0.03839
0.12023, -0.03855
0.12126, -0.03871
0.12230, -0.03886
0.12334, -0.03902
0.12439, -0.03917
0.12544, -0.03932
0.12650, -0.03947
0.12756, -0.03962
0.12863, -0.03977
0.12970, -0.03992
0.13078, -0.04007
0.13186, -0.04021
0.13294, -0.04035
0.13403, -0.04050
0.13513, -0.04064
0.13622, -0.04078
0.13733, -0.04092
0.13843, -0.04105
0.13954, -0.04119
0.14066, -0.04132
0.14178, -0.04146
0.14290, -0.04159
0.14403, -0.04172
0.14516, -0.04185
0.14629, -0.04197
0.14744, -0.04210
0.14858, -0.04222
0.14973, -0.04235
0.15088, -0.04247
0.15204, -0.04259
0.15320, -0.04270
0.15436, -0.04282
0.15553, -0.04293
0.15671, -0.04305
0.15789, -0.04316
0.15907, -0.04327
0.16025, -0.04338
0.16145, -0.04348
0.16264, -0.04359
0.16384, -0.04369
0.16504, -0.04379
0.16625, -0.04389
0.16746, -0.04399
0.16868, -0.04408
0.16990, -0.04417
0.17112, -0.04427
0.17235, -0.04436
0.17358, -0.04444
0.17481, -0.04453
0.17605, -0.04461
0.17730, -0.04469
0.17855, -0.04477
0.17980, -0.04485
0.18106, -0.04493
0.18232, -0.04500
0.18358, -0.04507
0.18485, -0.04514
0.18612, -0.04520
0.18740, -0.04527
0.18868, -0.04533
0.18997, -0.04539
0.19125, -0.04545
0.19255, -0.04550
0.19384, -0.04556
0.19515, -0.04561
0.19645, -0.04565
0.19776, -0.04570
0.19907, -0.04574
0.20039, -0.04578
0.20171, -0.04582
0.20303, -0.04586
0.20435, -0.04589
0.20568, -0.04592
0.20700, -0.04595
0.20833, -0.04598
0.20966, -0.04600
0.21100, -0.04602
0.21233, -0.04604
0.21366, -0.04606
0.21500, -0.04607
0.21634, -0.04609
0.21767, -0.04610
0.21901, -0.04611
0.22035, -0.04611
0.22170, -0.04612
0.22304, -0.04612
0.22438, -0.04612
0.22573, -0.04612
0.22707, -0.04612
0.22842, -0.04611
0.22976, -0.04611
0.23111, -0.04610
0.23246, -0.04609
0.23381, -0.04608
0.23516, -0.04606
0.23651, -0.04605
0.23787, -0.04603
0.23922, -0.04602
0.24057, -0.04600
0.24193, -0.04598
0.24328, -0.04596
0.24464, -0.04593
0.24599, -0.04591
0.24735, -0.04589
0.24871, -0.04586
0.25006, -0.04583
0.25142, -0.04581
0.25278, -0.04578
0.25414, -0.04575
0.25550, -0.04572
0.25685, -0.04569
0.25821, -0.04565
0.25957, -0.04562
0.26093, -0.04559
0.26229, -0.04555
0.26365, -0.04552
0.26501, -0.04548
0.26638, -0.04545
0.26774, -0.04541
0.26910, -0.04538
0.27046, -0.04534
0.27183, -0.04530
0.27320, -0.04527
0.27456, -0.04523
0.27594, -0.04519
0.27731, -0.04515
0.27868, -0.04511
0.28006, -0.04507
0.28144, -0.04503
0.28282, -0.04499
0.28421, -0.04495
0.28560, -0.04491
0.28698, -0.04487
0.28838, -0.04483
0.28977, -0.04479
0.29116, -0.04475
0.29256, -0.04471
0.29396, -0.04466
0.29536, -0.04462
0.29677, -0.04458
0.29817, -0.04453
0.29958, -0.04449
0.30099, -0.04444
0.30240, -0.04440
0.30382, -0.04435
0.30523, -0.04431
0.30665, -0.04426
0.30807, -0.04422
0.30949, -0.04417
0.31092, -0.04412
0.31235, -0.04408
0.31377, -0.04403
0.31520, -0.04398
0.31664, -0.04393
0.31807, -0.04389
0.31951, -0.04384
0.32094, -0.04379
0.32238, -0.04374
0.32383, -0.04369
0.32527, -0.04364
0.32672, -0.04359
0.32816, -0.04354
0.32961, -0.04349
0.33107, -0.04344
0.33253, -0.04339
0.33399, -0.04333
0.33545, -0.04328
0.33692, -0.04323
0.33839, -0.04317
0.33986, -0.04312
0.34133, -0.04307
0.34280, -0.04301
0.34428, -0.04296
0.34575, -0.04290
0.34723, -0.04284
0.34871, -0.04279
0.35019, -0.04273
0.35167, -0.04267
0.35315, -0.04261
0.35464, -0.04255
0.35612, -0.04249
0.35761, -0.04243
0.35910, -0.04237
0.36059, -0.04231
0.36208, -0.04225
0.36357, -0.04219
0.36506, -0.04213
0.36656, -0.04207
0.36805, -0.04201
0.36955, -0.04194
0.37105, -0.04188
0.37255, -0.04182
0.37405, -0.04175
0.37555, -0.04169
0.37706, -0.04162
0.37856, -0.04156
0.38007, -0.04149
0.38158, -0.04143
0.38309, -0.04136
0.38460, -0.04130
0.38611, -0.04123
0.38762, -0.04116
0.38913, -0.04110
0.39065, -0.04103
0.39216, -0.04096
0.39368, -0.04089
0.39520, -0.04082
0.39672, -0.04075
0.39824, -0.04068
0.39976, -0.04061
0.40128, -0.04054
0.40281, -0.04047
0.40433, -0.04040
0.40586, -0.04033
0.40739, -0.04026
0.40891, -0.04019
0.41044, -0.04012
0.41197, -0.04005
0.41351, -0.03997
0.41504, -0.03990
0.41657, -0.03983
0.41811, -0.03976
0.41964, -0.03968
0.42118, -0.03961
0.42272, -0.03953
0.42426, -0.03946
0.42580, -0.03938
0.42734, -0.03931
0.42888, -0.03923
0.43042, -0.03916
0.43196, -0.03908
0.43351, -0.03900
0.43505, -0.03893
0.43660, -0.03885
0.43814, -0.03877
0.43969, -0.03869
0.44124, -0.03862
0.44279, -0.03854
0.44434, -0.03846
0.44589, -0.03838
0.44744, -0.03830
0.44899, -0.03822
0.45055, -0.03814
0.45210, -0.03806
0.45366, -0.03798
0.45521, -0.03790
0.45677, -0.03782
0.45832, -0.03773
0.45988, -0.03765
0.46144, -0.03757
0.46300, -0.03749
0.46456, -0.03740
0.46612, -0.03732
0.46768, -0.03724
0.46924, -0.03715
0.47080, -0.03707
0.47236, -0.03698
0.47392, -0.03690
0.47548, -0.03681
0.47705, -0.03672
0.47861, -0.03664
0.48017, -0.03655
0.48174, -0.03646
0.48330, -0.03638
0.48487, -0.03629
0.48643, -0.03620
0.48800, -0.03611
0.48956, -0.03602
0.49113, -0.03593
0.49270, -0.03584
0.49426, -0.03575
0.49583, -0.03566
0.49740, -0.03557
0.49897, -0.03548
0.50053, -0.03539
0.50210, -0.03530
0.50367, -0.03520
0.50524, -0.03511
0.50681, -0.03502
0.50837, -0.03492
0.50994, -0.03483
0.51151, -0.03473
0.51308, -0.03464
0.51465, -0.03454
0.51621, -0.03445
0.51778, -0.03435
0.51935, -0.03426
0.52092, -0.03416
0.52249, -0.03406
0.52406, -0.03396
0.52562, -0.03387
0.52719, -0.03377
0.52876, -0.03367
0.53032, -0.03357
0.53189, -0.03347
0.53346, -0.03337
0.53503, -0.03327
0.53659, -0.03317
0.53816, -0.03307
0.53972, -0.03297
0.54129, -0.03286
0.54285, -0.03276
0.54442, -0.03266
0.54598, -0.03256
0.54755, -0.03245
0.54911, -0.03235
0.55067, -0.03225
0.55223, -0.03214
0.55380, -0.03204
0.55536, -0.03193
0.55692, -0.03183
0.55848, -0.03172
0.56004, -0.03162
0.56160, -0.03151
0.56316, -0.03140
0.56472, -0.03129
0.56627, -0.03119
0.56783, -0.03108
0.56939, -0.03097
0.57094, -0.03086
0.57250, -0.03075
0.57405, -0.03065
0.57560, -0.03054
0.57716, -0.03043
0.57871, -0.03032
0.58026, -0.03021
0.58181, -0.03010
0.58336, -0.02998
0.58491, -0.02987
0.58646, -0.02976
0.58800, -0.02965
0.58955, -0.02954
0.59109, -0.02943
0.59264, -0.02931
0.59418, -0.02920
0.59572, -0.02909
0.59727, -0.02897
0.59881, -0.02886
0.60035, -0.02875
0.60188, -0.02863
0.60342, -0.02852
0.60496, -0.02840
0.60649, -0.02829
0.60803, -0.02817
0.60956, -0.02806
0.61109, -0.02794
0.61263, -0.02783
0.61416, -0.02771
0.61568, -0.02760
0.61721, -0.02748
0.61874, -0.02736
0.62026, -0.02725
0.62179, -0.02713
0.62331, -0.02701
0.62483, -0.02689
0.62635, -0.02678
0.62787, -0.02666
0.62939, -0.02654
0.63091, -0.02642
0.63242, -0.02630
0.63394, -0.02619
0.63545, -0.02607
0.63696, -0.02595
0.63847, -0.02583
0.63998, -0.02571
0.64149, -0.02559
0.64300, -0.02547
0.64450, -0.02535
0.64600, -0.02523
0.64750, -0.02511
0.64900, -0.02499
0.65045, -0.02487
0.65178, -0.02475
0.65277, -0.02463
0.65312, -0.02451
0.65272, -0.02433
0.65201, -0.02410
0.65200, -0.02397
0.65351, -0.02415
0.65654, -0.02457
0.66023, -0.02491
0.66360, -0.02504
0.66622, -0.02500
0.66820, -0.02490
0.66985, -0.02478
0.67138, -0.02466
0.67287, -0.02454
0.67435, -0.02441
0.67583, -0.02429
0.67730, -0.02416
0.67877, -0.02404
0.68024, -0.02391
0.68171, -0.02379
0.68317, -0.02366
0.68463, -0.02353
0.68609, -0.02341
0.68755, -0.02328
0.68901, -0.02315
0.69046, -0.02303
0.69191, -0.02290
0.69336, -0.02277
0.69480, -0.02265
0.69624, -0.02252
0.69768, -0.02240
0.69912, -0.02227
0.70056, -0.02214
0.70199, -0.02202
0.70342, -0.02189
0.70485, -0.02177
0.70628, -0.02164
0.70770, -0.02152
0.70912, -0.02139
0.71054, -0.02127
0.71195, -0.02114
0.71337, -0.02102
0.71478, -0.02090
0.71619, -0.02077
0.71759, -0.02065
0.71899, -0.02053
0.72039, -0.02041
0.72179, -0.02028
0.72319, -0.02016
0.72458, -0.02004
0.72597, -0.01992
0.72736, -0.01980
0.72874, -0.01968
0.73013, -0.01957
0.73151, -0.01945
0.73288, -0.01933
0.73426, -0.01921
0.73563, -0.01910
0.73700, -0.01898
0.73837, -0.01887
0.73973, -0.01875
0.74110, -0.01864
0.74246, -0.01853
0.74381, -0.01842
0.74517, -0.01831
0.74652, -0.01820
0.74787, -0.01809
0.74921, -0.01798
0.75056, -0.01787
0.75190, -0.01776
0.75324, -0.01766
0.75458, -0.01755
0.75591, -0.01745
0.75724, -0.01734
0.75857, -0.01724
0.75990, -0.01714
0.76123, -0.01704
0.76255, -0.01693
0.76387, -0.01683
0.76519, -0.01674
0.76651, -0.01664
0.76782, -0.01654
0.76914, -0.01644
0.77045, -0.01635
0.77175, -0.01625
0.77306, -0.01615
0.77436, -0.01606
0.77566, -0.01597
0.77696, -0.01587
0.77826, -0.01578
0.77955, -0.01569
0.78084, -0.01560
0.78213, -0.01551
0.78341, -0.01542
0.78470, -0.01533
0.78598, -0.01524
0.78725, -0.01515
0.78853, -0.01507
0.78980, -0.01498
0.79107, -0.01490
0.79234, -0.01481
0.79360, -0.01473
0.79487, -0.01464
0.79613, -0.01456
0.79738, -0.01448
0.79864, -0.01439
0.79989, -0.01431
0.80114, -0.01423
0.80238, -0.01415
0.80362, -0.01407
0.80486, -0.01399
0.80610, -0.01391
0.80734, -0.01383
0.80857, -0.01375
0.80980, -0.01368
0.81102, -0.01360
0.81225, -0.01352
0.81347, -0.01345
0.81468, -0.01337
0.81590, -0.01330
0.81711, -0.01322
0.81832, -0.01315
0.81952, -0.01308
0.82073, -0.01300
0.82193, -0.01293
0.82312, -0.01286
0.82432, -0.01279
0.82551, -0.01272
0.82670, -0.01264
0.82788, -0.01257
0.82906, -0.01250
0.83024, -0.01243
0.83142, -0.01237
0.83259, -0.01230
0.83376, -0.01223
0.83492, -0.01216
0.83609, -0.01209
0.83724, -0.01203
0.83840, -0.01196
0.83955, -0.01189
0.84070, -0.01183
0.84185, -0.01176
0.84299, -0.01170
0.84413, -0.01163
0.84527, -0.01157
0.84641, -0.01150
0.84754, -0.01144
0.84866, -0.01138
0.84979, -0.01131
0.85091, -0.01125
0.85202, -0.01119
0.85314, -0.01113
0.85425, -0.01107
0.85536, -0.01101
0.85646, -0.01094
0.85756, -0.01088
0.85866, -0.01082
0.85975, -0.01076
0.86084, -0.01070
0.86192, -0.01064
0.86301, -0.01059
0.86409, -0.01053
0.86516, -0.01047
0.86623, -0.01041
0.86730, -0.01035
0.86837, -0.01030
0.86943, -0.01024
0.87049, -0.01018
0.87154, -0.01012
0.87259, -0.01007
0.87364, -0.01001
0.87469, -0.00996
0.87573, -0.00990
0.87676, -0.00984
0.87779, -0.00979
0.87882, -0.00973
0.87985, -0.00968
0.88087, -0.00963
0.88189, -0.00957
0.88290, -0.00952
0.88391, -0.00946
0.88492, -0.00941
0.88592, -0.00936
0.88692, -0.00930
0.88792, -0.00925
0.88891, -0.00920
0.88990, -0.00915
0.89088, -0.00910
0.89186, -0.00904
0.89284, -0.00899
0.89381, -0.00894
0.89478, -0.00889
0.89575, -0.00884
0.89671, -0.00879
0.89766, -0.00874
0.89862, -0.00869
0.89957, -0.00864
0.90051, -0.00859
0.90145, -0.00854
0.90239, -0.00849
0.90332, -0.00844
0.90425, -0.00839
0.90518, -0.00834
0.90610, -0.00829
0.90702, -0.00824
0.90793, -0.00820
0.90884, -0.00815
0.90975, -0.00810
0.91065, -0.00805
0.91155, -0.00801
0.91244, -0.00796
0.91333, -0.00791
0.91422, -0.00786
0.91510, -0.00782
0.91597, -0.00777
0.91685, -0.00773
0.91772, -0.00768
0.91858, -0.00763
0.91944, -0.00759
0.92030, -0.00754
0.92115, -0.00750
0.92200, -0.00745
0.92284, -0.00741
0.92368, -0.00736
0.92452, -0.00732
0.92535, -0.00727
0.92618, -0.00723
0.92700, -0.00718
0.92782, -0.00714
0.92863, -0.00710
0.92944, -0.00705
0.93025, -0.00701
0.93105, -0.00697
0.93185, -0.00692
0.93264, -0.00688
0.93343, -0.00684
0.93422, -0.00680
0.93500, -0.00675
0.93577, -0.00671
0.93654, -0.00667
0.93731, -0.00663
0.93807, -0.00659
0.93883, -0.00655
0.93959, -0.00651
0.94034, -0.00646
0.94108, -0.00642
0.94182, -0.00638
0.94256, -0.00634
0.94329, -0.00630
0.94402, -0.00626
0.94474, -0.00622
0.94546, -0.00618
0.94618, -0.00614
0.94689, -0.00610
0.94759, -0.00607
0.94830, -0.00603
0.94899, -0.00599
0.94968, -0.00595
0.95037, -0.00591
0.95106, -0.00587
0.95173, -0.00583
0.95241, -0.00580
0.95308, -0.00576
0.95374, -0.00572
0.95441, -0.00569
0.95506, -0.00565
0.95571, -0.00561
0.95636, -0.00557
0.95700, -0.00554
0.95764, -0.00550
0.95828, -0.00547
0.95890, -0.00543
0.95953, -0.00540
0.96015, -0.00536
0.96076, -0.00532
0.96137, -0.00529
0.96198, -0.00526
0.96258, -0.00522
0.96318, -0.00519
0.96377, -0.00515
0.96436, -0.00512
0.96494, -0.00508
0.96552, -0.00505
0.96609, -0.00502
0.96666, -0.00498
0.96723, -0.00495
0.96779, -0.00492
0.96834, -0.00489
0.96889, -0.00485
0.96944, -0.00482
0.96998, -0.00479
0.97052, -0.00476
0.97105, -0.00473
0.97157, -0.00470
0.97210, -0.00467
0.97261, -0.00464
0.97313, -0.00461
0.97363, -0.00458
0.97414, -0.00455
0.97464, -0.00452
0.97513, -0.00449
0.97562, -0.00446
0.97610, -0.00443
0.97658, -0.00440
0.97706, -0.00437
0.97753, -0.00434
0.97799, -0.00432
0.97845, -0.00429
0.97891, -0.00426
0.97936, -0.00423
0.97981, -0.00421
0.98025, -0.00418
0.98068, -0.00415
0.98111, -0.00413
0.98154, -0.00410
0.98196, -0.00408
0.98238, -0.00405
0.98279, -0.00402
0.98320, -0.00400
0.98360, -0.00397
0.98400, -0.00395
0.98439, -0.00393
0.98478, -0.00390
0.98517, -0.00388
0.98555, -0.00386
0.98592, -0.00383
0.98629, -0.00381
0.98665, -0.00379
0.98701, -0.00377
0.98736, -0.00374
0.98771, -0.00372
0.98806, -0.00370
0.98840, -0.00368
0.98873, -0.00366
0.98906, -0.00364
0.98939, -0.00362
0.98971, -0.00360
0.99002, -0.00358
0.99033, -0.00356
0.99064, -0.00354
0.99094, -0.00352
0.99124, -0.00350
0.99153, -0.00348
0.99181, -0.00346
0.99209, -0.00345
0.99237, -0.00343
0.99264, -0.00341
0.99291, -0.00340
0.99317, -0.00338
0.99342, -0.00336
0.99367, -0.00335
0.99392, -0.00333
0.99416, -0.00332
0.99440, -0.00330
0.99463, -0.00329
0.99486, -0.00327
0.99508, -0.00326
0.99529, -0.00324
0.99551, -0.00323
0.99571, -0.00322
0.99591, -0.00320
0.99611, -0.00319
0.99630, -0.00318
0.99649, -0.00317
0.99667, -0.00316
0.99685, -0.00314
0.99702, -0.00313
0.99719, -0.00312
0.99735, -0.00311
0.99751, -0.00310
0.99766, -0.00309
0.99781, -0.00308
0.99795, -0.00307
0.99809, -0.00306
0.99822, -0.00306
0.99835, -0.00305
0.99847, -0.00304
0.99859, -0.00303
0.99870, -0.00302
0.99881, -0.00302
0.99891, -0.00301
0.99901, -0.00300
0.99910, -0.00300
0.99918, -0.00299
0.99927, -0.00299
0.99934, -0.00298
0.99942, -0.00298
0.99948, -0.00297
0.99955, -0.00297
0.99960, -0.00297
0.99966, -0.00296
0.99970, -0.00296
0.99975, -0.00296
0.99978, -0.00295
0.99982, -0.00295
0.99984, -0.00295
0.99987, -0.00295
0.99988, -0.00295
0.99989, -0.00295
0.99985, -0.00294
0.99984, -0.00294
