airfoil_points_3869
1.000000 0.021961
0.999748 0.022009
0.998993 0.022149
0.997736 0.022383
0.995977 0.022708
0.993719 0.023121
0.990964 0.023619
0.987715 0.024198
0.983974 0.024855
0.979746 0.025585
0.975036 0.026382
0.969846 0.027242
0.964184 0.028158
0.958054 0.029126
0.951463 0.030141
0.944418 0.031197
0.936925 0.032289
0.928992 0.033413
0.920627 0.034565
0.911838 0.035741
0.902635 0.036940
0.893027 0.038160
0.883022 0.039399
0.872632 0.040657
0.861867 0.041938
0.850737 0.043241
0.839255 0.044572
0.827430 0.045933
0.815276 0.047324
0.802805 0.048739
0.790028 0.050172
0.776960 0.051615
0.763613 0.053062
0.750000 0.054503
0.736136 0.055937
0.722033 0.057372
0.707708 0.058821
0.693173 0.060295
0.678443 0.061811
0.663534 0.062800
0.648460 0.061363
0.633237 0.062998
0.617879 0.064677
0.602403 0.066397
0.586824 0.068153
0.571157 0.069939
0.555419 0.071745
0.539625 0.073559
0.523791 0.075361
0.507933 0.077130
0.492067 0.078840
0.476209 0.080462
0.460375 0.081965
0.444581 0.083319
0.428843 0.084494
0.413176 0.085462
0.397597 0.086201
0.382121 0.086691
0.366763 0.086920
0.351540 0.086879
0.336466 0.086568
0.321557 0.085994
0.306827 0.085182
0.292292 0.084133
0.277967 0.082849
0.263864 0.081326
0.250000 0.079567
0.236387 0.077573
0.223040 0.075348
0.209972 0.072896
0.197195 0.070224
0.184724 0.067339
0.172570 0.064254
0.160745 0.060999
0.149263 0.057602
0.138133 0.054091
0.127368 0.050492
0.116978 0.046828
0.106973 0.043118
0.097365 0.039385
0.088162 0.035645
0.079373 0.031914
0.071008 0.028206
0.063075 0.024530
0.055582 0.020895
0.048537 0.017309
0.041946 0.013777
0.035816 0.010301
0.030154 0.006884
0.024964 0.003526
0.020254 0.000229
0.016026 -0.003009
0.012285 -0.006188
0.009036 -0.009307
0.006281 -0.012366
0.004023 -0.015360
0.002264 -0.018275
0.001007 -0.021074
0.000252 -0.023606
0.000000 -0.024978
0.000252 -0.030868
0.001007 -0.033218
0.002264 -0.035674
0.004023 -0.038072
0.006281 -0.040368
0.009036 -0.042545
0.012285 -0.044591
0.016026 -0.046496
0.020254 -0.048253
0.024964 -0.049854
0.030154 -0.051289
0.035816 -0.052553
0.041946 -0.053638
0.048537 -0.054537
0.055582 -0.055244
0.063075 -0.055755
0.071008 -0.056066
0.079373 -0.056174
0.088162 -0.056079
0.097365 -0.055784
0.106973 -0.055294
0.116978 -0.054614
0.127368 -0.053757
0.138133 -0.052736
0.149263 -0.051569
0.160745 -0.050276
0.172570 -0.048883
0.184724 -0.047416
0.197195 -0.045910
0.209972 -0.044404
0.223040 -0.042928
0.236387 -0.041493
0.250000 -0.040106
0.263864 -0.038772
0.277967 -0.037496
0.292292 -0.036282
0.306827 -0.035131
0.321557 -0.034046
0.336466 -0.033027
0.351540 -0.032101
0.366763 -0.031292
0.382121 -0.030605
0.397597 -0.030037
0.413176 -0.029576
0.428843 -0.029204
0.444581 -0.028900
0.460375 -0.028637
0.476209 -0.028390
0.492067 -0.028134
0.507933 -0.027843
0.523791 -0.027499
0.539625 -0.027083
0.555419 -0.026583
0.571157 -0.025991
0.586824 -0.025302
0.602403 -0.024513
0.617879 -0.023628
0.633237 -0.022647
0.648460 -0.021577
0.663534 -0.020041
0.678443 -0.015600
0.693173 -0.014306
0.707708 -0.012950
0.722033 -0.011551
0.736136 -0.010130
0.750000 -0.008703
0.763613 -0.007285
0.776960 -0.005880
0.790028 -0.004486
0.802805 -0.003101
0.815276 -0.001723
0.827430 -0.000352
0.839255 0.001011
0.850737 0.002363
0.861867 0.003694
0.872632 0.004995
0.883022 0.006258
0.893027 0.007476
0.902635 0.008643
0.911838 0.009755
0.920627 0.010808
0.928992 0.011800
0.936925 0.012729
0.944418 0.013594
0.951463 0.014394
0.958054 0.015129
0.964184 0.015801
0.969846 0.016410
0.975036 0.016958
0.979746 0.017447
0.983974 0.017878
0.987715 0.018252
0.990964 0.018573
0.993719 0.018841
0.995977 0.019058
0.997736 0.019225
0.998993 0.019344
0.999748 0.019415
1.000000 0.019435
