airfoil_points_2913
1.000000 0.030578
0.999748 0.030622
0.998993 0.030753
0.997736 0.030971
0.995977 0.031273
0.993719 0.031655
0.990964 0.032115
0.987715 0.032648
0.983974 0.033248
0.979746 0.033910
0.975036 0.034628
0.969846 0.035396
0.964184 0.036207
0.958054 0.037055
0.951463 0.037934
0.944418 0.038837
0.936925 0.039760
0.928992 0.040697
0.920627 0.041643
0.911838 0.042596
0.902635 0.043552
0.893027 0.044511
0.883022 0.045471
0.872632 0.046434
0.861867 0.047402
0.850737 0.048379
0.839255 0.049369
0.827430 0.050380
0.815276 0.051412
0.802805 0.052464
0.790028 0.053531
0.776960 0.054612
0.763613 0.055702
0.750000 0.056799
0.736136 0.057901
0.722033 0.059016
0.707708 0.060152
0.693173 0.061319
0.678443 0.062527
0.663534 0.063303
0.648460 0.061398
0.633237 0.062905
0.617879 0.064447
0.602403 0.066018
0.586824 0.067611
0.571157 0.069218
0.555419 0.070829
0.539625 0.072435
0.523791 0.074021
0.507933 0.075573
0.492067 0.077074
0.476209 0.078503
0.460375 0.079840
0.444581 0.081064
0.428843 0.082154
0.413176 0.083089
0.397597 0.083853
0.382121 0.084431
0.366763 0.084812
0.351540 0.084988
0.336466 0.084957
0.321557 0.084722
0.306827 0.084300
0.292292 0.083690
0.277967 0.082890
0.263864 0.081899
0.250000 0.080719
0.236387 0.079375
0.223040 0.077900
0.209972 0.076323
0.197195 0.074671
0.184724 0.072968
0.172570 0.071219
0.160745 0.069418
0.149263 0.067558
0.138133 0.065635
0.127368 0.063645
0.116978 0.061587
0.106973 0.059458
0.097365 0.057261
0.088162 0.054995
0.079373 0.052665
0.071008 0.050271
0.063075 0.047818
0.055582 0.045310
0.048537 0.042750
0.041946 0.040144
0.035816 0.037496
0.030154 0.034811
0.024964 0.032095
0.020254 0.029351
0.016026 0.026587
0.012285 0.023806
0.009036 0.021014
0.006281 0.018217
0.004023 0.015420
0.002264 0.012634
0.001007 0.009878
0.000252 0.007231
0.000000 0.005519
0.000252 0.000920
0.001007 -0.001648
0.002264 -0.004244
0.004023 -0.006786
0.006281 -0.009256
0.009036 -0.011646
0.012285 -0.013954
0.016026 -0.016176
0.020254 -0.018311
0.024964 -0.020359
0.030154 -0.022318
0.035816 -0.024186
0.041946 -0.025963
0.048537 -0.027647
0.055582 -0.029236
0.063075 -0.030730
0.071008 -0.032125
0.079373 -0.033420
0.088162 -0.034612
0.097365 -0.035698
0.106973 -0.036676
0.116978 -0.037542
0.127368 -0.038292
0.138133 -0.038922
0.149263 -0.039426
0.160745 -0.039800
0.172570 -0.040035
0.184724 -0.040125
0.197195 -0.040062
0.209972 -0.039839
0.223040 -0.039469
0.236387 -0.038977
0.250000 -0.038395
0.263864 -0.037757
0.277967 -0.037104
0.292292 -0.036453
0.306827 -0.035809
0.321557 -0.035171
0.336466 -0.034540
0.351540 -0.033937
0.366763 -0.033377
0.382121 -0.032861
0.397597 -0.032387
0.413176 -0.031948
0.428843 -0.031534
0.444581 -0.031131
0.460375 -0.030726
0.476209 -0.030303
0.492067 -0.029847
0.507933 -0.029345
0.523791 -0.028785
0.539625 -0.028158
0.555419 -0.027457
0.571157 -0.026677
0.586824 -0.025815
0.602403 -0.024870
0.617879 -0.023841
0.633237 -0.022728
0.648460 -0.021532
0.663534 -0.019879
0.678443 -0.014885
0.693173 -0.013290
0.707708 -0.011631
0.722033 -0.009923
0.736136 -0.008183
0.750000 -0.006425
0.763613 -0.004663
0.776960 -0.002903
0.790028 -0.001146
0.802805 0.000604
0.815276 0.002345
0.827430 0.004075
0.839255 0.005789
0.850737 0.007481
0.861867 0.009141
0.872632 0.010756
0.883022 0.012317
0.893027 0.013817
0.902635 0.015248
0.911838 0.016605
0.920627 0.017884
0.928992 0.019084
0.936925 0.020201
0.944418 0.021236
0.951463 0.022189
0.958054 0.023061
0.964184 0.023853
0.969846 0.024568
0.975036 0.025208
0.979746 0.025775
0.983974 0.026273
0.987715 0.026705
0.990964 0.027072
0.993719 0.027378
0.995977 0.027625
0.997736 0.027815
0.998993 0.027949
0.999748 0.028030
1.000000 0.028053
