airfoil_points_992
1.000000 0.053165
0.999748 0.053212
0.998993 0.053351
0.997736 0.053578
0.995977 0.053887
0.993719 0.054267
0.990964 0.054707
0.987715 0.055193
0.983974 0.055709
0.979746 0.056238
0.975036 0.056762
0.969846 0.057260
0.964184 0.057713
0.958054 0.058102
0.951463 0.058407
0.944418 0.058608
0.936925 0.058688
0.928992 0.058631
0.920627 0.058422
0.911838 0.058049
0.902635 0.057501
0.893027 0.056770
0.883022 0.055853
0.872632 0.054748
0.861867 0.053457
0.850737 0.051987
0.839255 0.050347
0.827430 0.048551
0.815276 0.046630
0.802805 0.044650
0.790028 0.042693
0.776960 0.040858
0.763613 0.039261
0.750000 0.038042
0.736136 0.037339
0.722033 0.037133
0.707708 0.037325
0.693173 0.037808
0.678443 0.038468
0.663534 0.039187
0.648460 0.039890
0.633237 0.040579
0.617879 0.041259
0.602403 0.041938
0.586824 0.042620
0.571157 0.043313
0.555419 0.044023
0.539625 0.044756
0.523791 0.045519
0.507933 0.046319
0.492067 0.047160
0.476209 0.048049
0.460375 0.048991
0.444581 0.049991
0.428843 0.051052
0.413176 0.052179
0.397597 0.053372
0.382121 0.054635
0.366763 0.055968
0.351540 0.057371
0.336466 0.058844
0.321557 0.060383
0.306827 0.061986
0.292292 0.063649
0.277967 0.065366
0.263864 0.067126
0.250000 0.068853
0.236387 0.070456
0.223040 0.071856
0.209972 0.072992
0.197195 0.073814
0.184724 0.074301
0.172570 0.074451
0.160745 0.074264
0.149263 0.073748
0.138133 0.072909
0.127368 0.071755
0.116978 0.070301
0.106973 0.068584
0.097365 0.066638
0.088162 0.064498
0.079373 0.062194
0.071008 0.059753
0.063075 0.057201
0.055582 0.054558
0.048537 0.051845
0.041946 0.049077
0.035816 0.046269
0.030154 0.043432
0.024964 0.040576
0.020254 0.037708
0.016026 0.034836
0.012285 0.031964
0.009036 0.029097
0.006281 0.026237
0.004023 0.023391
0.002264 0.020565
0.001007 0.017777
0.000252 0.015101
0.000000 0.013355
0.000252 0.008823
0.001007 0.006250
0.002264 0.003665
0.004023 0.001144
0.006281 -0.001294
0.009036 -0.003640
0.012285 -0.005889
0.016026 -0.008038
0.020254 -0.010083
0.024964 -0.012022
0.030154 -0.013855
0.035816 -0.015580
0.041946 -0.017199
0.048537 -0.018716
0.055582 -0.020136
0.063075 -0.021468
0.071008 -0.022724
0.079373 -0.023921
0.088162 -0.025080
0.097365 -0.026226
0.106973 -0.027393
0.116978 -0.028621
0.127368 -0.029957
0.138133 -0.031455
0.149263 -0.033123
0.160745 -0.034961
0.172570 -0.036970
0.184724 -0.039146
0.197195 -0.041478
0.209972 -0.043926
0.223040 -0.046422
0.236387 -0.048893
0.250000 -0.051264
0.263864 -0.053457
0.277967 -0.055428
0.292292 -0.057171
0.306827 -0.058684
0.321557 -0.059967
0.336466 -0.061018
0.351540 -0.061841
0.366763 -0.062437
0.382121 -0.062810
0.397597 -0.062965
0.413176 -0.062907
0.428843 -0.062644
0.444581 -0.062184
0.460375 -0.061535
0.476209 -0.060707
0.492067 -0.059710
0.507933 -0.058556
0.523791 -0.057255
0.539625 -0.055821
0.555419 -0.054266
0.571157 -0.052602
0.586824 -0.050843
0.602403 -0.049002
0.617879 -0.047092
0.633237 -0.045126
0.648460 -0.043118
0.663534 -0.041078
0.678443 -0.039021
0.693173 -0.036902
0.707708 -0.034623
0.722033 -0.032093
0.736136 -0.029235
0.750000 -0.025982
0.763613 -0.022278
0.776960 -0.018141
0.790028 -0.013681
0.802805 -0.009011
0.815276 -0.004240
0.827430 0.000531
0.839255 0.005208
0.850737 0.009711
0.861867 0.014000
0.872632 0.018052
0.883022 0.021851
0.893027 0.025384
0.902635 0.028644
0.911838 0.031628
0.920627 0.034339
0.928992 0.036780
0.936925 0.038961
0.944418 0.040892
0.951463 0.042588
0.958054 0.044063
0.964184 0.045335
0.969846 0.046420
0.975036 0.047337
0.979746 0.048104
0.983974 0.048736
0.987715 0.049252
0.990964 0.049665
0.993719 0.049990
0.995977 0.050239
0.997736 0.050422
0.998993 0.050546
0.999748 0.050619
1.000000 0.050638
