airfoil_points_4387
1.000000 -0.034742
0.999748 -0.034684
0.998993 -0.034511
0.997736 -0.034221
0.995977 -0.033816
0.993719 -0.033293
0.990964 -0.032653
0.987715 -0.031894
0.983974 -0.031017
0.979746 -0.030019
0.975036 -0.028900
0.969846 -0.027660
0.964184 -0.026297
0.958054 -0.024812
0.951463 -0.023202
0.944418 -0.021470
0.936925 -0.019614
0.928992 -0.017635
0.920627 -0.015535
0.911838 -0.013314
0.902635 -0.010974
0.893027 -0.008519
0.883022 -0.005951
0.872632 -0.003273
0.861867 -0.000492
0.850737 0.002389
0.839255 0.005363
0.827430 0.008425
0.815276 0.011574
0.802805 0.014813
0.790028 0.018145
0.776960 0.021573
0.763613 0.025101
0.750000 0.028732
0.736136 0.032437
0.722033 0.036162
0.707708 0.039844
0.693173 0.043423
0.678443 0.046833
0.663534 0.054263
0.648460 0.056457
0.633237 0.058406
0.617879 0.060240
0.602403 0.061972
0.586824 0.063605
0.571157 0.065139
0.555419 0.066570
0.539625 0.067894
0.523791 0.069104
0.507933 0.070196
0.492067 0.071169
0.476209 0.072027
0.460375 0.072775
0.444581 0.073426
0.428843 0.073995
0.413176 0.074502
0.397597 0.074969
0.382121 0.075419
0.366763 0.075873
0.351540 0.076353
0.336466 0.076873
0.321557 0.077440
0.306827 0.078046
0.292292 0.078700
0.277967 0.079408
0.263864 0.080172
0.250000 0.080945
0.236387 0.081638
0.223040 0.082170
0.209972 0.082478
0.197195 0.082510
0.184724 0.082243
0.172570 0.081694
0.160745 0.080888
0.149263 0.079845
0.138133 0.078587
0.127368 0.077134
0.116978 0.075504
0.106973 0.073714
0.097365 0.071776
0.088162 0.069705
0.079373 0.067515
0.071008 0.065217
0.063075 0.062823
0.055582 0.060346
0.048537 0.057795
0.041946 0.055181
0.035816 0.052514
0.030154 0.049802
0.024964 0.047053
0.020254 0.044276
0.016026 0.041478
0.012285 0.038665
0.009036 0.035844
0.006281 0.033022
0.004023 0.030207
0.002264 0.027409
0.001007 0.024653
0.000252 0.022034
0.000000 0.020405
0.000252 0.015565
0.001007 0.013037
0.002264 0.010463
0.004023 0.007942
0.006281 0.005496
0.009036 0.003133
0.012285 0.000856
0.016026 -0.001332
0.020254 -0.003431
0.024964 -0.005442
0.030154 -0.007363
0.035816 -0.009197
0.041946 -0.010945
0.048537 -0.012609
0.055582 -0.014193
0.063075 -0.015699
0.071008 -0.017134
0.079373 -0.018501
0.088162 -0.019808
0.097365 -0.021062
0.106973 -0.022273
0.116978 -0.023450
0.127368 -0.024605
0.138133 -0.025751
0.149263 -0.026906
0.160745 -0.028091
0.172570 -0.029332
0.184724 -0.030654
0.197195 -0.032087
0.209972 -0.033628
0.223040 -0.035218
0.236387 -0.036785
0.250000 -0.038255
0.263864 -0.039552
0.277967 -0.040620
0.292292 -0.041452
0.306827 -0.042056
0.321557 -0.042439
0.336466 -0.042609
0.351540 -0.042563
0.366763 -0.042312
0.382121 -0.041874
0.397597 -0.041271
0.413176 -0.040530
0.428843 -0.039679
0.444581 -0.038744
0.460375 -0.037754
0.476209 -0.036732
0.492067 -0.035699
0.507933 -0.034669
0.523791 -0.033654
0.539625 -0.032659
0.555419 -0.031687
0.571157 -0.030741
0.586824 -0.029820
0.602403 -0.028931
0.617879 -0.028079
0.633237 -0.027279
0.648460 -0.027104
0.663534 -0.030647
0.678443 -0.031262
0.693173 -0.031977
0.707708 -0.032795
0.722033 -0.033655
0.736136 -0.034503
0.750000 -0.035290
0.763613 -0.035986
0.776960 -0.036595
0.790028 -0.037125
0.802805 -0.037586
0.815276 -0.037986
0.827430 -0.038332
0.839255 -0.038632
0.850737 -0.038887
0.861867 -0.039098
0.872632 -0.039264
0.883022 -0.039386
0.893027 -0.039466
0.902635 -0.039504
0.911838 -0.039504
0.920627 -0.039469
0.928992 -0.039402
0.936925 -0.039306
0.944418 -0.039185
0.951463 -0.039045
0.958054 -0.038888
0.964184 -0.038720
0.969846 -0.038545
0.975036 -0.038368
0.979746 -0.038192
0.983974 -0.038022
0.987715 -0.037862
0.990964 -0.037716
0.993719 -0.037587
0.995977 -0.037477
0.997736 -0.037389
0.998993 -0.037324
0.999748 -0.037285
1.000000 -0.037270
