=== Airfoil Parameters ===
m = 0.02
p = 0.4
t = 0.12

=== Control Points ===
0.00000, 0.01658, 0.01658
0.06667, 0.02181, 0.01570
0.13333, 0.02370, 0.01259
0.20000, 0.02211, 0.00711
0.26667, 0.01912, 0.00135
0.66667, 0.01382, -0.00223
0.75000, 0.01025, -0.00294
0.83333, 0.00721, -0.00236
0.91667, 0.00278, -0.00239
1.00000, -0.00304, -0.00304

=== Upper Surface ===
0.00000, 0.01658
-0.00004, 0.01686
-0.00005, 0.01714
-0.00006, 0.01742
-0.00007, 0.01770
-0.00008, 0.01798
-0.00008, 0.01826
-0.00007, 0.01854
-0.00006, 0.01882
-0.00005, 0.01910
-0.00003, 0.01938
-0.00001, 0.01966
0.00002, 0.01994
0.00006, 0.02022
0.00010, 0.02050
0.00014, 0.02078
0.00019, 0.02106
0.00025, 0.02134
0.00031, 0.02162
0.00037, 0.02190
0.00044, 0.02218
0.00052, 0.02246
0.00060, 0.02274
0.00068, 0.02302
0.00077, 0.02330
0.00086, 0.02359
0.00096, 0.02387
0.00107, 0.02415
0.00118, 0.02443
0.00129, 0.02471
0.00141, 0.02499
0.00154, 0.02528
0.00167, 0.02556
0.00180, 0.02584
0.00194, 0.02612
0.00209, 0.02640
0.00224, 0.02669
0.00239, 0.02697
0.00255, 0.02725
0.00272, 0.02753
0.00289, 0.02782
0.00307, 0.02810
0.00325, 0.02838
0.00343, 0.02866
0.00362, 0.02895
0.00382, 0.02923
0.00402, 0.02951
0.00422, 0.02979
0.00443, 0.03008
0.00465, 0.03036
0.00487, 0.03064
0.00510, 0.03093
0.00533, 0.03121
0.00556, 0.03149
0.00580, 0.03177
0.00605, 0.03206
0.00630, 0.03234
0.00656, 0.03262
0.00682, 0.03290
0.00708, 0.03319
0.00736, 0.03347
0.00763, 0.03375
0.00791, 0.03403
0.00820, 0.03432
0.00849, 0.03460
0.00879, 0.03488
0.00909, 0.03516
0.00940, 0.03545
0.00971, 0.03573
0.01002, 0.03601
0.01035, 0.03629
0.01067, 0.03657
0.01100, 0.03686
0.01134, 0.03714
0.01168, 0.03742
0.01203, 0.03770
0.01238, 0.03798
0.01274, 0.03826
0.01310, 0.03854
0.01347, 0.03882
0.01384, 0.03911
0.01422, 0.03939
0.01460, 0.03967
0.01498, 0.03995
0.01538, 0.04023
0.01577, 0.04051
0.01618, 0.04079
0.01658, 0.04107
0.01699, 0.04134
0.01741, 0.04162
0.01783, 0.04190
0.01826, 0.04218
0.01869, 0.04246
0.01913, 0.04274
0.01957, 0.04302
0.02002, 0.04329
0.02047, 0.04357
0.02093, 0.04385
0.02139, 0.04412
0.02186, 0.04440
0.02233, 0.04468
0.02281, 0.04495
0.02329, 0.04523
0.02378, 0.04550
0.02427, 0.04578
0.02477, 0.04605
0.02527, 0.04633
0.02578, 0.04660
0.02629, 0.04688
0.02681, 0.04715
0.02733, 0.04742
0.02785, 0.04769
0.02839, 0.04797
0.02892, 0.04824
0.02947, 0.04851
0.03001, 0.04878
0.03056, 0.04905
0.03112, 0.04932
0.03168, 0.04959
0.03225, 0.04986
0.03282, 0.05013
0.03340, 0.05039
0.03398, 0.05066
0.03457, 0.05093
0.03516, 0.05120
0.03575, 0.05146
0.03635, 0.05173
0.03696, 0.05199
0.03757, 0.05226
0.03819, 0.05252
0.03881, 0.05278
0.03943, 0.05305
0.04006, 0.05331
0.04070, 0.05357
0.04134, 0.05383
0.04199, 0.05409
0.04264, 0.05435
0.04329, 0.05461
0.04395, 0.05487
0.04462, 0.05513
0.04529, 0.05538
0.04596, 0.05564
0.04664, 0.05590
0.04732, 0.05615
0.04801, 0.05641
0.04871, 0.05666
0.04941, 0.05691
0.05011, 0.05716
0.05082, 0.05742
0.05153, 0.05767
0.05225, 0.05792
0.05297, 0.05817
0.05370, 0.05841
0.05443, 0.05866
0.05517, 0.05891
0.05591, 0.05915
0.05666, 0.05940
0.05741, 0.05964
0.05817, 0.05989
0.05893, 0.06013
0.05969, 0.06037
0.06047, 0.06061
0.06124, 0.06085
0.06202, 0.06109
0.06281, 0.06133
0.06360, 0.06156
0.06439, 0.06180
0.06519, 0.06203
0.06599, 0.06227
0.06680, 0.06250
0.06762, 0.06273
0.06844, 0.06296
0.06926, 0.06319
0.07009, 0.06342
0.07092, 0.06365
0.07176, 0.06387
0.07260, 0.06410
0.07344, 0.06432
0.07430, 0.06455
0.07515, 0.06477
0.07601, 0.06499
0.07688, 0.06521
0.07775, 0.06543
0.07862, 0.06564
0.07950, 0.06586
0.08038, 0.06608
0.08127, 0.06629
0.08216, 0.06650
0.08306, 0.06671
0.08396, 0.06692
0.08487, 0.06713
0.08578, 0.06734
0.08670, 0.06754
0.08762, 0.06775
0.08854, 0.06795
0.08947, 0.06815
0.09041, 0.06835
0.09135, 0.06855
0.09229, 0.06875
0.09324, 0.06895
0.09419, 0.06914
0.09515, 0.06934
0.09611, 0.06953
0.09707, 0.06972
0.09804, 0.06991
0.09902, 0.07009
0.10000, 0.07028
0.10098, 0.07046
0.10197, 0.07065
0.10296, 0.07083
0.10396, 0.07101
0.10496, 0.07119
0.10597, 0.07136
0.10698, 0.07154
0.10799, 0.07171
0.10901, 0.07188
0.11003, 0.07205
0.11106, 0.07222
0.11209, 0.07239
0.11313, 0.07255
0.11417, 0.07272
0.11522, 0.07288
0.11627, 0.07304
0.11732, 0.07320
0.11838, 0.07335
0.11944, 0.07351
0.12051, 0.07366
0.12158, 0.07381
0.12265, 0.07396
0.12373, 0.07410
0.12482, 0.07425
0.12591, 0.07439
0.12700, 0.07453
0.12810, 0.07467
0.12920, 0.07481
0.13030, 0.07495
0.13141, 0.07508
0.13252, 0.07521
0.13364, 0.07534
0.13476, 0.07547
0.13589, 0.07559
0.13702, 0.07571
0.13815, 0.07584
0.13928, 0.07596
0.14042, 0.07607
0.14156, 0.07619
0.14271, 0.07630
0.14386, 0.07641
0.14501, 0.07652
0.14617, 0.07663
0.14733, 0.07673
0.14849, 0.07684
0.14965, 0.07694
0.15082, 0.07704
0.15199, 0.07713
0.15317, 0.07723
0.15435, 0.07732
0.15553, 0.07741
0.15671, 0.07750
0.15790, 0.07759
0.15909, 0.07767
0.16029, 0.07776
0.16148, 0.07784
0.16268, 0.07791
0.16389, 0.07799
0.16509, 0.07807
0.16630, 0.07814
0.16751, 0.07821
0.16873, 0.07828
0.16995, 0.07835
0.17117, 0.07841
0.17239, 0.07848
0.17362, 0.07854
0.17484, 0.07860
0.17608, 0.07865
0.17731, 0.07871
0.17855, 0.07876
0.17979, 0.07882
0.18103, 0.07887
0.18227, 0.07891
0.18352, 0.07896
0.18477, 0.07900
0.18603, 0.07905
0.18728, 0.07909
0.18854, 0.07913
0.18980, 0.07916
0.19106, 0.07920
0.19233, 0.07923
0.19360, 0.07927
0.19487, 0.07930
0.19614, 0.07932
0.19742, 0.07935
0.19869, 0.07938
0.19997, 0.07940
0.20126, 0.07942
0.20254, 0.07944
0.20383, 0.07946
0.20512, 0.07948
0.20641, 0.07949
0.20770, 0.07950
0.20900, 0.07952
0.21029, 0.07953
0.21159, 0.07954
0.21289, 0.07954
0.21419, 0.07955
0.21550, 0.07955
0.21680, 0.07956
0.21811, 0.07956
0.21942, 0.07956
0.22073, 0.07956
0.22205, 0.07955
0.22336, 0.07955
0.22468, 0.07955
0.22599, 0.07954
0.22731, 0.07953
0.22864, 0.07952
0.22996, 0.07951
0.23128, 0.07950
0.23261, 0.07949
0.23394, 0.07948
0.23527, 0.07946
0.23660, 0.07945
0.23793, 0.07943
0.23926, 0.07941
0.24060, 0.07940
0.24193, 0.07938
0.24327, 0.07936
0.24461, 0.07933
0.24595, 0.07931
0.24729, 0.07929
0.24863, 0.07927
0.24998, 0.07924
0.25132, 0.07922
0.25267, 0.07919
0.25401, 0.07916
0.25536, 0.07914
0.25671, 0.07911
0.25806, 0.07908
0.25942, 0.07905
0.26077, 0.07902
0.26212, 0.07899
0.26348, 0.07896
0.26483, 0.07893
0.26619, 0.07890
0.26755, 0.07887
0.26891, 0.07884
0.27027, 0.07881
0.27164, 0.07877
0.27300, 0.07874
0.27437, 0.07871
0.27574, 0.07867
0.27711, 0.07864
0.27849, 0.07861
0.27986, 0.07857
0.28124, 0.07854
0.28262, 0.07850
0.28401, 0.07846
0.28540, 0.07843
0.28678, 0.07839
0.28817, 0.07836
0.28957, 0.07832
0.29096, 0.07828
0.29236, 0.07824
0.29376, 0.07821
0.29516, 0.07817
0.29657, 0.07813
0.29797, 0.07809
0.29938, 0.07805
0.30079, 0.07801
0.30221, 0.07797
0.30362, 0.07793
0.30504, 0.07789
0.30646, 0.07785
0.30788, 0.07781
0.30930, 0.07776
0.31073, 0.07772
0.31216, 0.07768
0.31359, 0.07764
0.31502, 0.07759
0.31645, 0.07755
0.31789, 0.07751
0.31933, 0.07746
0.32076, 0.07742
0.32221, 0.07737
0.32365, 0.07733
0.32510, 0.07728
0.32654, 0.07724
0.32799, 0.07719
0.32944, 0.07714
0.33089, 0.07710
0.33234, 0.07705
0.33379, 0.07700
0.33525, 0.07695
0.33670, 0.07691
0.33815, 0.07686
0.33961, 0.07681
0.34107, 0.07676
0.34253, 0.07671
0.34399, 0.07667
0.34545, 0.07662
0.34692, 0.07657
0.34839, 0.07652
0.34985, 0.07647
0.35132, 0.07642
0.35280, 0.07637
0.35427, 0.07632
0.35575, 0.07627
0.35722, 0.07622
0.35870, 0.07617
0.36018, 0.07612
0.36167, 0.07607
0.36315, 0.07602
0.36464, 0.07597
0.36612, 0.07592
0.36761, 0.07587
0.36910, 0.07582
0.37060, 0.07576
0.37209, 0.07571
0.37359, 0.07566
0.37508, 0.07561
0.37658, 0.07556
0.37808, 0.07550
0.37959, 0.07545
0.38109, 0.07540
0.38260, 0.07534
0.38410, 0.07529
0.38561, 0.07524
0.38712, 0.07518
0.38864, 0.07513
0.39015, 0.07507
0.39167, 0.07502
0.39318, 0.07496
0.39470, 0.07491
0.39622, 0.07485
0.39774, 0.07479
0.39926, 0.07474
0.40079, 0.07468
0.40231, 0.07462
0.40384, 0.07457
0.40537, 0.07451
0.40690, 0.07445
0.40843, 0.07439
0.40996, 0.07433
0.41150, 0.07427
0.41303, 0.07421
0.41457, 0.07415
0.41611, 0.07409
0.41765, 0.07403
0.41919, 0.07397
0.42073, 0.07391
0.42228, 0.07385
0.42382, 0.07378
0.42537, 0.07372
0.42691, 0.07366
0.42846, 0.07359
0.43001, 0.07353
0.43156, 0.07346
0.43311, 0.07340
0.43467, 0.07333
0.43622, 0.07326
0.43778, 0.07320
0.43933, 0.07313
0.44089, 0.07306
0.44245, 0.07299
0.44401, 0.07292
0.44557, 0.07285
0.44713, 0.07278
0.44869, 0.07271
0.45025, 0.07264
0.45182, 0.07257
0.45338, 0.07249
0.45495, 0.07242
0.45651, 0.07235
0.45808, 0.07227
0.45965, 0.07220
0.46122, 0.07212
0.46279, 0.07204
0.46436, 0.07197
0.46593, 0.07189
0.46750, 0.07181
0.46907, 0.07173
0.47064, 0.07165
0.47222, 0.07157
0.47379, 0.07149
0.47537, 0.07140
0.47694, 0.07132
0.47852, 0.07124
0.48009, 0.07115
0.48167, 0.07107
0.48325, 0.07098
0.48482, 0.07090
0.48640, 0.07081
0.48798, 0.07072
0.48956, 0.07063
0.49114, 0.07054
0.49272, 0.07045
0.49430, 0.07036
0.49587, 0.07027
0.49745, 0.07018
0.49903, 0.07008
0.50061, 0.06999
0.50220, 0.06990
0.50378, 0.06980
0.50536, 0.06970
0.50694, 0.06961
0.50852, 0.06951
0.51010, 0.06941
0.51168, 0.06931
0.51326, 0.06921
0.51484, 0.06911
0.51642, 0.06901
0.51800, 0.06891
0.51958, 0.06880
0.52116, 0.06870
0.52274, 0.06859
0.52432, 0.06849
0.52590, 0.06838
0.52748, 0.06827
0.52906, 0.06817
0.53064, 0.06806
0.53222, 0.06795
0.53380, 0.06784
0.53538, 0.06773
0.53696, 0.06761
0.53853, 0.06750
0.54011, 0.06739
0.54169, 0.06727
0.54327, 0.06716
0.54484, 0.06704
0.54642, 0.06693
0.54799, 0.06681
0.54957, 0.06669
0.55114, 0.06657
0.55272, 0.06645
0.55429, 0.06633
0.55586, 0.06621
0.55743, 0.06609
0.55900, 0.06597
0.56058, 0.06585
0.56215, 0.06572
0.56372, 0.06560
0.56528, 0.06547
0.56685, 0.06535
0.56842, 0.06522
0.56999, 0.06509
0.57155, 0.06496
0.57312, 0.06484
0.57468, 0.06471
0.57625, 0.06458
0.57781, 0.06445
0.57937, 0.06431
0.58093, 0.06418
0.58249, 0.06405
0.58405, 0.06391
0.58561, 0.06378
0.58717, 0.06365
0.58873, 0.06351
0.59029, 0.06337
0.59184, 0.06324
0.59339, 0.06310
0.59495, 0.06296
0.59650, 0.06282
0.59805, 0.06268
0.59960, 0.06254
0.60115, 0.06240
0.60270, 0.06226
0.60425, 0.06212
0.60579, 0.06197
0.60734, 0.06183
0.60888, 0.06169
0.61043, 0.06154
0.61197, 0.06140
0.61351, 0.06125
0.61505, 0.06110
0.61659, 0.06096
0.61813, 0.06081
0.61966, 0.06066
0.62120, 0.06051
0.62273, 0.06036
0.62427, 0.06021
0.62580, 0.06006
0.62733, 0.05991
0.62886, 0.05975
0.63039, 0.05960
0.63192, 0.05945
0.63344, 0.05929
0.63497, 0.05914
0.63649, 0.05898
0.63801, 0.05883
0.63953, 0.05867
0.64105, 0.05851
0.64257, 0.05835
0.64409, 0.05820
0.64560, 0.05804
0.64712, 0.05788
0.64863, 0.05772
0.65015, 0.05755
0.65172, 0.05739
0.65345, 0.05722
0.65563, 0.05702
0.65863, 0.05671
0.66261, 0.05614
0.66697, 0.05522
0.67043, 0.05423
0.67201, 0.05363
0.67170, 0.05355
0.67049, 0.05364
0.66962, 0.05362
0.66969, 0.05349
0.67055, 0.05331
0.67183, 0.05312
0.67327, 0.05293
0.67475, 0.05273
0.67623, 0.05254
0.67771, 0.05234
0.67920, 0.05214
0.68067, 0.05195
0.68215, 0.05175
0.68363, 0.05155
0.68510, 0.05135
0.68657, 0.05115
0.68803, 0.05095
0.68950, 0.05075
0.69096, 0.05054
0.69241, 0.05034
0.69387, 0.05014
0.69532, 0.04994
0.69677, 0.04973
0.69822, 0.04953
0.69967, 0.04932
0.70111, 0.04912
0.70255, 0.04892
0.70399, 0.04871
0.70542, 0.04851
0.70685, 0.04830
0.70828, 0.04810
0.70971, 0.04789
0.71114, 0.04769
0.71256, 0.04748
0.71398, 0.04728
0.71539, 0.04707
0.71681, 0.04687
0.71822, 0.04666
0.71962, 0.04646
0.72103, 0.04625
0.72243, 0.04605
0.72383, 0.04584
0.72523, 0.04564
0.72663, 0.04543
0.72802, 0.04523
0.72941, 0.04503
0.73079, 0.04482
0.73218, 0.04462
0.73356, 0.04442
0.73494, 0.04422
0.73631, 0.04402
0.73769, 0.04381
0.73906, 0.04361
0.74042, 0.04341
0.74179, 0.04321
0.74315, 0.04301
0.74451, 0.04281
0.74587, 0.04262
0.74722, 0.04242
0.74857, 0.04222
0.74992, 0.04202
0.75126, 0.04183
0.75261, 0.04163
0.75395, 0.04144
0.75529, 0.04124
0.75662, 0.04105
0.75796, 0.04086
0.75929, 0.04067
0.76062, 0.04047
0.76195, 0.04028
0.76328, 0.04009
0.76460, 0.03990
0.76593, 0.03971
0.76725, 0.03952
0.76856, 0.03933
0.76988, 0.03914
0.77119, 0.03895
0.77251, 0.03876
0.77381, 0.03858
0.77512, 0.03839
0.77643, 0.03820
0.77773, 0.03802
0.77903, 0.03783
0.78033, 0.03764
0.78162, 0.03746
0.78291, 0.03727
0.78421, 0.03709
0.78549, 0.03690
0.78678, 0.03672
0.78806, 0.03653
0.78934, 0.03635
0.79062, 0.03616
0.79190, 0.03598
0.79317, 0.03579
0.79444, 0.03561
0.79571, 0.03543
0.79697, 0.03524
0.79824, 0.03506
0.79950, 0.03488
0.80075, 0.03469
0.80201, 0.03451
0.80326, 0.03433
0.80451, 0.03414
0.80575, 0.03396
0.80700, 0.03378
0.80824, 0.03360
0.80948, 0.03341
0.81071, 0.03323
0.81194, 0.03305
0.81317, 0.03286
0.81440, 0.03268
0.81562, 0.03250
0.81685, 0.03232
0.81806, 0.03213
0.81928, 0.03195
0.82049, 0.03177
0.82170, 0.03158
0.82290, 0.03140
0.82411, 0.03122
0.82531, 0.03104
0.82650, 0.03085
0.82770, 0.03067
0.82889, 0.03049
0.83008, 0.03030
0.83126, 0.03012
0.83244, 0.02994
0.83362, 0.02975
0.83479, 0.02957
0.83597, 0.02938
0.83713, 0.02920
0.83830, 0.02902
0.83946, 0.02883
0.84062, 0.02865
0.84177, 0.02846
0.84292, 0.02828
0.84407, 0.02809
0.84521, 0.02791
0.84635, 0.02773
0.84749, 0.02754
0.84862, 0.02736
0.84975, 0.02717
0.85088, 0.02699
0.85200, 0.02680
0.85312, 0.02662
0.85423, 0.02644
0.85534, 0.02625
0.85645, 0.02607
0.85755, 0.02588
0.85865, 0.02570
0.85975, 0.02552
0.86084, 0.02533
0.86193, 0.02515
0.86302, 0.02496
0.86410, 0.02478
0.86518, 0.02460
0.86625, 0.02441
0.86732, 0.02423
0.86839, 0.02405
0.86945, 0.02387
0.87051, 0.02368
0.87157, 0.02350
0.87262, 0.02332
0.87367, 0.02314
0.87471, 0.02295
0.87575, 0.02277
0.87679, 0.02259
0.87782, 0.02241
0.87885, 0.02223
0.87988, 0.02205
0.88090, 0.02187
0.88192, 0.02169
0.88293, 0.02151
0.88394, 0.02133
0.88495, 0.02115
0.88595, 0.02097
0.88695, 0.02079
0.88794, 0.02061
0.88893, 0.02043
0.88992, 0.02026
0.89090, 0.02008
0.89188, 0.01990
0.89286, 0.01972
0.89383, 0.01955
0.89479, 0.01937
0.89576, 0.01920
0.89671, 0.01902
0.89767, 0.01884
0.89862, 0.01867
0.89957, 0.01850
0.90051, 0.01832
0.90145, 0.01815
0.90238, 0.01797
0.90332, 0.01780
0.90424, 0.01763
0.90517, 0.01746
0.90608, 0.01729
0.90700, 0.01712
0.90791, 0.01694
0.90882, 0.01677
0.90972, 0.01660
0.91062, 0.01644
0.91151, 0.01627
0.91240, 0.01610
0.91329, 0.01593
0.91417, 0.01576
0.91505, 0.01560
0.91592, 0.01543
0.91679, 0.01527
0.91766, 0.01510
0.91852, 0.01494
0.91937, 0.01477
0.92023, 0.01461
0.92108, 0.01444
0.92192, 0.01428
0.92276, 0.01412
0.92360, 0.01396
0.92443, 0.01380
0.92526, 0.01364
0.92608, 0.01348
0.92690, 0.01332
0.92771, 0.01316
0.92853, 0.01300
0.92933, 0.01284
0.93013, 0.01269
0.93093, 0.01253
0.93173, 0.01238
0.93252, 0.01222
0.93330, 0.01207
0.93408, 0.01191
0.93486, 0.01176
0.93563, 0.01161
0.93640, 0.01146
0.93716, 0.01130
0.93792, 0.01115
0.93868, 0.01100
0.93943, 0.01086
0.94017, 0.01071
0.94092, 0.01056
0.94165, 0.01041
0.94239, 0.01027
0.94312, 0.01012
0.94384, 0.00998
0.94456, 0.00983
0.94528, 0.00969
0.94599, 0.00954
0.94669, 0.00940
0.94740, 0.00926
0.94809, 0.00912
0.94879, 0.00898
0.94948, 0.00884
0.95016, 0.00870
0.95084, 0.00857
0.95152, 0.00843
0.95219, 0.00829
0.95286, 0.00816
0.95352, 0.00802
0.95418, 0.00789
0.95483, 0.00775
0.95548, 0.00762
0.95612, 0.00749
0.95676, 0.00736
0.95740, 0.00723
0.95803, 0.00710
0.95866, 0.00697
0.95928, 0.00685
0.95990, 0.00672
0.96051, 0.00659
0.96112, 0.00647
0.96172, 0.00634
0.96232, 0.00622
0.96292, 0.00610
0.96351, 0.00597
0.96409, 0.00585
0.96467, 0.00573
0.96525, 0.00561
0.96582, 0.00550
0.96639, 0.00538
0.96695, 0.00526
0.96751, 0.00515
0.96807, 0.00503
0.96861, 0.00492
0.96916, 0.00480
0.96970, 0.00469
0.97023, 0.00458
0.97076, 0.00447
0.97129, 0.00436
0.97181, 0.00425
0.97233, 0.00414
0.97284, 0.00403
0.97335, 0.00393
0.97385, 0.00382
0.97435, 0.00372
0.97484, 0.00361
0.97533, 0.00351
0.97582, 0.00341
0.97630, 0.00331
0.97677, 0.00321
0.97724, 0.00311
0.97771, 0.00301
0.97817, 0.00291
0.97862, 0.00282
0.97907, 0.00272
0.97952, 0.00263
0.97996, 0.00254
0.98040, 0.00244
0.98083, 0.00235
0.98126, 0.00226
0.98168, 0.00217
0.98210, 0.00208
0.98252, 0.00199
0.98292, 0.00191
0.98333, 0.00182
0.98373, 0.00174
0.98412, 0.00165
0.98451, 0.00157
0.98490, 0.00149
0.98528, 0.00141
0.98565, 0.00133
0.98603, 0.00125
0.98639, 0.00117
0.98675, 0.00109
0.98711, 0.00102
0.98746, 0.00094
0.98781, 0.00087
0.98815, 0.00079
0.98849, 0.00072
0.98882, 0.00065
0.98915, 0.00058
0.98947, 0.00051
0.98979, 0.00044
0.99010, 0.00038
0.99041, 0.00031
0.99072, 0.00024
0.99102, 0.00018
0.99131, 0.00012
0.99160, 0.00005
0.99188, -0.00001
0.99216, -0.00007
0.99244, -0.00013
0.99271, -0.00018
0.99298, -0.00024
0.99324, -0.00030
0.99349, -0.00035
0.99374, -0.00041
0.99399, -0.00046
0.99423, -0.00051
0.99447, -0.00056
0.99470, -0.00061
0.99493, -0.00066
0.99515, -0.00071
0.99536, -0.00076
0.99558, -0.00080
0.99578, -0.00085
0.99599, -0.00089
0.99618, -0.00093
0.99638, -0.00097
0.99657, -0.00102
0.99675, -0.00105
0.99693, -0.00109
0.99710, -0.00113
0.99727, -0.00117
0.99743, -0.00120
0.99759, -0.00124
0.99774, -0.00127
0.99789, -0.00130
0.99804, -0.00133
0.99818, -0.00136
0.99831, -0.00139
0.99844, -0.00142
0.99857, -0.00145
0.99869, -0.00147
0.99880, -0.00150
0.99891, -0.00152
0.99902, -0.00155
0.99912, -0.00157
0.99921, -0.00159
0.99930, -0.00161
0.99939, -0.00163
0.99947, -0.00164
0.99954, -0.00166
0.99961, -0.00168
0.99968, -0.00169
0.99974, -0.00170
0.99980, -0.00172
0.99985, -0.00173
0.99990, -0.00174
0.99994, -0.00175
0.99997, -0.00175
1.00001, -0.00176
1.00003, -0.00177
1.00006, -0.00177
1.00007, -0.00177
1.00009, -0.00178
1.00014, -0.00178
1.00016, -0.00179

=== Lower Surface ===
0.00000, 0.01658
0.00005, 0.01631
0.00007, 0.01603
0.00011, 0.01575
0.00015, 0.01547
0.00020, 0.01520
0.00026, 0.01493
0.00032, 0.01465
0.00038, 0.01438
0.00045, 0.01411
0.00052, 0.01384
0.00060, 0.01357
0.00069, 0.01330
0.00078, 0.01303
0.00087, 0.01277
0.00097, 0.01250
0.00107, 0.01223
0.00118, 0.01197
0.00130, 0.01171
0.00141, 0.01144
0.00154, 0.01118
0.00166, 0.01092
0.00180, 0.01066
0.00193, 0.01040
0.00208, 0.01014
0.00222, 0.00989
0.00238, 0.00963
0.00253, 0.00937
0.00270, 0.00912
0.00286, 0.00887
0.00303, 0.00861
0.00321, 0.00836
0.00339, 0.00811
0.00358, 0.00786
0.00377, 0.00761
0.00396, 0.00736
0.00416, 0.00711
0.00437, 0.00687
0.00458, 0.00662
0.00479, 0.00637
0.00501, 0.00613
0.00524, 0.00589
0.00546, 0.00564
0.00570, 0.00540
0.00594, 0.00516
0.00618, 0.00492
0.00643, 0.00468
0.00668, 0.00444
0.00694, 0.00421
0.00720, 0.00397
0.00747, 0.00373
0.00774, 0.00350
0.00801, 0.00327
0.00829, 0.00303
0.00858, 0.00280
0.00887, 0.00257
0.00917, 0.00234
0.00947, 0.00211
0.00977, 0.00188
0.01008, 0.00165
0.01039, 0.00143
0.01071, 0.00120
0.01103, 0.00097
0.01136, 0.00075
0.01169, 0.00053
0.01203, 0.00030
0.01237, 0.00008
0.01272, -0.00014
0.01307, -0.00036
0.01343, -0.00058
0.01379, -0.00080
0.01415, -0.00102
0.01452, -0.00123
0.01489, -0.00145
0.01527, -0.00166
0.01566, -0.00188
0.01604, -0.00209
0.01644, -0.00231
0.01683, -0.00252
0.01724, -0.00273
0.01764, -0.00294
0.01805, -0.00315
0.01847, -0.00336
0.01889, -0.00356
0.01931, -0.00377
0.01974, -0.00398
0.02017, -0.00418
0.02061, -0.00439
0.02105, -0.00459
0.02150, -0.00479
0.02195, -0.00500
0.02241, -0.00520
0.02287, -0.00540
0.02333, -0.00560
0.02380, -0.00580
0.02427, -0.00599
0.02475, -0.00619
0.02524, -0.00639
0.02572, -0.00658
0.02621, -0.00678
0.02671, -0.00697
0.02721, -0.00716
0.02771, -0.00736
0.02822, -0.00755
0.02874, -0.00774
0.02925, -0.00793
0.02978, -0.00812
0.03030, -0.00831
0.03083, -0.00850
0.03137, -0.00868
0.03191, -0.00887
0.03245, -0.00905
0.03300, -0.00924
0.03355, -0.00942
0.03411, -0.00961
0.03467, -0.00979
0.03524, -0.00997
0.03581, -0.01015
0.03638, -0.01033
0.03696, -0.01051
0.03754, -0.01069
0.03813, -0.01087
0.03872, -0.01104
0.03931, -0.01122
0.03991, -0.01140
0.04052, -0.01157
0.04113, -0.01175
0.04174, -0.01192
0.04235, -0.01209
0.04298, -0.01227
0.04360, -0.01244
0.04423, -0.01261
0.04486, -0.01278
0.04550, -0.01295
0.04614, -0.01312
0.04679, -0.01328
0.04744, -0.01345
0.04809, -0.01362
0.04875, -0.01378
0.04941, -0.01395
0.05008, -0.01411
0.05075, -0.01428
0.05142, -0.01444
0.05210, -0.01461
0.05278, -0.01477
0.05347, -0.01493
0.05416, -0.01509
0.05485, -0.01525
0.05555, -0.01541
0.05625, -0.01557
0.05696, -0.01573
0.05767, -0.01588
0.05838, -0.01604
0.05910, -0.01620
0.05982, -0.01635
0.06055, -0.01651
0.06128, -0.01666
0.06202, -0.01682
0.06275, -0.01697
0.06350, -0.01712
0.06424, -0.01728
0.06499, -0.01743
0.06574, -0.01758
0.06650, -0.01773
0.06726, -0.01788
0.06803, -0.01803
0.06880, -0.01818
0.06957, -0.01833
0.07035, -0.01848
0.07113, -0.01862
0.07191, -0.01877
0.07270, -0.01892
0.07349, -0.01906
0.07429, -0.01921
0.07509, -0.01935
0.07589, -0.01950
0.07670, -0.01964
0.07751, -0.01979
0.07832, -0.01993
0.07914, -0.02007
0.07996, -0.02021
0.08079, -0.02036
0.08162, -0.02050
0.08245, -0.02064
0.08329, -0.02078
0.08413, -0.02092
0.08497, -0.02106
0.08582, -0.02120
0.08667, -0.02134
0.08753, -0.02147
0.08838, -0.02161
0.08925, -0.02175
0.09011, -0.02189
0.09098, -0.02202
0.09185, -0.02216
0.09273, -0.02230
0.09361, -0.02243
0.09449, -0.02257
0.09538, -0.02270
0.09627, -0.02284
0.09716, -0.02297
0.09806, -0.02311
0.09896, -0.02324
0.09987, -0.02337
0.10077, -0.02351
0.10168, -0.02364
0.10260, -0.02377
0.10352, -0.02391
0.10444, -0.02404
0.10536, -0.02417
0.10629, -0.02430
0.10722, -0.02443
0.10816, -0.02457
0.10910, -0.02470
0.11004, -0.02483
0.11098, -0.02496
0.11193, -0.02509
0.11288, -0.02522
0.11384, -0.02535
0.11480, -0.02548
0.11576, -0.02561
0.11672, -0.02574
0.11769, -0.02587
0.11866, -0.02600
0.11963, -0.02613
0.12061, -0.02626
0.12159, -0.02639
0.12258, -0.02652
0.12356, -0.02665
0.12456, -0.02678
0.12555, -0.02690
0.12655, -0.02703
0.12755, -0.02716
0.12855, -0.02729
0.12955, -0.02742
0.13056, -0.02755
0.13158, -0.02768
0.13259, -0.02781
0.13361, -0.02794
0.13463, -0.02807
0.13566, -0.02819
0.13669, -0.02832
0.13772, -0.02845
0.13876, -0.02858
0.13980, -0.02871
0.14085, -0.02884
0.14189, -0.02897
0.14295, -0.02910
0.14400, -0.02923
0.14506, -0.02936
0.14612, -0.02949
0.14719, -0.02961
0.14826, -0.02974
0.14933, -0.02987
0.15041, -0.03000
0.15149, -0.03013
0.15258, -0.03026
0.15367, -0.03039
0.15476, -0.03052
0.15586, -0.03065
0.15696, -0.03078
0.15806, -0.03091
0.15917, -0.03104
0.16028, -0.03116
0.16139, -0.03129
0.16251, -0.03142
0.16363, -0.03155
0.16476, -0.03168
0.16589, -0.03181
0.16702, -0.03194
0.16816, -0.03207
0.16930, -0.03219
0.17044, -0.03232
0.17159, -0.03245
0.17274, -0.03258
0.17390, -0.03271
0.17506, -0.03284
0.17622, -0.03296
0.17739, -0.03309
0.17856, -0.03322
0.17973, -0.03335
0.18091, -0.03347
0.18209, -0.03360
0.18328, -0.03373
0.18446, -0.03385
0.18566, -0.03398
0.18685, -0.03411
0.18805, -0.03423
0.18926, -0.03436
0.19046, -0.03448
0.19167, -0.03461
0.19289, -0.03473
0.19410, -0.03486
0.19533, -0.03498
0.19655, -0.03511
0.19778, -0.03523
0.19901, -0.03535
0.20025, -0.03548
0.20149, -0.03560
0.20273, -0.03572
0.20398, -0.03584
0.20524, -0.03597
0.20649, -0.03609
0.20775, -0.03621
0.20901, -0.03633
0.21028, -0.03645
0.21155, -0.03657
0.21283, -0.03669
0.21411, -0.03680
0.21539, -0.03692
0.21668, -0.03704
0.21797, -0.03715
0.21926, -0.03727
0.22056, -0.03739
0.22186, -0.03750
0.22317, -0.03761
0.22448, -0.03773
0.22579, -0.03784
0.22711, -0.03795
0.22843, -0.03806
0.22976, -0.03817
0.23109, -0.03828
0.23242, -0.03839
0.23376, -0.03850
0.23510, -0.03860
0.23644, -0.03871
0.23779, -0.03881
0.23914, -0.03892
0.24050, -0.03902
0.24186, -0.03912
0.24322, -0.03922
0.24459, -0.03932
0.24596, -0.03942
0.24733, -0.03951
0.24871, -0.03961
0.25009, -0.03970
0.25148, -0.03980
0.25287, -0.03989
0.25426, -0.03998
0.25566, -0.04007
0.25706, -0.04016
0.25847, -0.04024
0.25987, -0.04033
0.26129, -0.04041
0.26270, -0.04049
0.26412, -0.04057
0.26554, -0.04065
0.26696, -0.04073
0.26839, -0.04081
0.26982, -0.04088
0.27125, -0.04095
0.27268, -0.04102
0.27412, -0.04109
0.27556, -0.04116
0.27700, -0.04122
0.27844, -0.04129
0.27988, -0.04135
0.28133, -0.04141
0.28278, -0.04147
0.28423, -0.04153
0.28568, -0.04158
0.28713, -0.04164
0.28859, -0.04169
0.29004, -0.04174
0.29150, -0.04179
0.29296, -0.04184
0.29443, -0.04189
0.29589, -0.04193
0.29736, -0.04197
0.29883, -0.04202
0.30030, -0.04206
0.30177, -0.04210
0.30325, -0.04213
0.30472, -0.04217
0.30620, -0.04220
0.30768, -0.04223
0.30916, -0.04226
0.31064, -0.04229
0.31213, -0.04232
0.31361, -0.04235
0.31510, -0.04237
0.31659, -0.04240
0.31808, -0.04242
0.31957, -0.04244
0.32107, -0.04246
0.32256, -0.04247
0.32406, -0.04249
0.32556, -0.04250
0.32706, -0.04252
0.32856, -0.04253
0.33007, -0.04254
0.33158, -0.04255
0.33310, -0.04255
0.33461, -0.04256
0.33613, -0.04256
0.33765, -0.04256
0.33917, -0.04256
0.34069, -0.04256
0.34221, -0.04256
0.34374, -0.04255
0.34526, -0.04255
0.34679, -0.04254
0.34832, -0.04253
0.34984, -0.04252
0.35138, -0.04250
0.35291, -0.04249
0.35444, -0.04247
0.35597, -0.04246
0.35751, -0.04244
0.35904, -0.04242
0.36058, -0.04240
0.36212, -0.04237
0.36366, -0.04235
0.36520, -0.04232
0.36674, -0.04229
0.36828, -0.04226
0.36983, -0.04223
0.37137, -0.04220
0.37291, -0.04216
0.37446, -0.04213
0.37601, -0.04209
0.37755, -0.04205
0.37910, -0.04201
0.38065, -0.04197
0.38220, -0.04193
0.38375, -0.04189
0.38530, -0.04184
0.38685, -0.04179
0.38840, -0.04175
0.38996, -0.04170
0.39151, -0.04165
0.39307, -0.04160
0.39462, -0.04154
0.39618, -0.04149
0.39773, -0.04143
0.39929, -0.04138
0.40084, -0.04132
0.40240, -0.04126
0.40396, -0.04120
0.40552, -0.04114
0.40708, -0.04107
0.40864, -0.04101
0.41020, -0.04095
0.41176, -0.04088
0.41332, -0.04081
0.41488, -0.04074
0.41644, -0.04068
0.41800, -0.04060
0.41956, -0.04053
0.42112, -0.04046
0.42269, -0.04039
0.42425, -0.04031
0.42581, -0.04024
0.42738, -0.04016
0.42894, -0.04009
0.43050, -0.04001
0.43207, -0.03993
0.43363, -0.03985
0.43520, -0.03977
0.43676, -0.03969
0.43833, -0.03960
0.43989, -0.03952
0.44146, -0.03944
0.44302, -0.03935
0.44459, -0.03927
0.44615, -0.03918
0.44772, -0.03909
0.44928, -0.03901
0.45085, -0.03892
0.45242, -0.03883
0.45398, -0.03874
0.45555, -0.03865
0.45711, -0.03856
0.45868, -0.03847
0.46025, -0.03837
0.46181, -0.03828
0.46338, -0.03819
0.46495, -0.03809
0.46651, -0.03800
0.46808, -0.03790
0.46964, -0.03781
0.47121, -0.03771
0.47278, -0.03761
0.47434, -0.03751
0.47591, -0.03742
0.47748, -0.03732
0.47904, -0.03722
0.48061, -0.03712
0.48217, -0.03702
0.48374, -0.03692
0.48531, -0.03682
0.48687, -0.03672
0.48844, -0.03662
0.49000, -0.03651
0.49157, -0.03641
0.49313, -0.03631
0.49470, -0.03621
0.49626, -0.03610
0.49783, -0.03600
0.49939, -0.03589
0.50096, -0.03579
0.50252, -0.03569
0.50409, -0.03558
0.50565, -0.03548
0.50721, -0.03537
0.50878, -0.03526
0.51034, -0.03516
0.51190, -0.03505
0.51347, -0.03494
0.51503, -0.03484
0.51659, -0.03473
0.51815, -0.03462
0.51972, -0.03452
0.52128, -0.03441
0.52284, -0.03430
0.52440, -0.03419
0.52596, -0.03408
0.52752, -0.03397
0.52908, -0.03387
0.53064, -0.03376
0.53220, -0.03365
0.53376, -0.03354
0.53532, -0.03343
0.53688, -0.03332
0.53844, -0.03321
0.53999, -0.03310
0.54155, -0.03299
0.54311, -0.03288
0.54466, -0.03277
0.54622, -0.03266
0.54777, -0.03255
0.54933, -0.03244
0.55088, -0.03233
0.55244, -0.03221
0.55399, -0.03210
0.55555, -0.03199
0.55710, -0.03188
0.55865, -0.03177
0.56020, -0.03166
0.56175, -0.03155
0.56330, -0.03144
0.56485, -0.03132
0.56640, -0.03121
0.56795, -0.03110
0.56950, -0.03099
0.57104, -0.03088
0.57259, -0.03076
0.57414, -0.03065
0.57568, -0.03054
0.57723, -0.03043
0.57877, -0.03032
0.58031, -0.03020
0.58185, -0.03009
0.58340, -0.02998
0.58494, -0.02987
0.58648, -0.02975
0.58802, -0.02964
0.58955, -0.02953
0.59109, -0.02942
0.59263, -0.02931
0.59416, -0.02919
0.59570, -0.02908
0.59723, -0.02897
0.59876, -0.02886
0.60030, -0.02874
0.60183, -0.02863
0.60336, -0.02852
0.60488, -0.02841
0.60641, -0.02829
0.60794, -0.02818
0.60946, -0.02807
0.61099, -0.02796
0.61251, -0.02785
0.61403, -0.02773
0.61556, -0.02762
0.61708, -0.02751
0.61859, -0.02740
0.62011, -0.02729
0.62163, -0.02718
0.62314, -0.02706
0.62466, -0.02695
0.62617, -0.02684
0.62768, -0.02673
0.62919, -0.02662
0.63070, -0.02651
0.63221, -0.02640
0.63371, -0.02629
0.63522, -0.02618
0.63672, -0.02606
0.63822, -0.02595
0.63972, -0.02584
0.64122, -0.02573
0.64272, -0.02562
0.64421, -0.02551
0.64571, -0.02541
0.64720, -0.02530
0.64868, -0.02519
0.65011, -0.02508
0.65137, -0.02497
0.65219, -0.02486
0.65219, -0.02471
0.65119, -0.02445
0.64982, -0.02407
0.64933, -0.02383
0.65073, -0.02409
0.65402, -0.02478
0.65820, -0.02544
0.66203, -0.02578
0.66493, -0.02586
0.66703, -0.02582
0.66871, -0.02575
0.67023, -0.02567
0.67170, -0.02559
0.67317, -0.02551
0.67463, -0.02543
0.67609, -0.02535
0.67755, -0.02527
0.67900, -0.02519
0.68046, -0.02511
0.68192, -0.02503
0.68337, -0.02496
0.68483, -0.02488
0.68628, -0.02480
0.68773, -0.02472
0.68918, -0.02465
0.69063, -0.02457
0.69208, -0.02449
0.69352, -0.02442
0.69497, -0.02434
0.69641, -0.02426
0.69786, -0.02419
0.69930, -0.02411
0.70074, -0.02403
0.70218, -0.02396
0.70361, -0.02388
0.70505, -0.02381
0.70648, -0.02373
0.70792, -0.02365
0.70935, -0.02358
0.71078, -0.02350
0.71221, -0.02342
0.71363, -0.02335
0.71506, -0.02327
0.71648, -0.02319
0.71791, -0.02312
0.71933, -0.02304
0.72075, -0.02296
0.72216, -0.02288
0.72358, -0.02280
0.72499, -0.02273
0.72640, -0.02265
0.72781, -0.02257
0.72922, -0.02249
0.73063, -0.02241
0.73203, -0.02233
0.73344, -0.02225
0.73484, -0.02217
0.73624, -0.02208
0.73763, -0.02200
0.73903, -0.02192
0.74042, -0.02184
0.74181, -0.02175
0.74320, -0.02167
0.74459, -0.02158
0.74597, -0.02150
0.74736, -0.02141
0.74874, -0.02133
0.75011, -0.02124
0.75149, -0.02115
0.75286, -0.02106
0.75423, -0.02098
0.75560, -0.02089
0.75696, -0.02080
0.75832, -0.02071
0.75967, -0.02062
0.76103, -0.02052
0.76238, -0.02043
0.76373, -0.02034
0.76507, -0.02025
0.76641, -0.02015
0.76775, -0.02006
0.76909, -0.01997
0.77042, -0.01987
0.77175, -0.01978
0.77307, -0.01969
0.77440, -0.01959
0.77572, -0.01950
0.77703, -0.01940
0.77834, -0.01931
0.77965, -0.01921
0.78096, -0.01912
0.78227, -0.01902
0.78357, -0.01892
0.78486, -0.01883
0.78616, -0.01873
0.78745, -0.01864
0.78874, -0.01854
0.79002, -0.01844
0.79130, -0.01835
0.79258, -0.01825
0.79386, -0.01816
0.79513, -0.01806
0.79640, -0.01796
0.79766, -0.01787
0.79893, -0.01777
0.80018, -0.01768
0.80144, -0.01758
0.80269, -0.01749
0.80394, -0.01739
0.80519, -0.01730
0.80643, -0.01720
0.80767, -0.01711
0.80891, -0.01701
0.81014, -0.01692
0.81137, -0.01683
0.81260, -0.01673
0.81382, -0.01664
0.81504, -0.01655
0.81625, -0.01646
0.81747, -0.01636
0.81868, -0.01627
0.81988, -0.01618
0.82109, -0.01609
0.82229, -0.01600
0.82348, -0.01591
0.82468, -0.01582
0.82587, -0.01573
0.82705, -0.01564
0.82823, -0.01555
0.82941, -0.01546
0.83059, -0.01537
0.83176, -0.01529
0.83293, -0.01520
0.83410, -0.01511
0.83526, -0.01503
0.83642, -0.01494
0.83758, -0.01486
0.83873, -0.01477
0.83988, -0.01469
0.84103, -0.01461
0.84217, -0.01452
0.84331, -0.01444
0.84445, -0.01436
0.84559, -0.01428
0.84672, -0.01420
0.84784, -0.01412
0.84897, -0.01404
0.85009, -0.01396
0.85121, -0.01388
0.85232, -0.01380
0.85343, -0.01372
0.85454, -0.01364
0.85564, -0.01357
0.85674, -0.01349
0.85784, -0.01341
0.85893, -0.01334
0.86002, -0.01326
0.86111, -0.01318
0.86219, -0.01311
0.86327, -0.01304
0.86435, -0.01296
0.86542, -0.01289
0.86649, -0.01281
0.86756, -0.01274
0.86862, -0.01267
0.86968, -0.01260
0.87073, -0.01253
0.87179, -0.01245
0.87283, -0.01238
0.87388, -0.01231
0.87492, -0.01224
0.87596, -0.01217
0.87699, -0.01210
0.87802, -0.01203
0.87905, -0.01197
0.88007, -0.01190
0.88109, -0.01183
0.88210, -0.01176
0.88312, -0.01170
0.88412, -0.01163
0.88513, -0.01156
0.88613, -0.01150
0.88712, -0.01143
0.88812, -0.01136
0.88911, -0.01130
0.89009, -0.01124
0.89107, -0.01117
0.89205, -0.01111
0.89302, -0.01104
0.89399, -0.01098
0.89496, -0.01092
0.89592, -0.01085
0.89688, -0.01079
0.89784, -0.01073
0.89879, -0.01067
0.89973, -0.01061
0.90068, -0.01055
0.90162, -0.01049
0.90255, -0.01043
0.90348, -0.01037
0.90441, -0.01031
0.90533, -0.01025
0.90625, -0.01019
0.90717, -0.01013
0.90808, -0.01007
0.90899, -0.01001
0.90989, -0.00996
0.91079, -0.00990
0.91168, -0.00984
0.91257, -0.00978
0.91346, -0.00973
0.91435, -0.00967
0.91522, -0.00962
0.91610, -0.00956
0.91697, -0.00951
0.91784, -0.00945
0.91870, -0.00940
0.91956, -0.00934
0.92041, -0.00929
0.92126, -0.00923
0.92211, -0.00918
0.92295, -0.00913
0.92379, -0.00907
0.92462, -0.00902
0.92545, -0.00897
0.92628, -0.00892
0.92710, -0.00887
0.92792, -0.00882
0.92873, -0.00876
0.92954, -0.00871
0.93034, -0.00866
0.93114, -0.00861
0.93194, -0.00856
0.93273, -0.00851
0.93352, -0.00846
0.93430, -0.00842
0.93508, -0.00837
0.93585, -0.00832
0.93662, -0.00827
0.93739, -0.00822
0.93815, -0.00817
0.93891, -0.00813
0.93966, -0.00808
0.94041, -0.00803
0.94115, -0.00799
0.94189, -0.00794
0.94263, -0.00789
0.94336, -0.00785
0.94408, -0.00780
0.94481, -0.00776
0.94552, -0.00771
0.94624, -0.00767
0.94695, -0.00763
0.94765, -0.00758
0.94835, -0.00754
0.94905, -0.00749
0.94974, -0.00745
0.95042, -0.00741
0.95111, -0.00737
0.95178, -0.00732
0.95246, -0.00728
0.95312, -0.00724
0.95379, -0.00720
0.95445, -0.00716
0.95510, -0.00712
0.95575, -0.00708
0.95640, -0.00704
0.95704, -0.00700
0.95768, -0.00696
0.95831, -0.00692
0.95894, -0.00688
0.95956, -0.00684
0.96018, -0.00680
0.96080, -0.00676
0.96141, -0.00672
0.96201, -0.00669
0.96261, -0.00665
0.96321, -0.00661
0.96380, -0.00657
0.96439, -0.00654
0.96497, -0.00650
0.96555, -0.00647
0.96612, -0.00643
0.96669, -0.00639
0.96725, -0.00636
0.96781, -0.00632
0.96836, -0.00629
0.96891, -0.00625
0.96946, -0.00622
0.97000, -0.00619
0.97053, -0.00615
0.97107, -0.00612
0.97159, -0.00609
0.97211, -0.00605
0.97263, -0.00602
0.97314, -0.00599
0.97365, -0.00596
0.97415, -0.00593
0.97465, -0.00590
0.97514, -0.00586
0.97563, -0.00583
0.97612, -0.00580
0.97659, -0.00577
0.97707, -0.00574
0.97754, -0.00571
0.97800, -0.00568
0.97846, -0.00566
0.97892, -0.00563
0.97937, -0.00560
0.97981, -0.00557
0.98026, -0.00554
0.98069, -0.00552
0.98112, -0.00549
0.98155, -0.00546
0.98197, -0.00543
0.98239, -0.00541
0.98280, -0.00538
0.98321, -0.00536
0.98361, -0.00533
0.98401, -0.00531
0.98440, -0.00528
0.98479, -0.00526
0.98517, -0.00523
0.98555, -0.00521
0.98592, -0.00518
0.98629, -0.00516
0.98666, -0.00514
0.98701, -0.00512
0.98737, -0.00509
0.98772, -0.00507
0.98806, -0.00505
0.98840, -0.00503
0.98874, -0.00501
0.98907, -0.00499
0.98939, -0.00496
0.98971, -0.00494
0.99003, -0.00492
0.99034, -0.00490
0.99064, -0.00489
0.99094, -0.00487
0.99124, -0.00485
0.99153, -0.00483
0.99181, -0.00481
0.99209, -0.00479
0.99237, -0.00478
0.99264, -0.00476
0.99291, -0.00474
0.99317, -0.00472
0.99342, -0.00471
0.99367, -0.00469
0.99392, -0.00468
0.99416, -0.00466
0.99440, -0.00465
0.99463, -0.00463
0.99486, -0.00462
0.99508, -0.00460
0.99529, -0.00459
0.99551, -0.00457
0.99571, -0.00456
0.99591, -0.00455
0.99611, -0.00454
0.99630, -0.00452
0.99649, -0.00451
0.99667, -0.00450
0.99685, -0.00449
0.99702, -0.00448
0.99719, -0.00447
0.99735, -0.00446
0.99751, -0.00445
0.99766, -0.00444
0.99781, -0.00443
0.99795, -0.00442
0.99809, -0.00441
0.99822, -0.00440
0.99835, -0.00439
0.99847, -0.00438
0.99859, -0.00438
0.99870, -0.00437
0.99880, -0.00436
0.99891, -0.00436
0.99900, -0.00435
0.99910, -0.00434
0.99918, -0.00434
0.99927, -0.00433
0.99934, -0.00433
0.99942, -0.00432
0.99948, -0.00432
0.99955, -0.00432
0.99960, -0.00431
0.99966, -0.00431
0.99970, -0.00431
0.99975, -0.00430
0.99978, -0.00430
0.99982, -0.00430
0.99984, -0.00430
0.99987, -0.00429
0.99988, -0.00429
0.99989, -0.00429
0.99985, -0.00429
0.99984, -0.00429
