=== Airfoil Parameters ===
m = 0.02
p = 0.4
t = 0.12

=== Control Points ===
0.00000, 0.01974, 0.01974
0.06667, 0.02252, 0.01641
0.13333, 0.02293, 0.01182
0.20000, 0.02344, 0.00844
0.26667, 0.02566, 0.00789
0.66667, 0.02734, 0.01129
0.75000, 0.03286, 0.01967
0.83333, 0.04212, 0.03256
0.91667, 0.05161, 0.04644
1.00000, 0.05559, 0.05559

=== Upper Surface ===
0.00000, 0.01974
-0.00003, 0.02002
-0.00003, 0.02030
-0.00004, 0.02058
-0.00004, 0.02086
-0.00004, 0.02114
-0.00003, 0.02142
-0.00002, 0.02170
0.00000, 0.02198
0.00002, 0.02226
0.00005, 0.02254
0.00008, 0.02281
0.00012, 0.02309
0.00016, 0.02337
0.00021, 0.02365
0.00026, 0.02393
0.00032, 0.02421
0.00038, 0.02449
0.00045, 0.02477
0.00052, 0.02505
0.00060, 0.02533
0.00069, 0.02560
0.00077, 0.02588
0.00087, 0.02616
0.00096, 0.02644
0.00107, 0.02672
0.00118, 0.02700
0.00129, 0.02727
0.00141, 0.02755
0.00153, 0.02783
0.00166, 0.02811
0.00179, 0.02839
0.00193, 0.02867
0.00208, 0.02894
0.00222, 0.02922
0.00238, 0.02950
0.00254, 0.02978
0.00270, 0.03005
0.00287, 0.03033
0.00304, 0.03061
0.00322, 0.03089
0.00341, 0.03116
0.00360, 0.03144
0.00379, 0.03172
0.00399, 0.03199
0.00420, 0.03227
0.00441, 0.03255
0.00462, 0.03282
0.00484, 0.03310
0.00507, 0.03337
0.00530, 0.03365
0.00553, 0.03392
0.00577, 0.03420
0.00602, 0.03448
0.00627, 0.03475
0.00652, 0.03502
0.00678, 0.03530
0.00705, 0.03557
0.00732, 0.03585
0.00760, 0.03612
0.00788, 0.03640
0.00817, 0.03667
0.00846, 0.03694
0.00875, 0.03721
0.00905, 0.03749
0.00936, 0.03776
0.00967, 0.03803
0.00999, 0.03830
0.01031, 0.03858
0.01064, 0.03885
0.01097, 0.03912
0.01131, 0.03939
0.01165, 0.03966
0.01200, 0.03993
0.01235, 0.04020
0.01271, 0.04047
0.01307, 0.04074
0.01344, 0.04101
0.01381, 0.04127
0.01419, 0.04154
0.01457, 0.04181
0.01496, 0.04208
0.01535, 0.04234
0.01575, 0.04261
0.01616, 0.04288
0.01656, 0.04314
0.01698, 0.04341
0.01740, 0.04367
0.01782, 0.04394
0.01825, 0.04420
0.01868, 0.04446
0.01912, 0.04473
0.01956, 0.04499
0.02001, 0.04525
0.02046, 0.04551
0.02092, 0.04578
0.02139, 0.04604
0.02186, 0.04630
0.02233, 0.04656
0.02281, 0.04682
0.02329, 0.04707
0.02378, 0.04733
0.02427, 0.04759
0.02477, 0.04785
0.02527, 0.04810
0.02578, 0.04836
0.02630, 0.04861
0.02682, 0.04887
0.02734, 0.04912
0.02787, 0.04938
0.02840, 0.04963
0.02894, 0.04988
0.02948, 0.05013
0.03003, 0.05038
0.03058, 0.05063
0.03114, 0.05088
0.03170, 0.05113
0.03227, 0.05138
0.03284, 0.05163
0.03342, 0.05188
0.03400, 0.05212
0.03459, 0.05237
0.03518, 0.05261
0.03578, 0.05286
0.03638, 0.05310
0.03698, 0.05334
0.03759, 0.05358
0.03821, 0.05383
0.03883, 0.05407
0.03946, 0.05431
0.04009, 0.05454
0.04072, 0.05478
0.04136, 0.05502
0.04201, 0.05526
0.04266, 0.05549
0.04331, 0.05573
0.04397, 0.05596
0.04463, 0.05619
0.04530, 0.05643
0.04597, 0.05666
0.04665, 0.05689
0.04733, 0.05712
0.04802, 0.05735
0.04871, 0.05757
0.04941, 0.05780
0.05011, 0.05803
0.05081, 0.05825
0.05152, 0.05848
0.05224, 0.05870
0.05296, 0.05892
0.05368, 0.05915
0.05441, 0.05937
0.05514, 0.05959
0.05588, 0.05980
0.05662, 0.06002
0.05737, 0.06024
0.05812, 0.06046
0.05887, 0.06067
0.05963, 0.06088
0.06040, 0.06110
0.06116, 0.06131
0.06194, 0.06152
0.06271, 0.06173
0.06350, 0.06194
0.06428, 0.06215
0.06507, 0.06235
0.06587, 0.06256
0.06667, 0.06277
0.06747, 0.06297
0.06828, 0.06317
0.06909, 0.06337
0.06991, 0.06358
0.07073, 0.06378
0.07156, 0.06397
0.07239, 0.06417
0.07322, 0.06437
0.07406, 0.06456
0.07490, 0.06476
0.07575, 0.06495
0.07660, 0.06514
0.07745, 0.06534
0.07831, 0.06553
0.07917, 0.06572
0.08004, 0.06590
0.08091, 0.06609
0.08179, 0.06628
0.08267, 0.06646
0.08355, 0.06664
0.08444, 0.06683
0.08533, 0.06701
0.08623, 0.06719
0.08713, 0.06737
0.08803, 0.06755
0.08894, 0.06772
0.08985, 0.06790
0.09076, 0.06808
0.09168, 0.06825
0.09261, 0.06842
0.09353, 0.06859
0.09447, 0.06876
0.09540, 0.06893
0.09634, 0.06910
0.09728, 0.06927
0.09823, 0.06943
0.09918, 0.06960
0.10013, 0.06976
0.10109, 0.06993
0.10205, 0.07009
0.10302, 0.07025
0.10399, 0.07041
0.10496, 0.07057
0.10594, 0.07072
0.10692, 0.07088
0.10790, 0.07103
0.10889, 0.07119
0.10988, 0.07134
0.11087, 0.07149
0.11187, 0.07164
0.11287, 0.07179
0.11388, 0.07194
0.11489, 0.07209
0.11590, 0.07224
0.11691, 0.07238
0.11793, 0.07253
0.11895, 0.07267
0.11998, 0.07281
0.12101, 0.07295
0.12204, 0.07309
0.12308, 0.07323
0.12412, 0.07337
0.12516, 0.07351
0.12621, 0.07364
0.12726, 0.07378
0.12831, 0.07391
0.12936, 0.07405
0.13042, 0.07418
0.13149, 0.07431
0.13255, 0.07444
0.13362, 0.07457
0.13469, 0.07470
0.13577, 0.07483
0.13684, 0.07495
0.13792, 0.07508
0.13901, 0.07520
0.14009, 0.07533
0.14118, 0.07545
0.14228, 0.07557
0.14337, 0.07569
0.14447, 0.07581
0.14557, 0.07593
0.14667, 0.07605
0.14778, 0.07617
0.14889, 0.07629
0.15000, 0.07640
0.15111, 0.07652
0.15223, 0.07663
0.15335, 0.07675
0.15447, 0.07686
0.15560, 0.07697
0.15672, 0.07708
0.15785, 0.07720
0.15898, 0.07731
0.16012, 0.07742
0.16126, 0.07753
0.16240, 0.07763
0.16354, 0.07774
0.16468, 0.07785
0.16583, 0.07796
0.16698, 0.07806
0.16813, 0.07817
0.16929, 0.07828
0.17044, 0.07838
0.17160, 0.07849
0.17276, 0.07859
0.17392, 0.07869
0.17509, 0.07880
0.17626, 0.07890
0.17743, 0.07900
0.17860, 0.07911
0.17977, 0.07921
0.18095, 0.07931
0.18213, 0.07941
0.18331, 0.07951
0.18449, 0.07961
0.18567, 0.07971
0.18686, 0.07982
0.18805, 0.07992
0.18924, 0.08002
0.19043, 0.08012
0.19163, 0.08022
0.19282, 0.08032
0.19402, 0.08042
0.19522, 0.08052
0.19642, 0.08062
0.19763, 0.08072
0.19884, 0.08082
0.20005, 0.08092
0.20126, 0.08102
0.20248, 0.08112
0.20370, 0.08122
0.20493, 0.08132
0.20616, 0.08142
0.20739, 0.08152
0.20863, 0.08162
0.20988, 0.08172
0.21112, 0.08183
0.21238, 0.08193
0.21363, 0.08203
0.21489, 0.08213
0.21616, 0.08223
0.21743, 0.08233
0.21870, 0.08242
0.21998, 0.08252
0.22127, 0.08262
0.22255, 0.08272
0.22385, 0.08282
0.22514, 0.08292
0.22644, 0.08301
0.22775, 0.08311
0.22906, 0.08321
0.23037, 0.08330
0.23169, 0.08340
0.23301, 0.08349
0.23434, 0.08358
0.23567, 0.08368
0.23701, 0.08377
0.23835, 0.08386
0.23970, 0.08395
0.24105, 0.08404
0.24240, 0.08413
0.24376, 0.08422
0.24512, 0.08430
0.24649, 0.08439
0.24786, 0.08447
0.24924, 0.08456
0.25062, 0.08464
0.25201, 0.08472
0.25340, 0.08480
0.25479, 0.08488
0.25619, 0.08495
0.25759, 0.08503
0.25900, 0.08510
0.26041, 0.08518
0.26183, 0.08525
0.26325, 0.08532
0.26467, 0.08538
0.26610, 0.08545
0.26753, 0.08551
0.26896, 0.08557
0.27040, 0.08564
0.27183, 0.08569
0.27327, 0.08575
0.27471, 0.08581
0.27616, 0.08586
0.27760, 0.08591
0.27905, 0.08596
0.28050, 0.08601
0.28195, 0.08605
0.28340, 0.08610
0.28486, 0.08614
0.28632, 0.08618
0.28778, 0.08622
0.28924, 0.08626
0.29070, 0.08629
0.29216, 0.08633
0.29363, 0.08636
0.29510, 0.08639
0.29657, 0.08642
0.29804, 0.08644
0.29951, 0.08647
0.30099, 0.08649
0.30247, 0.08651
0.30394, 0.08653
0.30543, 0.08655
0.30691, 0.08657
0.30839, 0.08658
0.30988, 0.08660
0.31136, 0.08661
0.31285, 0.08662
0.31434, 0.08663
0.31583, 0.08663
0.31733, 0.08664
0.31882, 0.08664
0.32032, 0.08664
0.32181, 0.08664
0.32331, 0.08664
0.32481, 0.08664
0.32632, 0.08663
0.32782, 0.08663
0.32934, 0.08662
0.33085, 0.08661
0.33237, 0.08660
0.33389, 0.08658
0.33542, 0.08657
0.33694, 0.08655
0.33847, 0.08653
0.34000, 0.08651
0.34153, 0.08649
0.34306, 0.08646
0.34460, 0.08644
0.34613, 0.08641
0.34767, 0.08638
0.34921, 0.08635
0.35075, 0.08631
0.35229, 0.08628
0.35383, 0.08624
0.35537, 0.08620
0.35691, 0.08616
0.35846, 0.08611
0.36000, 0.08607
0.36155, 0.08602
0.36310, 0.08597
0.36464, 0.08592
0.36619, 0.08587
0.36774, 0.08581
0.36929, 0.08576
0.37085, 0.08570
0.37240, 0.08564
0.37395, 0.08558
0.37551, 0.08552
0.37706, 0.08545
0.37862, 0.08539
0.38017, 0.08532
0.38173, 0.08525
0.38329, 0.08518
0.38485, 0.08510
0.38641, 0.08503
0.38797, 0.08495
0.38953, 0.08488
0.39109, 0.08480
0.39265, 0.08472
0.39421, 0.08463
0.39577, 0.08455
0.39733, 0.08446
0.39890, 0.08438
0.40046, 0.08429
0.40202, 0.08420
0.40359, 0.08411
0.40515, 0.08402
0.40672, 0.08392
0.40828, 0.08383
0.40985, 0.08373
0.41141, 0.08363
0.41298, 0.08353
0.41455, 0.08343
0.41611, 0.08333
0.41768, 0.08323
0.41925, 0.08312
0.42082, 0.08302
0.42238, 0.08291
0.42395, 0.08280
0.42552, 0.08269
0.42709, 0.08258
0.42866, 0.08247
0.43022, 0.08236
0.43179, 0.08225
0.43336, 0.08213
0.43493, 0.08202
0.43650, 0.08190
0.43807, 0.08178
0.43963, 0.08166
0.44120, 0.08154
0.44277, 0.08142
0.44434, 0.08130
0.44591, 0.08118
0.44748, 0.08106
0.44905, 0.08093
0.45062, 0.08081
0.45218, 0.08068
0.45375, 0.08055
0.45532, 0.08043
0.45689, 0.08030
0.45846, 0.08017
0.46003, 0.08004
0.46160, 0.07991
0.46316, 0.07978
0.46473, 0.07964
0.46630, 0.07951
0.46787, 0.07938
0.46943, 0.07924
0.47100, 0.07911
0.47257, 0.07897
0.47414, 0.07884
0.47570, 0.07870
0.47727, 0.07856
0.47884, 0.07843
0.48040, 0.07829
0.48197, 0.07815
0.48353, 0.07801
0.48510, 0.07787
0.48667, 0.07773
0.48823, 0.07759
0.48980, 0.07745
0.49136, 0.07731
0.49292, 0.07716
0.49449, 0.07702
0.49605, 0.07688
0.49762, 0.07673
0.49918, 0.07659
0.50074, 0.07645
0.50230, 0.07630
0.50387, 0.07616
0.50543, 0.07601
0.50699, 0.07587
0.50855, 0.07572
0.51011, 0.07558
0.51167, 0.07543
0.51323, 0.07528
0.51479, 0.07514
0.51635, 0.07499
0.51791, 0.07484
0.51947, 0.07470
0.52103, 0.07455
0.52259, 0.07440
0.52415, 0.07426
0.52570, 0.07411
0.52726, 0.07396
0.52882, 0.07381
0.53037, 0.07366
0.53193, 0.07351
0.53348, 0.07337
0.53504, 0.07322
0.53659, 0.07307
0.53814, 0.07292
0.53970, 0.07277
0.54125, 0.07262
0.54280, 0.07247
0.54435, 0.07232
0.54590, 0.07218
0.54745, 0.07203
0.54900, 0.07188
0.55055, 0.07173
0.55210, 0.07158
0.55365, 0.07143
0.55519, 0.07128
0.55674, 0.07113
0.55829, 0.07098
0.55983, 0.07084
0.56137, 0.07069
0.56292, 0.07054
0.56446, 0.07039
0.56600, 0.07024
0.56754, 0.07009
0.56908, 0.06994
0.57062, 0.06980
0.57216, 0.06965
0.57370, 0.06950
0.57524, 0.06935
0.57678, 0.06921
0.57831, 0.06906
0.57985, 0.06891
0.58138, 0.06876
0.58291, 0.06862
0.58445, 0.06847
0.58598, 0.06832
0.58751, 0.06818
0.58904, 0.06803
0.59056, 0.06789
0.59209, 0.06774
0.59362, 0.06759
0.59514, 0.06745
0.59667, 0.06731
0.59819, 0.06716
0.59971, 0.06702
0.60123, 0.06687
0.60275, 0.06673
0.60427, 0.06659
0.60579, 0.06644
0.60730, 0.06630
0.60882, 0.06616
0.61033, 0.06602
0.61185, 0.06587
0.61336, 0.06573
0.61487, 0.06559
0.61638, 0.06545
0.61788, 0.06531
0.61939, 0.06517
0.62090, 0.06503
0.62240, 0.06490
0.62390, 0.06476
0.62540, 0.06462
0.62690, 0.06448
0.62840, 0.06435
0.62990, 0.06421
0.63139, 0.06408
0.63289, 0.06394
0.63438, 0.06381
0.63587, 0.06367
0.63736, 0.06354
0.63884, 0.06341
0.64033, 0.06327
0.64181, 0.06314
0.64330, 0.06301
0.64478, 0.06288
0.64626, 0.06275
0.64773, 0.06262
0.64917, 0.06250
0.65047, 0.06237
0.65127, 0.06224
0.65073, 0.06206
0.64778, 0.06150
0.64249, 0.05985
0.63744, 0.05725
0.63533, 0.05570
0.63676, 0.05669
0.64164, 0.05997
0.64927, 0.06371
0.65715, 0.06601
0.66282, 0.06679
0.66620, 0.06694
0.66831, 0.06692
0.66993, 0.06686
0.67141, 0.06679
0.67287, 0.06672
0.67432, 0.06665
0.67576, 0.06658
0.67721, 0.06651
0.67865, 0.06644
0.68010, 0.06638
0.68154, 0.06631
0.68297, 0.06625
0.68441, 0.06618
0.68585, 0.06612
0.68728, 0.06606
0.68871, 0.06600
0.69014, 0.06594
0.69157, 0.06588
0.69300, 0.06582
0.69442, 0.06577
0.69584, 0.06571
0.69726, 0.06566
0.69868, 0.06560
0.70010, 0.06555
0.70152, 0.06550
0.70293, 0.06545
0.70434, 0.06540
0.70575, 0.06535
0.70716, 0.06530
0.70857, 0.06525
0.70997, 0.06521
0.71137, 0.06516
0.71277, 0.06512
0.71417, 0.06507
0.71557, 0.06503
0.71696, 0.06499
0.71835, 0.06495
0.71974, 0.06491
0.72113, 0.06487
0.72252, 0.06483
0.72390, 0.06480
0.72529, 0.06476
0.72667, 0.06473
0.72804, 0.06470
0.72942, 0.06466
0.73079, 0.06463
0.73217, 0.06460
0.73354, 0.06457
0.73490, 0.06454
0.73627, 0.06452
0.73763, 0.06449
0.73899, 0.06446
0.74035, 0.06444
0.74171, 0.06442
0.74306, 0.06439
0.74442, 0.06437
0.74577, 0.06435
0.74711, 0.06433
0.74846, 0.06432
0.74980, 0.06430
0.75115, 0.06428
0.75249, 0.06427
0.75383, 0.06425
0.75516, 0.06424
0.75650, 0.06423
0.75783, 0.06421
0.75916, 0.06420
0.76049, 0.06419
0.76182, 0.06418
0.76314, 0.06418
0.76446, 0.06417
0.76578, 0.06416
0.76710, 0.06416
0.76842, 0.06415
0.76973, 0.06415
0.77105, 0.06414
0.77236, 0.06414
0.77367, 0.06414
0.77497, 0.06413
0.77628, 0.06413
0.77758, 0.06413
0.77888, 0.06413
0.78017, 0.06413
0.78147, 0.06413
0.78276, 0.06414
0.78405, 0.06414
0.78534, 0.06414
0.78662, 0.06414
0.78791, 0.06415
0.78919, 0.06415
0.79046, 0.06416
0.79174, 0.06416
0.79301, 0.06416
0.79428, 0.06417
0.79555, 0.06418
0.79682, 0.06418
0.79808, 0.06419
0.79934, 0.06420
0.80060, 0.06420
0.80185, 0.06421
0.80310, 0.06422
0.80435, 0.06422
0.80560, 0.06423
0.80685, 0.06424
0.80809, 0.06425
0.80933, 0.06426
0.81056, 0.06427
0.81180, 0.06428
0.81303, 0.06428
0.81425, 0.06429
0.81548, 0.06430
0.81670, 0.06431
0.81792, 0.06432
0.81914, 0.06433
0.82035, 0.06434
0.82156, 0.06435
0.82277, 0.06436
0.82397, 0.06437
0.82518, 0.06438
0.82637, 0.06439
0.82757, 0.06440
0.82876, 0.06441
0.82995, 0.06442
0.83114, 0.06443
0.83232, 0.06443
0.83350, 0.06444
0.83468, 0.06445
0.83585, 0.06446
0.83703, 0.06447
0.83819, 0.06448
0.83936, 0.06449
0.84052, 0.06450
0.84168, 0.06450
0.84284, 0.06451
0.84399, 0.06452
0.84514, 0.06453
0.84628, 0.06453
0.84743, 0.06454
0.84857, 0.06455
0.84970, 0.06455
0.85084, 0.06456
0.85197, 0.06457
0.85309, 0.06457
0.85421, 0.06458
0.85533, 0.06458
0.85645, 0.06458
0.85756, 0.06459
0.85867, 0.06459
0.85978, 0.06460
0.86088, 0.06460
0.86198, 0.06460
0.86308, 0.06460
0.86417, 0.06460
0.86526, 0.06460
0.86634, 0.06461
0.86742, 0.06461
0.86850, 0.06461
0.86958, 0.06460
0.87065, 0.06460
0.87171, 0.06460
0.87278, 0.06460
0.87384, 0.06460
0.87489, 0.06459
0.87595, 0.06459
0.87699, 0.06458
0.87804, 0.06458
0.87908, 0.06457
0.88012, 0.06457
0.88115, 0.06456
0.88218, 0.06455
0.88321, 0.06455
0.88423, 0.06454
0.88525, 0.06453
0.88626, 0.06452
0.88727, 0.06451
0.88828, 0.06450
0.88928, 0.06449
0.89028, 0.06447
0.89128, 0.06446
0.89227, 0.06445
0.89326, 0.06444
0.89424, 0.06442
0.89522, 0.06441
0.89620, 0.06439
0.89717, 0.06437
0.89813, 0.06436
0.89910, 0.06434
0.90006, 0.06432
0.90101, 0.06430
0.90196, 0.06428
0.90291, 0.06427
0.90385, 0.06424
0.90479, 0.06422
0.90573, 0.06420
0.90666, 0.06418
0.90759, 0.06416
0.90851, 0.06413
0.90943, 0.06411
0.91034, 0.06409
0.91125, 0.06406
0.91216, 0.06403
0.91306, 0.06401
0.91395, 0.06398
0.91485, 0.06395
0.91574, 0.06392
0.91662, 0.06390
0.91750, 0.06387
0.91838, 0.06384
0.91925, 0.06381
0.92012, 0.06378
0.92098, 0.06374
0.92184, 0.06371
0.92269, 0.06368
0.92354, 0.06365
0.92439, 0.06361
0.92523, 0.06358
0.92607, 0.06354
0.92690, 0.06351
0.92773, 0.06347
0.92855, 0.06343
0.92937, 0.06340
0.93019, 0.06336
0.93100, 0.06332
0.93181, 0.06328
0.93261, 0.06324
0.93340, 0.06320
0.93420, 0.06316
0.93499, 0.06312
0.93577, 0.06308
0.93655, 0.06304
0.93732, 0.06300
0.93810, 0.06296
0.93886, 0.06291
0.93962, 0.06287
0.94038, 0.06283
0.94113, 0.06278
0.94188, 0.06274
0.94262, 0.06269
0.94336, 0.06265
0.94410, 0.06260
0.94483, 0.06256
0.94555, 0.06251
0.94627, 0.06246
0.94699, 0.06242
0.94770, 0.06237
0.94841, 0.06232
0.94911, 0.06227
0.94981, 0.06223
0.95050, 0.06218
0.95119, 0.06213
0.95187, 0.06208
0.95255, 0.06203
0.95322, 0.06198
0.95389, 0.06193
0.95456, 0.06188
0.95522, 0.06183
0.95587, 0.06178
0.95652, 0.06173
0.95717, 0.06168
0.95781, 0.06163
0.95845, 0.06157
0.95908, 0.06152
0.95971, 0.06147
0.96033, 0.06142
0.96095, 0.06137
0.96156, 0.06131
0.96217, 0.06126
0.96278, 0.06121
0.96337, 0.06116
0.96397, 0.06110
0.96456, 0.06105
0.96514, 0.06100
0.96572, 0.06095
0.96630, 0.06089
0.96687, 0.06084
0.96744, 0.06079
0.96800, 0.06073
0.96855, 0.06068
0.96910, 0.06063
0.96965, 0.06057
0.97019, 0.06052
0.97073, 0.06047
0.97126, 0.06041
0.97179, 0.06036
0.97231, 0.06031
0.97283, 0.06026
0.97334, 0.06020
0.97385, 0.06015
0.97436, 0.06010
0.97485, 0.06004
0.97535, 0.05999
0.97584, 0.05994
0.97632, 0.05989
0.97680, 0.05984
0.97728, 0.05978
0.97774, 0.05973
0.97821, 0.05968
0.97867, 0.05963
0.97912, 0.05958
0.97957, 0.05953
0.98002, 0.05948
0.98046, 0.05943
0.98090, 0.05938
0.98133, 0.05933
0.98175, 0.05928
0.98217, 0.05923
0.98259, 0.05918
0.98300, 0.05913
0.98341, 0.05908
0.98381, 0.05903
0.98421, 0.05898
0.98460, 0.05894
0.98499, 0.05889
0.98537, 0.05884
0.98574, 0.05880
0.98612, 0.05875
0.98648, 0.05870
0.98685, 0.05866
0.98720, 0.05861
0.98756, 0.05857
0.98791, 0.05852
0.98825, 0.05848
0.98859, 0.05844
0.98892, 0.05839
0.98925, 0.05835
0.98957, 0.05831
0.98989, 0.05827
0.99020, 0.05823
0.99051, 0.05819
0.99081, 0.05815
0.99111, 0.05811
0.99141, 0.05807
0.99170, 0.05803
0.99198, 0.05799
0.99226, 0.05795
0.99253, 0.05792
0.99280, 0.05788
0.99307, 0.05784
0.99333, 0.05781
0.99358, 0.05777
0.99383, 0.05774
0.99407, 0.05770
0.99431, 0.05767
0.99455, 0.05764
0.99478, 0.05761
0.99500, 0.05757
0.99522, 0.05754
0.99544, 0.05751
0.99565, 0.05748
0.99585, 0.05746
0.99605, 0.05743
0.99625, 0.05740
0.99644, 0.05737
0.99663, 0.05735
0.99681, 0.05732
0.99698, 0.05729
0.99715, 0.05727
0.99732, 0.05725
0.99748, 0.05722
0.99763, 0.05720
0.99779, 0.05718
0.99793, 0.05716
0.99807, 0.05714
0.99821, 0.05712
0.99834, 0.05710
0.99847, 0.05708
0.99859, 0.05706
0.99870, 0.05704
0.99881, 0.05703
0.99892, 0.05701
0.99902, 0.05700
0.99912, 0.05698
0.99921, 0.05697
0.99930, 0.05696
0.99938, 0.05694
0.99946, 0.05693
0.99953, 0.05692
0.99959, 0.05691
0.99966, 0.05690
0.99971, 0.05689
0.99976, 0.05689
0.99981, 0.05688
0.99985, 0.05687
0.99989, 0.05687
0.99992, 0.05686
0.99995, 0.05686
0.99997, 0.05686
0.99999, 0.05685
1.00000, 0.05685
1.00002, 0.05685
1.00002, 0.05685

=== Lower Surface ===
0.00000, 0.01974
0.00003, 0.01946
0.00005, 0.01919
0.00008, 0.01891
0.00012, 0.01863
0.00016, 0.01835
0.00021, 0.01808
0.00026, 0.01780
0.00032, 0.01753
0.00038, 0.01726
0.00044, 0.01698
0.00051, 0.01671
0.00059, 0.01644
0.00067, 0.01617
0.00076, 0.01590
0.00085, 0.01563
0.00094, 0.01537
0.00104, 0.01510
0.00115, 0.01483
0.00126, 0.01456
0.00137, 0.01430
0.00149, 0.01404
0.00162, 0.01377
0.00175, 0.01351
0.00188, 0.01325
0.00202, 0.01298
0.00216, 0.01272
0.00231, 0.01246
0.00247, 0.01220
0.00262, 0.01194
0.00279, 0.01169
0.00296, 0.01143
0.00313, 0.01117
0.00330, 0.01092
0.00349, 0.01066
0.00367, 0.01041
0.00386, 0.01015
0.00406, 0.00990
0.00426, 0.00965
0.00447, 0.00940
0.00468, 0.00914
0.00489, 0.00889
0.00511, 0.00864
0.00534, 0.00840
0.00557, 0.00815
0.00580, 0.00790
0.00604, 0.00765
0.00628, 0.00741
0.00653, 0.00716
0.00678, 0.00692
0.00704, 0.00667
0.00730, 0.00643
0.00757, 0.00619
0.00784, 0.00594
0.00812, 0.00570
0.00840, 0.00546
0.00868, 0.00522
0.00897, 0.00498
0.00927, 0.00474
0.00957, 0.00451
0.00987, 0.00427
0.01018, 0.00403
0.01049, 0.00380
0.01081, 0.00356
0.01113, 0.00333
0.01146, 0.00309
0.01179, 0.00286
0.01212, 0.00263
0.01247, 0.00239
0.01281, 0.00216
0.01316, 0.00193
0.01351, 0.00170
0.01387, 0.00147
0.01424, 0.00124
0.01460, 0.00102
0.01498, 0.00079
0.01535, 0.00056
0.01574, 0.00033
0.01612, 0.00011
0.01651, -0.00012
0.01691, -0.00034
0.01731, -0.00056
0.01771, -0.00079
0.01812, -0.00101
0.01853, -0.00123
0.01895, -0.00145
0.01937, -0.00167
0.01980, -0.00189
0.02023, -0.00211
0.02066, -0.00233
0.02110, -0.00255
0.02155, -0.00277
0.02200, -0.00299
0.02245, -0.00320
0.02291, -0.00342
0.02337, -0.00363
0.02384, -0.00385
0.02431, -0.00406
0.02479, -0.00428
0.02527, -0.00449
0.02575, -0.00470
0.02624, -0.00491
0.02673, -0.00512
0.02723, -0.00534
0.02773, -0.00555
0.02824, -0.00576
0.02875, -0.00596
0.02926, -0.00617
0.02978, -0.00638
0.03031, -0.00659
0.03084, -0.00679
0.03137, -0.00700
0.03191, -0.00721
0.03245, -0.00741
0.03299, -0.00762
0.03354, -0.00782
0.03410, -0.00802
0.03466, -0.00823
0.03522, -0.00843
0.03579, -0.00863
0.03636, -0.00883
0.03694, -0.00903
0.03752, -0.00923
0.03810, -0.00943
0.03869, -0.00963
0.03929, -0.00983
0.03989, -0.01003
0.04049, -0.01023
0.04109, -0.01042
0.04171, -0.01062
0.04232, -0.01082
0.04294, -0.01101
0.04356, -0.01121
0.04419, -0.01140
0.04483, -0.01159
0.04546, -0.01179
0.04610, -0.01198
0.04675, -0.01217
0.04740, -0.01236
0.04805, -0.01256
0.04871, -0.01275
0.04937, -0.01294
0.05004, -0.01313
0.05071, -0.01332
0.05139, -0.01350
0.05207, -0.01369
0.05275, -0.01388
0.05344, -0.01407
0.05413, -0.01425
0.05483, -0.01444
0.05553, -0.01463
0.05623, -0.01481
0.05694, -0.01500
0.05766, -0.01518
0.05838, -0.01536
0.05910, -0.01555
0.05982, -0.01573
0.06055, -0.01591
0.06129, -0.01609
0.06203, -0.01627
0.06277, -0.01645
0.06352, -0.01663
0.06427, -0.01681
0.06503, -0.01699
0.06579, -0.01717
0.06655, -0.01735
0.06732, -0.01753
0.06809, -0.01770
0.06887, -0.01788
0.06965, -0.01805
0.07044, -0.01823
0.07123, -0.01840
0.07202, -0.01858
0.07282, -0.01875
0.07362, -0.01893
0.07443, -0.01910
0.07524, -0.01927
0.07605, -0.01944
0.07687, -0.01961
0.07770, -0.01978
0.07852, -0.01995
0.07936, -0.02012
0.08019, -0.02029
0.08103, -0.02046
0.08188, -0.02063
0.08272, -0.02079
0.08358, -0.02096
0.08443, -0.02113
0.08530, -0.02129
0.08616, -0.02146
0.08703, -0.02162
0.08790, -0.02178
0.08878, -0.02195
0.08966, -0.02211
0.09055, -0.02227
0.09144, -0.02243
0.09233, -0.02259
0.09323, -0.02275
0.09413, -0.02291
0.09504, -0.02307
0.09595, -0.02323
0.09687, -0.02339
0.09779, -0.02354
0.09871, -0.02370
0.09964, -0.02385
0.10057, -0.02401
0.10151, -0.02416
0.10245, -0.02432
0.10339, -0.02447
0.10434, -0.02462
0.10529, -0.02477
0.10625, -0.02492
0.10721, -0.02507
0.10817, -0.02522
0.10914, -0.02537
0.11011, -0.02552
0.11109, -0.02567
0.11207, -0.02581
0.11306, -0.02596
0.11405, -0.02610
0.11504, -0.02625
0.11604, -0.02639
0.11704, -0.02654
0.11805, -0.02668
0.11906, -0.02682
0.12007, -0.02696
0.12109, -0.02710
0.12211, -0.02724
0.12314, -0.02737
0.12417, -0.02751
0.12521, -0.02765
0.12625, -0.02778
0.12729, -0.02792
0.12834, -0.02805
0.12939, -0.02818
0.13044, -0.02832
0.13150, -0.02845
0.13257, -0.02858
0.13363, -0.02871
0.13471, -0.02883
0.13578, -0.02896
0.13686, -0.02909
0.13795, -0.02921
0.13904, -0.02934
0.14013, -0.02946
0.14123, -0.02958
0.14233, -0.02970
0.14343, -0.02982
0.14454, -0.02994
0.14566, -0.03006
0.14678, -0.03017
0.14790, -0.03029
0.14903, -0.03040
0.15016, -0.03052
0.15129, -0.03063
0.15243, -0.03074
0.15358, -0.03085
0.15473, -0.03096
0.15588, -0.03106
0.15704, -0.03117
0.15820, -0.03127
0.15936, -0.03138
0.16053, -0.03148
0.16171, -0.03158
0.16288, -0.03168
0.16407, -0.03178
0.16525, -0.03187
0.16644, -0.03197
0.16764, -0.03206
0.16884, -0.03215
0.17004, -0.03224
0.17125, -0.03233
0.17246, -0.03242
0.17368, -0.03250
0.17490, -0.03259
0.17612, -0.03267
0.17735, -0.03275
0.17858, -0.03283
0.17982, -0.03290
0.18106, -0.03298
0.18231, -0.03305
0.18356, -0.03312
0.18481, -0.03319
0.18607, -0.03326
0.18733, -0.03333
0.18860, -0.03339
0.18987, -0.03345
0.19114, -0.03351
0.19242, -0.03357
0.19370, -0.03363
0.19499, -0.03368
0.19628, -0.03373
0.19758, -0.03378
0.19888, -0.03383
0.20018, -0.03388
0.20149, -0.03392
0.20280, -0.03396
0.20411, -0.03400
0.20542, -0.03404
0.20673, -0.03407
0.20805, -0.03410
0.20937, -0.03414
0.21069, -0.03416
0.21201, -0.03419
0.21333, -0.03422
0.21466, -0.03424
0.21598, -0.03426
0.21731, -0.03428
0.21863, -0.03430
0.21996, -0.03431
0.22129, -0.03433
0.22262, -0.03434
0.22396, -0.03435
0.22529, -0.03436
0.22662, -0.03437
0.22796, -0.03437
0.22930, -0.03438
0.23063, -0.03438
0.23197, -0.03438
0.23331, -0.03438
0.23465, -0.03438
0.23599, -0.03438
0.23733, -0.03438
0.23868, -0.03437
0.24002, -0.03437
0.24136, -0.03436
0.24271, -0.03435
0.24405, -0.03435
0.24540, -0.03434
0.24674, -0.03433
0.24809, -0.03431
0.24944, -0.03430
0.25079, -0.03429
0.25214, -0.03427
0.25349, -0.03426
0.25484, -0.03424
0.25619, -0.03423
0.25754, -0.03421
0.25889, -0.03420
0.26024, -0.03418
0.26159, -0.03416
0.26294, -0.03414
0.26430, -0.03412
0.26565, -0.03411
0.26700, -0.03409
0.26836, -0.03407
0.26971, -0.03405
0.27107, -0.03403
0.27243, -0.03401
0.27379, -0.03399
0.27516, -0.03397
0.27652, -0.03395
0.27789, -0.03393
0.27926, -0.03391
0.28064, -0.03389
0.28201, -0.03387
0.28339, -0.03384
0.28477, -0.03382
0.28616, -0.03380
0.28754, -0.03378
0.28893, -0.03376
0.29032, -0.03373
0.29171, -0.03371
0.29311, -0.03369
0.29450, -0.03367
0.29590, -0.03364
0.29730, -0.03362
0.29871, -0.03360
0.30011, -0.03357
0.30152, -0.03355
0.30293, -0.03353
0.30434, -0.03350
0.30576, -0.03348
0.30718, -0.03345
0.30859, -0.03343
0.31002, -0.03340
0.31144, -0.03338
0.31286, -0.03335
0.31429, -0.03332
0.31572, -0.03330
0.31715, -0.03327
0.31859, -0.03325
0.32002, -0.03322
0.32146, -0.03319
0.32290, -0.03316
0.32434, -0.03314
0.32579, -0.03311
0.32723, -0.03308
0.32868, -0.03305
0.33012, -0.03303
0.33157, -0.03300
0.33301, -0.03297
0.33445, -0.03294
0.33590, -0.03291
0.33734, -0.03288
0.33879, -0.03286
0.34024, -0.03283
0.34169, -0.03280
0.34314, -0.03277
0.34459, -0.03274
0.34605, -0.03272
0.34750, -0.03269
0.34896, -0.03266
0.35042, -0.03264
0.35189, -0.03261
0.35335, -0.03258
0.35482, -0.03255
0.35628, -0.03253
0.35775, -0.03250
0.35923, -0.03247
0.36070, -0.03245
0.36217, -0.03242
0.36365, -0.03240
0.36513, -0.03237
0.36661, -0.03234
0.36809, -0.03232
0.36958, -0.03229
0.37106, -0.03227
0.37255, -0.03224
0.37404, -0.03221
0.37553, -0.03219
0.37702, -0.03216
0.37852, -0.03214
0.38001, -0.03211
0.38151, -0.03208
0.38301, -0.03206
0.38451, -0.03203
0.38601, -0.03201
0.38752, -0.03198
0.38902, -0.03196
0.39053, -0.03193
0.39204, -0.03190
0.39355, -0.03188
0.39506, -0.03185
0.39658, -0.03183
0.39809, -0.03180
0.39961, -0.03177
0.40113, -0.03175
0.40265, -0.03172
0.40417, -0.03170
0.40569, -0.03167
0.40722, -0.03164
0.40875, -0.03162
0.41027, -0.03159
0.41180, -0.03156
0.41334, -0.03153
0.41487, -0.03151
0.41640, -0.03148
0.41794, -0.03145
0.41947, -0.03142
0.42101, -0.03139
0.42255, -0.03137
0.42409, -0.03134
0.42563, -0.03131
0.42718, -0.03128
0.42872, -0.03125
0.43027, -0.03122
0.43182, -0.03119
0.43337, -0.03116
0.43492, -0.03113
0.43647, -0.03109
0.43802, -0.03106
0.43957, -0.03103
0.44113, -0.03100
0.44268, -0.03097
0.44424, -0.03093
0.44580, -0.03090
0.44736, -0.03086
0.44892, -0.03083
0.45048, -0.03080
0.45204, -0.03076
0.45360, -0.03072
0.45517, -0.03069
0.45673, -0.03065
0.45830, -0.03061
0.45987, -0.03058
0.46143, -0.03054
0.46300, -0.03050
0.46457, -0.03046
0.46614, -0.03042
0.46771, -0.03038
0.46929, -0.03034
0.47086, -0.03030
0.47243, -0.03025
0.47401, -0.03021
0.47558, -0.03017
0.47716, -0.03012
0.47873, -0.03008
0.48031, -0.03003
0.48189, -0.02999
0.48346, -0.02994
0.48504, -0.02989
0.48662, -0.02984
0.48820, -0.02980
0.48978, -0.02975
0.49136, -0.02970
0.49294, -0.02964
0.49452, -0.02959
0.49610, -0.02954
0.49769, -0.02949
0.49927, -0.02943
0.50085, -0.02938
0.50243, -0.02932
0.50402, -0.02927
0.50560, -0.02921
0.50718, -0.02915
0.50877, -0.02910
0.51035, -0.02904
0.51193, -0.02898
0.51352, -0.02892
0.51510, -0.02886
0.51668, -0.02879
0.51827, -0.02873
0.51985, -0.02867
0.52144, -0.02860
0.52302, -0.02854
0.52460, -0.02847
0.52619, -0.02840
0.52777, -0.02834
0.52936, -0.02827
0.53094, -0.02820
0.53252, -0.02813
0.53411, -0.02806
0.53569, -0.02798
0.53727, -0.02791
0.53886, -0.02784
0.54044, -0.02776
0.54202, -0.02769
0.54360, -0.02761
0.54518, -0.02753
0.54677, -0.02745
0.54835, -0.02738
0.54993, -0.02730
0.55151, -0.02722
0.55309, -0.02713
0.55467, -0.02705
0.55625, -0.02697
0.55782, -0.02688
0.55940, -0.02680
0.56098, -0.02671
0.56256, -0.02663
0.56413, -0.02654
0.56571, -0.02645
0.56729, -0.02636
0.56886, -0.02627
0.57043, -0.02618
0.57201, -0.02609
0.57358, -0.02599
0.57515, -0.02590
0.57673, -0.02580
0.57830, -0.02571
0.57987, -0.02561
0.58144, -0.02551
0.58301, -0.02542
0.58457, -0.02532
0.58614, -0.02522
0.58771, -0.02511
0.58927, -0.02501
0.59084, -0.02491
0.59240, -0.02480
0.59397, -0.02470
0.59553, -0.02459
0.59709, -0.02449
0.59865, -0.02438
0.60021, -0.02427
0.60177, -0.02416
0.60333, -0.02405
0.60489, -0.02394
0.60645, -0.02383
0.60800, -0.02371
0.60956, -0.02360
0.61111, -0.02348
0.61267, -0.02336
0.61422, -0.02325
0.61577, -0.02313
0.61732, -0.02301
0.61887, -0.02289
0.62042, -0.02277
0.62196, -0.02264
0.62351, -0.02252
0.62505, -0.02240
0.62660, -0.02227
0.62814, -0.02214
0.62968, -0.02202
0.63122, -0.02189
0.63276, -0.02176
0.63430, -0.02163
0.63584, -0.02150
0.63737, -0.02136
0.63891, -0.02123
0.64044, -0.02109
0.64197, -0.02096
0.64351, -0.02082
0.64504, -0.02068
0.64657, -0.02054
0.64810, -0.02040
0.64966, -0.02026
0.65136, -0.02011
0.65356, -0.01994
0.65709, -0.01964
0.66303, -0.01873
0.67131, -0.01628
0.67934, -0.01222
0.68444, -0.00854
0.68598, -0.00711
0.68408, -0.00822
0.67942, -0.01043
0.67451, -0.01184
0.67180, -0.01218
0.67138, -0.01210
0.67223, -0.01192
0.67357, -0.01172
0.67504, -0.01152
0.67653, -0.01131
0.67802, -0.01110
0.67952, -0.01089
0.68101, -0.01068
0.68250, -0.01047
0.68399, -0.01025
0.68548, -0.01004
0.68696, -0.00982
0.68845, -0.00960
0.68993, -0.00938
0.69141, -0.00916
0.69288, -0.00894
0.69436, -0.00872
0.69583, -0.00850
0.69730, -0.00827
0.69877, -0.00804
0.70024, -0.00782
0.70170, -0.00759
0.70316, -0.00736
0.70462, -0.00713
0.70608, -0.00690
0.70754, -0.00666
0.70899, -0.00643
0.71044, -0.00619
0.71189, -0.00596
0.71334, -0.00572
0.71479, -0.00548
0.71623, -0.00524
0.71767, -0.00500
0.71911, -0.00476
0.72054, -0.00451
0.72197, -0.00427
0.72341, -0.00402
0.72483, -0.00377
0.72626, -0.00353
0.72768, -0.00328
0.72911, -0.00303
0.73053, -0.00277
0.73194, -0.00252
0.73336, -0.00227
0.73477, -0.00201
0.73618, -0.00176
0.73758, -0.00150
0.73899, -0.00124
0.74039, -0.00098
0.74179, -0.00073
0.74318, -0.00046
0.74458, -0.00020
0.74597, 0.00006
0.74736, 0.00033
0.74874, 0.00059
0.75013, 0.00086
0.75151, 0.00112
0.75289, 0.00139
0.75426, 0.00166
0.75563, 0.00193
0.75700, 0.00220
0.75837, 0.00247
0.75973, 0.00275
0.76109, 0.00302
0.76244, 0.00329
0.76380, 0.00357
0.76515, 0.00384
0.76649, 0.00412
0.76784, 0.00440
0.76918, 0.00467
0.77051, 0.00495
0.77185, 0.00523
0.77318, 0.00551
0.77450, 0.00579
0.77583, 0.00607
0.77715, 0.00635
0.77846, 0.00663
0.77978, 0.00692
0.78109, 0.00720
0.78240, 0.00748
0.78370, 0.00776
0.78500, 0.00805
0.78630, 0.00833
0.78759, 0.00861
0.78888, 0.00890
0.79017, 0.00918
0.79145, 0.00947
0.79274, 0.00975
0.79401, 0.01004
0.79529, 0.01032
0.79656, 0.01061
0.79783, 0.01089
0.79909, 0.01118
0.80035, 0.01146
0.80161, 0.01175
0.80286, 0.01203
0.80411, 0.01232
0.80536, 0.01260
0.80660, 0.01289
0.80784, 0.01317
0.80908, 0.01346
0.81032, 0.01375
0.81155, 0.01403
0.81277, 0.01431
0.81400, 0.01460
0.81522, 0.01488
0.81643, 0.01517
0.81765, 0.01545
0.81886, 0.01574
0.82006, 0.01602
0.82127, 0.01630
0.82247, 0.01659
0.82366, 0.01687
0.82485, 0.01715
0.82604, 0.01743
0.82723, 0.01771
0.82841, 0.01799
0.82959, 0.01828
0.83077, 0.01856
0.83194, 0.01884
0.83311, 0.01912
0.83427, 0.01939
0.83543, 0.01967
0.83659, 0.01995
0.83774, 0.02023
0.83889, 0.02050
0.84004, 0.02078
0.84118, 0.02106
0.84232, 0.02133
0.84346, 0.02161
0.84459, 0.02188
0.84572, 0.02215
0.84685, 0.02242
0.84797, 0.02270
0.84909, 0.02297
0.85020, 0.02324
0.85131, 0.02351
0.85242, 0.02378
0.85352, 0.02404
0.85462, 0.02431
0.85572, 0.02458
0.85681, 0.02484
0.85790, 0.02511
0.85898, 0.02537
0.86006, 0.02563
0.86114, 0.02589
0.86221, 0.02615
0.86328, 0.02641
0.86435, 0.02667
0.86541, 0.02693
0.86647, 0.02719
0.86753, 0.02744
0.86858, 0.02770
0.86963, 0.02795
0.87067, 0.02821
0.87171, 0.02846
0.87275, 0.02871
0.87378, 0.02896
0.87481, 0.02921
0.87583, 0.02945
0.87686, 0.02970
0.87787, 0.02995
0.87889, 0.03019
0.87990, 0.03043
0.88090, 0.03068
0.88191, 0.03092
0.88291, 0.03116
0.88390, 0.03139
0.88489, 0.03163
0.88588, 0.03187
0.88686, 0.03210
0.88784, 0.03234
0.88882, 0.03257
0.88979, 0.03280
0.89076, 0.03303
0.89173, 0.03326
0.89269, 0.03349
0.89364, 0.03371
0.89460, 0.03394
0.89555, 0.03416
0.89649, 0.03438
0.89743, 0.03460
0.89837, 0.03482
0.89931, 0.03504
0.90024, 0.03526
0.90116, 0.03547
0.90209, 0.03569
0.90300, 0.03590
0.90392, 0.03611
0.90483, 0.03632
0.90574, 0.03653
0.90664, 0.03674
0.90754, 0.03695
0.90843, 0.03715
0.90932, 0.03736
0.91021, 0.03756
0.91109, 0.03776
0.91197, 0.03796
0.91285, 0.03816
0.91372, 0.03836
0.91459, 0.03855
0.91545, 0.03875
0.91631, 0.03894
0.91717, 0.03913
0.91802, 0.03932
0.91887, 0.03951
0.91971, 0.03970
0.92055, 0.03988
0.92139, 0.04007
0.92222, 0.04025
0.92304, 0.04043
0.92387, 0.04061
0.92469, 0.04079
0.92550, 0.04097
0.92631, 0.04115
0.92712, 0.04132
0.92792, 0.04150
0.92872, 0.04167
0.92952, 0.04184
0.93031, 0.04201
0.93110, 0.04218
0.93188, 0.04234
0.93266, 0.04251
0.93343, 0.04267
0.93420, 0.04284
0.93497, 0.04300
0.93573, 0.04316
0.93649, 0.04331
0.93724, 0.04347
0.93799, 0.04363
0.93874, 0.04378
0.93948, 0.04394
0.94022, 0.04409
0.94095, 0.04424
0.94168, 0.04439
0.94241, 0.04453
0.94313, 0.04468
0.94384, 0.04482
0.94455, 0.04497
0.94526, 0.04511
0.94597, 0.04525
0.94667, 0.04539
0.94736, 0.04553
0.94805, 0.04567
0.94874, 0.04580
0.94942, 0.04594
0.95010, 0.04607
0.95077, 0.04620
0.95144, 0.04633
0.95211, 0.04646
0.95277, 0.04659
0.95343, 0.04671
0.95408, 0.04684
0.95473, 0.04696
0.95537, 0.04709
0.95601, 0.04721
0.95665, 0.04733
0.95728, 0.04745
0.95790, 0.04756
0.95852, 0.04768
0.95914, 0.04780
0.95976, 0.04791
0.96036, 0.04802
0.96097, 0.04813
0.96157, 0.04824
0.96217, 0.04835
0.96276, 0.04846
0.96334, 0.04857
0.96393, 0.04867
0.96450, 0.04878
0.96508, 0.04888
0.96565, 0.04898
0.96621, 0.04908
0.96677, 0.04918
0.96733, 0.04928
0.96788, 0.04938
0.96843, 0.04947
0.96897, 0.04957
0.96951, 0.04966
0.97004, 0.04975
0.97057, 0.04984
0.97109, 0.04993
0.97161, 0.05002
0.97213, 0.05011
0.97264, 0.05020
0.97315, 0.05028
0.97365, 0.05037
0.97415, 0.05045
0.97464, 0.05054
0.97513, 0.05062
0.97561, 0.05070
0.97609, 0.05078
0.97656, 0.05086
0.97703, 0.05093
0.97750, 0.05101
0.97796, 0.05108
0.97842, 0.05116
0.97887, 0.05123
0.97931, 0.05130
0.97976, 0.05137
0.98019, 0.05144
0.98063, 0.05151
0.98106, 0.05158
0.98148, 0.05165
0.98190, 0.05171
0.98231, 0.05178
0.98272, 0.05184
0.98313, 0.05191
0.98353, 0.05197
0.98392, 0.05203
0.98431, 0.05209
0.98470, 0.05215
0.98508, 0.05221
0.98546, 0.05227
0.98583, 0.05232
0.98620, 0.05238
0.98656, 0.05243
0.98692, 0.05249
0.98727, 0.05254
0.98762, 0.05259
0.98796, 0.05264
0.98830, 0.05269
0.98864, 0.05274
0.98897, 0.05279
0.98929, 0.05284
0.98961, 0.05289
0.98993, 0.05293
0.99024, 0.05298
0.99054, 0.05302
0.99084, 0.05307
0.99114, 0.05311
0.99143, 0.05315
0.99172, 0.05319
0.99200, 0.05323
0.99227, 0.05327
0.99255, 0.05331
0.99281, 0.05335
0.99308, 0.05339
0.99333, 0.05342
0.99359, 0.05346
0.99383, 0.05349
0.99408, 0.05353
0.99431, 0.05356
0.99455, 0.05359
0.99478, 0.05363
0.99500, 0.05366
0.99522, 0.05369
0.99543, 0.05372
0.99564, 0.05375
0.99585, 0.05377
0.99604, 0.05380
0.99624, 0.05383
0.99643, 0.05385
0.99661, 0.05388
0.99679, 0.05390
0.99697, 0.05393
0.99714, 0.05395
0.99730, 0.05397
0.99746, 0.05399
0.99762, 0.05401
0.99777, 0.05403
0.99791, 0.05405
0.99805, 0.05407
0.99819, 0.05409
0.99832, 0.05411
0.99845, 0.05413
0.99857, 0.05414
0.99868, 0.05416
0.99879, 0.05417
0.99890, 0.05419
0.99900, 0.05420
0.99910, 0.05421
0.99919, 0.05422
0.99927, 0.05424
0.99936, 0.05425
0.99943, 0.05426
0.99950, 0.05427
0.99957, 0.05427
0.99963, 0.05428
0.99969, 0.05429
0.99974, 0.05430
0.99979, 0.05430
0.99983, 0.05431
0.99987, 0.05431
0.99990, 0.05432
0.99993, 0.05432
0.99995, 0.05432
0.99997, 0.05433
0.99998, 0.05433
0.99998, 0.05433
0.99998, 0.05433
