airfoil_points_602
1.000000 -0.009327
0.999748 -0.009268
0.998993 -0.009091
0.997736 -0.008794
0.995977 -0.008377
0.993719 -0.007837
0.990964 -0.007172
0.987715 -0.006380
0.983974 -0.005457
0.979746 -0.004401
0.975036 -0.003211
0.969846 -0.001883
0.964184 -0.000419
0.958054 0.001184
0.951463 0.002923
0.944418 0.004794
0.936925 0.006795
0.928992 0.008917
0.920627 0.011151
0.911838 0.013485
0.902635 0.015906
0.893027 0.018396
0.883022 0.020933
0.872632 0.023495
0.861867 0.026055
0.850737 0.028583
0.839255 0.031046
0.827430 0.033411
0.815276 0.035656
0.802805 0.037764
0.790028 0.039719
0.776960 0.041504
0.763613 0.043104
0.750000 0.044502
0.736136 0.045698
0.722033 0.046724
0.707708 0.047620
0.693173 0.048431
0.678443 0.049212
0.663534 0.050019
0.648460 0.050890
0.633237 0.051821
0.617879 0.052804
0.602403 0.053832
0.586824 0.054895
0.571157 0.055985
0.555419 0.057093
0.539625 0.058207
0.523791 0.059318
0.507933 0.060416
0.492067 0.061489
0.476209 0.062526
0.460375 0.063517
0.444581 0.064452
0.428843 0.065318
0.413176 0.066107
0.397597 0.066809
0.382121 0.067413
0.366763 0.067913
0.351540 0.068298
0.336466 0.068562
0.321557 0.068697
0.306827 0.068699
0.292292 0.068561
0.277967 0.068279
0.263864 0.067850
0.250000 0.067277
0.236387 0.066583
0.223040 0.065796
0.209972 0.064940
0.197195 0.064035
0.184724 0.063097
0.172570 0.062097
0.160745 0.061000
0.149263 0.059780
0.138133 0.058414
0.127368 0.056887
0.116978 0.055189
0.106973 0.053330
0.097365 0.051326
0.088162 0.049192
0.079373 0.046943
0.071008 0.044590
0.063075 0.042146
0.055582 0.039623
0.048537 0.037032
0.041946 0.034383
0.035816 0.031684
0.030154 0.028946
0.024964 0.026175
0.020254 0.023380
0.016026 0.020566
0.012285 0.017741
0.009036 0.014911
0.006281 0.012081
0.004023 0.009260
0.002264 0.006457
0.001007 0.003697
0.000252 0.001075
0.000000 -0.000558
0.000252 -0.005390
0.001007 -0.007919
0.002264 -0.010492
0.004023 -0.013011
0.006281 -0.015453
0.009036 -0.017811
0.012285 -0.020080
0.016026 -0.022259
0.020254 -0.024346
0.024964 -0.026341
0.030154 -0.028243
0.035816 -0.030054
0.041946 -0.031774
0.048537 -0.033405
0.055582 -0.034950
0.063075 -0.036413
0.071008 -0.037797
0.079373 -0.039109
0.088162 -0.040356
0.097365 -0.041544
0.106973 -0.042685
0.116978 -0.043789
0.127368 -0.044868
0.138133 -0.045936
0.149263 -0.046980
0.160745 -0.047976
0.172570 -0.048898
0.184724 -0.049716
0.197195 -0.050395
0.209972 -0.050908
0.223040 -0.051261
0.236387 -0.051476
0.250000 -0.051576
0.263864 -0.051590
0.277967 -0.051546
0.292292 -0.051456
0.306827 -0.051318
0.321557 -0.051132
0.336466 -0.050896
0.351540 -0.050611
0.366763 -0.050272
0.382121 -0.049880
0.397597 -0.049430
0.413176 -0.048922
0.428843 -0.048351
0.444581 -0.047714
0.460375 -0.047009
0.476209 -0.046232
0.492067 -0.045380
0.507933 -0.044450
0.523791 -0.043438
0.539625 -0.042341
0.555419 -0.041157
0.571157 -0.039881
0.586824 -0.038513
0.602403 -0.037050
0.617879 -0.035490
0.633237 -0.033831
0.648460 -0.032074
0.663534 -0.030217
0.678443 -0.028261
0.693173 -0.026237
0.707708 -0.024209
0.722033 -0.022240
0.736136 -0.020387
0.750000 -0.018707
0.763613 -0.017244
0.776960 -0.016004
0.790028 -0.014975
0.802805 -0.014144
0.815276 -0.013497
0.827430 -0.013021
0.839255 -0.012704
0.850737 -0.012520
0.861867 -0.012440
0.872632 -0.012434
0.883022 -0.012481
0.893027 -0.012558
0.902635 -0.012651
0.911838 -0.012745
0.920627 -0.012830
0.928992 -0.012897
0.936925 -0.012943
0.944418 -0.012963
0.951463 -0.012956
0.958054 -0.012924
0.964184 -0.012867
0.969846 -0.012789
0.975036 -0.012694
0.979746 -0.012586
0.983974 -0.012471
0.987715 -0.012354
0.990964 -0.012240
0.993719 -0.012134
0.995977 -0.012040
0.997736 -0.011963
0.998993 -0.011906
0.999748 -0.011870
1.000000 -0.011859
