airfoil_points_2819
1.000000 0.032936
0.999748 0.032982
0.998993 0.033120
0.997736 0.033348
0.995977 0.033664
0.993719 0.034066
0.990964 0.034549
0.987715 0.035110
0.983974 0.035742
0.979746 0.036441
0.975036 0.037200
0.969846 0.038013
0.964184 0.038874
0.958054 0.039774
0.951463 0.040709
0.944418 0.041670
0.936925 0.042652
0.928992 0.043648
0.920627 0.044654
0.911838 0.045662
0.902635 0.046670
0.893027 0.047674
0.883022 0.048670
0.872632 0.049657
0.861867 0.050634
0.850737 0.051601
0.839255 0.052561
0.827430 0.053514
0.815276 0.054465
0.802805 0.055414
0.790028 0.056367
0.776960 0.057327
0.763613 0.058299
0.750000 0.059290
0.736136 0.060306
0.722033 0.061352
0.707708 0.062432
0.693173 0.063554
0.678443 0.064723
0.663534 0.065426
0.648460 0.062251
0.633237 0.063761
0.617879 0.065318
0.602403 0.066915
0.586824 0.068543
0.571157 0.070194
0.555419 0.071857
0.539625 0.073521
0.523791 0.075171
0.507933 0.076791
0.492067 0.078364
0.476209 0.079869
0.460375 0.081285
0.444581 0.082591
0.428843 0.083767
0.413176 0.084791
0.397597 0.085647
0.382121 0.086321
0.366763 0.086799
0.351540 0.087076
0.336466 0.087145
0.321557 0.087014
0.306827 0.086707
0.292292 0.086225
0.277967 0.085563
0.263864 0.084721
0.250000 0.083700
0.236387 0.082512
0.223040 0.081171
0.209972 0.079692
0.197195 0.078088
0.184724 0.076373
0.172570 0.074550
0.160745 0.072619
0.149263 0.070581
0.138133 0.068436
0.127368 0.066188
0.116978 0.063838
0.106973 0.061395
0.097365 0.058870
0.088162 0.056272
0.079373 0.053611
0.071008 0.050895
0.063075 0.048133
0.055582 0.045333
0.048537 0.042501
0.041946 0.039644
0.035816 0.036767
0.030154 0.033877
0.024964 0.030978
0.020254 0.028074
0.016026 0.025172
0.012285 0.022274
0.009036 0.019384
0.006281 0.016508
0.004023 0.013652
0.002264 0.010827
0.001007 0.008057
0.000252 0.005453
0.000000 0.003876
0.000252 -0.001150
0.001007 -0.003648
0.002264 -0.006197
0.004023 -0.008691
0.006281 -0.011103
0.009036 -0.013422
0.012285 -0.015643
0.016026 -0.017762
0.020254 -0.019775
0.024964 -0.021679
0.030154 -0.023472
0.035816 -0.025153
0.041946 -0.026718
0.048537 -0.028166
0.055582 -0.029497
0.063075 -0.030709
0.071008 -0.031803
0.079373 -0.032779
0.088162 -0.033638
0.097365 -0.034384
0.106973 -0.035020
0.116978 -0.035550
0.127368 -0.035980
0.138133 -0.036317
0.149263 -0.036565
0.160745 -0.036723
0.172570 -0.036790
0.184724 -0.036765
0.197195 -0.036646
0.209972 -0.036431
0.223040 -0.036129
0.236387 -0.035754
0.250000 -0.035323
0.263864 -0.034854
0.277967 -0.034366
0.292292 -0.033869
0.306827 -0.033364
0.321557 -0.032851
0.336466 -0.032333
0.351540 -0.031839
0.366763 -0.031385
0.382121 -0.030974
0.397597 -0.030600
0.413176 -0.030258
0.428843 -0.029935
0.444581 -0.029621
0.460375 -0.029299
0.476209 -0.028954
0.492067 -0.028573
0.507933 -0.028142
0.523791 -0.027649
0.539625 -0.027084
0.555419 -0.026439
0.571157 -0.025708
0.586824 -0.024889
0.602403 -0.023977
0.617879 -0.022972
0.633237 -0.021873
0.648460 -0.020679
0.663534 -0.018960
0.678443 -0.012691
0.693173 -0.011058
0.707708 -0.009355
0.722033 -0.007595
0.736136 -0.005788
0.750000 -0.003947
0.763613 -0.002081
0.776960 -0.000203
0.790028 0.001674
0.802805 0.003541
0.815276 0.005386
0.827430 0.007200
0.839255 0.008975
0.850737 0.010702
0.861867 0.012373
0.872632 0.013980
0.883022 0.015518
0.893027 0.016982
0.902635 0.018368
0.911838 0.019674
0.920627 0.020897
0.928992 0.022037
0.936925 0.023094
0.944418 0.024070
0.951463 0.024964
0.958054 0.025780
0.964184 0.026519
0.969846 0.027184
0.975036 0.027779
0.979746 0.028305
0.983974 0.028766
0.987715 0.029165
0.990964 0.029505
0.993719 0.029788
0.995977 0.030016
0.997736 0.030191
0.998993 0.030315
0.999748 0.030389
1.000000 0.030410
