=== Airfoil Parameters ===
m = 0.02
p = 0.4
t = 0.12

=== Control Points ===
0.00000, -0.00254, -0.00254
0.06667, 0.00597, -0.00014
0.13333, 0.01369, 0.00258
0.20000, 0.01849, 0.00349
0.26667, 0.02022, 0.00244
0.66667, 0.01744, 0.00139
0.75000, 0.01594, 0.00275
0.83333, 0.01693, 0.00736
0.91667, 0.01873, 0.01356
1.00000, 0.01800, 0.01800

=== Upper Surface ===
0.00000, -0.00254
-0.00005, -0.00227
-0.00006, -0.00199
-0.00008, -0.00171
-0.00010, -0.00143
-0.00011, -0.00115
-0.00011, -0.00087
-0.00011, -0.00059
-0.00011, -0.00031
-0.00010, -0.00003
-0.00009, 0.00025
-0.00007, 0.00053
-0.00005, 0.00081
-0.00002, 0.00109
0.00002, 0.00137
0.00005, 0.00166
0.00010, 0.00194
0.00015, 0.00222
0.00020, 0.00250
0.00026, 0.00278
0.00032, 0.00306
0.00039, 0.00335
0.00046, 0.00363
0.00054, 0.00391
0.00062, 0.00420
0.00071, 0.00448
0.00080, 0.00476
0.00090, 0.00505
0.00100, 0.00533
0.00111, 0.00562
0.00122, 0.00590
0.00134, 0.00618
0.00146, 0.00647
0.00159, 0.00675
0.00172, 0.00704
0.00186, 0.00732
0.00200, 0.00761
0.00215, 0.00790
0.00230, 0.00818
0.00246, 0.00847
0.00262, 0.00875
0.00279, 0.00904
0.00296, 0.00933
0.00314, 0.00962
0.00332, 0.00990
0.00350, 0.01019
0.00370, 0.01048
0.00389, 0.01076
0.00409, 0.01105
0.00430, 0.01134
0.00451, 0.01163
0.00473, 0.01192
0.00495, 0.01221
0.00517, 0.01249
0.00540, 0.01278
0.00564, 0.01307
0.00588, 0.01336
0.00612, 0.01365
0.00637, 0.01394
0.00663, 0.01423
0.00689, 0.01452
0.00715, 0.01481
0.00742, 0.01510
0.00769, 0.01539
0.00797, 0.01568
0.00826, 0.01597
0.00855, 0.01626
0.00884, 0.01656
0.00914, 0.01685
0.00944, 0.01714
0.00975, 0.01743
0.01006, 0.01772
0.01038, 0.01801
0.01070, 0.01830
0.01103, 0.01860
0.01136, 0.01889
0.01170, 0.01918
0.01204, 0.01947
0.01239, 0.01977
0.01274, 0.02006
0.01309, 0.02035
0.01346, 0.02065
0.01382, 0.02094
0.01419, 0.02123
0.01457, 0.02153
0.01495, 0.02182
0.01533, 0.02211
0.01572, 0.02241
0.01612, 0.02270
0.01652, 0.02299
0.01692, 0.02329
0.01733, 0.02358
0.01774, 0.02388
0.01816, 0.02417
0.01859, 0.02447
0.01901, 0.02476
0.01945, 0.02506
0.01989, 0.02535
0.02033, 0.02565
0.02077, 0.02594
0.02123, 0.02624
0.02168, 0.02653
0.02215, 0.02683
0.02261, 0.02712
0.02308, 0.02742
0.02356, 0.02771
0.02404, 0.02801
0.02452, 0.02830
0.02501, 0.02860
0.02551, 0.02889
0.02601, 0.02919
0.02651, 0.02949
0.02702, 0.02978
0.02754, 0.03008
0.02805, 0.03037
0.02858, 0.03067
0.02911, 0.03097
0.02964, 0.03126
0.03018, 0.03156
0.03072, 0.03185
0.03127, 0.03215
0.03182, 0.03245
0.03237, 0.03274
0.03293, 0.03304
0.03350, 0.03333
0.03407, 0.03363
0.03465, 0.03393
0.03523, 0.03422
0.03581, 0.03452
0.03640, 0.03481
0.03700, 0.03511
0.03759, 0.03541
0.03820, 0.03570
0.03881, 0.03600
0.03942, 0.03629
0.04004, 0.03659
0.04066, 0.03688
0.04129, 0.03718
0.04192, 0.03748
0.04255, 0.03777
0.04320, 0.03807
0.04384, 0.03836
0.04449, 0.03866
0.04515, 0.03895
0.04581, 0.03925
0.04647, 0.03954
0.04714, 0.03984
0.04782, 0.04013
0.04850, 0.04043
0.04918, 0.04072
0.04987, 0.04101
0.05056, 0.04131
0.05126, 0.04160
0.05196, 0.04190
0.05267, 0.04219
0.05338, 0.04248
0.05409, 0.04277
0.05482, 0.04307
0.05554, 0.04336
0.05627, 0.04365
0.05701, 0.04394
0.05775, 0.04424
0.05849, 0.04453
0.05924, 0.04482
0.05999, 0.04511
0.06075, 0.04540
0.06151, 0.04569
0.06228, 0.04598
0.06305, 0.04627
0.06383, 0.04656
0.06461, 0.04685
0.06540, 0.04714
0.06619, 0.04743
0.06699, 0.04772
0.06779, 0.04801
0.06859, 0.04829
0.06940, 0.04858
0.07021, 0.04887
0.07103, 0.04915
0.07186, 0.04944
0.07269, 0.04973
0.07352, 0.05001
0.07436, 0.05030
0.07520, 0.05058
0.07604, 0.05086
0.07690, 0.05115
0.07775, 0.05143
0.07861, 0.05171
0.07948, 0.05200
0.08035, 0.05228
0.08122, 0.05256
0.08210, 0.05284
0.08299, 0.05312
0.08387, 0.05340
0.08477, 0.05368
0.08567, 0.05395
0.08657, 0.05423
0.08748, 0.05451
0.08839, 0.05478
0.08930, 0.05506
0.09022, 0.05533
0.09115, 0.05561
0.09208, 0.05588
0.09302, 0.05615
0.09395, 0.05643
0.09490, 0.05670
0.09585, 0.05697
0.09680, 0.05724
0.09776, 0.05751
0.09872, 0.05777
0.09969, 0.05804
0.10066, 0.05831
0.10164, 0.05857
0.10262, 0.05884
0.10360, 0.05910
0.10459, 0.05936
0.10559, 0.05963
0.10659, 0.05989
0.10759, 0.06015
0.10860, 0.06041
0.10961, 0.06066
0.11063, 0.06092
0.11165, 0.06118
0.11268, 0.06143
0.11371, 0.06168
0.11475, 0.06194
0.11579, 0.06219
0.11683, 0.06244
0.11788, 0.06269
0.11894, 0.06294
0.12000, 0.06318
0.12106, 0.06343
0.12213, 0.06367
0.12320, 0.06392
0.12428, 0.06416
0.12536, 0.06440
0.12645, 0.06464
0.12754, 0.06488
0.12863, 0.06511
0.12973, 0.06535
0.13084, 0.06558
0.13194, 0.06581
0.13306, 0.06605
0.13417, 0.06627
0.13529, 0.06650
0.13642, 0.06673
0.13755, 0.06695
0.13868, 0.06718
0.13981, 0.06740
0.14095, 0.06762
0.14210, 0.06784
0.14325, 0.06805
0.14440, 0.06827
0.14556, 0.06848
0.14672, 0.06870
0.14788, 0.06891
0.14905, 0.06912
0.15022, 0.06932
0.15140, 0.06953
0.15258, 0.06973
0.15376, 0.06993
0.15495, 0.07013
0.15614, 0.07033
0.15734, 0.07053
0.15854, 0.07072
0.15974, 0.07092
0.16095, 0.07111
0.16216, 0.07130
0.16337, 0.07149
0.16459, 0.07167
0.16581, 0.07186
0.16704, 0.07204
0.16827, 0.07222
0.16950, 0.07240
0.17074, 0.07258
0.17198, 0.07275
0.17322, 0.07292
0.17447, 0.07309
0.17572, 0.07326
0.17698, 0.07343
0.17824, 0.07359
0.17950, 0.07376
0.18077, 0.07392
0.18204, 0.07408
0.18331, 0.07423
0.18459, 0.07439
0.18587, 0.07454
0.18715, 0.07469
0.18844, 0.07484
0.18973, 0.07499
0.19103, 0.07513
0.19233, 0.07527
0.19363, 0.07541
0.19493, 0.07555
0.19624, 0.07569
0.19755, 0.07582
0.19887, 0.07595
0.20018, 0.07608
0.20150, 0.07621
0.20283, 0.07633
0.20415, 0.07645
0.20548, 0.07657
0.20681, 0.07669
0.20814, 0.07681
0.20947, 0.07692
0.21080, 0.07703
0.21214, 0.07714
0.21348, 0.07725
0.21482, 0.07735
0.21617, 0.07746
0.21751, 0.07756
0.21886, 0.07766
0.22021, 0.07775
0.22156, 0.07785
0.22291, 0.07794
0.22427, 0.07803
0.22562, 0.07812
0.22698, 0.07821
0.22834, 0.07830
0.22971, 0.07838
0.23107, 0.07846
0.23243, 0.07854
0.23380, 0.07862
0.23517, 0.07869
0.23654, 0.07877
0.23791, 0.07884
0.23929, 0.07891
0.24066, 0.07898
0.24204, 0.07905
0.24342, 0.07912
0.24480, 0.07918
0.24618, 0.07924
0.24757, 0.07930
0.24895, 0.07936
0.25034, 0.07942
0.25172, 0.07948
0.25311, 0.07953
0.25450, 0.07959
0.25589, 0.07964
0.25729, 0.07969
0.25868, 0.07974
0.26008, 0.07979
0.26147, 0.07983
0.26287, 0.07988
0.26427, 0.07992
0.26567, 0.07997
0.26707, 0.08001
0.26848, 0.08005
0.26989, 0.08009
0.27129, 0.08013
0.27271, 0.08016
0.27412, 0.08020
0.27553, 0.08023
0.27695, 0.08027
0.27837, 0.08030
0.27979, 0.08033
0.28122, 0.08036
0.28264, 0.08039
0.28407, 0.08042
0.28550, 0.08044
0.28694, 0.08047
0.28837, 0.08049
0.28981, 0.08051
0.29125, 0.08054
0.29269, 0.08056
0.29413, 0.08058
0.29558, 0.08059
0.29703, 0.08061
0.29848, 0.08063
0.29993, 0.08064
0.30138, 0.08065
0.30284, 0.08067
0.30429, 0.08068
0.30575, 0.08069
0.30721, 0.08069
0.30868, 0.08070
0.31014, 0.08071
0.31161, 0.08071
0.31308, 0.08072
0.31455, 0.08072
0.31602, 0.08072
0.31749, 0.08072
0.31897, 0.08072
0.32045, 0.08072
0.32193, 0.08072
0.32341, 0.08071
0.32489, 0.08071
0.32637, 0.08070
0.32786, 0.08069
0.32935, 0.08068
0.33084, 0.08067
0.33233, 0.08066
0.33382, 0.08065
0.33532, 0.08064
0.33682, 0.08062
0.33832, 0.08061
0.33982, 0.08059
0.34132, 0.08057
0.34283, 0.08055
0.34433, 0.08053
0.34584, 0.08051
0.34735, 0.08049
0.34886, 0.08047
0.35037, 0.08044
0.35189, 0.08041
0.35340, 0.08039
0.35492, 0.08036
0.35644, 0.08033
0.35796, 0.08030
0.35948, 0.08027
0.36100, 0.08023
0.36253, 0.08020
0.36405, 0.08016
0.36558, 0.08013
0.36711, 0.08009
0.36864, 0.08005
0.37017, 0.08001
0.37170, 0.07997
0.37324, 0.07992
0.37477, 0.07988
0.37631, 0.07983
0.37785, 0.07979
0.37939, 0.07974
0.38093, 0.07969
0.38247, 0.07964
0.38401, 0.07959
0.38556, 0.07954
0.38710, 0.07949
0.38865, 0.07943
0.39019, 0.07938
0.39174, 0.07932
0.39329, 0.07926
0.39484, 0.07920
0.39639, 0.07914
0.39795, 0.07908
0.39950, 0.07902
0.40105, 0.07896
0.40261, 0.07889
0.40416, 0.07883
0.40572, 0.07876
0.40728, 0.07869
0.40884, 0.07862
0.41040, 0.07855
0.41196, 0.07848
0.41352, 0.07841
0.41508, 0.07833
0.41664, 0.07826
0.41820, 0.07818
0.41977, 0.07811
0.42133, 0.07803
0.42290, 0.07795
0.42446, 0.07787
0.42603, 0.07779
0.42759, 0.07771
0.42916, 0.07762
0.43073, 0.07754
0.43230, 0.07745
0.43387, 0.07737
0.43544, 0.07728
0.43701, 0.07719
0.43858, 0.07710
0.44015, 0.07701
0.44172, 0.07692
0.44329, 0.07683
0.44486, 0.07674
0.44644, 0.07664
0.44801, 0.07655
0.44958, 0.07645
0.45116, 0.07635
0.45273, 0.07626
0.45430, 0.07616
0.45588, 0.07606
0.45745, 0.07596
0.45903, 0.07585
0.46060, 0.07575
0.46218, 0.07565
0.46376, 0.07554
0.46533, 0.07544
0.46691, 0.07533
0.46848, 0.07523
0.47006, 0.07512
0.47164, 0.07501
0.47321, 0.07490
0.47479, 0.07479
0.47636, 0.07468
0.47794, 0.07457
0.47952, 0.07445
0.48109, 0.07434
0.48267, 0.07423
0.48425, 0.07411
0.48582, 0.07400
0.48740, 0.07388
0.48898, 0.07376
0.49055, 0.07364
0.49213, 0.07352
0.49371, 0.07341
0.49528, 0.07329
0.49686, 0.07316
0.49843, 0.07304
0.50001, 0.07292
0.50158, 0.07280
0.50316, 0.07267
0.50473, 0.07255
0.50631, 0.07242
0.50788, 0.07230
0.50946, 0.07217
0.51103, 0.07205
0.51261, 0.07192
0.51418, 0.07179
0.51575, 0.07166
0.51732, 0.07153
0.51890, 0.07140
0.52047, 0.07127
0.52204, 0.07114
0.52361, 0.07101
0.52518, 0.07088
0.52675, 0.07075
0.52832, 0.07061
0.52989, 0.07048
0.53146, 0.07034
0.53303, 0.07021
0.53460, 0.07007
0.53617, 0.06994
0.53774, 0.06980
0.53930, 0.06967
0.54087, 0.06953
0.54244, 0.06939
0.54400, 0.06925
0.54557, 0.06912
0.54713, 0.06898
0.54869, 0.06884
0.55026, 0.06870
0.55182, 0.06856
0.55338, 0.06842
0.55494, 0.06828
0.55650, 0.06813
0.55806, 0.06799
0.55962, 0.06785
0.56118, 0.06771
0.56274, 0.06756
0.56430, 0.06742
0.56585, 0.06728
0.56741, 0.06713
0.56897, 0.06699
0.57052, 0.06684
0.57207, 0.06670
0.57363, 0.06655
0.57518, 0.06641
0.57673, 0.06626
0.57828, 0.06611
0.57983, 0.06597
0.58138, 0.06582
0.58293, 0.06567
0.58448, 0.06553
0.58602, 0.06538
0.58757, 0.06523
0.58911, 0.06508
0.59066, 0.06493
0.59220, 0.06478
0.59374, 0.06463
0.59528, 0.06448
0.59682, 0.06433
0.59836, 0.06418
0.59990, 0.06403
0.60144, 0.06388
0.60298, 0.06373
0.60451, 0.06358
0.60605, 0.06343
0.60758, 0.06328
0.60911, 0.06313
0.61064, 0.06297
0.61217, 0.06282
0.61370, 0.06267
0.61523, 0.06252
0.61676, 0.06236
0.61828, 0.06221
0.61981, 0.06206
0.62133, 0.06190
0.62285, 0.06175
0.62437, 0.06159
0.62590, 0.06144
0.62741, 0.06128
0.62893, 0.06113
0.63045, 0.06097
0.63196, 0.06082
0.63348, 0.06066
0.63499, 0.06051
0.63650, 0.06035
0.63801, 0.06019
0.63952, 0.06004
0.64103, 0.05988
0.64254, 0.05973
0.64404, 0.05957
0.64554, 0.05941
0.64705, 0.05925
0.64855, 0.05910
0.65005, 0.05894
0.65154, 0.05878
0.65302, 0.05862
0.65445, 0.05847
0.65581, 0.05831
0.65709, 0.05817
0.65834, 0.05803
0.65968, 0.05790
0.66123, 0.05777
0.66297, 0.05764
0.66478, 0.05749
0.66652, 0.05733
0.66815, 0.05716
0.66970, 0.05698
0.67120, 0.05681
0.67268, 0.05664
0.67415, 0.05647
0.67563, 0.05629
0.67709, 0.05612
0.67856, 0.05595
0.68003, 0.05577
0.68149, 0.05560
0.68295, 0.05543
0.68441, 0.05525
0.68586, 0.05508
0.68731, 0.05491
0.68876, 0.05474
0.69021, 0.05456
0.69166, 0.05439
0.69310, 0.05422
0.69454, 0.05404
0.69598, 0.05387
0.69741, 0.05370
0.69885, 0.05353
0.70028, 0.05336
0.70171, 0.05319
0.70313, 0.05302
0.70456, 0.05285
0.70598, 0.05268
0.70740, 0.05251
0.70882, 0.05234
0.71023, 0.05217
0.71164, 0.05200
0.71305, 0.05183
0.71446, 0.05166
0.71586, 0.05150
0.71726, 0.05133
0.71866, 0.05116
0.72006, 0.05100
0.72145, 0.05083
0.72284, 0.05067
0.72423, 0.05051
0.72562, 0.05034
0.72700, 0.05018
0.72838, 0.05002
0.72976, 0.04986
0.73114, 0.04970
0.73251, 0.04954
0.73389, 0.04938
0.73525, 0.04922
0.73662, 0.04907
0.73798, 0.04891
0.73934, 0.04876
0.74070, 0.04860
0.74206, 0.04845
0.74341, 0.04830
0.74476, 0.04814
0.74611, 0.04799
0.74746, 0.04784
0.74880, 0.04769
0.75014, 0.04755
0.75148, 0.04740
0.75281, 0.04725
0.75415, 0.04711
0.75548, 0.04696
0.75681, 0.04682
0.75814, 0.04668
0.75946, 0.04653
0.76079, 0.04639
0.76211, 0.04625
0.76343, 0.04611
0.76474, 0.04598
0.76606, 0.04584
0.76737, 0.04570
0.76868, 0.04557
0.76999, 0.04543
0.77130, 0.04530
0.77260, 0.04516
0.77390, 0.04503
0.77520, 0.04490
0.77650, 0.04477
0.77779, 0.04464
0.77908, 0.04451
0.78037, 0.04438
0.78166, 0.04425
0.78295, 0.04412
0.78423, 0.04399
0.78551, 0.04387
0.78679, 0.04374
0.78806, 0.04362
0.78934, 0.04349
0.79061, 0.04337
0.79187, 0.04324
0.79314, 0.04312
0.79440, 0.04300
0.79566, 0.04288
0.79692, 0.04276
0.79817, 0.04264
0.79943, 0.04252
0.80068, 0.04240
0.80192, 0.04228
0.80317, 0.04216
0.80441, 0.04204
0.80565, 0.04192
0.80688, 0.04181
0.80812, 0.04169
0.80935, 0.04158
0.81057, 0.04146
0.81180, 0.04134
0.81302, 0.04123
0.81424, 0.04112
0.81546, 0.04100
0.81667, 0.04089
0.81788, 0.04078
0.81909, 0.04066
0.82029, 0.04055
0.82150, 0.04044
0.82270, 0.04033
0.82389, 0.04022
0.82508, 0.04011
0.82627, 0.04000
0.82746, 0.03989
0.82864, 0.03978
0.82983, 0.03967
0.83100, 0.03956
0.83218, 0.03945
0.83335, 0.03934
0.83452, 0.03923
0.83568, 0.03913
0.83685, 0.03902
0.83801, 0.03891
0.83916, 0.03880
0.84031, 0.03870
0.84146, 0.03859
0.84261, 0.03849
0.84375, 0.03838
0.84489, 0.03827
0.84603, 0.03817
0.84717, 0.03806
0.84830, 0.03796
0.84942, 0.03785
0.85055, 0.03775
0.85167, 0.03764
0.85278, 0.03754
0.85390, 0.03744
0.85501, 0.03733
0.85612, 0.03723
0.85722, 0.03713
0.85832, 0.03702
0.85942, 0.03692
0.86051, 0.03682
0.86160, 0.03671
0.86269, 0.03661
0.86377, 0.03651
0.86485, 0.03641
0.86593, 0.03630
0.86700, 0.03620
0.86807, 0.03610
0.86913, 0.03600
0.87019, 0.03589
0.87125, 0.03579
0.87231, 0.03569
0.87336, 0.03559
0.87441, 0.03549
0.87545, 0.03539
0.87649, 0.03529
0.87753, 0.03518
0.87856, 0.03508
0.87959, 0.03498
0.88061, 0.03488
0.88164, 0.03478
0.88265, 0.03468
0.88367, 0.03458
0.88468, 0.03448
0.88569, 0.03438
0.88669, 0.03428
0.88769, 0.03418
0.88868, 0.03407
0.88967, 0.03397
0.89066, 0.03387
0.89165, 0.03377
0.89263, 0.03367
0.89360, 0.03357
0.89457, 0.03347
0.89554, 0.03337
0.89651, 0.03327
0.89747, 0.03317
0.89842, 0.03307
0.89938, 0.03297
0.90033, 0.03287
0.90127, 0.03277
0.90221, 0.03267
0.90315, 0.03257
0.90408, 0.03247
0.90501, 0.03237
0.90593, 0.03228
0.90686, 0.03218
0.90777, 0.03208
0.90868, 0.03198
0.90959, 0.03188
0.91050, 0.03178
0.91140, 0.03168
0.91229, 0.03158
0.91319, 0.03148
0.91407, 0.03138
0.91496, 0.03128
0.91584, 0.03119
0.91671, 0.03109
0.91759, 0.03099
0.91845, 0.03089
0.91932, 0.03079
0.92017, 0.03069
0.92103, 0.03059
0.92188, 0.03050
0.92273, 0.03040
0.92357, 0.03030
0.92441, 0.03020
0.92524, 0.03010
0.92607, 0.03001
0.92689, 0.02991
0.92771, 0.02981
0.92853, 0.02971
0.92934, 0.02962
0.93015, 0.02952
0.93095, 0.02942
0.93175, 0.02933
0.93255, 0.02923
0.93334, 0.02913
0.93413, 0.02904
0.93491, 0.02894
0.93569, 0.02884
0.93646, 0.02875
0.93723, 0.02865
0.93799, 0.02856
0.93875, 0.02846
0.93951, 0.02837
0.94026, 0.02827
0.94101, 0.02818
0.94175, 0.02808
0.94249, 0.02799
0.94322, 0.02789
0.94395, 0.02780
0.94467, 0.02771
0.94539, 0.02761
0.94611, 0.02752
0.94682, 0.02743
0.94753, 0.02733
0.94823, 0.02724
0.94893, 0.02715
0.94962, 0.02705
0.95031, 0.02696
0.95099, 0.02687
0.95167, 0.02678
0.95235, 0.02669
0.95302, 0.02660
0.95368, 0.02651
0.95434, 0.02642
0.95500, 0.02633
0.95565, 0.02624
0.95630, 0.02615
0.95694, 0.02606
0.95758, 0.02597
0.95822, 0.02588
0.95885, 0.02579
0.95947, 0.02570
0.96009, 0.02562
0.96071, 0.02553
0.96132, 0.02544
0.96192, 0.02536
0.96253, 0.02527
0.96312, 0.02519
0.96372, 0.02510
0.96430, 0.02502
0.96489, 0.02493
0.96546, 0.02485
0.96604, 0.02476
0.96661, 0.02468
0.96717, 0.02460
0.96773, 0.02451
0.96829, 0.02443
0.96884, 0.02435
0.96938, 0.02427
0.96992, 0.02419
0.97046, 0.02411
0.97099, 0.02403
0.97152, 0.02395
0.97204, 0.02387
0.97256, 0.02379
0.97307, 0.02371
0.97358, 0.02364
0.97408, 0.02356
0.97458, 0.02348
0.97508, 0.02341
0.97557, 0.02333
0.97605, 0.02326
0.97653, 0.02318
0.97700, 0.02311
0.97747, 0.02303
0.97794, 0.02296
0.97840, 0.02289
0.97886, 0.02282
0.97931, 0.02275
0.97975, 0.02268
0.98019, 0.02261
0.98063, 0.02254
0.98106, 0.02247
0.98149, 0.02240
0.98191, 0.02233
0.98233, 0.02226
0.98274, 0.02220
0.98315, 0.02213
0.98355, 0.02207
0.98395, 0.02200
0.98435, 0.02194
0.98473, 0.02188
0.98512, 0.02181
0.98550, 0.02175
0.98587, 0.02169
0.98624, 0.02163
0.98661, 0.02157
0.98697, 0.02151
0.98732, 0.02145
0.98767, 0.02139
0.98802, 0.02134
0.98836, 0.02128
0.98869, 0.02122
0.98902, 0.02117
0.98935, 0.02111
0.98967, 0.02106
0.98999, 0.02101
0.99030, 0.02095
0.99060, 0.02090
0.99091, 0.02085
0.99120, 0.02080
0.99149, 0.02075
0.99178, 0.02070
0.99206, 0.02065
0.99234, 0.02061
0.99261, 0.02056
0.99288, 0.02051
0.99314, 0.02047
0.99340, 0.02043
0.99365, 0.02038
0.99390, 0.02034
0.99414, 0.02030
0.99438, 0.02026
0.99462, 0.02022
0.99484, 0.02018
0.99507, 0.02014
0.99529, 0.02010
0.99550, 0.02006
0.99571, 0.02003
0.99591, 0.01999
0.99611, 0.01996
0.99631, 0.01992
0.99650, 0.01989
0.99668, 0.01986
0.99686, 0.01982
0.99703, 0.01979
0.99720, 0.01976
0.99737, 0.01974
0.99753, 0.01971
0.99768, 0.01968
0.99783, 0.01965
0.99798, 0.01963
0.99812, 0.01960
0.99825, 0.01958
0.99838, 0.01956
0.99851, 0.01953
0.99863, 0.01951
0.99875, 0.01949
0.99886, 0.01947
0.99896, 0.01945
0.99906, 0.01944
0.99916, 0.01942
0.99925, 0.01940
0.99934, 0.01939
0.99942, 0.01937
0.99949, 0.01936
0.99957, 0.01935
0.99963, 0.01933
0.99969, 0.01932
0.99975, 0.01931
0.99980, 0.01930
0.99985, 0.01930
0.99989, 0.01929
0.99993, 0.01928
0.99996, 0.01928
0.99999, 0.01927
1.00001, 0.01927
1.00003, 0.01926
1.00004, 0.01926
1.00007, 0.01926
1.00008, 0.01926

=== Lower Surface ===
0.00000, -0.00254
0.00005, -0.00282
0.00008, -0.00309
0.00013, -0.00337
0.00018, -0.00365
0.00023, -0.00392
0.00029, -0.00419
0.00036, -0.00446
0.00043, -0.00473
0.00050, -0.00500
0.00058, -0.00527
0.00067, -0.00554
0.00076, -0.00581
0.00085, -0.00607
0.00095, -0.00634
0.00106, -0.00660
0.00117, -0.00686
0.00128, -0.00713
0.00140, -0.00739
0.00153, -0.00765
0.00166, -0.00791
0.00179, -0.00816
0.00193, -0.00842
0.00207, -0.00868
0.00222, -0.00893
0.00238, -0.00919
0.00254, -0.00944
0.00270, -0.00969
0.00287, -0.00994
0.00304, -0.01019
0.00322, -0.01044
0.00341, -0.01069
0.00359, -0.01093
0.00379, -0.01118
0.00399, -0.01143
0.00419, -0.01167
0.00440, -0.01191
0.00461, -0.01215
0.00483, -0.01239
0.00505, -0.01263
0.00528, -0.01287
0.00551, -0.01311
0.00575, -0.01335
0.00599, -0.01358
0.00624, -0.01382
0.00649, -0.01405
0.00675, -0.01428
0.00701, -0.01451
0.00728, -0.01474
0.00755, -0.01497
0.00783, -0.01520
0.00811, -0.01543
0.00839, -0.01565
0.00869, -0.01588
0.00898, -0.01610
0.00928, -0.01632
0.00959, -0.01654
0.00990, -0.01677
0.01022, -0.01698
0.01054, -0.01720
0.01086, -0.01742
0.01119, -0.01764
0.01153, -0.01785
0.01187, -0.01807
0.01221, -0.01828
0.01256, -0.01849
0.01292, -0.01870
0.01328, -0.01891
0.01364, -0.01912
0.01401, -0.01933
0.01438, -0.01953
0.01476, -0.01974
0.01514, -0.01994
0.01553, -0.02014
0.01593, -0.02034
0.01632, -0.02054
0.01673, -0.02074
0.01713, -0.02094
0.01755, -0.02114
0.01796, -0.02134
0.01838, -0.02153
0.01881, -0.02172
0.01924, -0.02192
0.01968, -0.02211
0.02012, -0.02230
0.02057, -0.02249
0.02102, -0.02267
0.02147, -0.02286
0.02193, -0.02305
0.02239, -0.02323
0.02286, -0.02341
0.02334, -0.02359
0.02382, -0.02378
0.02430, -0.02395
0.02479, -0.02413
0.02528, -0.02431
0.02578, -0.02449
0.02628, -0.02466
0.02679, -0.02483
0.02730, -0.02501
0.02781, -0.02518
0.02833, -0.02535
0.02886, -0.02552
0.02939, -0.02568
0.02992, -0.02585
0.03046, -0.02602
0.03101, -0.02618
0.03156, -0.02634
0.03211, -0.02650
0.03267, -0.02666
0.03323, -0.02682
0.03379, -0.02698
0.03437, -0.02714
0.03494, -0.02729
0.03552, -0.02745
0.03611, -0.02760
0.03670, -0.02775
0.03729, -0.02790
0.03789, -0.02805
0.03849, -0.02820
0.03910, -0.02834
0.03971, -0.02849
0.04032, -0.02863
0.04095, -0.02878
0.04157, -0.02892
0.04220, -0.02906
0.04283, -0.02920
0.04347, -0.02934
0.04411, -0.02947
0.04476, -0.02961
0.04541, -0.02974
0.04607, -0.02988
0.04673, -0.03001
0.04739, -0.03014
0.04806, -0.03027
0.04873, -0.03040
0.04941, -0.03052
0.05009, -0.03065
0.05078, -0.03077
0.05147, -0.03090
0.05216, -0.03102
0.05286, -0.03114
0.05357, -0.03126
0.05427, -0.03138
0.05498, -0.03149
0.05570, -0.03161
0.05642, -0.03172
0.05714, -0.03184
0.05787, -0.03195
0.05860, -0.03206
0.05934, -0.03217
0.06008, -0.03228
0.06083, -0.03239
0.06157, -0.03249
0.06233, -0.03260
0.06308, -0.03270
0.06385, -0.03280
0.06461, -0.03290
0.06538, -0.03300
0.06615, -0.03310
0.06693, -0.03320
0.06771, -0.03330
0.06850, -0.03339
0.06929, -0.03348
0.07008, -0.03358
0.07087, -0.03367
0.07168, -0.03376
0.07248, -0.03385
0.07329, -0.03394
0.07410, -0.03402
0.07492, -0.03411
0.07574, -0.03419
0.07656, -0.03428
0.07739, -0.03436
0.07822, -0.03444
0.07906, -0.03452
0.07990, -0.03460
0.08074, -0.03468
0.08159, -0.03476
0.08244, -0.03483
0.08329, -0.03491
0.08415, -0.03498
0.08501, -0.03505
0.08587, -0.03512
0.08674, -0.03519
0.08762, -0.03526
0.08849, -0.03533
0.08937, -0.03540
0.09026, -0.03547
0.09114, -0.03553
0.09203, -0.03560
0.09293, -0.03566
0.09382, -0.03572
0.09472, -0.03578
0.09563, -0.03584
0.09654, -0.03590
0.09745, -0.03596
0.09836, -0.03602
0.09928, -0.03607
0.10020, -0.03613
0.10113, -0.03618
0.10206, -0.03624
0.10299, -0.03629
0.10392, -0.03634
0.10486, -0.03639
0.10580, -0.03644
0.10675, -0.03649
0.10770, -0.03654
0.10865, -0.03659
0.10960, -0.03663
0.11056, -0.03668
0.11152, -0.03672
0.11249, -0.03677
0.11345, -0.03681
0.11442, -0.03685
0.11540, -0.03689
0.11638, -0.03694
0.11736, -0.03698
0.11834, -0.03702
0.11932, -0.03705
0.12031, -0.03709
0.12131, -0.03713
0.12230, -0.03717
0.12330, -0.03720
0.12430, -0.03724
0.12531, -0.03727
0.12631, -0.03731
0.12732, -0.03734
0.12834, -0.03737
0.12935, -0.03741
0.13037, -0.03744
0.13139, -0.03747
0.13242, -0.03750
0.13344, -0.03753
0.13447, -0.03756
0.13551, -0.03759
0.13654, -0.03762
0.13758, -0.03765
0.13862, -0.03768
0.13966, -0.03771
0.14071, -0.03773
0.14176, -0.03776
0.14282, -0.03779
0.14387, -0.03781
0.14493, -0.03784
0.14599, -0.03786
0.14706, -0.03789
0.14813, -0.03791
0.14920, -0.03794
0.15027, -0.03796
0.15135, -0.03798
0.15243, -0.03801
0.15351, -0.03803
0.15460, -0.03805
0.15569, -0.03807
0.15678, -0.03810
0.15788, -0.03812
0.15898, -0.03814
0.16008, -0.03816
0.16118, -0.03818
0.16229, -0.03820
0.16340, -0.03822
0.16451, -0.03824
0.16563, -0.03826
0.16674, -0.03828
0.16787, -0.03830
0.16899, -0.03832
0.17012, -0.03834
0.17125, -0.03836
0.17238, -0.03837
0.17351, -0.03839
0.17465, -0.03841
0.17579, -0.03843
0.17694, -0.03845
0.17808, -0.03847
0.17923, -0.03848
0.18038, -0.03850
0.18154, -0.03852
0.18269, -0.03854
0.18385, -0.03855
0.18502, -0.03857
0.18618, -0.03859
0.18735, -0.03861
0.18852, -0.03862
0.18969, -0.03864
0.19087, -0.03866
0.19205, -0.03867
0.19323, -0.03869
0.19441, -0.03871
0.19560, -0.03873
0.19679, -0.03874
0.19798, -0.03876
0.19917, -0.03878
0.20037, -0.03880
0.20157, -0.03881
0.20277, -0.03883
0.20397, -0.03885
0.20518, -0.03887
0.20639, -0.03889
0.20761, -0.03890
0.20883, -0.03892
0.21005, -0.03894
0.21128, -0.03896
0.21251, -0.03898
0.21374, -0.03899
0.21498, -0.03901
0.21622, -0.03903
0.21746, -0.03905
0.21871, -0.03906
0.21996, -0.03908
0.22121, -0.03910
0.22247, -0.03912
0.22373, -0.03913
0.22500, -0.03915
0.22627, -0.03917
0.22754, -0.03919
0.22881, -0.03920
0.23009, -0.03922
0.23138, -0.03924
0.23266, -0.03925
0.23395, -0.03927
0.23525, -0.03928
0.23655, -0.03930
0.23785, -0.03931
0.23915, -0.03933
0.24046, -0.03934
0.24177, -0.03936
0.24309, -0.03937
0.24440, -0.03938
0.24573, -0.03940
0.24705, -0.03941
0.24838, -0.03942
0.24971, -0.03943
0.25105, -0.03944
0.25239, -0.03945
0.25373, -0.03946
0.25508, -0.03947
0.25643, -0.03948
0.25778, -0.03949
0.25914, -0.03950
0.26050, -0.03950
0.26187, -0.03951
0.26323, -0.03952
0.26461, -0.03952
0.26598, -0.03952
0.26736, -0.03953
0.26874, -0.03953
0.27012, -0.03953
0.27151, -0.03953
0.27289, -0.03953
0.27428, -0.03953
0.27568, -0.03953
0.27707, -0.03953
0.27847, -0.03953
0.27987, -0.03953
0.28127, -0.03952
0.28267, -0.03952
0.28408, -0.03951
0.28549, -0.03951
0.28690, -0.03950
0.28831, -0.03949
0.28972, -0.03948
0.29114, -0.03947
0.29256, -0.03946
0.29398, -0.03945
0.29540, -0.03944
0.29682, -0.03943
0.29825, -0.03942
0.29968, -0.03940
0.30111, -0.03939
0.30254, -0.03937
0.30397, -0.03936
0.30541, -0.03934
0.30685, -0.03932
0.30829, -0.03931
0.30973, -0.03929
0.31117, -0.03927
0.31262, -0.03925
0.31407, -0.03923
0.31552, -0.03921
0.31697, -0.03919
0.31842, -0.03916
0.31988, -0.03914
0.32133, -0.03912
0.32279, -0.03909
0.32425, -0.03907
0.32571, -0.03904
0.32718, -0.03902
0.32864, -0.03899
0.33011, -0.03896
0.33158, -0.03893
0.33305, -0.03890
0.33452, -0.03887
0.33599, -0.03884
0.33747, -0.03881
0.33894, -0.03878
0.34042, -0.03875
0.34190, -0.03872
0.34338, -0.03868
0.34486, -0.03865
0.34634, -0.03861
0.34782, -0.03858
0.34931, -0.03854
0.35080, -0.03851
0.35229, -0.03847
0.35378, -0.03843
0.35527, -0.03840
0.35676, -0.03836
0.35825, -0.03832
0.35975, -0.03828
0.36124, -0.03824
0.36274, -0.03820
0.36424, -0.03816
0.36574, -0.03812
0.36724, -0.03808
0.36875, -0.03803
0.37025, -0.03799
0.37176, -0.03795
0.37326, -0.03790
0.37477, -0.03786
0.37628, -0.03782
0.37779, -0.03777
0.37930, -0.03772
0.38081, -0.03768
0.38233, -0.03763
0.38384, -0.03759
0.38536, -0.03754
0.38688, -0.03749
0.38839, -0.03744
0.38991, -0.03739
0.39143, -0.03734
0.39296, -0.03730
0.39448, -0.03725
0.39600, -0.03720
0.39753, -0.03715
0.39905, -0.03709
0.40058, -0.03704
0.40211, -0.03699
0.40364, -0.03694
0.40517, -0.03689
0.40670, -0.03683
0.40823, -0.03678
0.40977, -0.03673
0.41130, -0.03667
0.41284, -0.03662
0.41437, -0.03656
0.41591, -0.03651
0.41745, -0.03645
0.41899, -0.03640
0.42053, -0.03634
0.42207, -0.03628
0.42361, -0.03623
0.42515, -0.03617
0.42670, -0.03611
0.42824, -0.03605
0.42979, -0.03599
0.43133, -0.03593
0.43288, -0.03588
0.43443, -0.03582
0.43597, -0.03576
0.43752, -0.03569
0.43907, -0.03563
0.44063, -0.03557
0.44218, -0.03551
0.44373, -0.03545
0.44528, -0.03539
0.44684, -0.03532
0.44839, -0.03526
0.44995, -0.03520
0.45150, -0.03513
0.45306, -0.03507
0.45462, -0.03501
0.45617, -0.03494
0.45773, -0.03488
0.45929, -0.03481
0.46085, -0.03474
0.46241, -0.03468
0.46397, -0.03461
0.46553, -0.03454
0.46709, -0.03448
0.46866, -0.03441
0.47022, -0.03434
0.47178, -0.03427
0.47335, -0.03420
0.47491, -0.03413
0.47648, -0.03406
0.47804, -0.03399
0.47961, -0.03392
0.48117, -0.03385
0.48274, -0.03378
0.48431, -0.03371
0.48587, -0.03364
0.48744, -0.03357
0.48901, -0.03349
0.49058, -0.03342
0.49214, -0.03335
0.49371, -0.03327
0.49528, -0.03320
0.49685, -0.03312
0.49842, -0.03305
0.49999, -0.03297
0.50156, -0.03290
0.50313, -0.03282
0.50470, -0.03274
0.50627, -0.03267
0.50784, -0.03259
0.50941, -0.03251
0.51098, -0.03243
0.51255, -0.03235
0.51412, -0.03227
0.51569, -0.03219
0.51726, -0.03211
0.51883, -0.03203
0.52040, -0.03195
0.52197, -0.03187
0.52354, -0.03179
0.52511, -0.03171
0.52668, -0.03162
0.52825, -0.03154
0.52982, -0.03146
0.53139, -0.03137
0.53296, -0.03129
0.53453, -0.03120
0.53610, -0.03112
0.53767, -0.03103
0.53924, -0.03095
0.54080, -0.03086
0.54237, -0.03077
0.54394, -0.03068
0.54551, -0.03060
0.54707, -0.03051
0.54864, -0.03042
0.55021, -0.03033
0.55177, -0.03024
0.55334, -0.03015
0.55490, -0.03006
0.55647, -0.02997
0.55803, -0.02988
0.55960, -0.02979
0.56116, -0.02969
0.56272, -0.02960
0.56428, -0.02951
0.56584, -0.02941
0.56740, -0.02932
0.56896, -0.02923
0.57052, -0.02913
0.57208, -0.02904
0.57364, -0.02894
0.57520, -0.02884
0.57676, -0.02875
0.57831, -0.02865
0.57987, -0.02855
0.58142, -0.02846
0.58297, -0.02836
0.58453, -0.02826
0.58608, -0.02816
0.58763, -0.02806
0.58918, -0.02796
0.59073, -0.02786
0.59228, -0.02776
0.59383, -0.02766
0.59537, -0.02756
0.59692, -0.02746
0.59846, -0.02736
0.60001, -0.02725
0.60155, -0.02715
0.60309, -0.02705
0.60463, -0.02695
0.60617, -0.02684
0.60771, -0.02674
0.60925, -0.02663
0.61079, -0.02653
0.61232, -0.02642
0.61386, -0.02632
0.61539, -0.02621
0.61692, -0.02611
0.61845, -0.02600
0.61998, -0.02589
0.62151, -0.02578
0.62304, -0.02568
0.62456, -0.02557
0.62609, -0.02546
0.62761, -0.02535
0.62913, -0.02524
0.63065, -0.02514
0.63217, -0.02503
0.63369, -0.02492
0.63520, -0.02481
0.63672, -0.02470
0.63823, -0.02459
0.63974, -0.02448
0.64125, -0.02437
0.64276, -0.02425
0.64427, -0.02414
0.64578, -0.02403
0.64728, -0.02392
0.64879, -0.02381
0.65029, -0.02370
0.65181, -0.02358
0.65337, -0.02347
0.65500, -0.02335
0.65671, -0.02323
0.65845, -0.02310
0.66008, -0.02295
0.66151, -0.02281
0.66275, -0.02267
0.66391, -0.02254
0.66514, -0.02242
0.66647, -0.02231
0.66789, -0.02221
0.66934, -0.02210
0.67082, -0.02200
0.67229, -0.02190
0.67377, -0.02180
0.67525, -0.02169
0.67672, -0.02159
0.67820, -0.02149
0.67967, -0.02138
0.68114, -0.02128
0.68261, -0.02117
0.68408, -0.02107
0.68554, -0.02096
0.68701, -0.02086
0.68847, -0.02075
0.68994, -0.02065
0.69140, -0.02054
0.69286, -0.02043
0.69432, -0.02033
0.69578, -0.02022
0.69723, -0.02011
0.69869, -0.02000
0.70014, -0.01990
0.70159, -0.01979
0.70304, -0.01968
0.70449, -0.01957
0.70593, -0.01945
0.70738, -0.01934
0.70882, -0.01923
0.71026, -0.01912
0.71170, -0.01900
0.71314, -0.01889
0.71458, -0.01878
0.71601, -0.01866
0.71745, -0.01855
0.71888, -0.01843
0.72031, -0.01831
0.72174, -0.01819
0.72316, -0.01807
0.72458, -0.01795
0.72601, -0.01783
0.72743, -0.01771
0.72884, -0.01759
0.73026, -0.01747
0.73167, -0.01735
0.73309, -0.01722
0.73450, -0.01710
0.73590, -0.01697
0.73731, -0.01684
0.73871, -0.01672
0.74011, -0.01659
0.74151, -0.01646
0.74291, -0.01633
0.74430, -0.01620
0.74570, -0.01606
0.74709, -0.01593
0.74848, -0.01580
0.74986, -0.01566
0.75124, -0.01552
0.75262, -0.01539
0.75400, -0.01525
0.75537, -0.01511
0.75675, -0.01497
0.75811, -0.01483
0.75948, -0.01469
0.76084, -0.01455
0.76220, -0.01440
0.76356, -0.01426
0.76491, -0.01411
0.76626, -0.01397
0.76761, -0.01382
0.76895, -0.01367
0.77029, -0.01353
0.77163, -0.01338
0.77296, -0.01323
0.77429, -0.01308
0.77562, -0.01293
0.77695, -0.01278
0.77827, -0.01263
0.77959, -0.01247
0.78090, -0.01232
0.78221, -0.01217
0.78352, -0.01201
0.78483, -0.01186
0.78613, -0.01171
0.78743, -0.01155
0.78873, -0.01139
0.79002, -0.01124
0.79131, -0.01108
0.79260, -0.01092
0.79388, -0.01077
0.79516, -0.01061
0.79644, -0.01045
0.79771, -0.01029
0.79898, -0.01013
0.80025, -0.00997
0.80152, -0.00982
0.80278, -0.00966
0.80403, -0.00950
0.80529, -0.00934
0.80654, -0.00918
0.80779, -0.00901
0.80903, -0.00885
0.81027, -0.00869
0.81151, -0.00853
0.81274, -0.00837
0.81397, -0.00821
0.81520, -0.00805
0.81643, -0.00789
0.81765, -0.00772
0.81886, -0.00756
0.82008, -0.00740
0.82129, -0.00724
0.82250, -0.00708
0.82370, -0.00691
0.82490, -0.00675
0.82610, -0.00659
0.82729, -0.00643
0.82848, -0.00626
0.82967, -0.00610
0.83085, -0.00594
0.83203, -0.00578
0.83320, -0.00562
0.83438, -0.00545
0.83555, -0.00529
0.83671, -0.00513
0.83787, -0.00497
0.83903, -0.00481
0.84019, -0.00465
0.84134, -0.00449
0.84249, -0.00432
0.84363, -0.00416
0.84477, -0.00400
0.84591, -0.00384
0.84704, -0.00368
0.84817, -0.00352
0.84930, -0.00336
0.85042, -0.00320
0.85154, -0.00305
0.85265, -0.00289
0.85377, -0.00273
0.85487, -0.00257
0.85598, -0.00241
0.85708, -0.00225
0.85818, -0.00210
0.85927, -0.00194
0.86036, -0.00178
0.86145, -0.00163
0.86253, -0.00147
0.86361, -0.00132
0.86468, -0.00116
0.86575, -0.00101
0.86682, -0.00085
0.86788, -0.00070
0.86894, -0.00055
0.87000, -0.00039
0.87105, -0.00024
0.87210, -0.00009
0.87315, 0.00006
0.87419, 0.00021
0.87523, 0.00036
0.87626, 0.00051
0.87729, 0.00066
0.87832, 0.00081
0.87934, 0.00096
0.88036, 0.00111
0.88137, 0.00125
0.88238, 0.00140
0.88339, 0.00155
0.88439, 0.00169
0.88539, 0.00184
0.88639, 0.00198
0.88738, 0.00212
0.88837, 0.00227
0.88935, 0.00241
0.89033, 0.00255
0.89131, 0.00269
0.89228, 0.00283
0.89325, 0.00297
0.89421, 0.00311
0.89518, 0.00325
0.89613, 0.00339
0.89708, 0.00353
0.89803, 0.00366
0.89898, 0.00380
0.89992, 0.00394
0.90086, 0.00407
0.90179, 0.00421
0.90272, 0.00434
0.90364, 0.00447
0.90457, 0.00460
0.90548, 0.00474
0.90640, 0.00487
0.90731, 0.00500
0.90821, 0.00513
0.90911, 0.00525
0.91001, 0.00538
0.91090, 0.00551
0.91179, 0.00564
0.91268, 0.00576
0.91356, 0.00589
0.91444, 0.00601
0.91531, 0.00613
0.91618, 0.00626
0.91704, 0.00638
0.91790, 0.00650
0.91876, 0.00662
0.91961, 0.00674
0.92046, 0.00686
0.92130, 0.00698
0.92214, 0.00710
0.92298, 0.00721
0.92381, 0.00733
0.92464, 0.00744
0.92546, 0.00756
0.92628, 0.00767
0.92710, 0.00779
0.92791, 0.00790
0.92872, 0.00801
0.92952, 0.00812
0.93032, 0.00823
0.93111, 0.00834
0.93190, 0.00845
0.93269, 0.00856
0.93347, 0.00866
0.93425, 0.00877
0.93502, 0.00887
0.93579, 0.00898
0.93656, 0.00908
0.93732, 0.00919
0.93807, 0.00929
0.93882, 0.00939
0.93957, 0.00949
0.94032, 0.00959
0.94106, 0.00969
0.94179, 0.00979
0.94252, 0.00989
0.94325, 0.00998
0.94397, 0.01008
0.94469, 0.01017
0.94540, 0.01027
0.94611, 0.01036
0.94681, 0.01045
0.94751, 0.01055
0.94821, 0.01064
0.94890, 0.01073
0.94959, 0.01082
0.95027, 0.01091
0.95095, 0.01100
0.95162, 0.01108
0.95229, 0.01117
0.95296, 0.01126
0.95362, 0.01134
0.95428, 0.01143
0.95493, 0.01151
0.95557, 0.01159
0.95622, 0.01168
0.95686, 0.01176
0.95749, 0.01184
0.95812, 0.01192
0.95875, 0.01200
0.95937, 0.01208
0.95998, 0.01215
0.96059, 0.01223
0.96120, 0.01231
0.96180, 0.01238
0.96240, 0.01246
0.96300, 0.01253
0.96359, 0.01260
0.96417, 0.01268
0.96475, 0.01275
0.96533, 0.01282
0.96590, 0.01289
0.96646, 0.01296
0.96703, 0.01303
0.96758, 0.01310
0.96814, 0.01316
0.96869, 0.01323
0.96923, 0.01330
0.96977, 0.01336
0.97030, 0.01343
0.97083, 0.01349
0.97136, 0.01355
0.97188, 0.01362
0.97239, 0.01368
0.97291, 0.01374
0.97341, 0.01380
0.97392, 0.01386
0.97441, 0.01392
0.97491, 0.01398
0.97539, 0.01403
0.97588, 0.01409
0.97636, 0.01415
0.97683, 0.01420
0.97730, 0.01426
0.97777, 0.01431
0.97823, 0.01437
0.97868, 0.01442
0.97913, 0.01447
0.97958, 0.01452
0.98002, 0.01457
0.98046, 0.01462
0.98089, 0.01467
0.98132, 0.01472
0.98174, 0.01477
0.98216, 0.01482
0.98257, 0.01487
0.98298, 0.01491
0.98338, 0.01496
0.98378, 0.01500
0.98417, 0.01505
0.98456, 0.01509
0.98495, 0.01513
0.98533, 0.01518
0.98570, 0.01522
0.98607, 0.01526
0.98644, 0.01530
0.98680, 0.01534
0.98716, 0.01538
0.98751, 0.01542
0.98785, 0.01546
0.98819, 0.01549
0.98853, 0.01553
0.98886, 0.01557
0.98919, 0.01560
0.98951, 0.01564
0.98983, 0.01567
0.99014, 0.01571
0.99045, 0.01574
0.99075, 0.01577
0.99105, 0.01581
0.99134, 0.01584
0.99163, 0.01587
0.99191, 0.01590
0.99219, 0.01593
0.99247, 0.01596
0.99274, 0.01599
0.99300, 0.01602
0.99326, 0.01604
0.99351, 0.01607
0.99376, 0.01610
0.99401, 0.01612
0.99425, 0.01615
0.99448, 0.01617
0.99471, 0.01620
0.99494, 0.01622
0.99516, 0.01624
0.99537, 0.01627
0.99558, 0.01629
0.99579, 0.01631
0.99599, 0.01633
0.99618, 0.01635
0.99637, 0.01637
0.99656, 0.01639
0.99674, 0.01641
0.99692, 0.01643
0.99709, 0.01645
0.99725, 0.01646
0.99741, 0.01648
0.99757, 0.01650
0.99772, 0.01651
0.99787, 0.01653
0.99801, 0.01654
0.99814, 0.01656
0.99828, 0.01657
0.99840, 0.01658
0.99852, 0.01660
0.99864, 0.01661
0.99875, 0.01662
0.99886, 0.01663
0.99896, 0.01664
0.99906, 0.01665
0.99915, 0.01666
0.99924, 0.01667
0.99932, 0.01668
0.99939, 0.01668
0.99947, 0.01669
0.99953, 0.01670
0.99959, 0.01671
0.99965, 0.01671
0.99970, 0.01672
0.99975, 0.01672
0.99979, 0.01673
0.99983, 0.01673
0.99986, 0.01673
0.99989, 0.01674
0.99991, 0.01674
0.99993, 0.01674
0.99994, 0.01674
0.99992, 0.01674
0.99992, 0.01674
