=== Airfoil Parameters ===
m = 0.02
p = 0.4
t = 0.12

=== Control Points ===
0.00000, 0.01469, 0.01469
0.06667, 0.02192, 0.01581
0.13333, 0.02672, 0.01561
0.20000, 0.02707, 0.01207
0.26667, 0.02352, 0.00574
0.66667, 0.01550, -0.00055
0.75000, 0.00973, -0.00347
0.83333, 0.00830, -0.00127
0.91667, 0.00958, 0.00441
1.00000, 0.00919, 0.00919

=== Upper Surface ===
0.00000, 0.01469
-0.00005, 0.01497
-0.00006, 0.01525
-0.00008, 0.01553
-0.00009, 0.01581
-0.00010, 0.01609
-0.00010, 0.01637
-0.00010, 0.01665
-0.00010, 0.01693
-0.00009, 0.01721
-0.00007, 0.01749
-0.00005, 0.01777
-0.00002, 0.01805
0.00001, 0.01833
0.00004, 0.01861
0.00008, 0.01889
0.00013, 0.01917
0.00018, 0.01945
0.00023, 0.01973
0.00029, 0.02002
0.00036, 0.02030
0.00043, 0.02058
0.00050, 0.02086
0.00058, 0.02114
0.00067, 0.02143
0.00076, 0.02171
0.00085, 0.02199
0.00095, 0.02228
0.00106, 0.02256
0.00117, 0.02284
0.00128, 0.02313
0.00140, 0.02341
0.00153, 0.02369
0.00166, 0.02398
0.00179, 0.02426
0.00193, 0.02455
0.00208, 0.02483
0.00223, 0.02512
0.00238, 0.02540
0.00254, 0.02569
0.00271, 0.02597
0.00288, 0.02626
0.00305, 0.02654
0.00323, 0.02683
0.00342, 0.02711
0.00361, 0.02740
0.00380, 0.02769
0.00400, 0.02797
0.00420, 0.02826
0.00441, 0.02854
0.00463, 0.02883
0.00485, 0.02912
0.00507, 0.02940
0.00530, 0.02969
0.00554, 0.02998
0.00577, 0.03027
0.00602, 0.03055
0.00627, 0.03084
0.00652, 0.03113
0.00678, 0.03141
0.00704, 0.03170
0.00731, 0.03199
0.00759, 0.03228
0.00787, 0.03257
0.00815, 0.03285
0.00844, 0.03314
0.00873, 0.03343
0.00903, 0.03372
0.00933, 0.03401
0.00964, 0.03429
0.00995, 0.03458
0.01027, 0.03487
0.01060, 0.03516
0.01092, 0.03545
0.01126, 0.03574
0.01159, 0.03602
0.01194, 0.03631
0.01228, 0.03660
0.01264, 0.03689
0.01299, 0.03718
0.01336, 0.03747
0.01372, 0.03776
0.01410, 0.03805
0.01447, 0.03833
0.01486, 0.03862
0.01524, 0.03891
0.01563, 0.03920
0.01603, 0.03949
0.01643, 0.03978
0.01684, 0.04007
0.01725, 0.04036
0.01767, 0.04065
0.01809, 0.04093
0.01852, 0.04122
0.01895, 0.04151
0.01938, 0.04180
0.01982, 0.04209
0.02027, 0.04238
0.02072, 0.04267
0.02118, 0.04295
0.02164, 0.04324
0.02210, 0.04353
0.02257, 0.04382
0.02305, 0.04411
0.02353, 0.04439
0.02401, 0.04468
0.02450, 0.04497
0.02500, 0.04526
0.02549, 0.04555
0.02600, 0.04583
0.02651, 0.04612
0.02702, 0.04641
0.02754, 0.04669
0.02807, 0.04698
0.02859, 0.04727
0.02913, 0.04756
0.02967, 0.04784
0.03021, 0.04813
0.03076, 0.04841
0.03131, 0.04870
0.03187, 0.04899
0.03243, 0.04927
0.03300, 0.04956
0.03357, 0.04984
0.03415, 0.05013
0.03473, 0.05041
0.03532, 0.05070
0.03591, 0.05098
0.03651, 0.05126
0.03711, 0.05155
0.03772, 0.05183
0.03833, 0.05211
0.03894, 0.05240
0.03956, 0.05268
0.04019, 0.05296
0.04082, 0.05324
0.04146, 0.05353
0.04210, 0.05381
0.04274, 0.05409
0.04339, 0.05437
0.04405, 0.05465
0.04471, 0.05493
0.04537, 0.05521
0.04604, 0.05549
0.04671, 0.05577
0.04739, 0.05604
0.04808, 0.05632
0.04877, 0.05660
0.04946, 0.05688
0.05016, 0.05715
0.05086, 0.05743
0.05157, 0.05770
0.05228, 0.05798
0.05300, 0.05825
0.05372, 0.05853
0.05445, 0.05880
0.05518, 0.05908
0.05592, 0.05935
0.05666, 0.05962
0.05741, 0.05989
0.05816, 0.06016
0.05892, 0.06043
0.05968, 0.06070
0.06044, 0.06097
0.06121, 0.06124
0.06199, 0.06151
0.06277, 0.06178
0.06355, 0.06204
0.06434, 0.06231
0.06514, 0.06257
0.06594, 0.06284
0.06674, 0.06310
0.06755, 0.06337
0.06837, 0.06363
0.06918, 0.06389
0.07001, 0.06415
0.07084, 0.06441
0.07167, 0.06467
0.07251, 0.06493
0.07335, 0.06519
0.07420, 0.06544
0.07505, 0.06570
0.07591, 0.06596
0.07677, 0.06621
0.07763, 0.06646
0.07851, 0.06672
0.07938, 0.06697
0.08026, 0.06722
0.08115, 0.06747
0.08204, 0.06772
0.08293, 0.06797
0.08383, 0.06821
0.08474, 0.06846
0.08565, 0.06870
0.08656, 0.06895
0.08748, 0.06919
0.08840, 0.06943
0.08933, 0.06967
0.09027, 0.06991
0.09120, 0.07015
0.09215, 0.07038
0.09309, 0.07062
0.09405, 0.07086
0.09500, 0.07109
0.09597, 0.07132
0.09693, 0.07155
0.09790, 0.07178
0.09888, 0.07201
0.09986, 0.07224
0.10085, 0.07246
0.10184, 0.07269
0.10283, 0.07291
0.10383, 0.07313
0.10483, 0.07335
0.10584, 0.07357
0.10686, 0.07378
0.10788, 0.07400
0.10890, 0.07421
0.10993, 0.07443
0.11096, 0.07464
0.11200, 0.07485
0.11304, 0.07506
0.11408, 0.07526
0.11514, 0.07547
0.11619, 0.07567
0.11725, 0.07587
0.11832, 0.07607
0.11939, 0.07627
0.12046, 0.07646
0.12154, 0.07666
0.12263, 0.07685
0.12372, 0.07704
0.12481, 0.07723
0.12591, 0.07741
0.12701, 0.07760
0.12812, 0.07778
0.12923, 0.07796
0.13034, 0.07814
0.13147, 0.07832
0.13259, 0.07849
0.13372, 0.07867
0.13485, 0.07884
0.13599, 0.07901
0.13714, 0.07917
0.13828, 0.07934
0.13943, 0.07950
0.14059, 0.07966
0.14175, 0.07982
0.14291, 0.07997
0.14408, 0.08012
0.14525, 0.08028
0.14643, 0.08042
0.14761, 0.08057
0.14879, 0.08071
0.14998, 0.08086
0.15117, 0.08100
0.15237, 0.08113
0.15357, 0.08127
0.15477, 0.08140
0.15598, 0.08153
0.15719, 0.08166
0.15841, 0.08178
0.15963, 0.08190
0.16086, 0.08202
0.16208, 0.08214
0.16332, 0.08225
0.16455, 0.08237
0.16579, 0.08248
0.16704, 0.08258
0.16829, 0.08269
0.16954, 0.08279
0.17080, 0.08289
0.17206, 0.08298
0.17332, 0.08308
0.17459, 0.08317
0.17586, 0.08326
0.17713, 0.08334
0.17841, 0.08342
0.17970, 0.08350
0.18098, 0.08358
0.18227, 0.08366
0.18357, 0.08373
0.18486, 0.08379
0.18617, 0.08386
0.18747, 0.08392
0.18878, 0.08398
0.19009, 0.08404
0.19141, 0.08409
0.19273, 0.08414
0.19405, 0.08419
0.19538, 0.08424
0.19671, 0.08428
0.19804, 0.08432
0.19938, 0.08435
0.20072, 0.08438
0.20206, 0.08441
0.20341, 0.08444
0.20476, 0.08446
0.20610, 0.08448
0.20745, 0.08450
0.20880, 0.08452
0.21015, 0.08453
0.21151, 0.08454
0.21286, 0.08454
0.21421, 0.08455
0.21556, 0.08455
0.21692, 0.08455
0.21827, 0.08454
0.21963, 0.08454
0.22098, 0.08453
0.22234, 0.08452
0.22369, 0.08451
0.22505, 0.08449
0.22641, 0.08447
0.22776, 0.08445
0.22912, 0.08443
0.23048, 0.08441
0.23183, 0.08439
0.23319, 0.08436
0.23455, 0.08433
0.23591, 0.08430
0.23726, 0.08427
0.23862, 0.08423
0.23998, 0.08420
0.24133, 0.08416
0.24269, 0.08413
0.24405, 0.08409
0.24540, 0.08405
0.24676, 0.08401
0.24811, 0.08396
0.24947, 0.08392
0.25082, 0.08388
0.25218, 0.08383
0.25353, 0.08379
0.25488, 0.08374
0.25624, 0.08369
0.25759, 0.08364
0.25894, 0.08360
0.26029, 0.08355
0.26164, 0.08350
0.26299, 0.08345
0.26434, 0.08340
0.26569, 0.08335
0.26704, 0.08330
0.26838, 0.08325
0.26973, 0.08320
0.27108, 0.08315
0.27243, 0.08310
0.27378, 0.08305
0.27513, 0.08300
0.27649, 0.08295
0.27785, 0.08290
0.27921, 0.08285
0.28057, 0.08280
0.28194, 0.08275
0.28331, 0.08270
0.28468, 0.08265
0.28605, 0.08260
0.28742, 0.08254
0.28880, 0.08249
0.29018, 0.08244
0.29156, 0.08239
0.29295, 0.08234
0.29433, 0.08229
0.29572, 0.08224
0.29712, 0.08219
0.29851, 0.08214
0.29990, 0.08209
0.30130, 0.08203
0.30270, 0.08198
0.30411, 0.08193
0.30551, 0.08188
0.30692, 0.08183
0.30833, 0.08178
0.30974, 0.08172
0.31115, 0.08167
0.31257, 0.08162
0.31399, 0.08157
0.31541, 0.08151
0.31683, 0.08146
0.31826, 0.08141
0.31968, 0.08136
0.32111, 0.08130
0.32254, 0.08125
0.32398, 0.08120
0.32541, 0.08115
0.32685, 0.08109
0.32829, 0.08104
0.32973, 0.08099
0.33117, 0.08093
0.33262, 0.08088
0.33407, 0.08082
0.33552, 0.08077
0.33697, 0.08072
0.33842, 0.08066
0.33988, 0.08061
0.34134, 0.08055
0.34280, 0.08050
0.34426, 0.08044
0.34572, 0.08039
0.34719, 0.08033
0.34866, 0.08028
0.35012, 0.08022
0.35160, 0.08016
0.35307, 0.08011
0.35454, 0.08005
0.35602, 0.08000
0.35750, 0.07994
0.35898, 0.07988
0.36046, 0.07982
0.36194, 0.07977
0.36343, 0.07971
0.36492, 0.07965
0.36641, 0.07959
0.36790, 0.07954
0.36939, 0.07948
0.37089, 0.07942
0.37238, 0.07936
0.37388, 0.07930
0.37538, 0.07924
0.37688, 0.07918
0.37839, 0.07912
0.37989, 0.07906
0.38140, 0.07900
0.38291, 0.07894
0.38442, 0.07887
0.38593, 0.07881
0.38744, 0.07875
0.38896, 0.07869
0.39048, 0.07862
0.39199, 0.07856
0.39352, 0.07850
0.39504, 0.07843
0.39656, 0.07837
0.39809, 0.07830
0.39961, 0.07824
0.40114, 0.07817
0.40267, 0.07810
0.40420, 0.07804
0.40574, 0.07797
0.40727, 0.07790
0.40881, 0.07783
0.41034, 0.07776
0.41188, 0.07769
0.41342, 0.07762
0.41496, 0.07755
0.41651, 0.07748
0.41805, 0.07741
0.41960, 0.07734
0.42114, 0.07726
0.42269, 0.07719
0.42424, 0.07712
0.42579, 0.07704
0.42734, 0.07697
0.42890, 0.07689
0.43045, 0.07681
0.43201, 0.07674
0.43356, 0.07666
0.43512, 0.07658
0.43668, 0.07650
0.43824, 0.07642
0.43980, 0.07634
0.44136, 0.07626
0.44293, 0.07618
0.44449, 0.07609
0.44606, 0.07601
0.44762, 0.07593
0.44919, 0.07584
0.45076, 0.07576
0.45233, 0.07567
0.45390, 0.07558
0.45547, 0.07549
0.45704, 0.07540
0.45861, 0.07531
0.46018, 0.07522
0.46176, 0.07513
0.46333, 0.07504
0.46490, 0.07495
0.46648, 0.07485
0.46805, 0.07476
0.46963, 0.07466
0.47121, 0.07457
0.47279, 0.07447
0.47436, 0.07437
0.47594, 0.07427
0.47752, 0.07417
0.47910, 0.07407
0.48068, 0.07397
0.48226, 0.07387
0.48384, 0.07377
0.48542, 0.07366
0.48700, 0.07356
0.48858, 0.07345
0.49016, 0.07335
0.49175, 0.07324
0.49333, 0.07313
0.49491, 0.07302
0.49649, 0.07291
0.49807, 0.07280
0.49966, 0.07269
0.50124, 0.07258
0.50282, 0.07246
0.50440, 0.07235
0.50598, 0.07223
0.50757, 0.07212
0.50915, 0.07200
0.51073, 0.07188
0.51231, 0.07176
0.51389, 0.07164
0.51548, 0.07152
0.51706, 0.07140
0.51864, 0.07128
0.52022, 0.07116
0.52180, 0.07103
0.52338, 0.07091
0.52496, 0.07078
0.52654, 0.07066
0.52812, 0.07053
0.52970, 0.07040
0.53128, 0.07028
0.53286, 0.07015
0.53443, 0.07002
0.53601, 0.06989
0.53759, 0.06975
0.53916, 0.06962
0.54074, 0.06949
0.54232, 0.06936
0.54389, 0.06922
0.54547, 0.06909
0.54704, 0.06895
0.54861, 0.06881
0.55019, 0.06867
0.55176, 0.06854
0.55333, 0.06840
0.55490, 0.06826
0.55647, 0.06812
0.55804, 0.06798
0.55961, 0.06783
0.56118, 0.06769
0.56274, 0.06755
0.56431, 0.06741
0.56588, 0.06726
0.56744, 0.06712
0.56901, 0.06697
0.57057, 0.06682
0.57213, 0.06668
0.57369, 0.06653
0.57526, 0.06638
0.57682, 0.06623
0.57838, 0.06608
0.57993, 0.06593
0.58149, 0.06578
0.58305, 0.06563
0.58460, 0.06548
0.58616, 0.06533
0.58771, 0.06517
0.58927, 0.06502
0.59082, 0.06487
0.59237, 0.06471
0.59392, 0.06455
0.59547, 0.06440
0.59702, 0.06424
0.59857, 0.06409
0.60012, 0.06393
0.60166, 0.06377
0.60321, 0.06361
0.60475, 0.06345
0.60629, 0.06329
0.60783, 0.06313
0.60938, 0.06297
0.61092, 0.06281
0.61245, 0.06265
0.61399, 0.06248
0.61553, 0.06232
0.61706, 0.06216
0.61860, 0.06199
0.62013, 0.06183
0.62167, 0.06166
0.62320, 0.06150
0.62473, 0.06133
0.62626, 0.06116
0.62779, 0.06099
0.62931, 0.06083
0.63084, 0.06066
0.63236, 0.06049
0.63389, 0.06032
0.63541, 0.06015
0.63693, 0.05997
0.63845, 0.05980
0.63997, 0.05963
0.64149, 0.05946
0.64301, 0.05928
0.64452, 0.05911
0.64604, 0.05893
0.64755, 0.05876
0.64907, 0.05858
0.65058, 0.05840
0.65212, 0.05822
0.65373, 0.05804
0.65553, 0.05784
0.65771, 0.05761
0.66037, 0.05729
0.66326, 0.05685
0.66583, 0.05636
0.66755, 0.05595
0.66840, 0.05568
0.66883, 0.05549
0.66938, 0.05530
0.67030, 0.05509
0.67155, 0.05486
0.67296, 0.05463
0.67444, 0.05439
0.67593, 0.05415
0.67742, 0.05391
0.67891, 0.05366
0.68040, 0.05342
0.68188, 0.05318
0.68336, 0.05293
0.68483, 0.05268
0.68630, 0.05244
0.68777, 0.05219
0.68923, 0.05194
0.69069, 0.05169
0.69215, 0.05145
0.69360, 0.05120
0.69505, 0.05095
0.69650, 0.05070
0.69794, 0.05045
0.69938, 0.05020
0.70082, 0.04995
0.70225, 0.04970
0.70368, 0.04946
0.70510, 0.04921
0.70652, 0.04896
0.70794, 0.04871
0.70936, 0.04846
0.71077, 0.04822
0.71218, 0.04797
0.71358, 0.04773
0.71498, 0.04748
0.71638, 0.04724
0.71778, 0.04699
0.71917, 0.04675
0.72056, 0.04651
0.72194, 0.04627
0.72332, 0.04603
0.72470, 0.04579
0.72608, 0.04555
0.72745, 0.04531
0.72882, 0.04508
0.73018, 0.04484
0.73155, 0.04461
0.73290, 0.04438
0.73426, 0.04415
0.73561, 0.04392
0.73696, 0.04369
0.73831, 0.04347
0.73965, 0.04324
0.74099, 0.04302
0.74232, 0.04280
0.74366, 0.04258
0.74499, 0.04236
0.74631, 0.04214
0.74764, 0.04193
0.74896, 0.04172
0.75027, 0.04151
0.75159, 0.04130
0.75290, 0.04109
0.75421, 0.04088
0.75552, 0.04068
0.75682, 0.04048
0.75813, 0.04028
0.75943, 0.04008
0.76073, 0.03988
0.76203, 0.03969
0.76333, 0.03950
0.76463, 0.03931
0.76592, 0.03912
0.76721, 0.03893
0.76850, 0.03874
0.76979, 0.03856
0.77108, 0.03837
0.77236, 0.03819
0.77364, 0.03801
0.77493, 0.03784
0.77620, 0.03766
0.77748, 0.03748
0.77876, 0.03731
0.78003, 0.03714
0.78130, 0.03697
0.78257, 0.03680
0.78383, 0.03663
0.78510, 0.03646
0.78636, 0.03629
0.78762, 0.03613
0.78888, 0.03597
0.79013, 0.03581
0.79139, 0.03565
0.79264, 0.03549
0.79389, 0.03533
0.79513, 0.03517
0.79638, 0.03502
0.79762, 0.03486
0.79886, 0.03471
0.80009, 0.03456
0.80133, 0.03441
0.80256, 0.03426
0.80379, 0.03411
0.80502, 0.03396
0.80624, 0.03381
0.80747, 0.03367
0.80869, 0.03352
0.80990, 0.03338
0.81112, 0.03324
0.81233, 0.03310
0.81354, 0.03296
0.81475, 0.03282
0.81595, 0.03268
0.81715, 0.03254
0.81835, 0.03240
0.81955, 0.03227
0.82074, 0.03213
0.82193, 0.03200
0.82312, 0.03187
0.82431, 0.03173
0.82549, 0.03160
0.82667, 0.03147
0.82784, 0.03134
0.82902, 0.03121
0.83019, 0.03109
0.83136, 0.03096
0.83252, 0.03083
0.83369, 0.03070
0.83485, 0.03058
0.83600, 0.03045
0.83716, 0.03033
0.83831, 0.03021
0.83946, 0.03008
0.84060, 0.02996
0.84174, 0.02984
0.84288, 0.02972
0.84402, 0.02960
0.84515, 0.02948
0.84628, 0.02936
0.84741, 0.02924
0.84853, 0.02912
0.84965, 0.02901
0.85077, 0.02889
0.85188, 0.02877
0.85299, 0.02866
0.85410, 0.02854
0.85520, 0.02843
0.85630, 0.02831
0.85740, 0.02820
0.85850, 0.02809
0.85959, 0.02797
0.86067, 0.02786
0.86176, 0.02775
0.86284, 0.02764
0.86392, 0.02753
0.86499, 0.02741
0.86606, 0.02730
0.86713, 0.02719
0.86819, 0.02708
0.86926, 0.02697
0.87031, 0.02687
0.87137, 0.02676
0.87242, 0.02665
0.87346, 0.02654
0.87451, 0.02643
0.87555, 0.02633
0.87658, 0.02622
0.87761, 0.02611
0.87864, 0.02601
0.87967, 0.02590
0.88069, 0.02579
0.88171, 0.02569
0.88272, 0.02558
0.88373, 0.02548
0.88474, 0.02537
0.88574, 0.02527
0.88674, 0.02516
0.88774, 0.02506
0.88873, 0.02496
0.88972, 0.02485
0.89071, 0.02475
0.89169, 0.02465
0.89266, 0.02454
0.89364, 0.02444
0.89461, 0.02434
0.89557, 0.02424
0.89654, 0.02414
0.89749, 0.02403
0.89845, 0.02393
0.89940, 0.02383
0.90034, 0.02373
0.90129, 0.02363
0.90223, 0.02353
0.90316, 0.02343
0.90409, 0.02333
0.90502, 0.02323
0.90594, 0.02313
0.90686, 0.02303
0.90777, 0.02293
0.90869, 0.02283
0.90959, 0.02273
0.91050, 0.02263
0.91139, 0.02253
0.91229, 0.02243
0.91318, 0.02233
0.91407, 0.02223
0.91495, 0.02214
0.91583, 0.02204
0.91670, 0.02194
0.91757, 0.02184
0.91844, 0.02174
0.91930, 0.02165
0.92016, 0.02155
0.92101, 0.02145
0.92186, 0.02136
0.92271, 0.02126
0.92355, 0.02116
0.92438, 0.02107
0.92522, 0.02097
0.92605, 0.02087
0.92687, 0.02078
0.92769, 0.02068
0.92851, 0.02059
0.92932, 0.02049
0.93013, 0.02040
0.93093, 0.02030
0.93173, 0.02021
0.93252, 0.02011
0.93331, 0.02002
0.93410, 0.01992
0.93488, 0.01983
0.93566, 0.01974
0.93643, 0.01964
0.93720, 0.01955
0.93796, 0.01946
0.93872, 0.01936
0.93948, 0.01927
0.94023, 0.01918
0.94097, 0.01909
0.94172, 0.01899
0.94245, 0.01890
0.94319, 0.01881
0.94392, 0.01872
0.94464, 0.01863
0.94536, 0.01854
0.94608, 0.01845
0.94679, 0.01835
0.94749, 0.01826
0.94820, 0.01817
0.94889, 0.01808
0.94959, 0.01800
0.95027, 0.01791
0.95096, 0.01782
0.95164, 0.01773
0.95231, 0.01764
0.95298, 0.01755
0.95365, 0.01746
0.95431, 0.01738
0.95497, 0.01729
0.95562, 0.01720
0.95627, 0.01712
0.95691, 0.01703
0.95755, 0.01694
0.95819, 0.01686
0.95881, 0.01677
0.95944, 0.01669
0.96006, 0.01660
0.96068, 0.01652
0.96129, 0.01644
0.96189, 0.01635
0.96250, 0.01627
0.96309, 0.01619
0.96369, 0.01610
0.96427, 0.01602
0.96486, 0.01594
0.96544, 0.01586
0.96601, 0.01578
0.96658, 0.01570
0.96714, 0.01562
0.96770, 0.01554
0.96826, 0.01546
0.96881, 0.01538
0.96936, 0.01530
0.96990, 0.01522
0.97043, 0.01514
0.97097, 0.01507
0.97149, 0.01499
0.97202, 0.01491
0.97253, 0.01484
0.97305, 0.01476
0.97356, 0.01469
0.97406, 0.01461
0.97456, 0.01454
0.97505, 0.01447
0.97554, 0.01439
0.97603, 0.01432
0.97651, 0.01425
0.97698, 0.01418
0.97745, 0.01411
0.97792, 0.01404
0.97838, 0.01397
0.97883, 0.01390
0.97929, 0.01383
0.97973, 0.01376
0.98017, 0.01369
0.98061, 0.01363
0.98104, 0.01356
0.98147, 0.01349
0.98189, 0.01343
0.98231, 0.01336
0.98272, 0.01330
0.98313, 0.01324
0.98354, 0.01317
0.98393, 0.01311
0.98433, 0.01305
0.98472, 0.01299
0.98510, 0.01293
0.98548, 0.01287
0.98585, 0.01281
0.98622, 0.01275
0.98659, 0.01269
0.98695, 0.01263
0.98730, 0.01258
0.98765, 0.01252
0.98800, 0.01246
0.98834, 0.01241
0.98868, 0.01235
0.98901, 0.01230
0.98933, 0.01225
0.98966, 0.01220
0.98997, 0.01214
0.99028, 0.01209
0.99059, 0.01204
0.99089, 0.01199
0.99119, 0.01195
0.99148, 0.01190
0.99177, 0.01185
0.99205, 0.01180
0.99233, 0.01176
0.99260, 0.01171
0.99287, 0.01167
0.99313, 0.01162
0.99339, 0.01158
0.99364, 0.01154
0.99389, 0.01150
0.99413, 0.01146
0.99437, 0.01142
0.99460, 0.01138
0.99483, 0.01134
0.99506, 0.01130
0.99528, 0.01127
0.99549, 0.01123
0.99570, 0.01119
0.99590, 0.01116
0.99610, 0.01113
0.99630, 0.01109
0.99649, 0.01106
0.99667, 0.01103
0.99685, 0.01100
0.99702, 0.01097
0.99719, 0.01094
0.99736, 0.01091
0.99752, 0.01089
0.99767, 0.01086
0.99782, 0.01083
0.99797, 0.01081
0.99811, 0.01078
0.99825, 0.01076
0.99838, 0.01074
0.99850, 0.01072
0.99862, 0.01070
0.99874, 0.01068
0.99885, 0.01066
0.99895, 0.01064
0.99906, 0.01062
0.99915, 0.01061
0.99924, 0.01059
0.99933, 0.01058
0.99941, 0.01056
0.99949, 0.01055
0.99956, 0.01054
0.99962, 0.01052
0.99969, 0.01051
0.99974, 0.01050
0.99979, 0.01049
0.99984, 0.01049
0.99988, 0.01048
0.99992, 0.01047
0.99995, 0.01047
0.99998, 0.01046
1.00000, 0.01046
1.00002, 0.01046
1.00004, 0.01045
1.00006, 0.01045
1.00007, 0.01045

=== Lower Surface ===
0.00000, 0.01469
0.00005, 0.01442
0.00008, 0.01414
0.00012, 0.01386
0.00017, 0.01359
0.00022, 0.01331
0.00028, 0.01304
0.00034, 0.01277
0.00041, 0.01250
0.00049, 0.01223
0.00056, 0.01196
0.00065, 0.01169
0.00074, 0.01142
0.00083, 0.01116
0.00093, 0.01089
0.00103, 0.01063
0.00114, 0.01036
0.00125, 0.01010
0.00137, 0.00984
0.00149, 0.00958
0.00162, 0.00932
0.00175, 0.00906
0.00189, 0.00880
0.00203, 0.00854
0.00218, 0.00829
0.00233, 0.00803
0.00249, 0.00778
0.00265, 0.00753
0.00282, 0.00727
0.00299, 0.00702
0.00316, 0.00677
0.00334, 0.00652
0.00353, 0.00628
0.00372, 0.00603
0.00392, 0.00578
0.00412, 0.00554
0.00432, 0.00529
0.00453, 0.00505
0.00475, 0.00481
0.00497, 0.00456
0.00519, 0.00432
0.00542, 0.00408
0.00566, 0.00385
0.00590, 0.00361
0.00614, 0.00337
0.00639, 0.00314
0.00664, 0.00290
0.00690, 0.00267
0.00717, 0.00244
0.00743, 0.00220
0.00771, 0.00197
0.00799, 0.00174
0.00827, 0.00152
0.00856, 0.00129
0.00885, 0.00106
0.00915, 0.00084
0.00945, 0.00061
0.00975, 0.00039
0.01007, 0.00017
0.01038, -0.00006
0.01070, -0.00028
0.01103, -0.00050
0.01136, -0.00072
0.01170, -0.00093
0.01204, -0.00115
0.01238, -0.00137
0.01273, -0.00158
0.01309, -0.00179
0.01344, -0.00201
0.01381, -0.00222
0.01418, -0.00243
0.01455, -0.00264
0.01493, -0.00285
0.01531, -0.00305
0.01570, -0.00326
0.01609, -0.00347
0.01649, -0.00367
0.01689, -0.00387
0.01730, -0.00408
0.01771, -0.00428
0.01812, -0.00448
0.01854, -0.00468
0.01897, -0.00487
0.01940, -0.00507
0.01983, -0.00527
0.02027, -0.00546
0.02071, -0.00566
0.02116, -0.00585
0.02161, -0.00604
0.02207, -0.00623
0.02253, -0.00642
0.02300, -0.00661
0.02347, -0.00680
0.02395, -0.00699
0.02443, -0.00717
0.02491, -0.00736
0.02540, -0.00754
0.02590, -0.00773
0.02639, -0.00791
0.02690, -0.00809
0.02741, -0.00827
0.02792, -0.00845
0.02843, -0.00863
0.02895, -0.00880
0.02948, -0.00898
0.03001, -0.00915
0.03055, -0.00933
0.03108, -0.00950
0.03163, -0.00967
0.03218, -0.00984
0.03273, -0.01001
0.03328, -0.01018
0.03385, -0.01035
0.03441, -0.01051
0.03498, -0.01068
0.03556, -0.01084
0.03613, -0.01101
0.03672, -0.01117
0.03731, -0.01133
0.03790, -0.01149
0.03849, -0.01165
0.03909, -0.01181
0.03970, -0.01197
0.04031, -0.01213
0.04092, -0.01228
0.04154, -0.01244
0.04216, -0.01259
0.04279, -0.01274
0.04342, -0.01289
0.04405, -0.01304
0.04469, -0.01319
0.04534, -0.01334
0.04598, -0.01349
0.04664, -0.01364
0.04729, -0.01378
0.04795, -0.01393
0.04862, -0.01407
0.04928, -0.01421
0.04996, -0.01436
0.05063, -0.01450
0.05131, -0.01464
0.05200, -0.01478
0.05269, -0.01491
0.05338, -0.01505
0.05408, -0.01519
0.05478, -0.01532
0.05548, -0.01546
0.05619, -0.01559
0.05691, -0.01572
0.05762, -0.01585
0.05835, -0.01598
0.05907, -0.01611
0.05980, -0.01624
0.06053, -0.01637
0.06127, -0.01650
0.06201, -0.01662
0.06276, -0.01675
0.06351, -0.01687
0.06426, -0.01700
0.06502, -0.01712
0.06578, -0.01724
0.06654, -0.01736
0.06731, -0.01748
0.06808, -0.01760
0.06886, -0.01772
0.06964, -0.01784
0.07042, -0.01796
0.07121, -0.01807
0.07200, -0.01819
0.07279, -0.01830
0.07359, -0.01842
0.07439, -0.01853
0.07520, -0.01864
0.07601, -0.01875
0.07682, -0.01886
0.07764, -0.01897
0.07846, -0.01908
0.07929, -0.01919
0.08011, -0.01930
0.08094, -0.01941
0.08178, -0.01951
0.08262, -0.01962
0.08346, -0.01972
0.08431, -0.01983
0.08515, -0.01993
0.08601, -0.02003
0.08686, -0.02014
0.08772, -0.02024
0.08859, -0.02034
0.08945, -0.02044
0.09032, -0.02054
0.09120, -0.02064
0.09207, -0.02074
0.09295, -0.02084
0.09384, -0.02093
0.09472, -0.02103
0.09561, -0.02113
0.09651, -0.02122
0.09740, -0.02132
0.09830, -0.02141
0.09921, -0.02151
0.10011, -0.02160
0.10102, -0.02170
0.10193, -0.02179
0.10285, -0.02188
0.10377, -0.02197
0.10469, -0.02206
0.10562, -0.02216
0.10655, -0.02225
0.10748, -0.02234
0.10841, -0.02243
0.10935, -0.02252
0.11029, -0.02261
0.11124, -0.02270
0.11219, -0.02279
0.11314, -0.02287
0.11409, -0.02296
0.11504, -0.02305
0.11600, -0.02314
0.11697, -0.02323
0.11793, -0.02331
0.11890, -0.02340
0.11987, -0.02349
0.12084, -0.02357
0.12182, -0.02366
0.12280, -0.02375
0.12378, -0.02383
0.12477, -0.02392
0.12576, -0.02401
0.12675, -0.02409
0.12774, -0.02418
0.12874, -0.02426
0.12974, -0.02435
0.13074, -0.02444
0.13174, -0.02452
0.13275, -0.02461
0.13376, -0.02469
0.13477, -0.02478
0.13579, -0.02487
0.13681, -0.02495
0.13783, -0.02504
0.13885, -0.02512
0.13988, -0.02521
0.14091, -0.02530
0.14194, -0.02538
0.14298, -0.02547
0.14402, -0.02556
0.14506, -0.02565
0.14610, -0.02573
0.14715, -0.02582
0.14820, -0.02591
0.14925, -0.02600
0.15031, -0.02609
0.15137, -0.02617
0.15243, -0.02626
0.15349, -0.02635
0.15456, -0.02644
0.15563, -0.02653
0.15670, -0.02662
0.15778, -0.02671
0.15886, -0.02680
0.15994, -0.02689
0.16102, -0.02698
0.16211, -0.02708
0.16320, -0.02717
0.16429, -0.02726
0.16538, -0.02735
0.16648, -0.02745
0.16758, -0.02754
0.16868, -0.02764
0.16979, -0.02773
0.17089, -0.02783
0.17200, -0.02792
0.17312, -0.02802
0.17423, -0.02811
0.17535, -0.02821
0.17647, -0.02831
0.17760, -0.02841
0.17872, -0.02851
0.17985, -0.02861
0.18098, -0.02871
0.18212, -0.02881
0.18325, -0.02891
0.18439, -0.02901
0.18553, -0.02911
0.18668, -0.02922
0.18782, -0.02932
0.18897, -0.02943
0.19012, -0.02953
0.19128, -0.02964
0.19243, -0.02975
0.19359, -0.02985
0.19476, -0.02996
0.19592, -0.03007
0.19709, -0.03018
0.19826, -0.03029
0.19943, -0.03040
0.20061, -0.03052
0.20179, -0.03063
0.20298, -0.03074
0.20418, -0.03086
0.20537, -0.03098
0.20658, -0.03109
0.20778, -0.03121
0.20900, -0.03133
0.21022, -0.03145
0.21144, -0.03156
0.21267, -0.03168
0.21390, -0.03180
0.21514, -0.03192
0.21639, -0.03205
0.21764, -0.03217
0.21889, -0.03229
0.22015, -0.03241
0.22142, -0.03253
0.22269, -0.03266
0.22396, -0.03278
0.22524, -0.03290
0.22653, -0.03302
0.22782, -0.03315
0.22912, -0.03327
0.23042, -0.03339
0.23173, -0.03351
0.23304, -0.03363
0.23436, -0.03376
0.23568, -0.03388
0.23701, -0.03400
0.23835, -0.03412
0.23969, -0.03424
0.24103, -0.03436
0.24238, -0.03448
0.24374, -0.03459
0.24510, -0.03471
0.24647, -0.03483
0.24784, -0.03494
0.24922, -0.03506
0.25060, -0.03517
0.25199, -0.03528
0.25339, -0.03540
0.25479, -0.03551
0.25619, -0.03561
0.25760, -0.03572
0.25902, -0.03583
0.26044, -0.03593
0.26187, -0.03603
0.26330, -0.03613
0.26473, -0.03623
0.26617, -0.03633
0.26761, -0.03643
0.26905, -0.03652
0.27050, -0.03661
0.27195, -0.03670
0.27340, -0.03679
0.27485, -0.03687
0.27630, -0.03695
0.27776, -0.03704
0.27921, -0.03712
0.28067, -0.03719
0.28214, -0.03727
0.28360, -0.03734
0.28506, -0.03741
0.28653, -0.03748
0.28800, -0.03755
0.28947, -0.03762
0.29094, -0.03768
0.29242, -0.03774
0.29389, -0.03780
0.29537, -0.03786
0.29685, -0.03792
0.29833, -0.03797
0.29981, -0.03803
0.30130, -0.03808
0.30278, -0.03812
0.30427, -0.03817
0.30576, -0.03822
0.30725, -0.03826
0.30875, -0.03830
0.31024, -0.03834
0.31174, -0.03838
0.31323, -0.03842
0.31473, -0.03845
0.31623, -0.03848
0.31773, -0.03851
0.31924, -0.03854
0.32074, -0.03857
0.32225, -0.03860
0.32375, -0.03862
0.32526, -0.03864
0.32677, -0.03866
0.32829, -0.03868
0.32980, -0.03870
0.33131, -0.03871
0.33283, -0.03873
0.33434, -0.03874
0.33586, -0.03875
0.33738, -0.03876
0.33890, -0.03876
0.34042, -0.03877
0.34194, -0.03877
0.34347, -0.03877
0.34499, -0.03877
0.34652, -0.03877
0.34805, -0.03877
0.34957, -0.03877
0.35110, -0.03876
0.35263, -0.03875
0.35417, -0.03874
0.35570, -0.03873
0.35723, -0.03872
0.35877, -0.03871
0.36030, -0.03869
0.36184, -0.03868
0.36338, -0.03866
0.36492, -0.03864
0.36646, -0.03862
0.36800, -0.03860
0.36954, -0.03857
0.37108, -0.03855
0.37262, -0.03852
0.37416, -0.03849
0.37571, -0.03846
0.37725, -0.03843
0.37880, -0.03840
0.38034, -0.03837
0.38189, -0.03833
0.38344, -0.03830
0.38498, -0.03826
0.38653, -0.03822
0.38808, -0.03818
0.38963, -0.03814
0.39118, -0.03810
0.39273, -0.03806
0.39428, -0.03802
0.39584, -0.03797
0.39739, -0.03792
0.39894, -0.03788
0.40049, -0.03783
0.40205, -0.03778
0.40360, -0.03773
0.40515, -0.03768
0.40671, -0.03762
0.40826, -0.03757
0.40982, -0.03751
0.41137, -0.03746
0.41293, -0.03740
0.41449, -0.03734
0.41604, -0.03729
0.41760, -0.03723
0.41916, -0.03717
0.42071, -0.03711
0.42227, -0.03704
0.42383, -0.03698
0.42539, -0.03692
0.42695, -0.03685
0.42850, -0.03679
0.43006, -0.03672
0.43162, -0.03665
0.43318, -0.03659
0.43474, -0.03652
0.43630, -0.03645
0.43786, -0.03638
0.43942, -0.03631
0.44098, -0.03624
0.44254, -0.03617
0.44410, -0.03610
0.44566, -0.03602
0.44722, -0.03595
0.44878, -0.03588
0.45034, -0.03580
0.45191, -0.03573
0.45347, -0.03565
0.45503, -0.03558
0.45659, -0.03550
0.45815, -0.03542
0.45971, -0.03535
0.46127, -0.03527
0.46284, -0.03519
0.46440, -0.03511
0.46596, -0.03503
0.46752, -0.03495
0.46908, -0.03487
0.47065, -0.03479
0.47221, -0.03471
0.47377, -0.03463
0.47533, -0.03455
0.47690, -0.03447
0.47846, -0.03438
0.48002, -0.03430
0.48158, -0.03422
0.48315, -0.03413
0.48471, -0.03405
0.48627, -0.03397
0.48783, -0.03388
0.48940, -0.03380
0.49096, -0.03371
0.49252, -0.03363
0.49408, -0.03354
0.49565, -0.03346
0.49721, -0.03337
0.49877, -0.03329
0.50033, -0.03320
0.50190, -0.03312
0.50346, -0.03303
0.50502, -0.03294
0.50658, -0.03286
0.50815, -0.03277
0.50971, -0.03268
0.51127, -0.03259
0.51283, -0.03251
0.51439, -0.03242
0.51596, -0.03233
0.51752, -0.03224
0.51908, -0.03215
0.52064, -0.03206
0.52220, -0.03198
0.52376, -0.03189
0.52532, -0.03180
0.52689, -0.03171
0.52845, -0.03162
0.53001, -0.03153
0.53157, -0.03144
0.53313, -0.03135
0.53469, -0.03126
0.53625, -0.03117
0.53781, -0.03108
0.53936, -0.03099
0.54092, -0.03090
0.54248, -0.03081
0.54404, -0.03072
0.54560, -0.03063
0.54715, -0.03053
0.54871, -0.03044
0.55027, -0.03035
0.55183, -0.03026
0.55338, -0.03017
0.55494, -0.03008
0.55649, -0.02998
0.55805, -0.02989
0.55960, -0.02980
0.56115, -0.02971
0.56271, -0.02962
0.56426, -0.02952
0.56581, -0.02943
0.56736, -0.02934
0.56892, -0.02924
0.57047, -0.02915
0.57202, -0.02906
0.57356, -0.02896
0.57511, -0.02887
0.57666, -0.02878
0.57821, -0.02868
0.57976, -0.02859
0.58130, -0.02850
0.58285, -0.02840
0.58439, -0.02831
0.58593, -0.02821
0.58748, -0.02812
0.58902, -0.02802
0.59056, -0.02793
0.59210, -0.02783
0.59364, -0.02774
0.59518, -0.02765
0.59671, -0.02755
0.59825, -0.02746
0.59979, -0.02736
0.60132, -0.02726
0.60285, -0.02717
0.60439, -0.02707
0.60592, -0.02698
0.60745, -0.02688
0.60898, -0.02679
0.61050, -0.02669
0.61203, -0.02660
0.61356, -0.02650
0.61508, -0.02641
0.61660, -0.02631
0.61813, -0.02621
0.61965, -0.02612
0.62116, -0.02602
0.62268, -0.02593
0.62420, -0.02583
0.62571, -0.02574
0.62723, -0.02564
0.62874, -0.02555
0.63025, -0.02545
0.63176, -0.02536
0.63327, -0.02526
0.63477, -0.02517
0.63628, -0.02507
0.63778, -0.02498
0.63928, -0.02488
0.64078, -0.02479
0.64228, -0.02469
0.64377, -0.02460
0.64527, -0.02451
0.64676, -0.02441
0.64825, -0.02432
0.64971, -0.02423
0.65110, -0.02413
0.65229, -0.02404
0.65310, -0.02393
0.65343, -0.02382
0.65352, -0.02369
0.65394, -0.02361
0.65519, -0.02368
0.65732, -0.02386
0.65986, -0.02404
0.66228, -0.02415
0.66432, -0.02417
0.66604, -0.02416
0.66758, -0.02412
0.66906, -0.02409
0.67052, -0.02405
0.67198, -0.02401
0.67343, -0.02398
0.67489, -0.02394
0.67634, -0.02391
0.67780, -0.02387
0.67926, -0.02384
0.68071, -0.02381
0.68217, -0.02377
0.68363, -0.02374
0.68508, -0.02371
0.68654, -0.02368
0.68799, -0.02365
0.68945, -0.02362
0.69090, -0.02359
0.69236, -0.02356
0.69381, -0.02353
0.69526, -0.02350
0.69672, -0.02347
0.69817, -0.02343
0.69962, -0.02340
0.70107, -0.02337
0.70253, -0.02334
0.70398, -0.02331
0.70543, -0.02328
0.70687, -0.02324
0.70832, -0.02321
0.70977, -0.02318
0.71122, -0.02314
0.71266, -0.02310
0.71411, -0.02307
0.71555, -0.02303
0.71699, -0.02299
0.71844, -0.02295
0.71988, -0.02291
0.72132, -0.02287
0.72275, -0.02283
0.72419, -0.02279
0.72563, -0.02274
0.72706, -0.02270
0.72850, -0.02265
0.72993, -0.02260
0.73136, -0.02255
0.73279, -0.02250
0.73422, -0.02245
0.73564, -0.02239
0.73707, -0.02234
0.73849, -0.02228
0.73992, -0.02222
0.74134, -0.02216
0.74276, -0.02210
0.74417, -0.02203
0.74559, -0.02197
0.74700, -0.02190
0.74841, -0.02183
0.74982, -0.02176
0.75123, -0.02168
0.75263, -0.02161
0.75403, -0.02153
0.75543, -0.02145
0.75682, -0.02137
0.75821, -0.02129
0.75959, -0.02120
0.76098, -0.02111
0.76236, -0.02102
0.76373, -0.02093
0.76511, -0.02084
0.76647, -0.02075
0.76784, -0.02065
0.76920, -0.02055
0.77056, -0.02045
0.77192, -0.02035
0.77327, -0.02025
0.77462, -0.02015
0.77596, -0.02004
0.77731, -0.01994
0.77864, -0.01983
0.77998, -0.01972
0.78131, -0.01961
0.78264, -0.01950
0.78396, -0.01939
0.78528, -0.01927
0.78660, -0.01916
0.78791, -0.01904
0.78923, -0.01892
0.79053, -0.01880
0.79184, -0.01868
0.79314, -0.01856
0.79443, -0.01844
0.79573, -0.01831
0.79702, -0.01819
0.79830, -0.01806
0.79958, -0.01794
0.80086, -0.01781
0.80214, -0.01768
0.80341, -0.01755
0.80468, -0.01742
0.80594, -0.01729
0.80720, -0.01716
0.80846, -0.01703
0.80972, -0.01690
0.81097, -0.01676
0.81221, -0.01663
0.81346, -0.01649
0.81470, -0.01635
0.81593, -0.01622
0.81717, -0.01608
0.81839, -0.01594
0.81962, -0.01580
0.82084, -0.01566
0.82206, -0.01552
0.82327, -0.01538
0.82448, -0.01524
0.82569, -0.01510
0.82690, -0.01496
0.82810, -0.01482
0.82929, -0.01468
0.83048, -0.01453
0.83167, -0.01439
0.83286, -0.01425
0.83404, -0.01410
0.83522, -0.01396
0.83639, -0.01381
0.83756, -0.01367
0.83873, -0.01352
0.83989, -0.01338
0.84105, -0.01323
0.84221, -0.01309
0.84336, -0.01294
0.84451, -0.01279
0.84565, -0.01265
0.84679, -0.01250
0.84793, -0.01235
0.84906, -0.01221
0.85019, -0.01206
0.85132, -0.01191
0.85244, -0.01177
0.85356, -0.01162
0.85467, -0.01147
0.85578, -0.01132
0.85689, -0.01118
0.85799, -0.01103
0.85909, -0.01088
0.86019, -0.01074
0.86128, -0.01059
0.86237, -0.01044
0.86345, -0.01030
0.86453, -0.01015
0.86561, -0.01000
0.86668, -0.00986
0.86775, -0.00971
0.86882, -0.00957
0.86988, -0.00942
0.87094, -0.00928
0.87199, -0.00913
0.87304, -0.00899
0.87408, -0.00884
0.87513, -0.00870
0.87616, -0.00855
0.87720, -0.00841
0.87823, -0.00827
0.87925, -0.00812
0.88028, -0.00798
0.88130, -0.00784
0.88231, -0.00769
0.88332, -0.00755
0.88433, -0.00741
0.88533, -0.00727
0.88633, -0.00713
0.88732, -0.00699
0.88832, -0.00685
0.88930, -0.00671
0.89029, -0.00657
0.89127, -0.00643
0.89224, -0.00629
0.89321, -0.00616
0.89418, -0.00602
0.89514, -0.00588
0.89610, -0.00575
0.89706, -0.00561
0.89801, -0.00548
0.89896, -0.00534
0.89990, -0.00521
0.90084, -0.00507
0.90177, -0.00494
0.90271, -0.00481
0.90363, -0.00468
0.90456, -0.00454
0.90548, -0.00441
0.90639, -0.00428
0.90730, -0.00415
0.90821, -0.00402
0.90911, -0.00390
0.91001, -0.00377
0.91090, -0.00364
0.91180, -0.00351
0.91268, -0.00339
0.91356, -0.00326
0.91444, -0.00314
0.91532, -0.00301
0.91619, -0.00289
0.91705, -0.00277
0.91792, -0.00264
0.91877, -0.00252
0.91963, -0.00240
0.92048, -0.00228
0.92132, -0.00216
0.92216, -0.00204
0.92300, -0.00193
0.92383, -0.00181
0.92466, -0.00169
0.92549, -0.00157
0.92631, -0.00146
0.92712, -0.00134
0.92793, -0.00123
0.92874, -0.00112
0.92955, -0.00100
0.93034, -0.00089
0.93114, -0.00078
0.93193, -0.00067
0.93272, -0.00056
0.93350, -0.00045
0.93428, -0.00034
0.93505, -0.00024
0.93582, -0.00013
0.93659, -0.00002
0.93735, 0.00008
0.93810, 0.00019
0.93886, 0.00029
0.93960, 0.00039
0.94035, 0.00050
0.94109, 0.00060
0.94182, 0.00070
0.94255, 0.00080
0.94328, 0.00090
0.94400, 0.00100
0.94472, 0.00109
0.94543, 0.00119
0.94614, 0.00129
0.94685, 0.00138
0.94755, 0.00148
0.94824, 0.00157
0.94893, 0.00167
0.94962, 0.00176
0.95030, 0.00185
0.95098, 0.00194
0.95166, 0.00203
0.95233, 0.00212
0.95299, 0.00221
0.95365, 0.00230
0.95431, 0.00239
0.95496, 0.00247
0.95561, 0.00256
0.95625, 0.00264
0.95689, 0.00273
0.95752, 0.00281
0.95815, 0.00290
0.95878, 0.00298
0.95940, 0.00306
0.96001, 0.00314
0.96063, 0.00322
0.96123, 0.00330
0.96184, 0.00338
0.96243, 0.00345
0.96303, 0.00353
0.96362, 0.00361
0.96420, 0.00368
0.96478, 0.00376
0.96536, 0.00383
0.96593, 0.00390
0.96649, 0.00398
0.96705, 0.00405
0.96761, 0.00412
0.96816, 0.00419
0.96871, 0.00426
0.96926, 0.00433
0.96980, 0.00440
0.97033, 0.00446
0.97086, 0.00453
0.97138, 0.00460
0.97190, 0.00466
0.97242, 0.00472
0.97293, 0.00479
0.97344, 0.00485
0.97394, 0.00491
0.97444, 0.00498
0.97493, 0.00504
0.97542, 0.00510
0.97590, 0.00516
0.97638, 0.00521
0.97685, 0.00527
0.97732, 0.00533
0.97779, 0.00539
0.97825, 0.00544
0.97870, 0.00550
0.97915, 0.00555
0.97960, 0.00561
0.98004, 0.00566
0.98048, 0.00571
0.98091, 0.00576
0.98134, 0.00582
0.98176, 0.00587
0.98218, 0.00592
0.98259, 0.00596
0.98300, 0.00601
0.98340, 0.00606
0.98380, 0.00611
0.98419, 0.00615
0.98458, 0.00620
0.98497, 0.00625
0.98535, 0.00629
0.98572, 0.00633
0.98609, 0.00638
0.98646, 0.00642
0.98682, 0.00646
0.98717, 0.00650
0.98752, 0.00654
0.98787, 0.00658
0.98821, 0.00662
0.98855, 0.00666
0.98888, 0.00670
0.98920, 0.00674
0.98953, 0.00678
0.98984, 0.00681
0.99016, 0.00685
0.99046, 0.00688
0.99077, 0.00692
0.99106, 0.00695
0.99136, 0.00698
0.99164, 0.00702
0.99193, 0.00705
0.99221, 0.00708
0.99248, 0.00711
0.99275, 0.00714
0.99301, 0.00717
0.99327, 0.00720
0.99352, 0.00723
0.99377, 0.00726
0.99402, 0.00728
0.99426, 0.00731
0.99449, 0.00734
0.99472, 0.00736
0.99495, 0.00739
0.99517, 0.00741
0.99538, 0.00743
0.99559, 0.00746
0.99580, 0.00748
0.99600, 0.00750
0.99619, 0.00752
0.99638, 0.00754
0.99657, 0.00757
0.99675, 0.00759
0.99692, 0.00760
0.99709, 0.00762
0.99726, 0.00764
0.99742, 0.00766
0.99758, 0.00768
0.99773, 0.00769
0.99787, 0.00771
0.99802, 0.00772
0.99815, 0.00774
0.99828, 0.00775
0.99841, 0.00777
0.99853, 0.00778
0.99865, 0.00779
0.99876, 0.00780
0.99887, 0.00782
0.99897, 0.00783
0.99906, 0.00784
0.99916, 0.00785
0.99924, 0.00786
0.99932, 0.00787
0.99940, 0.00787
0.99947, 0.00788
0.99954, 0.00789
0.99960, 0.00790
0.99966, 0.00790
0.99971, 0.00791
0.99976, 0.00791
0.99980, 0.00792
0.99984, 0.00792
0.99987, 0.00792
0.99990, 0.00793
0.99992, 0.00793
0.99994, 0.00793
0.99995, 0.00793
0.99993, 0.00793
0.99993, 0.00793
