airfoil_points_2309
1.000000 -0.030525
0.999748 -0.030460
0.998993 -0.030266
0.997736 -0.029942
0.995977 -0.029486
0.993719 -0.028897
0.990964 -0.028174
0.987715 -0.027315
0.983974 -0.026317
0.979746 -0.025178
0.975036 -0.023898
0.969846 -0.022473
0.964184 -0.020903
0.958054 -0.019188
0.951463 -0.017327
0.944418 -0.015323
0.936925 -0.013178
0.928992 -0.010896
0.920627 -0.008482
0.911838 -0.005944
0.902635 -0.003291
0.893027 -0.000533
0.883022 0.002316
0.872632 0.005241
0.861867 0.008224
0.850737 0.011246
0.839255 0.014284
0.827430 0.017317
0.815276 0.020336
0.802805 0.023333
0.790028 0.026303
0.776960 0.029242
0.763613 0.032146
0.750000 0.035012
0.736136 0.037830
0.722033 0.040588
0.707708 0.043270
0.693173 0.045861
0.678443 0.048346
0.663534 0.054465
0.648460 0.056486
0.633237 0.058186
0.617879 0.059800
0.602403 0.061333
0.586824 0.062785
0.571157 0.064156
0.555419 0.065444
0.539625 0.066645
0.523791 0.067756
0.507933 0.068774
0.492067 0.069697
0.476209 0.070526
0.460375 0.071264
0.444581 0.071914
0.428843 0.072483
0.413176 0.072980
0.397597 0.073415
0.382121 0.073798
0.366763 0.074139
0.351540 0.074448
0.336466 0.074732
0.321557 0.074989
0.306827 0.075200
0.292292 0.075363
0.277967 0.075481
0.263864 0.075555
0.250000 0.075574
0.236387 0.075507
0.223040 0.075324
0.209972 0.074999
0.197195 0.074511
0.184724 0.073845
0.172570 0.073001
0.160745 0.071981
0.149263 0.070789
0.138133 0.069430
0.127368 0.067910
0.116978 0.066234
0.106973 0.064415
0.097365 0.062461
0.088162 0.060386
0.079373 0.058199
0.071008 0.055911
0.063075 0.053532
0.055582 0.051072
0.048537 0.048540
0.041946 0.045945
0.035816 0.043297
0.030154 0.040604
0.024964 0.037873
0.020254 0.035111
0.016026 0.032327
0.012285 0.029527
0.009036 0.026716
0.006281 0.023903
0.004023 0.021094
0.002264 0.018300
0.001007 0.015546
0.000252 0.012925
0.000000 0.011284
0.000252 0.006482
0.001007 0.003947
0.002264 0.001368
0.004023 -0.001158
0.006281 -0.003610
0.009036 -0.005981
0.012285 -0.008267
0.016026 -0.010466
0.020254 -0.012579
0.024964 -0.014604
0.030154 -0.016542
0.035816 -0.018395
0.041946 -0.020163
0.048537 -0.021847
0.055582 -0.023452
0.063075 -0.024978
0.071008 -0.026430
0.079373 -0.027811
0.088162 -0.029126
0.097365 -0.030381
0.106973 -0.031580
0.116978 -0.032731
0.127368 -0.033842
0.138133 -0.034920
0.149263 -0.035969
0.160745 -0.036992
0.172570 -0.037990
0.184724 -0.038967
0.197195 -0.039923
0.209972 -0.040853
0.223040 -0.041740
0.236387 -0.042559
0.250000 -0.043285
0.263864 -0.043890
0.277967 -0.044348
0.292292 -0.044656
0.306827 -0.044818
0.321557 -0.044841
0.336466 -0.044726
0.351540 -0.044460
0.366763 -0.044047
0.382121 -0.043498
0.397597 -0.042828
0.413176 -0.042054
0.428843 -0.041191
0.444581 -0.040256
0.460375 -0.039266
0.476209 -0.038234
0.492067 -0.037173
0.507933 -0.036092
0.523791 -0.035000
0.539625 -0.033903
0.555419 -0.032805
0.571157 -0.031711
0.586824 -0.030623
0.602403 -0.029547
0.617879 -0.028490
0.633237 -0.027460
0.648460 -0.026464
0.663534 -0.029415
0.678443 -0.029255
0.693173 -0.028969
0.707708 -0.028764
0.722033 -0.028629
0.736136 -0.028555
0.750000 -0.028534
0.763613 -0.028558
0.776960 -0.028628
0.790028 -0.028748
0.802805 -0.028918
0.815276 -0.029140
0.827430 -0.029412
0.839255 -0.029734
0.850737 -0.030095
0.861867 -0.030477
0.872632 -0.030866
0.883022 -0.031248
0.893027 -0.031613
0.902635 -0.031954
0.911838 -0.032264
0.920627 -0.032538
0.928992 -0.032773
0.936925 -0.032970
0.944418 -0.033127
0.951463 -0.033246
0.958054 -0.033329
0.964184 -0.033381
0.969846 -0.033404
0.975036 -0.033403
0.979746 -0.033382
0.983974 -0.033348
0.987715 -0.033303
0.990964 -0.033254
0.993719 -0.033204
0.995977 -0.033158
0.997736 -0.033118
0.998993 -0.033087
0.999748 -0.033068
1.000000 -0.033052
