airfoil_points_0395
1.000000 -0.003490
0.999748 -0.003425
0.998993 -0.003232
0.997736 -0.002910
0.995977 -0.002457
0.993719 -0.001871
0.990964 -0.001151
0.987715 -0.000295
0.983974 0.000699
0.979746 0.001835
0.975036 0.003113
0.969846 0.004536
0.964184 0.006105
0.958054 0.007820
0.951463 0.009682
0.944418 0.011688
0.936925 0.013837
0.928992 0.016124
0.920627 0.018543
0.911838 0.021087
0.902635 0.023747
0.893027 0.026510
0.883022 0.029364
0.872632 0.032291
0.861867 0.035274
0.850737 0.038292
0.839255 0.041320
0.827430 0.044337
0.815276 0.047323
0.802805 0.050262
0.790028 0.053139
0.776960 0.055936
0.763613 0.058636
0.750000 0.061221
0.736136 0.063686
0.722033 0.066040
0.707708 0.068294
0.693173 0.070463
0.678443 0.072564
0.663534 0.073560
0.648460 0.066044
0.633237 0.067913
0.617879 0.069870
0.602403 0.071912
0.586824 0.074031
0.571157 0.076212
0.555419 0.078434
0.539625 0.080674
0.523791 0.082901
0.507933 0.085084
0.492067 0.087191
0.476209 0.089188
0.460375 0.091042
0.444581 0.092726
0.428843 0.094212
0.413176 0.095480
0.397597 0.096512
0.382121 0.097296
0.366763 0.097826
0.351540 0.098101
0.336466 0.098123
0.321557 0.097915
0.306827 0.097547
0.292292 0.097033
0.277967 0.096374
0.263864 0.095570
0.250000 0.094619
0.236387 0.093507
0.223040 0.092218
0.209972 0.090741
0.197195 0.089065
0.184724 0.087185
0.172570 0.085105
0.160745 0.082836
0.149263 0.080387
0.138133 0.077773
0.127368 0.075005
0.116978 0.072095
0.106973 0.069058
0.097365 0.065921
0.088162 0.062705
0.079373 0.059433
0.071008 0.056121
0.063075 0.052785
0.055582 0.049441
0.048537 0.046099
0.041946 0.042769
0.035816 0.039460
0.030154 0.036179
0.024964 0.032930
0.020254 0.029718
0.016026 0.026547
0.012285 0.023420
0.009036 0.020339
0.006281 0.017310
0.004023 0.014339
0.002264 0.011442
0.001007 0.008659
0.000252 0.006152
0.000000 0.004810
0.000252 -0.001184
0.001007 -0.003519
0.002264 -0.005969
0.004023 -0.008367
0.006281 -0.010670
0.009036 -0.012857
0.012285 -0.014920
0.016026 -0.016850
0.020254 -0.018642
0.024964 -0.020289
0.030154 -0.021788
0.035816 -0.023133
0.041946 -0.024322
0.048537 -0.025352
0.055582 -0.026221
0.063075 -0.026929
0.071008 -0.027480
0.079373 -0.027875
0.088162 -0.028123
0.097365 -0.028233
0.106973 -0.028217
0.116978 -0.028090
0.127368 -0.027874
0.138133 -0.027593
0.149263 -0.027271
0.160745 -0.026918
0.172570 -0.026546
0.184724 -0.026164
0.197195 -0.025787
0.209972 -0.025423
0.223040 -0.025073
0.236387 -0.024725
0.250000 -0.024365
0.263864 -0.023977
0.277967 -0.023545
0.292292 -0.023063
0.306827 -0.022536
0.321557 -0.021967
0.336466 -0.021367
0.351540 -0.020816
0.366763 -0.020358
0.382121 -0.020004
0.397597 -0.019757
0.413176 -0.019613
0.428843 -0.019564
0.444581 -0.019592
0.460375 -0.019680
0.476209 -0.019802
0.492067 -0.019933
0.507933 -0.020047
0.523791 -0.020117
0.539625 -0.020120
0.555419 -0.020034
0.571157 -0.019839
0.586824 -0.019523
0.602403 -0.019076
0.617879 -0.018492
0.633237 -0.017772
0.648460 -0.016927
0.663534 -0.015209
0.678443 -0.004925
0.693173 -0.004230
0.707708 -0.003586
0.722033 -0.003019
0.736136 -0.002548
0.750000 -0.002194
0.763613 -0.001967
0.776960 -0.001860
0.790028 -0.001861
0.802805 -0.001956
0.815276 -0.002133
0.827430 -0.002383
0.839255 -0.002692
0.850737 -0.003047
0.861867 -0.003427
0.872632 -0.003816
0.883022 -0.004202
0.893027 -0.004573
0.902635 -0.004920
0.911838 -0.005235
0.920627 -0.005515
0.928992 -0.005756
0.936925 -0.005956
0.944418 -0.006116
0.951463 -0.006237
0.958054 -0.006322
0.964184 -0.006373
0.969846 -0.006395
0.975036 -0.006392
0.979746 -0.006369
0.983974 -0.006331
0.987715 -0.006283
0.990964 -0.006230
0.993719 -0.006177
0.995977 -0.006128
0.997736 -0.006085
0.998993 -0.006053
0.999748 -0.006033
1.000000 -0.006017
