airfoil_points_0336
1.000000 -0.002468
0.999748 -0.002416
0.998993 -0.002259
0.997736 -0.001999
0.995977 -0.001637
0.993719 -0.001174
0.990964 -0.000613
0.987715 0.000045
0.983974 0.000797
0.979746 0.001639
0.975036 0.002568
0.969846 0.003580
0.964184 0.004672
0.958054 0.005838
0.951463 0.007075
0.944418 0.008378
0.936925 0.009741
0.928992 0.011162
0.920627 0.012634
0.911838 0.014153
0.902635 0.015713
0.893027 0.017312
0.883022 0.018943
0.872632 0.020602
0.861867 0.022285
0.850737 0.023988
0.839255 0.025708
0.827430 0.027439
0.815276 0.029182
0.802805 0.030937
0.790028 0.032706
0.776960 0.034490
0.763613 0.036294
0.750000 0.038121
0.736136 0.039971
0.722033 0.041837
0.707708 0.043710
0.693173 0.045582
0.678443 0.047442
0.663534 0.053837
0.648460 0.055746
0.633237 0.057287
0.617879 0.058758
0.602403 0.060160
0.586824 0.061492
0.571157 0.062756
0.555419 0.063952
0.539625 0.065079
0.523791 0.066136
0.507933 0.067121
0.492067 0.068032
0.476209 0.068864
0.460375 0.069617
0.444581 0.070285
0.428843 0.070867
0.413176 0.071359
0.397597 0.071761
0.382121 0.072071
0.366763 0.072289
0.351540 0.072416
0.336466 0.072455
0.321557 0.072398
0.306827 0.072215
0.292292 0.071898
0.277967 0.071447
0.263864 0.070862
0.250000 0.070140
0.236387 0.069269
0.223040 0.068238
0.209972 0.067036
0.197195 0.065657
0.184724 0.064096
0.172570 0.062360
0.160745 0.060463
0.149263 0.058418
0.138133 0.056236
0.127368 0.053931
0.116978 0.051514
0.106973 0.048997
0.097365 0.046394
0.088162 0.043717
0.079373 0.040976
0.071008 0.038183
0.063075 0.035347
0.055582 0.032475
0.048537 0.029577
0.041946 0.026658
0.035816 0.023725
0.030154 0.020785
0.024964 0.017841
0.020254 0.014898
0.016026 0.011962
0.012285 0.009035
0.009036 0.006121
0.006281 0.003226
0.004023 0.000355
0.002264 -0.002480
0.001007 -0.005252
0.000252 -0.007848
0.000000 -0.009390
0.000252 -0.014523
0.001007 -0.017003
0.002264 -0.019541
0.004023 -0.022024
0.006281 -0.024422
0.009036 -0.026725
0.012285 -0.028925
0.016026 -0.031020
0.020254 -0.033004
0.024964 -0.034874
0.030154 -0.036629
0.035816 -0.038265
0.041946 -0.039780
0.048537 -0.041173
0.055582 -0.042442
0.063075 -0.043586
0.071008 -0.044608
0.079373 -0.045507
0.088162 -0.046287
0.097365 -0.046950
0.106973 -0.047503
0.116978 -0.047951
0.127368 -0.048303
0.138133 -0.048569
0.149263 -0.048759
0.160745 -0.048882
0.172570 -0.048950
0.184724 -0.048975
0.197195 -0.048970
0.209972 -0.048949
0.223040 -0.048911
0.236387 -0.048849
0.250000 -0.048752
0.263864 -0.048609
0.277967 -0.048407
0.292292 -0.048144
0.306827 -0.047824
0.321557 -0.047448
0.336466 -0.047018
0.351540 -0.046507
0.366763 -0.045909
0.382121 -0.045234
0.397597 -0.044487
0.413176 -0.043676
0.428843 -0.042806
0.444581 -0.041883
0.460375 -0.040912
0.476209 -0.039895
0.492067 -0.038839
0.507933 -0.037746
0.523791 -0.036621
0.539625 -0.035469
0.555419 -0.034296
0.571157 -0.033108
0.586824 -0.031911
0.602403 -0.030713
0.617879 -0.029522
0.633237 -0.028345
0.648460 -0.027187
0.663534 -0.030559
0.678443 -0.030002
0.693173 -0.029055
0.707708 -0.028095
0.722033 -0.027120
0.736136 -0.026127
0.750000 -0.025113
0.763613 -0.024078
0.776960 -0.023028
0.790028 -0.021974
0.802805 -0.020924
0.815276 -0.019886
0.827430 -0.018868
0.839255 -0.017875
0.850737 -0.016913
0.861867 -0.015982
0.872632 -0.015086
0.883022 -0.014224
0.893027 -0.013398
0.902635 -0.012610
0.911838 -0.011860
0.920627 -0.011148
0.928992 -0.010475
0.936925 -0.009841
0.944418 -0.009247
0.951463 -0.008692
0.958054 -0.008177
0.964184 -0.007702
0.969846 -0.007265
0.975036 -0.006868
0.979746 -0.006509
0.983974 -0.006189
0.987715 -0.005908
0.990964 -0.005664
0.993719 -0.005459
0.995977 -0.005291
0.997736 -0.005161
0.998993 -0.005068
0.999748 -0.005012
1.000000 -0.004995
