airfoil_points_636
1.000000 0.032244
0.999748 0.032303
0.998993 0.032482
0.997736 0.032779
0.995977 0.033194
0.993719 0.033725
0.990964 0.034371
0.987715 0.035130
0.983974 0.035999
0.979746 0.036973
0.975036 0.038050
0.969846 0.039223
0.964184 0.040486
0.958054 0.041831
0.951463 0.043248
0.944418 0.044728
0.936925 0.046258
0.928992 0.047824
0.920627 0.049410
0.911838 0.050998
0.902635 0.052568
0.893027 0.054098
0.883022 0.055565
0.872632 0.056942
0.861867 0.058201
0.850737 0.059313
0.839255 0.060247
0.827430 0.060969
0.815276 0.061471
0.802805 0.061760
0.790028 0.061852
0.776960 0.061765
0.763613 0.061522
0.750000 0.061152
0.736136 0.060688
0.722033 0.060168
0.707708 0.059630
0.693173 0.059120
0.678443 0.058689
0.663534 0.058391
0.648460 0.058271
0.633237 0.058327
0.617879 0.058548
0.602403 0.058924
0.586824 0.059442
0.571157 0.060089
0.555419 0.060849
0.539625 0.061707
0.523791 0.062646
0.507933 0.063648
0.492067 0.064695
0.476209 0.065768
0.460375 0.066850
0.444581 0.067921
0.428843 0.068964
0.413176 0.069962
0.397597 0.070896
0.382121 0.071750
0.366763 0.072509
0.351540 0.073158
0.336466 0.073684
0.321557 0.074074
0.306827 0.074318
0.292292 0.074405
0.277967 0.074327
0.263864 0.074078
0.250000 0.073664
0.236387 0.073127
0.223040 0.072511
0.209972 0.071859
0.197195 0.071209
0.184724 0.070583
0.172570 0.069936
0.160745 0.069218
0.149263 0.068392
0.138133 0.067425
0.127368 0.066293
0.116978 0.064982
0.106973 0.063502
0.097365 0.061866
0.088162 0.060086
0.079373 0.058175
0.071008 0.056142
0.063075 0.053999
0.055582 0.051757
0.048537 0.049426
0.041946 0.047016
0.035816 0.044536
0.030154 0.041995
0.024964 0.039400
0.020254 0.036761
0.016026 0.034085
0.012285 0.031377
0.009036 0.028645
0.006281 0.025895
0.004023 0.023134
0.002264 0.020368
0.001007 0.017615
0.000252 0.014933
0.000000 0.013083
0.000252 0.008833
0.001007 0.006209
0.002264 0.003580
0.004023 0.001006
0.006281 -0.001503
0.009036 -0.003940
0.012285 -0.006304
0.016026 -0.008595
0.020254 -0.010812
0.024964 -0.012957
0.030154 -0.015030
0.035816 -0.017032
0.041946 -0.018967
0.048537 -0.020835
0.055582 -0.022642
0.063075 -0.024389
0.071008 -0.026083
0.079373 -0.027726
0.088162 -0.029326
0.097365 -0.030890
0.106973 -0.032423
0.116978 -0.033936
0.127368 -0.035436
0.138133 -0.036931
0.149263 -0.038393
0.160745 -0.039790
0.172570 -0.041088
0.184724 -0.042245
0.197195 -0.043217
0.209972 -0.043970
0.223040 -0.044523
0.236387 -0.044909
0.250000 -0.045167
0.263864 -0.045342
0.277967 -0.045484
0.292292 -0.045605
0.306827 -0.045699
0.321557 -0.045763
0.336466 -0.045789
0.351540 -0.045770
0.366763 -0.045700
0.382121 -0.045569
0.397597 -0.045368
0.413176 -0.045090
0.428843 -0.044723
0.444581 -0.044258
0.460375 -0.043685
0.476209 -0.042994
0.492067 -0.042175
0.507933 -0.041217
0.523791 -0.040113
0.539625 -0.038851
0.555419 -0.037424
0.571157 -0.035823
0.586824 -0.034041
0.602403 -0.032071
0.617879 -0.029908
0.633237 -0.027547
0.648460 -0.024985
0.663534 -0.022217
0.678443 -0.019244
0.693173 -0.016083
0.707708 -0.012789
0.722033 -0.009416
0.736136 -0.006018
0.750000 -0.002647
0.763613 0.000650
0.776960 0.003828
0.790028 0.006845
0.802805 0.009663
0.815276 0.012251
0.827430 0.014583
0.839255 0.016640
0.850737 0.018420
0.861867 0.019956
0.872632 0.021279
0.883022 0.022418
0.893027 0.023400
0.902635 0.024247
0.911838 0.024979
0.920627 0.025614
0.928992 0.026167
0.936925 0.026651
0.944418 0.027077
0.951463 0.027453
0.958054 0.027787
0.964184 0.028086
0.969846 0.028353
0.975036 0.028592
0.979746 0.028805
0.983974 0.028995
0.987715 0.029162
0.990964 0.029307
0.993719 0.029430
0.995977 0.029531
0.997736 0.029610
0.998993 0.029667
0.999748 0.029701
1.000000 0.029713
