airfoil_points_2753
1.000000 0.020601
0.999748 0.020647
0.998993 0.020784
0.997736 0.021012
0.995977 0.021327
0.993719 0.021728
0.990964 0.022210
0.987715 0.022768
0.983974 0.023399
0.979746 0.024095
0.975036 0.024852
0.969846 0.025662
0.964184 0.026520
0.958054 0.027419
0.951463 0.028352
0.944418 0.029314
0.936925 0.030298
0.928992 0.031298
0.920627 0.032311
0.911838 0.033330
0.902635 0.034355
0.893027 0.035381
0.883022 0.036407
0.872632 0.037433
0.861867 0.038460
0.850737 0.039489
0.839255 0.040526
0.827430 0.041573
0.815276 0.042638
0.802805 0.043726
0.790028 0.044847
0.776960 0.046009
0.763613 0.047224
0.750000 0.048504
0.736136 0.049855
0.722033 0.051270
0.707708 0.052737
0.693173 0.054243
0.678443 0.055775
0.663534 0.057336
0.648460 0.058883
0.633237 0.060402
0.617879 0.061903
0.602403 0.063382
0.586824 0.064837
0.571157 0.066263
0.555419 0.067655
0.539625 0.069008
0.523791 0.070317
0.507933 0.071573
0.492067 0.072768
0.476209 0.073895
0.460375 0.074944
0.444581 0.075905
0.428843 0.076771
0.413176 0.077532
0.397597 0.078181
0.382121 0.078712
0.366763 0.079121
0.351540 0.079404
0.336466 0.079559
0.321557 0.079587
0.306827 0.079482
0.292292 0.079241
0.277967 0.078863
0.263864 0.078346
0.250000 0.077689
0.236387 0.076886
0.223040 0.075934
0.209972 0.074830
0.197195 0.073573
0.184724 0.072161
0.172570 0.070601
0.160745 0.068898
0.149263 0.067060
0.138133 0.065093
0.127368 0.063006
0.116978 0.060806
0.106973 0.058503
0.097365 0.056106
0.088162 0.053628
0.079373 0.051076
0.071008 0.048461
0.063075 0.045790
0.055582 0.043072
0.048537 0.040313
0.041946 0.037522
0.035816 0.034703
0.030154 0.031864
0.024964 0.029010
0.020254 0.026145
0.016026 0.023276
0.012285 0.020405
0.009036 0.017539
0.006281 0.014681
0.004023 0.011838
0.002264 0.009022
0.001007 0.006256
0.000252 0.003638
0.000000 0.002034
0.000252 -0.002887
0.001007 -0.005403
0.002264 -0.007963
0.004023 -0.010469
0.006281 -0.012894
0.009036 -0.015230
0.012285 -0.017471
0.016026 -0.019613
0.020254 -0.021654
0.024964 -0.023592
0.030154 -0.025424
0.035816 -0.027149
0.041946 -0.028766
0.048537 -0.030274
0.055582 -0.031671
0.063075 -0.032958
0.071008 -0.034135
0.079373 -0.035204
0.088162 -0.036167
0.097365 -0.037026
0.106973 -0.037786
0.116978 -0.038452
0.127368 -0.039029
0.138133 -0.039526
0.149263 -0.039947
0.160745 -0.040298
0.172570 -0.040583
0.184724 -0.040809
0.197195 -0.040981
0.209972 -0.041104
0.223040 -0.041180
0.236387 -0.041208
0.250000 -0.041185
0.263864 -0.041109
0.277967 -0.040976
0.292292 -0.040788
0.306827 -0.040545
0.321557 -0.040249
0.336466 -0.039904
0.351540 -0.039507
0.366763 -0.039064
0.382121 -0.038580
0.397597 -0.038056
0.413176 -0.037495
0.428843 -0.036897
0.444581 -0.036261
0.460375 -0.035585
0.476209 -0.034868
0.492067 -0.034107
0.507933 -0.033301
0.523791 -0.032449
0.539625 -0.031549
0.555419 -0.030602
0.571157 -0.029609
0.586824 -0.028573
0.602403 -0.027496
0.617879 -0.026380
0.633237 -0.025230
0.648460 -0.024049
0.663534 -0.022859
0.678443 -0.021635
0.693173 -0.020359
0.707708 -0.019034
0.722033 -0.017653
0.736136 -0.016212
0.750000 -0.014704
0.763613 -0.013128
0.776960 -0.011496
0.790028 -0.009824
0.802805 -0.008128
0.815276 -0.006426
0.827430 -0.004729
0.839255 -0.003050
0.850737 -0.001403
0.861867 0.000204
0.872632 0.001760
0.883022 0.003258
0.893027 0.004691
0.902635 0.006054
0.911838 0.007343
0.920627 0.008554
0.928992 0.009687
0.936925 0.010740
0.944418 0.011713
0.951463 0.012608
0.958054 0.013425
0.964184 0.014166
0.969846 0.014833
0.975036 0.015430
0.979746 0.015959
0.983974 0.016423
0.987715 0.016824
0.990964 0.017165
0.993719 0.017449
0.995977 0.017679
0.997736 0.017855
0.998993 0.017980
0.999748 0.018054
1.000000 0.018075
