airfoil_points_2183
1.000000 -0.003671
0.999748 -0.003615
0.998993 -0.003448
0.997736 -0.003168
0.995977 -0.002778
0.993719 -0.002276
0.990964 -0.001662
0.987715 -0.000938
0.983974 -0.000104
0.979746 0.000841
0.975036 0.001895
0.969846 0.003058
0.964184 0.004328
0.958054 0.005705
0.951463 0.007186
0.944418 0.008771
0.936925 0.010456
0.928992 0.012240
0.920627 0.014120
0.911838 0.016091
0.902635 0.018152
0.893027 0.020296
0.883022 0.022520
0.872632 0.024818
0.861867 0.027184
0.850737 0.029612
0.839255 0.032095
0.827430 0.034626
0.815276 0.037206
0.802805 0.039837
0.790028 0.042525
0.776960 0.045274
0.763613 0.048091
0.750000 0.050983
0.736136 0.053936
0.722033 0.056913
0.707708 0.059870
0.693173 0.062765
0.678443 0.065549
0.663534 0.066902
0.648460 0.063621
0.633237 0.065574
0.617879 0.067539
0.602403 0.069519
0.586824 0.071509
0.571157 0.073498
0.555419 0.075470
0.539625 0.077408
0.523791 0.079291
0.507933 0.081100
0.492067 0.082816
0.476209 0.084424
0.460375 0.085913
0.444581 0.087275
0.428843 0.088507
0.413176 0.089609
0.397597 0.090583
0.382121 0.091437
0.366763 0.092176
0.351540 0.092811
0.336466 0.093348
0.321557 0.093815
0.306827 0.094269
0.292292 0.094719
0.277967 0.095170
0.263864 0.095622
0.250000 0.096046
0.236387 0.096374
0.223040 0.096545
0.209972 0.096509
0.197195 0.096226
0.184724 0.095673
0.172570 0.094859
0.160745 0.093801
0.149263 0.092512
0.138133 0.091009
0.127368 0.089307
0.116978 0.087421
0.106973 0.085370
0.097365 0.083172
0.088162 0.080846
0.079373 0.078408
0.071008 0.075873
0.063075 0.073256
0.055582 0.070569
0.048537 0.067825
0.041946 0.065034
0.035816 0.062207
0.030154 0.059351
0.024964 0.056476
0.020254 0.053588
0.016026 0.050693
0.012285 0.047799
0.009036 0.044911
0.006281 0.042035
0.004023 0.039179
0.002264 0.036354
0.001007 0.033591
0.000252 0.031001
0.000000 0.029466
0.000252 0.024322
0.001007 0.021843
0.002264 0.019303
0.004023 0.016815
0.006281 0.014408
0.009036 0.012094
0.012285 0.009876
0.016026 0.007760
0.020254 0.005745
0.024964 0.003835
0.030154 0.002029
0.035816 0.000328
0.041946 -0.001269
0.048537 -0.002764
0.055582 -0.004160
0.063075 -0.005459
0.071008 -0.006668
0.079373 -0.007793
0.088162 -0.008842
0.097365 -0.009826
0.106973 -0.010756
0.116978 -0.011648
0.127368 -0.012518
0.138133 -0.013385
0.149263 -0.014267
0.160745 -0.015177
0.172570 -0.016131
0.184724 -0.017147
0.197195 -0.018243
0.209972 -0.019419
0.223040 -0.020632
0.236387 -0.021828
0.250000 -0.022951
0.263864 -0.023939
0.277967 -0.024744
0.292292 -0.025359
0.306827 -0.025789
0.321557 -0.026040
0.336466 -0.026128
0.351540 -0.026116
0.366763 -0.026029
0.382121 -0.025880
0.397597 -0.025684
0.413176 -0.025456
0.428843 -0.025207
0.444581 -0.024949
0.460375 -0.024686
0.476209 -0.024423
0.492067 -0.024156
0.507933 -0.023881
0.523791 -0.023588
0.539625 -0.023266
0.555419 -0.022901
0.571157 -0.022482
0.586824 -0.021999
0.602403 -0.021445
0.617879 -0.020818
0.633237 -0.020122
0.648460 -0.019376
0.663534 -0.017897
0.678443 -0.012198
0.693173 -0.012207
0.707708 -0.012301
0.722033 -0.012420
0.736136 -0.012527
0.750000 -0.012590
0.763613 -0.012585
0.776960 -0.012520
0.790028 -0.012407
0.802805 -0.012256
0.815276 -0.012078
0.827430 -0.011883
0.839255 -0.011678
0.850737 -0.011467
0.861867 -0.011248
0.872632 -0.011021
0.883022 -0.010784
0.893027 -0.010537
0.902635 -0.010281
0.911838 -0.010017
0.920627 -0.009746
0.928992 -0.009469
0.936925 -0.009188
0.944418 -0.008906
0.951463 -0.008624
0.958054 -0.008346
0.964184 -0.008074
0.969846 -0.007811
0.975036 -0.007560
0.979746 -0.007322
0.983974 -0.007102
0.987715 -0.006901
0.990964 -0.006721
0.993719 -0.006566
0.995977 -0.006436
0.997736 -0.006333
0.998993 -0.006259
0.999748 -0.006214
1.000000 -0.006198
