=== Airfoil Parameters ===
m = 0.02
p = 0.4
t = 0.12

=== Control Points ===
0.00000, -0.00691, -0.00691
0.06667, -0.00427, -0.01038
0.13333, -0.00322, -0.01434
0.20000, -0.00052, -0.01552
0.26667, 0.00460, -0.01318
0.66667, 0.00644, -0.00961
0.75000, 0.00521, -0.00798
0.83333, 0.00004, -0.00953
0.91667, -0.00757, -0.01274
1.00000, -0.01511, -0.01511

=== Upper Surface ===
0.00000, -0.00691
-0.00003, -0.00663
-0.00003, -0.00635
-0.00004, -0.00607
-0.00004, -0.00579
-0.00003, -0.00551
-0.00003, -0.00523
-0.00001, -0.00495
0.00000, -0.00468
0.00003, -0.00440
0.00006, -0.00412
0.00009, -0.00384
0.00013, -0.00356
0.00017, -0.00328
0.00022, -0.00300
0.00027, -0.00272
0.00033, -0.00244
0.00039, -0.00216
0.00046, -0.00189
0.00053, -0.00161
0.00061, -0.00133
0.00070, -0.00105
0.00079, -0.00077
0.00088, -0.00049
0.00098, -0.00021
0.00108, 0.00006
0.00119, 0.00034
0.00130, 0.00062
0.00142, 0.00090
0.00155, 0.00118
0.00168, 0.00145
0.00181, 0.00173
0.00195, 0.00201
0.00209, 0.00229
0.00224, 0.00256
0.00240, 0.00284
0.00256, 0.00312
0.00272, 0.00340
0.00289, 0.00367
0.00307, 0.00395
0.00325, 0.00423
0.00343, 0.00450
0.00362, 0.00478
0.00382, 0.00506
0.00402, 0.00533
0.00422, 0.00561
0.00443, 0.00588
0.00465, 0.00616
0.00487, 0.00644
0.00510, 0.00671
0.00533, 0.00699
0.00556, 0.00726
0.00580, 0.00754
0.00605, 0.00781
0.00630, 0.00808
0.00656, 0.00836
0.00682, 0.00863
0.00709, 0.00891
0.00736, 0.00918
0.00764, 0.00945
0.00792, 0.00973
0.00821, 0.01000
0.00850, 0.01027
0.00880, 0.01054
0.00910, 0.01082
0.00941, 0.01109
0.00972, 0.01136
0.01004, 0.01163
0.01036, 0.01190
0.01069, 0.01217
0.01102, 0.01244
0.01136, 0.01271
0.01170, 0.01298
0.01205, 0.01325
0.01240, 0.01352
0.01276, 0.01379
0.01313, 0.01405
0.01350, 0.01432
0.01387, 0.01459
0.01425, 0.01486
0.01463, 0.01512
0.01502, 0.01539
0.01542, 0.01565
0.01581, 0.01592
0.01622, 0.01619
0.01663, 0.01645
0.01704, 0.01671
0.01746, 0.01698
0.01789, 0.01724
0.01831, 0.01750
0.01875, 0.01777
0.01919, 0.01803
0.01963, 0.01829
0.02008, 0.01855
0.02054, 0.01881
0.02100, 0.01907
0.02146, 0.01933
0.02193, 0.01959
0.02240, 0.01985
0.02288, 0.02010
0.02337, 0.02036
0.02386, 0.02062
0.02435, 0.02087
0.02485, 0.02113
0.02535, 0.02138
0.02586, 0.02164
0.02638, 0.02189
0.02690, 0.02215
0.02742, 0.02240
0.02795, 0.02265
0.02848, 0.02290
0.02902, 0.02315
0.02956, 0.02340
0.03011, 0.02365
0.03066, 0.02390
0.03122, 0.02415
0.03178, 0.02440
0.03235, 0.02464
0.03292, 0.02489
0.03350, 0.02513
0.03408, 0.02538
0.03467, 0.02562
0.03526, 0.02587
0.03586, 0.02611
0.03646, 0.02635
0.03706, 0.02659
0.03768, 0.02683
0.03829, 0.02707
0.03891, 0.02731
0.03953, 0.02755
0.04016, 0.02778
0.04080, 0.02802
0.04144, 0.02826
0.04208, 0.02849
0.04273, 0.02873
0.04338, 0.02896
0.04404, 0.02919
0.04470, 0.02942
0.04537, 0.02965
0.04604, 0.02988
0.04671, 0.03011
0.04739, 0.03034
0.04808, 0.03057
0.04877, 0.03080
0.04946, 0.03102
0.05016, 0.03125
0.05086, 0.03147
0.05157, 0.03170
0.05228, 0.03192
0.05300, 0.03214
0.05372, 0.03236
0.05444, 0.03258
0.05517, 0.03280
0.05591, 0.03302
0.05664, 0.03323
0.05739, 0.03345
0.05813, 0.03367
0.05889, 0.03388
0.05964, 0.03409
0.06040, 0.03431
0.06117, 0.03452
0.06193, 0.03473
0.06271, 0.03494
0.06348, 0.03515
0.06427, 0.03536
0.06505, 0.03557
0.06584, 0.03577
0.06663, 0.03598
0.06743, 0.03618
0.06823, 0.03639
0.06904, 0.03659
0.06985, 0.03679
0.07067, 0.03699
0.07148, 0.03719
0.07231, 0.03739
0.07313, 0.03759
0.07396, 0.03779
0.07480, 0.03798
0.07564, 0.03818
0.07648, 0.03837
0.07733, 0.03857
0.07818, 0.03876
0.07903, 0.03895
0.07989, 0.03914
0.08075, 0.03933
0.08162, 0.03952
0.08249, 0.03971
0.08336, 0.03990
0.08424, 0.04008
0.08512, 0.04027
0.08600, 0.04045
0.08689, 0.04064
0.08779, 0.04082
0.08868, 0.04100
0.08958, 0.04118
0.09049, 0.04136
0.09139, 0.04154
0.09230, 0.04172
0.09322, 0.04190
0.09414, 0.04208
0.09506, 0.04225
0.09598, 0.04243
0.09691, 0.04260
0.09784, 0.04277
0.09878, 0.04295
0.09972, 0.04312
0.10066, 0.04329
0.10161, 0.04346
0.10256, 0.04363
0.10351, 0.04380
0.10446, 0.04397
0.10542, 0.04414
0.10639, 0.04430
0.10735, 0.04447
0.10832, 0.04463
0.10929, 0.04480
0.11027, 0.04496
0.11125, 0.04512
0.11223, 0.04529
0.11322, 0.04545
0.11421, 0.04561
0.11520, 0.04577
0.11619, 0.04593
0.11719, 0.04609
0.11819, 0.04625
0.11919, 0.04640
0.12020, 0.04656
0.12121, 0.04672
0.12222, 0.04688
0.12324, 0.04703
0.12426, 0.04719
0.12528, 0.04734
0.12631, 0.04749
0.12733, 0.04765
0.12836, 0.04780
0.12940, 0.04795
0.13043, 0.04811
0.13147, 0.04826
0.13251, 0.04841
0.13356, 0.04856
0.13461, 0.04871
0.13566, 0.04886
0.13671, 0.04901
0.13777, 0.04916
0.13883, 0.04931
0.13989, 0.04946
0.14096, 0.04961
0.14202, 0.04976
0.14309, 0.04990
0.14417, 0.05005
0.14525, 0.05020
0.14633, 0.05035
0.14741, 0.05049
0.14850, 0.05064
0.14958, 0.05078
0.15068, 0.05093
0.15177, 0.05108
0.15287, 0.05122
0.15397, 0.05137
0.15507, 0.05151
0.15617, 0.05166
0.15728, 0.05180
0.15839, 0.05195
0.15951, 0.05209
0.16062, 0.05224
0.16174, 0.05238
0.16286, 0.05253
0.16399, 0.05267
0.16511, 0.05282
0.16624, 0.05296
0.16737, 0.05311
0.16851, 0.05325
0.16965, 0.05340
0.17078, 0.05354
0.17193, 0.05369
0.17307, 0.05383
0.17422, 0.05397
0.17537, 0.05412
0.17652, 0.05426
0.17767, 0.05441
0.17883, 0.05455
0.17999, 0.05470
0.18115, 0.05485
0.18231, 0.05499
0.18348, 0.05514
0.18465, 0.05528
0.18582, 0.05543
0.18699, 0.05558
0.18817, 0.05572
0.18935, 0.05587
0.19053, 0.05602
0.19171, 0.05617
0.19289, 0.05632
0.19408, 0.05646
0.19527, 0.05661
0.19646, 0.05676
0.19766, 0.05691
0.19886, 0.05706
0.20006, 0.05721
0.20127, 0.05737
0.20249, 0.05752
0.20371, 0.05767
0.20493, 0.05782
0.20616, 0.05798
0.20739, 0.05813
0.20863, 0.05828
0.20987, 0.05844
0.21112, 0.05859
0.21237, 0.05875
0.21363, 0.05890
0.21489, 0.05905
0.21616, 0.05921
0.21743, 0.05936
0.21871, 0.05952
0.21999, 0.05967
0.22128, 0.05983
0.22257, 0.05998
0.22386, 0.06014
0.22517, 0.06029
0.22647, 0.06044
0.22778, 0.06060
0.22910, 0.06075
0.23042, 0.06090
0.23175, 0.06106
0.23308, 0.06121
0.23442, 0.06136
0.23576, 0.06151
0.23710, 0.06166
0.23845, 0.06181
0.23981, 0.06196
0.24117, 0.06210
0.24254, 0.06225
0.24391, 0.06240
0.24528, 0.06254
0.24667, 0.06269
0.24805, 0.06283
0.24944, 0.06297
0.25084, 0.06311
0.25224, 0.06325
0.25365, 0.06339
0.25506, 0.06352
0.25647, 0.06366
0.25790, 0.06379
0.25932, 0.06392
0.26075, 0.06405
0.26219, 0.06418
0.26362, 0.06431
0.26507, 0.06443
0.26651, 0.06455
0.26796, 0.06467
0.26941, 0.06479
0.27086, 0.06491
0.27231, 0.06502
0.27377, 0.06513
0.27523, 0.06524
0.27669, 0.06535
0.27815, 0.06546
0.27961, 0.06556
0.28108, 0.06566
0.28255, 0.06576
0.28402, 0.06586
0.28549, 0.06595
0.28696, 0.06605
0.28844, 0.06614
0.28992, 0.06623
0.29140, 0.06632
0.29288, 0.06640
0.29436, 0.06649
0.29585, 0.06657
0.29734, 0.06665
0.29883, 0.06672
0.30032, 0.06680
0.30181, 0.06687
0.30331, 0.06694
0.30480, 0.06701
0.30630, 0.06708
0.30780, 0.06715
0.30930, 0.06721
0.31081, 0.06727
0.31231, 0.06733
0.31382, 0.06739
0.31533, 0.06745
0.31684, 0.06750
0.31835, 0.06755
0.31986, 0.06760
0.32138, 0.06765
0.32289, 0.06769
0.32441, 0.06774
0.32592, 0.06778
0.32743, 0.06782
0.32894, 0.06786
0.33044, 0.06790
0.33194, 0.06793
0.33344, 0.06796
0.33494, 0.06800
0.33644, 0.06803
0.33795, 0.06806
0.33945, 0.06809
0.34096, 0.06812
0.34247, 0.06814
0.34398, 0.06817
0.34549, 0.06819
0.34701, 0.06822
0.34852, 0.06824
0.35004, 0.06826
0.35156, 0.06828
0.35308, 0.06830
0.35460, 0.06832
0.35612, 0.06833
0.35765, 0.06835
0.35918, 0.06836
0.36070, 0.06837
0.36223, 0.06839
0.36377, 0.06840
0.36530, 0.06840
0.36683, 0.06841
0.36837, 0.06842
0.36990, 0.06842
0.37144, 0.06843
0.37298, 0.06843
0.37452, 0.06843
0.37606, 0.06843
0.37760, 0.06843
0.37915, 0.06843
0.38069, 0.06843
0.38224, 0.06843
0.38379, 0.06842
0.38533, 0.06841
0.38688, 0.06841
0.38843, 0.06840
0.38998, 0.06839
0.39154, 0.06838
0.39309, 0.06836
0.39464, 0.06835
0.39620, 0.06834
0.39776, 0.06832
0.39931, 0.06830
0.40087, 0.06829
0.40243, 0.06827
0.40399, 0.06825
0.40555, 0.06822
0.40711, 0.06820
0.40867, 0.06818
0.41024, 0.06815
0.41180, 0.06813
0.41336, 0.06810
0.41493, 0.06807
0.41649, 0.06804
0.41806, 0.06801
0.41963, 0.06798
0.42119, 0.06795
0.42276, 0.06792
0.42433, 0.06788
0.42590, 0.06785
0.42747, 0.06781
0.42904, 0.06777
0.43061, 0.06774
0.43218, 0.06770
0.43375, 0.06766
0.43532, 0.06761
0.43690, 0.06757
0.43847, 0.06753
0.44004, 0.06748
0.44162, 0.06744
0.44319, 0.06739
0.44477, 0.06735
0.44634, 0.06730
0.44792, 0.06725
0.44949, 0.06720
0.45107, 0.06715
0.45264, 0.06710
0.45422, 0.06704
0.45580, 0.06699
0.45738, 0.06693
0.45895, 0.06688
0.46053, 0.06682
0.46211, 0.06677
0.46369, 0.06671
0.46527, 0.06665
0.46684, 0.06659
0.46842, 0.06653
0.47000, 0.06647
0.47158, 0.06640
0.47316, 0.06634
0.47474, 0.06628
0.47632, 0.06621
0.47790, 0.06615
0.47948, 0.06608
0.48106, 0.06601
0.48264, 0.06594
0.48422, 0.06588
0.48580, 0.06581
0.48738, 0.06574
0.48896, 0.06567
0.49054, 0.06559
0.49212, 0.06552
0.49370, 0.06545
0.49528, 0.06537
0.49686, 0.06530
0.49844, 0.06522
0.50003, 0.06515
0.50161, 0.06507
0.50319, 0.06499
0.50477, 0.06491
0.50635, 0.06483
0.50793, 0.06475
0.50951, 0.06467
0.51109, 0.06459
0.51267, 0.06451
0.51425, 0.06443
0.51583, 0.06434
0.51741, 0.06426
0.51899, 0.06417
0.52057, 0.06409
0.52214, 0.06400
0.52372, 0.06391
0.52530, 0.06382
0.52688, 0.06374
0.52846, 0.06365
0.53004, 0.06356
0.53162, 0.06347
0.53319, 0.06337
0.53477, 0.06328
0.53635, 0.06319
0.53793, 0.06310
0.53950, 0.06300
0.54108, 0.06291
0.54265, 0.06281
0.54423, 0.06271
0.54581, 0.06262
0.54738, 0.06252
0.54896, 0.06242
0.55053, 0.06232
0.55210, 0.06222
0.55368, 0.06212
0.55525, 0.06202
0.55682, 0.06192
0.55839, 0.06182
0.55997, 0.06171
0.56154, 0.06161
0.56311, 0.06150
0.56468, 0.06140
0.56625, 0.06129
0.56782, 0.06118
0.56939, 0.06108
0.57095, 0.06097
0.57252, 0.06086
0.57409, 0.06075
0.57566, 0.06064
0.57722, 0.06053
0.57879, 0.06041
0.58035, 0.06030
0.58191, 0.06019
0.58348, 0.06007
0.58504, 0.05996
0.58660, 0.05984
0.58816, 0.05973
0.58972, 0.05961
0.59128, 0.05949
0.59284, 0.05937
0.59440, 0.05925
0.59595, 0.05913
0.59751, 0.05901
0.59906, 0.05889
0.60062, 0.05877
0.60217, 0.05864
0.60372, 0.05852
0.60527, 0.05839
0.60682, 0.05827
0.60837, 0.05814
0.60992, 0.05801
0.61147, 0.05789
0.61301, 0.05776
0.61456, 0.05763
0.61610, 0.05750
0.61765, 0.05737
0.61919, 0.05723
0.62073, 0.05710
0.62227, 0.05697
0.62380, 0.05683
0.62534, 0.05670
0.62688, 0.05656
0.62841, 0.05643
0.62994, 0.05629
0.63147, 0.05615
0.63301, 0.05601
0.63453, 0.05587
0.63606, 0.05573
0.63759, 0.05559
0.63911, 0.05545
0.64064, 0.05531
0.64216, 0.05517
0.64368, 0.05502
0.64520, 0.05488
0.64671, 0.05473
0.64823, 0.05459
0.64979, 0.05444
0.65149, 0.05429
0.65374, 0.05411
0.65743, 0.05377
0.66371, 0.05275
0.67239, 0.04997
0.68058, 0.04549
0.68559, 0.04158
0.68701, 0.04016
0.68486, 0.04152
0.67963, 0.04411
0.67398, 0.04574
0.67075, 0.04611
0.67008, 0.04603
0.67083, 0.04588
0.67211, 0.04573
0.67354, 0.04558
0.67500, 0.04543
0.67647, 0.04528
0.67793, 0.04513
0.67940, 0.04498
0.68086, 0.04483
0.68233, 0.04468
0.68379, 0.04453
0.68525, 0.04438
0.68671, 0.04423
0.68817, 0.04408
0.68963, 0.04393
0.69109, 0.04378
0.69254, 0.04363
0.69400, 0.04348
0.69545, 0.04333
0.69691, 0.04318
0.69836, 0.04302
0.69981, 0.04287
0.70126, 0.04272
0.70271, 0.04256
0.70416, 0.04241
0.70561, 0.04225
0.70705, 0.04210
0.70850, 0.04194
0.70994, 0.04178
0.71138, 0.04163
0.71282, 0.04147
0.71426, 0.04131
0.71570, 0.04115
0.71714, 0.04099
0.71857, 0.04082
0.72000, 0.04066
0.72144, 0.04050
0.72287, 0.04033
0.72430, 0.04017
0.72572, 0.04000
0.72715, 0.03983
0.72857, 0.03966
0.72999, 0.03949
0.73141, 0.03932
0.73283, 0.03915
0.73425, 0.03898
0.73566, 0.03880
0.73708, 0.03863
0.73849, 0.03845
0.73990, 0.03827
0.74130, 0.03809
0.74271, 0.03791
0.74411, 0.03773
0.74551, 0.03754
0.74691, 0.03736
0.74831, 0.03717
0.74971, 0.03698
0.75110, 0.03679
0.75249, 0.03660
0.75388, 0.03641
0.75526, 0.03622
0.75664, 0.03602
0.75802, 0.03582
0.75939, 0.03563
0.76076, 0.03543
0.76213, 0.03523
0.76350, 0.03503
0.76486, 0.03482
0.76622, 0.03462
0.76757, 0.03441
0.76892, 0.03421
0.77027, 0.03400
0.77161, 0.03379
0.77296, 0.03358
0.77430, 0.03337
0.77563, 0.03316
0.77696, 0.03295
0.77829, 0.03274
0.77962, 0.03252
0.78094, 0.03231
0.78226, 0.03209
0.78357, 0.03188
0.78488, 0.03166
0.78619, 0.03144
0.78750, 0.03122
0.78880, 0.03100
0.79010, 0.03078
0.79139, 0.03056
0.79268, 0.03034
0.79397, 0.03011
0.79526, 0.02989
0.79654, 0.02967
0.79781, 0.02944
0.79909, 0.02922
0.80036, 0.02899
0.80163, 0.02877
0.80289, 0.02854
0.80415, 0.02831
0.80541, 0.02809
0.80666, 0.02786
0.80791, 0.02763
0.80916, 0.02740
0.81040, 0.02717
0.81164, 0.02694
0.81288, 0.02672
0.81411, 0.02649
0.81534, 0.02626
0.81657, 0.02602
0.81779, 0.02579
0.81901, 0.02556
0.82023, 0.02533
0.82144, 0.02510
0.82265, 0.02487
0.82385, 0.02464
0.82505, 0.02441
0.82625, 0.02418
0.82745, 0.02394
0.82864, 0.02371
0.82983, 0.02348
0.83101, 0.02325
0.83219, 0.02302
0.83337, 0.02278
0.83454, 0.02255
0.83571, 0.02232
0.83687, 0.02209
0.83804, 0.02186
0.83920, 0.02162
0.84035, 0.02139
0.84150, 0.02116
0.84265, 0.02093
0.84380, 0.02070
0.84494, 0.02047
0.84607, 0.02024
0.84721, 0.02001
0.84834, 0.01977
0.84946, 0.01954
0.85059, 0.01931
0.85171, 0.01908
0.85282, 0.01885
0.85393, 0.01862
0.85504, 0.01840
0.85615, 0.01817
0.85725, 0.01794
0.85835, 0.01771
0.85944, 0.01748
0.86053, 0.01725
0.86162, 0.01702
0.86270, 0.01680
0.86378, 0.01657
0.86485, 0.01634
0.86592, 0.01612
0.86699, 0.01589
0.86806, 0.01567
0.86912, 0.01544
0.87017, 0.01522
0.87123, 0.01499
0.87227, 0.01477
0.87332, 0.01455
0.87436, 0.01432
0.87540, 0.01410
0.87643, 0.01388
0.87746, 0.01366
0.87849, 0.01344
0.87951, 0.01322
0.88053, 0.01300
0.88154, 0.01278
0.88256, 0.01256
0.88356, 0.01234
0.88457, 0.01212
0.88556, 0.01190
0.88656, 0.01169
0.88755, 0.01147
0.88854, 0.01126
0.88952, 0.01104
0.89050, 0.01083
0.89148, 0.01061
0.89245, 0.01040
0.89342, 0.01019
0.89438, 0.00997
0.89534, 0.00976
0.89630, 0.00955
0.89725, 0.00934
0.89820, 0.00913
0.89915, 0.00892
0.90009, 0.00872
0.90102, 0.00851
0.90196, 0.00830
0.90288, 0.00810
0.90381, 0.00789
0.90473, 0.00769
0.90565, 0.00748
0.90656, 0.00728
0.90747, 0.00708
0.90837, 0.00688
0.90927, 0.00667
0.91017, 0.00647
0.91106, 0.00628
0.91195, 0.00608
0.91283, 0.00588
0.91371, 0.00568
0.91459, 0.00549
0.91546, 0.00529
0.91633, 0.00510
0.91719, 0.00490
0.91805, 0.00471
0.91891, 0.00452
0.91976, 0.00433
0.92061, 0.00413
0.92145, 0.00394
0.92229, 0.00376
0.92312, 0.00357
0.92395, 0.00338
0.92478, 0.00319
0.92560, 0.00301
0.92642, 0.00282
0.92723, 0.00264
0.92804, 0.00246
0.92885, 0.00228
0.92965, 0.00209
0.93045, 0.00191
0.93124, 0.00173
0.93203, 0.00156
0.93281, 0.00138
0.93359, 0.00120
0.93437, 0.00103
0.93514, 0.00085
0.93591, 0.00068
0.93667, 0.00050
0.93743, 0.00033
0.93819, 0.00016
0.93894, -0.00001
0.93968, -0.00018
0.94043, -0.00035
0.94116, -0.00051
0.94190, -0.00068
0.94262, -0.00085
0.94335, -0.00101
0.94407, -0.00117
0.94479, -0.00134
0.94550, -0.00150
0.94620, -0.00166
0.94691, -0.00182
0.94761, -0.00198
0.94830, -0.00214
0.94899, -0.00229
0.94967, -0.00245
0.95036, -0.00260
0.95103, -0.00276
0.95170, -0.00291
0.95237, -0.00306
0.95304, -0.00321
0.95369, -0.00336
0.95435, -0.00351
0.95500, -0.00366
0.95564, -0.00381
0.95629, -0.00395
0.95692, -0.00410
0.95755, -0.00424
0.95818, -0.00438
0.95881, -0.00452
0.95943, -0.00467
0.96004, -0.00481
0.96065, -0.00494
0.96125, -0.00508
0.96186, -0.00522
0.96245, -0.00535
0.96304, -0.00549
0.96363, -0.00562
0.96421, -0.00575
0.96479, -0.00589
0.96537, -0.00602
0.96594, -0.00615
0.96650, -0.00627
0.96706, -0.00640
0.96762, -0.00653
0.96817, -0.00665
0.96872, -0.00678
0.96926, -0.00690
0.96980, -0.00702
0.97033, -0.00714
0.97086, -0.00726
0.97138, -0.00738
0.97190, -0.00750
0.97241, -0.00762
0.97292, -0.00773
0.97343, -0.00785
0.97393, -0.00796
0.97443, -0.00807
0.97492, -0.00818
0.97541, -0.00829
0.97589, -0.00840
0.97637, -0.00851
0.97684, -0.00862
0.97731, -0.00873
0.97777, -0.00883
0.97823, -0.00893
0.97868, -0.00904
0.97913, -0.00914
0.97958, -0.00924
0.98002, -0.00934
0.98046, -0.00944
0.98089, -0.00953
0.98131, -0.00963
0.98173, -0.00973
0.98215, -0.00982
0.98256, -0.00991
0.98297, -0.01001
0.98337, -0.01010
0.98377, -0.01019
0.98417, -0.01028
0.98455, -0.01036
0.98494, -0.01045
0.98532, -0.01054
0.98569, -0.01062
0.98606, -0.01070
0.98643, -0.01079
0.98679, -0.01087
0.98714, -0.01095
0.98750, -0.01103
0.98784, -0.01110
0.98818, -0.01118
0.98852, -0.01126
0.98885, -0.01133
0.98918, -0.01141
0.98950, -0.01148
0.98982, -0.01155
0.99013, -0.01162
0.99044, -0.01169
0.99074, -0.01176
0.99104, -0.01182
0.99133, -0.01189
0.99162, -0.01196
0.99191, -0.01202
0.99219, -0.01208
0.99246, -0.01214
0.99273, -0.01220
0.99300, -0.01226
0.99326, -0.01232
0.99351, -0.01238
0.99376, -0.01244
0.99401, -0.01249
0.99425, -0.01255
0.99448, -0.01260
0.99472, -0.01265
0.99494, -0.01270
0.99516, -0.01275
0.99538, -0.01280
0.99559, -0.01285
0.99580, -0.01289
0.99600, -0.01294
0.99620, -0.01298
0.99639, -0.01303
0.99658, -0.01307
0.99676, -0.01311
0.99694, -0.01315
0.99711, -0.01319
0.99728, -0.01322
0.99744, -0.01326
0.99760, -0.01330
0.99776, -0.01333
0.99790, -0.01336
0.99805, -0.01340
0.99819, -0.01343
0.99832, -0.01346
0.99845, -0.01349
0.99858, -0.01351
0.99870, -0.01354
0.99881, -0.01357
0.99892, -0.01359
0.99902, -0.01361
0.99912, -0.01364
0.99922, -0.01366
0.99931, -0.01368
0.99940, -0.01370
0.99948, -0.01372
0.99955, -0.01373
0.99962, -0.01375
0.99969, -0.01376
0.99975, -0.01378
0.99981, -0.01379
0.99986, -0.01380
0.99990, -0.01381
0.99995, -0.01382
0.99998, -0.01383
1.00001, -0.01384
1.00004, -0.01384
1.00006, -0.01385
1.00008, -0.01385
1.00010, -0.01385
1.00015, -0.01386
1.00017, -0.01386

=== Lower Surface ===
0.00000, -0.00691
0.00003, -0.00719
0.00005, -0.00747
0.00008, -0.00775
0.00012, -0.00802
0.00016, -0.00830
0.00020, -0.00857
0.00026, -0.00885
0.00031, -0.00912
0.00037, -0.00940
0.00044, -0.00967
0.00051, -0.00994
0.00058, -0.01021
0.00067, -0.01048
0.00075, -0.01075
0.00084, -0.01102
0.00094, -0.01129
0.00104, -0.01156
0.00114, -0.01182
0.00125, -0.01209
0.00136, -0.01236
0.00148, -0.01262
0.00161, -0.01288
0.00174, -0.01315
0.00187, -0.01341
0.00201, -0.01367
0.00215, -0.01393
0.00230, -0.01419
0.00245, -0.01445
0.00261, -0.01471
0.00277, -0.01497
0.00294, -0.01523
0.00311, -0.01549
0.00329, -0.01574
0.00347, -0.01600
0.00365, -0.01625
0.00384, -0.01651
0.00404, -0.01676
0.00424, -0.01701
0.00445, -0.01727
0.00465, -0.01752
0.00487, -0.01777
0.00509, -0.01802
0.00531, -0.01827
0.00554, -0.01852
0.00577, -0.01876
0.00601, -0.01901
0.00625, -0.01926
0.00650, -0.01950
0.00675, -0.01975
0.00701, -0.01999
0.00727, -0.02024
0.00754, -0.02048
0.00781, -0.02072
0.00808, -0.02097
0.00836, -0.02121
0.00865, -0.02145
0.00893, -0.02169
0.00923, -0.02193
0.00953, -0.02217
0.00983, -0.02241
0.01014, -0.02264
0.01045, -0.02288
0.01077, -0.02312
0.01109, -0.02335
0.01141, -0.02359
0.01174, -0.02382
0.01208, -0.02405
0.01242, -0.02429
0.01276, -0.02452
0.01311, -0.02475
0.01346, -0.02498
0.01382, -0.02521
0.01418, -0.02544
0.01455, -0.02567
0.01492, -0.02590
0.01530, -0.02613
0.01568, -0.02636
0.01606, -0.02658
0.01645, -0.02681
0.01685, -0.02703
0.01725, -0.02726
0.01765, -0.02748
0.01806, -0.02771
0.01847, -0.02793
0.01889, -0.02815
0.01931, -0.02837
0.01973, -0.02860
0.02016, -0.02882
0.02060, -0.02904
0.02104, -0.02926
0.02148, -0.02948
0.02193, -0.02969
0.02238, -0.02991
0.02284, -0.03013
0.02330, -0.03035
0.02376, -0.03056
0.02424, -0.03078
0.02471, -0.03099
0.02519, -0.03121
0.02567, -0.03142
0.02616, -0.03163
0.02665, -0.03185
0.02715, -0.03206
0.02765, -0.03227
0.02816, -0.03248
0.02867, -0.03269
0.02918, -0.03290
0.02970, -0.03311
0.03023, -0.03332
0.03076, -0.03353
0.03129, -0.03374
0.03182, -0.03394
0.03237, -0.03415
0.03291, -0.03436
0.03346, -0.03456
0.03402, -0.03477
0.03458, -0.03497
0.03514, -0.03518
0.03571, -0.03538
0.03628, -0.03558
0.03686, -0.03578
0.03744, -0.03599
0.03802, -0.03619
0.03861, -0.03639
0.03921, -0.03659
0.03981, -0.03679
0.04041, -0.03699
0.04102, -0.03718
0.04163, -0.03738
0.04224, -0.03758
0.04286, -0.03778
0.04349, -0.03797
0.04412, -0.03817
0.04475, -0.03836
0.04539, -0.03856
0.04603, -0.03875
0.04668, -0.03895
0.04733, -0.03914
0.04799, -0.03933
0.04865, -0.03952
0.04931, -0.03972
0.04998, -0.03991
0.05065, -0.04010
0.05133, -0.04029
0.05201, -0.04048
0.05270, -0.04066
0.05339, -0.04085
0.05409, -0.04104
0.05479, -0.04123
0.05549, -0.04141
0.05620, -0.04160
0.05691, -0.04178
0.05763, -0.04197
0.05835, -0.04215
0.05907, -0.04234
0.05981, -0.04252
0.06054, -0.04270
0.06128, -0.04288
0.06202, -0.04306
0.06277, -0.04324
0.06352, -0.04342
0.06428, -0.04360
0.06504, -0.04378
0.06581, -0.04396
0.06658, -0.04414
0.06735, -0.04431
0.06813, -0.04449
0.06891, -0.04467
0.06970, -0.04484
0.07049, -0.04501
0.07129, -0.04519
0.07209, -0.04536
0.07289, -0.04553
0.07370, -0.04570
0.07451, -0.04588
0.07533, -0.04605
0.07616, -0.04621
0.07698, -0.04638
0.07781, -0.04655
0.07865, -0.04672
0.07949, -0.04689
0.08033, -0.04705
0.08118, -0.04722
0.08204, -0.04738
0.08290, -0.04754
0.08376, -0.04771
0.08462, -0.04787
0.08550, -0.04803
0.08637, -0.04819
0.08725, -0.04835
0.08814, -0.04851
0.08902, -0.04867
0.08992, -0.04883
0.09082, -0.04898
0.09172, -0.04914
0.09262, -0.04929
0.09354, -0.04945
0.09445, -0.04960
0.09537, -0.04975
0.09630, -0.04990
0.09722, -0.05005
0.09816, -0.05020
0.09910, -0.05035
0.10004, -0.05050
0.10098, -0.05065
0.10194, -0.05079
0.10289, -0.05094
0.10385, -0.05108
0.10482, -0.05122
0.10579, -0.05136
0.10676, -0.05150
0.10774, -0.05164
0.10872, -0.05178
0.10971, -0.05192
0.11070, -0.05206
0.11169, -0.05219
0.11269, -0.05232
0.11370, -0.05246
0.11471, -0.05259
0.11572, -0.05272
0.11674, -0.05285
0.11776, -0.05298
0.11879, -0.05310
0.11982, -0.05323
0.12086, -0.05335
0.12190, -0.05348
0.12295, -0.05360
0.12399, -0.05372
0.12505, -0.05384
0.12611, -0.05395
0.12717, -0.05407
0.12824, -0.05418
0.12931, -0.05430
0.13039, -0.05441
0.13147, -0.05452
0.13256, -0.05463
0.13365, -0.05474
0.13474, -0.05484
0.13584, -0.05495
0.13694, -0.05505
0.13805, -0.05515
0.13916, -0.05525
0.14028, -0.05535
0.14140, -0.05544
0.14252, -0.05554
0.14365, -0.05563
0.14478, -0.05572
0.14592, -0.05581
0.14706, -0.05590
0.14820, -0.05599
0.14935, -0.05607
0.15050, -0.05615
0.15166, -0.05623
0.15282, -0.05631
0.15399, -0.05639
0.15516, -0.05647
0.15633, -0.05654
0.15751, -0.05661
0.15869, -0.05668
0.15987, -0.05675
0.16106, -0.05681
0.16226, -0.05688
0.16346, -0.05694
0.16466, -0.05700
0.16586, -0.05706
0.16707, -0.05711
0.16829, -0.05717
0.16950, -0.05722
0.17073, -0.05727
0.17195, -0.05732
0.17318, -0.05736
0.17441, -0.05741
0.17565, -0.05745
0.17689, -0.05749
0.17814, -0.05752
0.17939, -0.05756
0.18064, -0.05759
0.18190, -0.05762
0.18316, -0.05765
0.18443, -0.05768
0.18569, -0.05770
0.18697, -0.05772
0.18824, -0.05774
0.18952, -0.05775
0.19081, -0.05777
0.19210, -0.05778
0.19339, -0.05779
0.19469, -0.05779
0.19599, -0.05780
0.19729, -0.05780
0.19860, -0.05780
0.19991, -0.05779
0.20122, -0.05779
0.20254, -0.05778
0.20386, -0.05777
0.20518, -0.05775
0.20651, -0.05774
0.20783, -0.05772
0.20916, -0.05770
0.21049, -0.05767
0.21182, -0.05765
0.21315, -0.05762
0.21448, -0.05759
0.21582, -0.05756
0.21715, -0.05752
0.21849, -0.05749
0.21982, -0.05745
0.22116, -0.05741
0.22249, -0.05736
0.22383, -0.05732
0.22517, -0.05727
0.22651, -0.05723
0.22785, -0.05718
0.22919, -0.05712
0.23053, -0.05707
0.23187, -0.05702
0.23321, -0.05696
0.23455, -0.05690
0.23590, -0.05684
0.23724, -0.05678
0.23858, -0.05672
0.23993, -0.05666
0.24127, -0.05660
0.24261, -0.05653
0.24396, -0.05647
0.24530, -0.05640
0.24665, -0.05633
0.24799, -0.05626
0.24934, -0.05619
0.25068, -0.05612
0.25203, -0.05605
0.25337, -0.05598
0.25472, -0.05591
0.25606, -0.05583
0.25740, -0.05576
0.25875, -0.05569
0.26009, -0.05561
0.26144, -0.05554
0.26278, -0.05546
0.26413, -0.05539
0.26547, -0.05531
0.26681, -0.05524
0.26816, -0.05516
0.26950, -0.05509
0.27084, -0.05501
0.27219, -0.05494
0.27353, -0.05486
0.27488, -0.05479
0.27623, -0.05471
0.27758, -0.05464
0.27894, -0.05456
0.28029, -0.05449
0.28165, -0.05441
0.28301, -0.05434
0.28438, -0.05427
0.28574, -0.05419
0.28711, -0.05412
0.28848, -0.05404
0.28985, -0.05397
0.29123, -0.05389
0.29261, -0.05382
0.29398, -0.05374
0.29537, -0.05367
0.29675, -0.05359
0.29813, -0.05352
0.29952, -0.05344
0.30091, -0.05337
0.30230, -0.05329
0.30370, -0.05322
0.30509, -0.05314
0.30649, -0.05307
0.30789, -0.05300
0.30929, -0.05292
0.31070, -0.05285
0.31211, -0.05277
0.31351, -0.05270
0.31492, -0.05262
0.31634, -0.05255
0.31775, -0.05248
0.31917, -0.05240
0.32059, -0.05233
0.32201, -0.05226
0.32343, -0.05218
0.32485, -0.05211
0.32628, -0.05203
0.32771, -0.05196
0.32914, -0.05189
0.33058, -0.05181
0.33203, -0.05174
0.33348, -0.05166
0.33494, -0.05159
0.33640, -0.05151
0.33787, -0.05144
0.33934, -0.05136
0.34082, -0.05128
0.34229, -0.05120
0.34377, -0.05112
0.34524, -0.05104
0.34672, -0.05096
0.34820, -0.05088
0.34968, -0.05080
0.35116, -0.05072
0.35265, -0.05064
0.35413, -0.05055
0.35562, -0.05047
0.35711, -0.05039
0.35860, -0.05030
0.36009, -0.05022
0.36158, -0.05013
0.36307, -0.05005
0.36457, -0.04996
0.36606, -0.04987
0.36756, -0.04979
0.36906, -0.04970
0.37055, -0.04961
0.37206, -0.04952
0.37356, -0.04943
0.37506, -0.04934
0.37656, -0.04925
0.37807, -0.04916
0.37958, -0.04907
0.38108, -0.04898
0.38259, -0.04889
0.38410, -0.04880
0.38562, -0.04870
0.38713, -0.04861
0.38864, -0.04852
0.39016, -0.04842
0.39167, -0.04833
0.39319, -0.04823
0.39471, -0.04814
0.39623, -0.04804
0.39775, -0.04795
0.39927, -0.04785
0.40080, -0.04775
0.40232, -0.04766
0.40385, -0.04756
0.40537, -0.04746
0.40690, -0.04736
0.40843, -0.04726
0.40996, -0.04716
0.41149, -0.04707
0.41302, -0.04697
0.41455, -0.04687
0.41609, -0.04676
0.41762, -0.04666
0.41916, -0.04656
0.42069, -0.04646
0.42223, -0.04636
0.42377, -0.04626
0.42531, -0.04615
0.42685, -0.04605
0.42839, -0.04594
0.42993, -0.04584
0.43148, -0.04574
0.43302, -0.04563
0.43457, -0.04553
0.43611, -0.04542
0.43766, -0.04531
0.43921, -0.04521
0.44075, -0.04510
0.44230, -0.04499
0.44385, -0.04488
0.44540, -0.04478
0.44695, -0.04467
0.44850, -0.04456
0.45006, -0.04445
0.45161, -0.04434
0.45316, -0.04423
0.45472, -0.04412
0.45627, -0.04401
0.45783, -0.04390
0.45939, -0.04379
0.46094, -0.04367
0.46250, -0.04356
0.46406, -0.04345
0.46562, -0.04333
0.46717, -0.04322
0.46873, -0.04311
0.47029, -0.04299
0.47185, -0.04288
0.47341, -0.04276
0.47497, -0.04265
0.47654, -0.04253
0.47810, -0.04241
0.47966, -0.04230
0.48122, -0.04218
0.48278, -0.04206
0.48435, -0.04195
0.48591, -0.04183
0.48747, -0.04171
0.48904, -0.04159
0.49060, -0.04147
0.49216, -0.04135
0.49373, -0.04123
0.49529, -0.04111
0.49685, -0.04099
0.49842, -0.04087
0.49998, -0.04075
0.50155, -0.04062
0.50311, -0.04050
0.50468, -0.04038
0.50624, -0.04026
0.50780, -0.04013
0.50937, -0.04001
0.51093, -0.03989
0.51250, -0.03976
0.51406, -0.03964
0.51562, -0.03951
0.51719, -0.03939
0.51875, -0.03926
0.52031, -0.03914
0.52188, -0.03901
0.52344, -0.03888
0.52500, -0.03876
0.52656, -0.03863
0.52812, -0.03850
0.52968, -0.03838
0.53125, -0.03825
0.53281, -0.03812
0.53437, -0.03799
0.53593, -0.03787
0.53749, -0.03774
0.53904, -0.03761
0.54060, -0.03748
0.54216, -0.03735
0.54372, -0.03722
0.54527, -0.03709
0.54683, -0.03696
0.54839, -0.03683
0.54994, -0.03670
0.55150, -0.03657
0.55305, -0.03644
0.55460, -0.03631
0.55616, -0.03618
0.55771, -0.03605
0.55926, -0.03592
0.56081, -0.03579
0.56236, -0.03566
0.56391, -0.03553
0.56546, -0.03540
0.56701, -0.03527
0.56855, -0.03513
0.57010, -0.03500
0.57164, -0.03487
0.57319, -0.03474
0.57473, -0.03461
0.57627, -0.03448
0.57782, -0.03435
0.57936, -0.03422
0.58090, -0.03408
0.58244, -0.03395
0.58397, -0.03382
0.58551, -0.03369
0.58705, -0.03356
0.58858, -0.03343
0.59012, -0.03330
0.59165, -0.03317
0.59318, -0.03304
0.59472, -0.03290
0.59625, -0.03277
0.59777, -0.03264
0.59930, -0.03251
0.60083, -0.03238
0.60236, -0.03225
0.60388, -0.03212
0.60541, -0.03199
0.60693, -0.03186
0.60845, -0.03173
0.60997, -0.03160
0.61149, -0.03147
0.61301, -0.03135
0.61453, -0.03122
0.61604, -0.03109
0.61756, -0.03096
0.61907, -0.03083
0.62058, -0.03070
0.62210, -0.03057
0.62361, -0.03045
0.62512, -0.03032
0.62662, -0.03019
0.62813, -0.03006
0.62963, -0.02994
0.63114, -0.02981
0.63264, -0.02969
0.63414, -0.02956
0.63564, -0.02943
0.63714, -0.02931
0.63864, -0.02918
0.64014, -0.02906
0.64163, -0.02893
0.64313, -0.02881
0.64462, -0.02868
0.64611, -0.02856
0.64759, -0.02844
0.64904, -0.02831
0.65034, -0.02819
0.65109, -0.02807
0.65039, -0.02787
0.64710, -0.02722
0.64141, -0.02531
0.63621, -0.02243
0.63417, -0.02082
0.63573, -0.02200
0.64086, -0.02566
0.64906, -0.02985
0.65767, -0.03234
0.66387, -0.03308
0.66750, -0.03314
0.66971, -0.03305
0.67138, -0.03293
0.67291, -0.03280
0.67439, -0.03268
0.67587, -0.03255
0.67735, -0.03242
0.67882, -0.03230
0.68029, -0.03217
0.68176, -0.03204
0.68323, -0.03191
0.68469, -0.03179
0.68615, -0.03166
0.68760, -0.03153
0.68906, -0.03140
0.69051, -0.03127
0.69196, -0.03114
0.69340, -0.03102
0.69484, -0.03089
0.69628, -0.03076
0.69772, -0.03063
0.69915, -0.03050
0.70058, -0.03038
0.70201, -0.03025
0.70344, -0.03012
0.70486, -0.03000
0.70628, -0.02987
0.70770, -0.02975
0.70911, -0.02962
0.71052, -0.02950
0.71193, -0.02938
0.71334, -0.02925
0.71474, -0.02913
0.71614, -0.02901
0.71754, -0.02889
0.71893, -0.02877
0.72032, -0.02865
0.72171, -0.02853
0.72310, -0.02841
0.72448, -0.02830
0.72586, -0.02818
0.72724, -0.02806
0.72861, -0.02795
0.72999, -0.02784
0.73136, -0.02773
0.73272, -0.02761
0.73409, -0.02750
0.73545, -0.02740
0.73680, -0.02729
0.73816, -0.02718
0.73951, -0.02708
0.74086, -0.02697
0.74221, -0.02687
0.74355, -0.02677
0.74489, -0.02667
0.74623, -0.02657
0.74757, -0.02647
0.74890, -0.02637
0.75023, -0.02628
0.75156, -0.02619
0.75289, -0.02609
0.75421, -0.02600
0.75554, -0.02591
0.75686, -0.02583
0.75818, -0.02574
0.75950, -0.02565
0.76081, -0.02557
0.76213, -0.02549
0.76344, -0.02541
0.76475, -0.02533
0.76606, -0.02525
0.76736, -0.02517
0.76867, -0.02509
0.76997, -0.02502
0.77127, -0.02494
0.77256, -0.02487
0.77386, -0.02480
0.77515, -0.02472
0.77644, -0.02465
0.77773, -0.02459
0.77902, -0.02452
0.78031, -0.02445
0.78159, -0.02438
0.78287, -0.02432
0.78415, -0.02426
0.78542, -0.02419
0.78670, -0.02413
0.78797, -0.02407
0.78924, -0.02401
0.79050, -0.02395
0.79177, -0.02389
0.79303, -0.02383
0.79429, -0.02377
0.79554, -0.02372
0.79680, -0.02366
0.79805, -0.02361
0.79930, -0.02355
0.80055, -0.02350
0.80179, -0.02345
0.80303, -0.02340
0.80427, -0.02335
0.80551, -0.02330
0.80674, -0.02325
0.80797, -0.02320
0.80920, -0.02315
0.81043, -0.02310
0.81165, -0.02305
0.81287, -0.02301
0.81409, -0.02296
0.81531, -0.02292
0.81652, -0.02287
0.81773, -0.02283
0.81893, -0.02278
0.82014, -0.02274
0.82134, -0.02270
0.82254, -0.02266
0.82373, -0.02261
0.82493, -0.02257
0.82611, -0.02253
0.82730, -0.02249
0.82849, -0.02245
0.82967, -0.02241
0.83084, -0.02237
0.83202, -0.02234
0.83319, -0.02230
0.83436, -0.02226
0.83552, -0.02222
0.83669, -0.02218
0.83785, -0.02215
0.83900, -0.02211
0.84016, -0.02208
0.84131, -0.02204
0.84245, -0.02200
0.84360, -0.02197
0.84474, -0.02193
0.84587, -0.02190
0.84701, -0.02186
0.84814, -0.02183
0.84926, -0.02180
0.85039, -0.02176
0.85151, -0.02173
0.85263, -0.02170
0.85374, -0.02166
0.85485, -0.02163
0.85596, -0.02160
0.85706, -0.02157
0.85816, -0.02153
0.85926, -0.02150
0.86035, -0.02147
0.86144, -0.02144
0.86253, -0.02141
0.86361, -0.02138
0.86469, -0.02135
0.86577, -0.02132
0.86684, -0.02129
0.86791, -0.02126
0.86897, -0.02123
0.87004, -0.02120
0.87109, -0.02117
0.87215, -0.02114
0.87320, -0.02111
0.87425, -0.02108
0.87529, -0.02105
0.87633, -0.02102
0.87737, -0.02099
0.87840, -0.02096
0.87943, -0.02093
0.88046, -0.02090
0.88148, -0.02088
0.88250, -0.02085
0.88351, -0.02082
0.88452, -0.02079
0.88553, -0.02076
0.88653, -0.02073
0.88753, -0.02071
0.88853, -0.02068
0.88952, -0.02065
0.89051, -0.02062
0.89149, -0.02060
0.89247, -0.02057
0.89345, -0.02054
0.89442, -0.02051
0.89539, -0.02048
0.89636, -0.02046
0.89732, -0.02043
0.89827, -0.02040
0.89923, -0.02038
0.90018, -0.02035
0.90112, -0.02032
0.90206, -0.02029
0.90300, -0.02027
0.90393, -0.02024
0.90486, -0.02021
0.90579, -0.02019
0.90671, -0.02016
0.90763, -0.02013
0.90854, -0.02010
0.90945, -0.02008
0.91036, -0.02005
0.91126, -0.02002
0.91216, -0.02000
0.91305, -0.01997
0.91394, -0.01994
0.91482, -0.01992
0.91570, -0.01989
0.91658, -0.01986
0.91745, -0.01984
0.91832, -0.01981
0.91919, -0.01978
0.92005, -0.01975
0.92090, -0.01973
0.92175, -0.01970
0.92260, -0.01967
0.92344, -0.01965
0.92428, -0.01962
0.92512, -0.01959
0.92595, -0.01957
0.92677, -0.01954
0.92760, -0.01951
0.92841, -0.01949
0.92923, -0.01946
0.93004, -0.01943
0.93084, -0.01941
0.93164, -0.01938
0.93244, -0.01935
0.93323, -0.01933
0.93402, -0.01930
0.93480, -0.01927
0.93558, -0.01925
0.93636, -0.01922
0.93713, -0.01919
0.93789, -0.01917
0.93865, -0.01914
0.93941, -0.01911
0.94016, -0.01909
0.94091, -0.01906
0.94166, -0.01903
0.94240, -0.01901
0.94313, -0.01898
0.94386, -0.01895
0.94459, -0.01893
0.94531, -0.01890
0.94603, -0.01887
0.94674, -0.01885
0.94745, -0.01882
0.94815, -0.01880
0.94885, -0.01877
0.94955, -0.01874
0.95024, -0.01872
0.95092, -0.01869
0.95160, -0.01866
0.95228, -0.01864
0.95295, -0.01861
0.95362, -0.01859
0.95428, -0.01856
0.95494, -0.01853
0.95560, -0.01851
0.95625, -0.01848
0.95689, -0.01846
0.95753, -0.01843
0.95817, -0.01840
0.95880, -0.01838
0.95942, -0.01835
0.96005, -0.01833
0.96066, -0.01830
0.96128, -0.01828
0.96188, -0.01825
0.96249, -0.01823
0.96309, -0.01820
0.96368, -0.01817
0.96427, -0.01815
0.96485, -0.01812
0.96544, -0.01810
0.96601, -0.01807
0.96658, -0.01805
0.96715, -0.01802
0.96771, -0.01800
0.96827, -0.01798
0.96882, -0.01795
0.96936, -0.01793
0.96991, -0.01790
0.97044, -0.01788
0.97098, -0.01785
0.97151, -0.01783
0.97203, -0.01781
0.97255, -0.01778
0.97306, -0.01776
0.97357, -0.01774
0.97408, -0.01771
0.97458, -0.01769
0.97507, -0.01767
0.97556, -0.01764
0.97605, -0.01762
0.97653, -0.01760
0.97700, -0.01757
0.97748, -0.01755
0.97794, -0.01753
0.97840, -0.01751
0.97886, -0.01749
0.97931, -0.01746
0.97976, -0.01744
0.98020, -0.01742
0.98064, -0.01740
0.98107, -0.01738
0.98150, -0.01736
0.98192, -0.01734
0.98234, -0.01731
0.98275, -0.01729
0.98316, -0.01727
0.98357, -0.01725
0.98397, -0.01723
0.98436, -0.01721
0.98475, -0.01719
0.98513, -0.01717
0.98551, -0.01715
0.98589, -0.01713
0.98626, -0.01712
0.98662, -0.01710
0.98698, -0.01708
0.98734, -0.01706
0.98769, -0.01704
0.98803, -0.01702
0.98837, -0.01701
0.98871, -0.01699
0.98904, -0.01697
0.98936, -0.01695
0.98968, -0.01694
0.99000, -0.01692
0.99031, -0.01690
0.99062, -0.01689
0.99092, -0.01687
0.99121, -0.01685
0.99150, -0.01684
0.99179, -0.01682
0.99207, -0.01681
0.99235, -0.01679
0.99262, -0.01678
0.99289, -0.01676
0.99315, -0.01675
0.99340, -0.01673
0.99366, -0.01672
0.99390, -0.01671
0.99414, -0.01669
0.99438, -0.01668
0.99461, -0.01667
0.99484, -0.01666
0.99506, -0.01664
0.99528, -0.01663
0.99549, -0.01662
0.99570, -0.01661
0.99590, -0.01660
0.99610, -0.01658
0.99629, -0.01657
0.99648, -0.01656
0.99666, -0.01655
0.99684, -0.01654
0.99701, -0.01653
0.99718, -0.01652
0.99734, -0.01651
0.99750, -0.01651
0.99765, -0.01650
0.99780, -0.01649
0.99794, -0.01648
0.99808, -0.01647
0.99821, -0.01646
0.99834, -0.01646
0.99846, -0.01645
0.99858, -0.01644
0.99869, -0.01644
0.99880, -0.01643
0.99890, -0.01643
0.99900, -0.01642
0.99909, -0.01641
0.99918, -0.01641
0.99926, -0.01640
0.99934, -0.01640
0.99941, -0.01640
0.99948, -0.01639
0.99954, -0.01639
0.99960, -0.01638
0.99965, -0.01638
0.99970, -0.01638
0.99974, -0.01638
0.99978, -0.01637
0.99981, -0.01637
0.99984, -0.01637
0.99986, -0.01637
0.99987, -0.01637
0.99988, -0.01637
0.99984, -0.01636
0.99983, -0.01636
