=== Airfoil Parameters ===
m = 0.02
p = 0.4
t = 0.12

=== Control Points ===
0.00000, 0.02004, 0.02004
0.06667, 0.02123, 0.01512
0.13333, 0.01930, 0.00819
0.20000, 0.01847, 0.00347
0.26667, 0.02140, 0.00362
0.66667, 0.02383, 0.00778
0.75000, 0.02568, 0.01249
0.83333, 0.02435, 0.01478
0.91667, 0.01952, 0.01435
1.00000, 0.01317, 0.01317

=== Upper Surface ===
0.00000, 0.02004
-0.00002, 0.02032
-0.00003, 0.02060
-0.00003, 0.02088
-0.00003, 0.02116
-0.00002, 0.02144
-0.00001, 0.02172
0.00000, 0.02200
0.00002, 0.02228
0.00005, 0.02255
0.00008, 0.02283
0.00011, 0.02311
0.00015, 0.02339
0.00020, 0.02367
0.00025, 0.02395
0.00030, 0.02423
0.00036, 0.02450
0.00043, 0.02478
0.00050, 0.02506
0.00058, 0.02534
0.00066, 0.02562
0.00074, 0.02589
0.00083, 0.02617
0.00093, 0.02645
0.00103, 0.02673
0.00114, 0.02701
0.00125, 0.02728
0.00137, 0.02756
0.00149, 0.02784
0.00162, 0.02811
0.00175, 0.02839
0.00188, 0.02867
0.00203, 0.02894
0.00217, 0.02922
0.00233, 0.02950
0.00248, 0.02977
0.00265, 0.03005
0.00281, 0.03032
0.00299, 0.03060
0.00317, 0.03087
0.00335, 0.03115
0.00354, 0.03142
0.00373, 0.03170
0.00393, 0.03197
0.00413, 0.03225
0.00434, 0.03252
0.00456, 0.03280
0.00478, 0.03307
0.00500, 0.03334
0.00523, 0.03362
0.00547, 0.03389
0.00571, 0.03416
0.00595, 0.03443
0.00621, 0.03471
0.00646, 0.03498
0.00672, 0.03525
0.00699, 0.03552
0.00726, 0.03579
0.00754, 0.03606
0.00782, 0.03633
0.00811, 0.03660
0.00840, 0.03687
0.00870, 0.03714
0.00900, 0.03741
0.00931, 0.03768
0.00962, 0.03794
0.00994, 0.03821
0.01026, 0.03848
0.01059, 0.03875
0.01093, 0.03901
0.01126, 0.03928
0.01161, 0.03954
0.01196, 0.03981
0.01231, 0.04007
0.01267, 0.04034
0.01304, 0.04060
0.01341, 0.04086
0.01378, 0.04113
0.01416, 0.04139
0.01455, 0.04165
0.01494, 0.04191
0.01534, 0.04217
0.01574, 0.04243
0.01615, 0.04269
0.01656, 0.04295
0.01697, 0.04321
0.01740, 0.04347
0.01782, 0.04372
0.01826, 0.04398
0.01869, 0.04424
0.01914, 0.04449
0.01958, 0.04475
0.02004, 0.04500
0.02050, 0.04525
0.02096, 0.04551
0.02143, 0.04576
0.02190, 0.04601
0.02238, 0.04626
0.02286, 0.04651
0.02335, 0.04676
0.02385, 0.04701
0.02434, 0.04725
0.02485, 0.04750
0.02536, 0.04775
0.02587, 0.04799
0.02639, 0.04824
0.02691, 0.04848
0.02744, 0.04872
0.02798, 0.04897
0.02852, 0.04921
0.02906, 0.04945
0.02961, 0.04969
0.03017, 0.04993
0.03072, 0.05016
0.03129, 0.05040
0.03186, 0.05064
0.03243, 0.05087
0.03301, 0.05111
0.03360, 0.05134
0.03418, 0.05157
0.03478, 0.05180
0.03538, 0.05203
0.03598, 0.05226
0.03659, 0.05249
0.03720, 0.05272
0.03782, 0.05295
0.03845, 0.05317
0.03907, 0.05340
0.03971, 0.05362
0.04034, 0.05384
0.04099, 0.05406
0.04163, 0.05428
0.04229, 0.05450
0.04294, 0.05472
0.04361, 0.05494
0.04427, 0.05516
0.04494, 0.05537
0.04562, 0.05558
0.04630, 0.05580
0.04699, 0.05601
0.04768, 0.05622
0.04837, 0.05643
0.04907, 0.05664
0.04978, 0.05684
0.05048, 0.05705
0.05120, 0.05726
0.05192, 0.05746
0.05264, 0.05766
0.05337, 0.05786
0.05410, 0.05806
0.05483, 0.05826
0.05557, 0.05846
0.05632, 0.05866
0.05707, 0.05885
0.05782, 0.05905
0.05858, 0.05924
0.05935, 0.05943
0.06011, 0.05962
0.06089, 0.05981
0.06166, 0.06000
0.06244, 0.06018
0.06323, 0.06037
0.06402, 0.06055
0.06481, 0.06074
0.06561, 0.06092
0.06641, 0.06110
0.06722, 0.06128
0.06803, 0.06146
0.06885, 0.06163
0.06967, 0.06181
0.07049, 0.06198
0.07132, 0.06215
0.07215, 0.06232
0.07299, 0.06249
0.07383, 0.06266
0.07467, 0.06283
0.07552, 0.06300
0.07638, 0.06316
0.07723, 0.06333
0.07809, 0.06349
0.07896, 0.06365
0.07983, 0.06381
0.08070, 0.06397
0.08158, 0.06412
0.08246, 0.06428
0.08334, 0.06443
0.08423, 0.06459
0.08512, 0.06474
0.08602, 0.06489
0.08692, 0.06504
0.08782, 0.06519
0.08873, 0.06533
0.08964, 0.06548
0.09056, 0.06562
0.09148, 0.06577
0.09240, 0.06591
0.09333, 0.06605
0.09426, 0.06619
0.09519, 0.06632
0.09613, 0.06646
0.09707, 0.06660
0.09802, 0.06673
0.09896, 0.06686
0.09992, 0.06700
0.10087, 0.06713
0.10183, 0.06726
0.10279, 0.06738
0.10376, 0.06751
0.10473, 0.06764
0.10570, 0.06776
0.10668, 0.06788
0.10766, 0.06801
0.10864, 0.06813
0.10962, 0.06825
0.11061, 0.06837
0.11161, 0.06848
0.11260, 0.06860
0.11360, 0.06871
0.11460, 0.06883
0.11561, 0.06894
0.11662, 0.06905
0.11763, 0.06917
0.11864, 0.06928
0.11966, 0.06938
0.12068, 0.06949
0.12170, 0.06960
0.12273, 0.06970
0.12376, 0.06981
0.12479, 0.06991
0.12583, 0.07002
0.12687, 0.07012
0.12791, 0.07022
0.12895, 0.07032
0.13000, 0.07042
0.13105, 0.07052
0.13210, 0.07062
0.13316, 0.07071
0.13422, 0.07081
0.13528, 0.07090
0.13634, 0.07100
0.13741, 0.07109
0.13847, 0.07118
0.13955, 0.07128
0.14062, 0.07137
0.14169, 0.07146
0.14277, 0.07155
0.14385, 0.07164
0.14493, 0.07173
0.14602, 0.07182
0.14711, 0.07190
0.14819, 0.07199
0.14929, 0.07208
0.15038, 0.07216
0.15147, 0.07225
0.15257, 0.07233
0.15367, 0.07242
0.15477, 0.07250
0.15588, 0.07259
0.15698, 0.07267
0.15809, 0.07276
0.15920, 0.07284
0.16031, 0.07292
0.16142, 0.07301
0.16254, 0.07309
0.16365, 0.07317
0.16477, 0.07325
0.16589, 0.07334
0.16701, 0.07342
0.16814, 0.07350
0.16926, 0.07358
0.17039, 0.07367
0.17152, 0.07375
0.17265, 0.07383
0.17378, 0.07392
0.17491, 0.07400
0.17605, 0.07408
0.17718, 0.07417
0.17832, 0.07425
0.17946, 0.07433
0.18060, 0.07442
0.18174, 0.07450
0.18289, 0.07459
0.18403, 0.07468
0.18518, 0.07476
0.18632, 0.07485
0.18747, 0.07494
0.18862, 0.07502
0.18977, 0.07511
0.19092, 0.07520
0.19208, 0.07529
0.19323, 0.07538
0.19438, 0.07547
0.19554, 0.07557
0.19670, 0.07566
0.19786, 0.07575
0.19902, 0.07585
0.20019, 0.07595
0.20136, 0.07604
0.20253, 0.07614
0.20371, 0.07624
0.20489, 0.07634
0.20608, 0.07644
0.20727, 0.07654
0.20847, 0.07664
0.20968, 0.07675
0.21089, 0.07685
0.21210, 0.07696
0.21332, 0.07706
0.21454, 0.07717
0.21577, 0.07727
0.21701, 0.07738
0.21825, 0.07749
0.21950, 0.07760
0.22075, 0.07770
0.22200, 0.07781
0.22327, 0.07792
0.22453, 0.07803
0.22581, 0.07814
0.22708, 0.07825
0.22837, 0.07836
0.22965, 0.07847
0.23095, 0.07858
0.23225, 0.07869
0.23355, 0.07880
0.23486, 0.07891
0.23618, 0.07902
0.23750, 0.07913
0.23883, 0.07924
0.24016, 0.07935
0.24150, 0.07946
0.24284, 0.07956
0.24419, 0.07967
0.24555, 0.07978
0.24691, 0.07988
0.24827, 0.07999
0.24964, 0.08009
0.25102, 0.08020
0.25240, 0.08030
0.25379, 0.08040
0.25518, 0.08050
0.25658, 0.08060
0.25799, 0.08070
0.25940, 0.08079
0.26081, 0.08089
0.26223, 0.08098
0.26366, 0.08107
0.26509, 0.08116
0.26652, 0.08125
0.26795, 0.08134
0.26939, 0.08142
0.27083, 0.08151
0.27227, 0.08159
0.27372, 0.08167
0.27516, 0.08174
0.27661, 0.08182
0.27806, 0.08189
0.27951, 0.08196
0.28097, 0.08203
0.28243, 0.08210
0.28388, 0.08217
0.28534, 0.08223
0.28681, 0.08230
0.28827, 0.08236
0.28974, 0.08242
0.29121, 0.08247
0.29268, 0.08253
0.29415, 0.08258
0.29562, 0.08263
0.29710, 0.08268
0.29857, 0.08273
0.30005, 0.08278
0.30153, 0.08282
0.30302, 0.08287
0.30450, 0.08291
0.30599, 0.08295
0.30748, 0.08299
0.30897, 0.08302
0.31046, 0.08306
0.31195, 0.08309
0.31344, 0.08312
0.31494, 0.08315
0.31644, 0.08318
0.31794, 0.08320
0.31944, 0.08323
0.32094, 0.08325
0.32244, 0.08327
0.32395, 0.08329
0.32546, 0.08330
0.32697, 0.08332
0.32848, 0.08333
0.32999, 0.08334
0.33151, 0.08335
0.33303, 0.08336
0.33456, 0.08337
0.33608, 0.08337
0.33761, 0.08338
0.33914, 0.08338
0.34067, 0.08338
0.34220, 0.08338
0.34373, 0.08337
0.34527, 0.08336
0.34680, 0.08336
0.34834, 0.08335
0.34988, 0.08333
0.35142, 0.08332
0.35296, 0.08331
0.35450, 0.08329
0.35605, 0.08327
0.35759, 0.08325
0.35914, 0.08323
0.36068, 0.08320
0.36223, 0.08317
0.36378, 0.08315
0.36533, 0.08312
0.36689, 0.08308
0.36844, 0.08305
0.36999, 0.08302
0.37155, 0.08298
0.37311, 0.08294
0.37466, 0.08290
0.37622, 0.08286
0.37778, 0.08281
0.37934, 0.08277
0.38090, 0.08272
0.38246, 0.08267
0.38402, 0.08262
0.38559, 0.08257
0.38715, 0.08251
0.38872, 0.08246
0.39028, 0.08240
0.39185, 0.08234
0.39341, 0.08228
0.39498, 0.08221
0.39655, 0.08215
0.39812, 0.08208
0.39969, 0.08202
0.40126, 0.08195
0.40283, 0.08188
0.40440, 0.08181
0.40597, 0.08173
0.40754, 0.08166
0.40911, 0.08158
0.41068, 0.08150
0.41225, 0.08142
0.41383, 0.08134
0.41540, 0.08126
0.41697, 0.08118
0.41855, 0.08109
0.42012, 0.08101
0.42170, 0.08092
0.42327, 0.08083
0.42485, 0.08074
0.42642, 0.08065
0.42800, 0.08055
0.42957, 0.08046
0.43115, 0.08036
0.43272, 0.08027
0.43430, 0.08017
0.43588, 0.08007
0.43745, 0.07997
0.43903, 0.07987
0.44060, 0.07976
0.44218, 0.07966
0.44376, 0.07955
0.44533, 0.07945
0.44691, 0.07934
0.44849, 0.07923
0.45006, 0.07912
0.45164, 0.07901
0.45322, 0.07890
0.45479, 0.07879
0.45637, 0.07867
0.45794, 0.07856
0.45952, 0.07844
0.46110, 0.07833
0.46267, 0.07821
0.46425, 0.07809
0.46582, 0.07797
0.46740, 0.07785
0.46898, 0.07773
0.47055, 0.07761
0.47213, 0.07748
0.47370, 0.07736
0.47527, 0.07724
0.47685, 0.07711
0.47842, 0.07698
0.48000, 0.07686
0.48157, 0.07673
0.48314, 0.07660
0.48472, 0.07647
0.48629, 0.07634
0.48786, 0.07621
0.48944, 0.07608
0.49101, 0.07595
0.49258, 0.07582
0.49415, 0.07569
0.49572, 0.07555
0.49729, 0.07542
0.49886, 0.07529
0.50043, 0.07515
0.50200, 0.07502
0.50357, 0.07488
0.50514, 0.07474
0.50671, 0.07461
0.50828, 0.07447
0.50985, 0.07433
0.51141, 0.07419
0.51298, 0.07405
0.51455, 0.07392
0.51611, 0.07378
0.51768, 0.07364
0.51925, 0.07350
0.52081, 0.07336
0.52237, 0.07321
0.52394, 0.07307
0.52550, 0.07293
0.52706, 0.07279
0.52863, 0.07265
0.53019, 0.07250
0.53175, 0.07236
0.53331, 0.07222
0.53487, 0.07207
0.53643, 0.07193
0.53799, 0.07179
0.53955, 0.07164
0.54111, 0.07150
0.54267, 0.07135
0.54422, 0.07121
0.54578, 0.07106
0.54733, 0.07092
0.54889, 0.07077
0.55044, 0.07063
0.55200, 0.07048
0.55355, 0.07033
0.55510, 0.07019
0.55665, 0.07004
0.55821, 0.06990
0.55976, 0.06975
0.56131, 0.06960
0.56285, 0.06946
0.56440, 0.06931
0.56595, 0.06916
0.56750, 0.06902
0.56904, 0.06887
0.57059, 0.06872
0.57213, 0.06857
0.57368, 0.06843
0.57522, 0.06828
0.57676, 0.06813
0.57830, 0.06799
0.57984, 0.06784
0.58138, 0.06769
0.58292, 0.06755
0.58446, 0.06740
0.58599, 0.06725
0.58753, 0.06710
0.58906, 0.06696
0.59060, 0.06681
0.59213, 0.06666
0.59366, 0.06652
0.59519, 0.06637
0.59672, 0.06622
0.59825, 0.06608
0.59978, 0.06593
0.60130, 0.06579
0.60283, 0.06564
0.60435, 0.06549
0.60587, 0.06535
0.60740, 0.06520
0.60892, 0.06506
0.61044, 0.06491
0.61196, 0.06477
0.61347, 0.06462
0.61499, 0.06448
0.61650, 0.06433
0.61802, 0.06419
0.61953, 0.06404
0.62104, 0.06390
0.62255, 0.06376
0.62406, 0.06361
0.62557, 0.06347
0.62707, 0.06333
0.62858, 0.06318
0.63008, 0.06304
0.63158, 0.06290
0.63308, 0.06276
0.63458, 0.06262
0.63608, 0.06248
0.63757, 0.06234
0.63907, 0.06220
0.64056, 0.06206
0.64205, 0.06192
0.64354, 0.06178
0.64503, 0.06164
0.64652, 0.06150
0.64800, 0.06136
0.64946, 0.06122
0.65083, 0.06109
0.65186, 0.06096
0.65203, 0.06081
0.65056, 0.06054
0.64730, 0.05979
0.64366, 0.05851
0.64194, 0.05763
0.64337, 0.05824
0.64790, 0.06016
0.65428, 0.06212
0.66032, 0.06316
0.66463, 0.06345
0.66736, 0.06344
0.66925, 0.06336
0.67082, 0.06326
0.67231, 0.06316
0.67377, 0.06305
0.67523, 0.06295
0.67670, 0.06285
0.67815, 0.06274
0.67961, 0.06264
0.68107, 0.06254
0.68253, 0.06244
0.68399, 0.06234
0.68544, 0.06223
0.68690, 0.06213
0.68835, 0.06203
0.68981, 0.06193
0.69126, 0.06183
0.69271, 0.06173
0.69416, 0.06163
0.69561, 0.06153
0.69706, 0.06142
0.69851, 0.06132
0.69996, 0.06122
0.70140, 0.06112
0.70285, 0.06102
0.70429, 0.06091
0.70573, 0.06081
0.70717, 0.06071
0.70861, 0.06060
0.71005, 0.06050
0.71149, 0.06039
0.71293, 0.06029
0.71436, 0.06018
0.71579, 0.06008
0.71723, 0.05997
0.71866, 0.05986
0.72008, 0.05975
0.72151, 0.05965
0.72294, 0.05954
0.72436, 0.05943
0.72579, 0.05931
0.72721, 0.05920
0.72863, 0.05909
0.73004, 0.05898
0.73146, 0.05886
0.73287, 0.05875
0.73429, 0.05863
0.73570, 0.05851
0.73711, 0.05839
0.73852, 0.05828
0.73992, 0.05816
0.74132, 0.05803
0.74273, 0.05791
0.74413, 0.05779
0.74552, 0.05766
0.74692, 0.05754
0.74831, 0.05741
0.74970, 0.05728
0.75109, 0.05715
0.75248, 0.05702
0.75386, 0.05689
0.75524, 0.05676
0.75662, 0.05662
0.75800, 0.05649
0.75937, 0.05635
0.76074, 0.05621
0.76210, 0.05608
0.76347, 0.05594
0.76483, 0.05579
0.76618, 0.05565
0.76754, 0.05551
0.76889, 0.05537
0.77024, 0.05522
0.77158, 0.05507
0.77293, 0.05493
0.77427, 0.05478
0.77560, 0.05463
0.77694, 0.05448
0.77827, 0.05433
0.77959, 0.05417
0.78092, 0.05402
0.78224, 0.05387
0.78355, 0.05371
0.78487, 0.05356
0.78618, 0.05340
0.78749, 0.05324
0.78879, 0.05308
0.79010, 0.05292
0.79139, 0.05276
0.79269, 0.05260
0.79398, 0.05244
0.79527, 0.05228
0.79656, 0.05211
0.79784, 0.05195
0.79912, 0.05178
0.80040, 0.05162
0.80167, 0.05145
0.80294, 0.05128
0.80420, 0.05111
0.80547, 0.05095
0.80673, 0.05078
0.80798, 0.05061
0.80924, 0.05043
0.81049, 0.05026
0.81173, 0.05009
0.81298, 0.04992
0.81421, 0.04974
0.81545, 0.04957
0.81668, 0.04940
0.81791, 0.04922
0.81914, 0.04904
0.82036, 0.04887
0.82158, 0.04869
0.82280, 0.04851
0.82401, 0.04833
0.82522, 0.04816
0.82642, 0.04798
0.82763, 0.04780
0.82882, 0.04762
0.83002, 0.04744
0.83121, 0.04726
0.83240, 0.04707
0.83358, 0.04689
0.83476, 0.04671
0.83594, 0.04653
0.83711, 0.04634
0.83828, 0.04616
0.83945, 0.04598
0.84061, 0.04579
0.84177, 0.04561
0.84293, 0.04542
0.84408, 0.04524
0.84523, 0.04505
0.84637, 0.04487
0.84751, 0.04468
0.84865, 0.04450
0.84978, 0.04431
0.85091, 0.04412
0.85204, 0.04394
0.85316, 0.04375
0.85428, 0.04356
0.85539, 0.04338
0.85650, 0.04319
0.85761, 0.04300
0.85871, 0.04281
0.85981, 0.04263
0.86091, 0.04244
0.86200, 0.04225
0.86309, 0.04206
0.86417, 0.04187
0.86525, 0.04169
0.86633, 0.04150
0.86740, 0.04131
0.86847, 0.04112
0.86954, 0.04094
0.87060, 0.04075
0.87166, 0.04056
0.87271, 0.04037
0.87376, 0.04018
0.87481, 0.04000
0.87585, 0.03981
0.87689, 0.03962
0.87792, 0.03944
0.87895, 0.03925
0.87998, 0.03906
0.88100, 0.03887
0.88202, 0.03869
0.88304, 0.03850
0.88405, 0.03832
0.88505, 0.03813
0.88606, 0.03794
0.88706, 0.03776
0.88805, 0.03757
0.88904, 0.03739
0.89003, 0.03720
0.89101, 0.03702
0.89199, 0.03683
0.89297, 0.03665
0.89394, 0.03647
0.89490, 0.03628
0.89587, 0.03610
0.89683, 0.03592
0.89778, 0.03574
0.89873, 0.03555
0.89968, 0.03537
0.90062, 0.03519
0.90156, 0.03501
0.90250, 0.03483
0.90343, 0.03465
0.90435, 0.03447
0.90528, 0.03429
0.90619, 0.03411
0.90711, 0.03393
0.90802, 0.03375
0.90892, 0.03358
0.90983, 0.03340
0.91072, 0.03322
0.91162, 0.03305
0.91251, 0.03287
0.91339, 0.03270
0.91428, 0.03252
0.91515, 0.03235
0.91603, 0.03217
0.91689, 0.03200
0.91776, 0.03183
0.91862, 0.03166
0.91948, 0.03149
0.92033, 0.03131
0.92118, 0.03114
0.92202, 0.03097
0.92286, 0.03081
0.92369, 0.03064
0.92453, 0.03047
0.92535, 0.03030
0.92618, 0.03014
0.92699, 0.02997
0.92781, 0.02980
0.92862, 0.02964
0.92942, 0.02947
0.93022, 0.02931
0.93102, 0.02915
0.93181, 0.02899
0.93260, 0.02882
0.93339, 0.02866
0.93417, 0.02850
0.93494, 0.02834
0.93571, 0.02819
0.93648, 0.02803
0.93724, 0.02787
0.93800, 0.02771
0.93876, 0.02756
0.93951, 0.02740
0.94025, 0.02725
0.94099, 0.02709
0.94173, 0.02694
0.94246, 0.02679
0.94319, 0.02664
0.94391, 0.02649
0.94463, 0.02634
0.94534, 0.02619
0.94606, 0.02604
0.94676, 0.02589
0.94746, 0.02574
0.94816, 0.02560
0.94885, 0.02545
0.94954, 0.02531
0.95022, 0.02516
0.95090, 0.02502
0.95158, 0.02488
0.95225, 0.02474
0.95291, 0.02460
0.95358, 0.02446
0.95423, 0.02432
0.95489, 0.02418
0.95553, 0.02404
0.95618, 0.02391
0.95682, 0.02377
0.95745, 0.02364
0.95808, 0.02350
0.95871, 0.02337
0.95933, 0.02324
0.95994, 0.02311
0.96056, 0.02298
0.96116, 0.02285
0.96177, 0.02272
0.96237, 0.02259
0.96296, 0.02247
0.96355, 0.02234
0.96413, 0.02222
0.96471, 0.02209
0.96529, 0.02197
0.96586, 0.02185
0.96643, 0.02172
0.96699, 0.02160
0.96755, 0.02149
0.96810, 0.02137
0.96865, 0.02125
0.96919, 0.02113
0.96973, 0.02102
0.97027, 0.02090
0.97080, 0.02079
0.97132, 0.02068
0.97184, 0.02056
0.97236, 0.02045
0.97287, 0.02034
0.97338, 0.02023
0.97388, 0.02012
0.97438, 0.02002
0.97487, 0.01991
0.97536, 0.01981
0.97584, 0.01970
0.97632, 0.01960
0.97679, 0.01950
0.97726, 0.01939
0.97773, 0.01929
0.97819, 0.01919
0.97864, 0.01910
0.97909, 0.01900
0.97954, 0.01890
0.97998, 0.01881
0.98042, 0.01871
0.98085, 0.01862
0.98128, 0.01853
0.98170, 0.01843
0.98212, 0.01834
0.98253, 0.01825
0.98294, 0.01816
0.98334, 0.01808
0.98374, 0.01799
0.98414, 0.01791
0.98453, 0.01782
0.98491, 0.01774
0.98529, 0.01765
0.98567, 0.01757
0.98604, 0.01749
0.98640, 0.01741
0.98676, 0.01733
0.98712, 0.01726
0.98747, 0.01718
0.98782, 0.01710
0.98816, 0.01703
0.98850, 0.01696
0.98883, 0.01688
0.98916, 0.01681
0.98948, 0.01674
0.98980, 0.01667
0.99011, 0.01661
0.99042, 0.01654
0.99073, 0.01647
0.99102, 0.01641
0.99132, 0.01634
0.99161, 0.01628
0.99189, 0.01622
0.99217, 0.01616
0.99245, 0.01610
0.99272, 0.01604
0.99298, 0.01598
0.99324, 0.01592
0.99350, 0.01587
0.99375, 0.01581
0.99399, 0.01576
0.99424, 0.01571
0.99447, 0.01565
0.99470, 0.01560
0.99493, 0.01555
0.99515, 0.01551
0.99537, 0.01546
0.99558, 0.01541
0.99579, 0.01537
0.99599, 0.01532
0.99619, 0.01528
0.99638, 0.01524
0.99657, 0.01520
0.99675, 0.01516
0.99693, 0.01512
0.99710, 0.01508
0.99727, 0.01504
0.99744, 0.01501
0.99759, 0.01497
0.99775, 0.01494
0.99790, 0.01491
0.99804, 0.01487
0.99818, 0.01484
0.99831, 0.01482
0.99844, 0.01479
0.99857, 0.01476
0.99869, 0.01473
0.99880, 0.01471
0.99891, 0.01468
0.99902, 0.01466
0.99912, 0.01464
0.99921, 0.01462
0.99930, 0.01460
0.99939, 0.01458
0.99947, 0.01456
0.99955, 0.01455
0.99962, 0.01453
0.99968, 0.01452
0.99974, 0.01450
0.99980, 0.01449
0.99985, 0.01448
0.99990, 0.01447
0.99994, 0.01446
0.99998, 0.01445
1.00001, 0.01444
1.00004, 0.01444
1.00006, 0.01443
1.00008, 0.01443
1.00010, 0.01443
1.00014, 0.01442
1.00016, 0.01442

=== Lower Surface ===
0.00000, 0.02004
0.00003, 0.01976
0.00005, 0.01948
0.00008, 0.01921
0.00011, 0.01893
0.00015, 0.01865
0.00019, 0.01838
0.00024, 0.01810
0.00029, 0.01783
0.00035, 0.01755
0.00042, 0.01728
0.00049, 0.01701
0.00056, 0.01673
0.00064, 0.01646
0.00072, 0.01619
0.00081, 0.01592
0.00090, 0.01565
0.00100, 0.01539
0.00110, 0.01512
0.00121, 0.01485
0.00132, 0.01458
0.00144, 0.01432
0.00156, 0.01405
0.00168, 0.01379
0.00181, 0.01353
0.00195, 0.01326
0.00209, 0.01300
0.00224, 0.01274
0.00239, 0.01248
0.00254, 0.01222
0.00270, 0.01196
0.00286, 0.01170
0.00303, 0.01144
0.00321, 0.01118
0.00338, 0.01092
0.00357, 0.01067
0.00375, 0.01041
0.00395, 0.01016
0.00414, 0.00990
0.00435, 0.00965
0.00455, 0.00939
0.00476, 0.00914
0.00498, 0.00889
0.00520, 0.00864
0.00542, 0.00839
0.00565, 0.00814
0.00589, 0.00789
0.00612, 0.00764
0.00637, 0.00739
0.00662, 0.00714
0.00687, 0.00689
0.00712, 0.00665
0.00739, 0.00640
0.00765, 0.00615
0.00792, 0.00591
0.00820, 0.00566
0.00848, 0.00542
0.00876, 0.00518
0.00905, 0.00493
0.00934, 0.00469
0.00964, 0.00445
0.00994, 0.00421
0.01025, 0.00397
0.01056, 0.00373
0.01088, 0.00349
0.01120, 0.00325
0.01152, 0.00301
0.01185, 0.00277
0.01219, 0.00254
0.01252, 0.00230
0.01287, 0.00206
0.01321, 0.00183
0.01357, 0.00159
0.01392, 0.00136
0.01428, 0.00112
0.01465, 0.00089
0.01502, 0.00065
0.01539, 0.00042
0.01577, 0.00019
0.01615, -0.00004
0.01654, -0.00027
0.01693, -0.00051
0.01732, -0.00074
0.01772, -0.00097
0.01813, -0.00120
0.01854, -0.00142
0.01895, -0.00165
0.01937, -0.00188
0.01979, -0.00211
0.02022, -0.00234
0.02065, -0.00256
0.02108, -0.00279
0.02152, -0.00302
0.02197, -0.00324
0.02242, -0.00347
0.02287, -0.00369
0.02332, -0.00392
0.02379, -0.00414
0.02425, -0.00436
0.02472, -0.00459
0.02520, -0.00481
0.02567, -0.00503
0.02616, -0.00525
0.02664, -0.00548
0.02714, -0.00570
0.02763, -0.00592
0.02813, -0.00614
0.02864, -0.00636
0.02914, -0.00658
0.02966, -0.00680
0.03017, -0.00702
0.03070, -0.00724
0.03122, -0.00746
0.03175, -0.00767
0.03229, -0.00789
0.03283, -0.00811
0.03337, -0.00833
0.03392, -0.00854
0.03447, -0.00876
0.03502, -0.00898
0.03558, -0.00919
0.03615, -0.00941
0.03672, -0.00962
0.03729, -0.00984
0.03787, -0.01005
0.03845, -0.01027
0.03903, -0.01048
0.03962, -0.01069
0.04022, -0.01091
0.04082, -0.01112
0.04142, -0.01133
0.04203, -0.01155
0.04264, -0.01176
0.04325, -0.01197
0.04387, -0.01218
0.04450, -0.01239
0.04513, -0.01260
0.04576, -0.01281
0.04640, -0.01302
0.04704, -0.01324
0.04768, -0.01345
0.04833, -0.01366
0.04899, -0.01386
0.04965, -0.01407
0.05031, -0.01428
0.05098, -0.01449
0.05165, -0.01470
0.05232, -0.01491
0.05300, -0.01512
0.05369, -0.01532
0.05437, -0.01553
0.05507, -0.01574
0.05576, -0.01594
0.05646, -0.01615
0.05717, -0.01636
0.05788, -0.01656
0.05859, -0.01677
0.05931, -0.01698
0.06003, -0.01718
0.06076, -0.01739
0.06149, -0.01759
0.06223, -0.01779
0.06297, -0.01800
0.06371, -0.01820
0.06446, -0.01841
0.06521, -0.01861
0.06597, -0.01881
0.06673, -0.01902
0.06750, -0.01922
0.06826, -0.01942
0.06904, -0.01962
0.06982, -0.01982
0.07060, -0.02002
0.07139, -0.02023
0.07218, -0.02043
0.07297, -0.02063
0.07377, -0.02083
0.07458, -0.02103
0.07539, -0.02123
0.07620, -0.02143
0.07702, -0.02162
0.07784, -0.02182
0.07867, -0.02202
0.07950, -0.02222
0.08033, -0.02242
0.08117, -0.02261
0.08201, -0.02281
0.08286, -0.02301
0.08371, -0.02320
0.08457, -0.02340
0.08543, -0.02359
0.08630, -0.02379
0.08717, -0.02398
0.08804, -0.02418
0.08892, -0.02437
0.08980, -0.02456
0.09069, -0.02476
0.09158, -0.02495
0.09248, -0.02514
0.09338, -0.02533
0.09428, -0.02552
0.09519, -0.02571
0.09610, -0.02590
0.09702, -0.02609
0.09795, -0.02628
0.09887, -0.02647
0.09980, -0.02666
0.10074, -0.02685
0.10168, -0.02703
0.10262, -0.02722
0.10357, -0.02741
0.10453, -0.02759
0.10549, -0.02778
0.10645, -0.02796
0.10742, -0.02814
0.10839, -0.02833
0.10936, -0.02851
0.11034, -0.02869
0.11133, -0.02887
0.11232, -0.02905
0.11331, -0.02923
0.11431, -0.02941
0.11531, -0.02959
0.11632, -0.02976
0.11733, -0.02994
0.11835, -0.03012
0.11937, -0.03029
0.12040, -0.03046
0.12143, -0.03064
0.12246, -0.03081
0.12350, -0.03098
0.12454, -0.03115
0.12559, -0.03132
0.12664, -0.03149
0.12770, -0.03166
0.12876, -0.03182
0.12983, -0.03199
0.13090, -0.03216
0.13198, -0.03232
0.13306, -0.03248
0.13414, -0.03264
0.13523, -0.03280
0.13633, -0.03296
0.13743, -0.03312
0.13853, -0.03328
0.13964, -0.03343
0.14075, -0.03359
0.14187, -0.03374
0.14299, -0.03389
0.14412, -0.03404
0.14525, -0.03419
0.14639, -0.03434
0.14754, -0.03449
0.14868, -0.03463
0.14983, -0.03478
0.15099, -0.03492
0.15215, -0.03506
0.15332, -0.03520
0.15449, -0.03534
0.15567, -0.03547
0.15685, -0.03560
0.15804, -0.03574
0.15923, -0.03587
0.16042, -0.03600
0.16163, -0.03612
0.16283, -0.03625
0.16404, -0.03637
0.16526, -0.03649
0.16648, -0.03661
0.16770, -0.03673
0.16894, -0.03684
0.17017, -0.03695
0.17141, -0.03707
0.17266, -0.03717
0.17391, -0.03728
0.17516, -0.03738
0.17642, -0.03748
0.17769, -0.03758
0.17896, -0.03768
0.18023, -0.03777
0.18151, -0.03787
0.18280, -0.03795
0.18409, -0.03804
0.18538, -0.03812
0.18668, -0.03820
0.18799, -0.03828
0.18930, -0.03836
0.19061, -0.03843
0.19193, -0.03850
0.19325, -0.03857
0.19458, -0.03863
0.19592, -0.03869
0.19726, -0.03875
0.19860, -0.03880
0.19995, -0.03885
0.20130, -0.03890
0.20265, -0.03894
0.20401, -0.03898
0.20537, -0.03902
0.20673, -0.03905
0.20809, -0.03909
0.20945, -0.03911
0.21081, -0.03914
0.21217, -0.03916
0.21353, -0.03918
0.21489, -0.03920
0.21626, -0.03921
0.21762, -0.03922
0.21898, -0.03923
0.22035, -0.03924
0.22171, -0.03924
0.22308, -0.03924
0.22444, -0.03924
0.22581, -0.03924
0.22717, -0.03923
0.22854, -0.03922
0.22991, -0.03921
0.23127, -0.03920
0.23264, -0.03919
0.23400, -0.03917
0.23537, -0.03915
0.23673, -0.03913
0.23810, -0.03911
0.23946, -0.03909
0.24083, -0.03906
0.24219, -0.03904
0.24356, -0.03901
0.24492, -0.03898
0.24628, -0.03895
0.24765, -0.03892
0.24901, -0.03888
0.25037, -0.03885
0.25173, -0.03882
0.25309, -0.03878
0.25445, -0.03874
0.25581, -0.03870
0.25717, -0.03867
0.25853, -0.03863
0.25989, -0.03859
0.26125, -0.03855
0.26260, -0.03851
0.26396, -0.03846
0.26531, -0.03842
0.26666, -0.03838
0.26802, -0.03834
0.26937, -0.03830
0.27073, -0.03825
0.27208, -0.03821
0.27344, -0.03817
0.27480, -0.03813
0.27616, -0.03808
0.27752, -0.03804
0.27889, -0.03800
0.28026, -0.03795
0.28163, -0.03791
0.28300, -0.03787
0.28438, -0.03782
0.28575, -0.03778
0.28713, -0.03773
0.28852, -0.03769
0.28990, -0.03765
0.29129, -0.03760
0.29268, -0.03756
0.29407, -0.03751
0.29546, -0.03747
0.29686, -0.03742
0.29825, -0.03738
0.29965, -0.03733
0.30106, -0.03728
0.30246, -0.03724
0.30387, -0.03719
0.30528, -0.03715
0.30669, -0.03710
0.30810, -0.03705
0.30951, -0.03701
0.31093, -0.03696
0.31235, -0.03691
0.31377, -0.03687
0.31519, -0.03682
0.31662, -0.03677
0.31805, -0.03672
0.31948, -0.03668
0.32091, -0.03663
0.32234, -0.03658
0.32378, -0.03653
0.32521, -0.03648
0.32665, -0.03643
0.32809, -0.03639
0.32954, -0.03634
0.33098, -0.03629
0.33242, -0.03624
0.33386, -0.03619
0.33531, -0.03614
0.33675, -0.03609
0.33820, -0.03604
0.33965, -0.03599
0.34110, -0.03595
0.34255, -0.03590
0.34400, -0.03585
0.34546, -0.03580
0.34691, -0.03575
0.34837, -0.03570
0.34983, -0.03565
0.35129, -0.03561
0.35275, -0.03556
0.35422, -0.03551
0.35568, -0.03546
0.35715, -0.03541
0.35862, -0.03536
0.36009, -0.03532
0.36156, -0.03527
0.36304, -0.03522
0.36451, -0.03517
0.36599, -0.03512
0.36747, -0.03508
0.36895, -0.03503
0.37043, -0.03498
0.37191, -0.03493
0.37339, -0.03489
0.37488, -0.03484
0.37637, -0.03479
0.37786, -0.03475
0.37935, -0.03470
0.38084, -0.03465
0.38233, -0.03461
0.38383, -0.03456
0.38533, -0.03451
0.38683, -0.03447
0.38833, -0.03442
0.38983, -0.03437
0.39133, -0.03433
0.39283, -0.03428
0.39434, -0.03423
0.39585, -0.03419
0.39736, -0.03414
0.39887, -0.03409
0.40038, -0.03405
0.40189, -0.03400
0.40341, -0.03395
0.40492, -0.03391
0.40644, -0.03386
0.40796, -0.03382
0.40948, -0.03377
0.41100, -0.03372
0.41252, -0.03368
0.41405, -0.03363
0.41557, -0.03358
0.41710, -0.03354
0.41863, -0.03349
0.42016, -0.03344
0.42169, -0.03340
0.42322, -0.03335
0.42476, -0.03330
0.42629, -0.03325
0.42783, -0.03321
0.42937, -0.03316
0.43091, -0.03311
0.43245, -0.03306
0.43399, -0.03302
0.43553, -0.03297
0.43707, -0.03292
0.43862, -0.03287
0.44016, -0.03282
0.44171, -0.03277
0.44326, -0.03273
0.44481, -0.03268
0.44636, -0.03263
0.44791, -0.03258
0.44946, -0.03253
0.45102, -0.03248
0.45257, -0.03243
0.45413, -0.03238
0.45568, -0.03232
0.45724, -0.03227
0.45880, -0.03222
0.46036, -0.03217
0.46192, -0.03212
0.46348, -0.03206
0.46504, -0.03201
0.46660, -0.03196
0.46817, -0.03190
0.46973, -0.03185
0.47129, -0.03179
0.47286, -0.03174
0.47443, -0.03168
0.47599, -0.03163
0.47756, -0.03157
0.47913, -0.03152
0.48070, -0.03146
0.48227, -0.03140
0.48384, -0.03134
0.48541, -0.03128
0.48698, -0.03123
0.48855, -0.03117
0.49013, -0.03111
0.49170, -0.03105
0.49327, -0.03099
0.49485, -0.03092
0.49642, -0.03086
0.49799, -0.03080
0.49957, -0.03074
0.50114, -0.03067
0.50272, -0.03061
0.50430, -0.03054
0.50587, -0.03048
0.50745, -0.03041
0.50903, -0.03035
0.51060, -0.03028
0.51218, -0.03021
0.51376, -0.03014
0.51533, -0.03008
0.51691, -0.03001
0.51849, -0.02994
0.52007, -0.02987
0.52164, -0.02979
0.52322, -0.02972
0.52480, -0.02965
0.52638, -0.02958
0.52796, -0.02950
0.52953, -0.02943
0.53111, -0.02935
0.53269, -0.02928
0.53427, -0.02920
0.53584, -0.02912
0.53742, -0.02905
0.53900, -0.02897
0.54057, -0.02889
0.54215, -0.02881
0.54373, -0.02873
0.54530, -0.02865
0.54688, -0.02857
0.54845, -0.02848
0.55003, -0.02840
0.55160, -0.02832
0.55318, -0.02823
0.55475, -0.02815
0.55633, -0.02806
0.55790, -0.02797
0.55947, -0.02789
0.56104, -0.02780
0.56262, -0.02771
0.56419, -0.02762
0.56576, -0.02753
0.56733, -0.02744
0.56890, -0.02735
0.57047, -0.02725
0.57203, -0.02716
0.57360, -0.02707
0.57517, -0.02697
0.57674, -0.02688
0.57830, -0.02678
0.57987, -0.02668
0.58143, -0.02659
0.58300, -0.02649
0.58456, -0.02639
0.58612, -0.02629
0.58768, -0.02619
0.58924, -0.02609
0.59080, -0.02598
0.59236, -0.02588
0.59392, -0.02578
0.59548, -0.02567
0.59703, -0.02557
0.59859, -0.02546
0.60015, -0.02536
0.60170, -0.02525
0.60325, -0.02514
0.60480, -0.02503
0.60636, -0.02492
0.60791, -0.02481
0.60946, -0.02470
0.61100, -0.02459
0.61255, -0.02448
0.61410, -0.02436
0.61564, -0.02425
0.61719, -0.02413
0.61873, -0.02402
0.62027, -0.02390
0.62181, -0.02378
0.62335, -0.02366
0.62489, -0.02355
0.62643, -0.02343
0.62796, -0.02331
0.62950, -0.02318
0.63103, -0.02306
0.63257, -0.02294
0.63410, -0.02281
0.63563, -0.02269
0.63716, -0.02256
0.63869, -0.02244
0.64021, -0.02231
0.64174, -0.02218
0.64326, -0.02206
0.64478, -0.02193
0.64631, -0.02180
0.64783, -0.02166
0.64937, -0.02153
0.65100, -0.02140
0.65296, -0.02125
0.65579, -0.02104
0.66025, -0.02056
0.66650, -0.01931
0.67312, -0.01708
0.67782, -0.01483
0.67937, -0.01386
0.67781, -0.01438
0.67440, -0.01535
0.67134, -0.01584
0.67000, -0.01586
0.67022, -0.01572
0.67129, -0.01555
0.67267, -0.01538
0.67414, -0.01521
0.67562, -0.01504
0.67711, -0.01486
0.67859, -0.01469
0.68007, -0.01451
0.68154, -0.01434
0.68301, -0.01416
0.68448, -0.01399
0.68595, -0.01381
0.68741, -0.01363
0.68887, -0.01346
0.69033, -0.01328
0.69179, -0.01310
0.69324, -0.01292
0.69469, -0.01274
0.69613, -0.01257
0.69758, -0.01239
0.69902, -0.01221
0.70046, -0.01203
0.70189, -0.01185
0.70332, -0.01167
0.70475, -0.01150
0.70618, -0.01132
0.70760, -0.01114
0.70902, -0.01096
0.71044, -0.01079
0.71185, -0.01061
0.71327, -0.01043
0.71467, -0.01026
0.71608, -0.01008
0.71748, -0.00991
0.71888, -0.00973
0.72028, -0.00956
0.72168, -0.00938
0.72307, -0.00921
0.72446, -0.00904
0.72584, -0.00887
0.72722, -0.00869
0.72860, -0.00852
0.72998, -0.00835
0.73136, -0.00819
0.73273, -0.00802
0.73410, -0.00785
0.73546, -0.00768
0.73682, -0.00752
0.73818, -0.00735
0.73954, -0.00719
0.74090, -0.00703
0.74225, -0.00687
0.74360, -0.00671
0.74494, -0.00655
0.74628, -0.00639
0.74762, -0.00623
0.74896, -0.00608
0.75030, -0.00592
0.75163, -0.00577
0.75296, -0.00561
0.75428, -0.00546
0.75561, -0.00531
0.75693, -0.00516
0.75825, -0.00502
0.75957, -0.00487
0.76089, -0.00472
0.76220, -0.00458
0.76352, -0.00444
0.76482, -0.00429
0.76613, -0.00415
0.76744, -0.00401
0.76874, -0.00388
0.77004, -0.00374
0.77134, -0.00360
0.77264, -0.00347
0.77393, -0.00333
0.77522, -0.00320
0.77651, -0.00307
0.77780, -0.00294
0.77908, -0.00281
0.78036, -0.00268
0.78164, -0.00255
0.78292, -0.00242
0.78419, -0.00230
0.78546, -0.00217
0.78673, -0.00205
0.78800, -0.00193
0.78926, -0.00181
0.79052, -0.00169
0.79178, -0.00157
0.79304, -0.00145
0.79429, -0.00133
0.79554, -0.00121
0.79679, -0.00110
0.79804, -0.00098
0.79928, -0.00087
0.80052, -0.00076
0.80176, -0.00065
0.80300, -0.00053
0.80423, -0.00043
0.80546, -0.00032
0.80669, -0.00021
0.80791, -0.00010
0.80913, 0.00000
0.81035, 0.00011
0.81157, 0.00021
0.81278, 0.00032
0.81399, 0.00042
0.81520, 0.00052
0.81640, 0.00062
0.81761, 0.00072
0.81880, 0.00082
0.82000, 0.00092
0.82119, 0.00101
0.82238, 0.00111
0.82357, 0.00121
0.82476, 0.00130
0.82594, 0.00139
0.82712, 0.00149
0.82829, 0.00158
0.82946, 0.00167
0.83063, 0.00176
0.83180, 0.00185
0.83296, 0.00194
0.83412, 0.00203
0.83528, 0.00211
0.83644, 0.00220
0.83759, 0.00229
0.83874, 0.00237
0.83988, 0.00245
0.84102, 0.00254
0.84216, 0.00262
0.84330, 0.00270
0.84443, 0.00278
0.84556, 0.00286
0.84669, 0.00294
0.84781, 0.00302
0.84893, 0.00310
0.85005, 0.00318
0.85116, 0.00326
0.85227, 0.00333
0.85338, 0.00341
0.85448, 0.00348
0.85558, 0.00356
0.85668, 0.00363
0.85778, 0.00371
0.85887, 0.00378
0.85995, 0.00385
0.86104, 0.00392
0.86212, 0.00399
0.86320, 0.00406
0.86427, 0.00413
0.86534, 0.00420
0.86641, 0.00427
0.86747, 0.00434
0.86853, 0.00441
0.86959, 0.00447
0.87064, 0.00454
0.87169, 0.00461
0.87274, 0.00467
0.87378, 0.00474
0.87482, 0.00480
0.87586, 0.00486
0.87689, 0.00493
0.87792, 0.00499
0.87894, 0.00505
0.87997, 0.00512
0.88098, 0.00518
0.88200, 0.00524
0.88301, 0.00530
0.88402, 0.00536
0.88502, 0.00542
0.88602, 0.00548
0.88702, 0.00554
0.88801, 0.00560
0.88900, 0.00565
0.88998, 0.00571
0.89096, 0.00577
0.89194, 0.00583
0.89291, 0.00588
0.89388, 0.00594
0.89485, 0.00599
0.89581, 0.00605
0.89677, 0.00610
0.89772, 0.00616
0.89868, 0.00621
0.89962, 0.00627
0.90057, 0.00632
0.90150, 0.00637
0.90244, 0.00643
0.90337, 0.00648
0.90430, 0.00653
0.90522, 0.00658
0.90614, 0.00664
0.90706, 0.00669
0.90797, 0.00674
0.90888, 0.00679
0.90978, 0.00684
0.91068, 0.00689
0.91158, 0.00694
0.91247, 0.00699
0.91336, 0.00704
0.91424, 0.00709
0.91512, 0.00713
0.91600, 0.00718
0.91687, 0.00723
0.91774, 0.00728
0.91860, 0.00733
0.91946, 0.00737
0.92031, 0.00742
0.92117, 0.00747
0.92201, 0.00751
0.92286, 0.00756
0.92369, 0.00760
0.92453, 0.00765
0.92536, 0.00769
0.92619, 0.00774
0.92701, 0.00778
0.92783, 0.00783
0.92864, 0.00787
0.92945, 0.00792
0.93025, 0.00796
0.93105, 0.00800
0.93185, 0.00805
0.93264, 0.00809
0.93343, 0.00813
0.93422, 0.00817
0.93500, 0.00822
0.93577, 0.00826
0.93654, 0.00830
0.93731, 0.00834
0.93807, 0.00838
0.93883, 0.00842
0.93958, 0.00847
0.94033, 0.00851
0.94108, 0.00855
0.94182, 0.00859
0.94255, 0.00863
0.94329, 0.00867
0.94401, 0.00871
0.94474, 0.00875
0.94546, 0.00878
0.94617, 0.00882
0.94688, 0.00886
0.94759, 0.00890
0.94829, 0.00894
0.94898, 0.00898
0.94968, 0.00901
0.95036, 0.00905
0.95105, 0.00909
0.95172, 0.00913
0.95240, 0.00916
0.95307, 0.00920
0.95373, 0.00924
0.95439, 0.00927
0.95505, 0.00931
0.95570, 0.00934
0.95635, 0.00938
0.95699, 0.00941
0.95763, 0.00945
0.95826, 0.00948
0.95889, 0.00952
0.95952, 0.00955
0.96014, 0.00959
0.96075, 0.00962
0.96136, 0.00966
0.96197, 0.00969
0.96257, 0.00972
0.96317, 0.00976
0.96376, 0.00979
0.96435, 0.00982
0.96493, 0.00985
0.96551, 0.00989
0.96608, 0.00992
0.96665, 0.00995
0.96722, 0.00998
0.96778, 0.01001
0.96833, 0.01005
0.96888, 0.01008
0.96943, 0.01011
0.96997, 0.01014
0.97050, 0.01017
0.97104, 0.01020
0.97156, 0.01023
0.97208, 0.01026
0.97260, 0.01029
0.97312, 0.01032
0.97362, 0.01035
0.97413, 0.01037
0.97463, 0.01040
0.97512, 0.01043
0.97561, 0.01046
0.97609, 0.01049
0.97657, 0.01051
0.97705, 0.01054
0.97752, 0.01057
0.97798, 0.01060
0.97844, 0.01062
0.97890, 0.01065
0.97935, 0.01068
0.97980, 0.01070
0.98024, 0.01073
0.98067, 0.01075
0.98111, 0.01078
0.98153, 0.01080
0.98195, 0.01083
0.98237, 0.01085
0.98278, 0.01088
0.98319, 0.01090
0.98360, 0.01092
0.98399, 0.01095
0.98439, 0.01097
0.98478, 0.01099
0.98516, 0.01102
0.98554, 0.01104
0.98591, 0.01106
0.98628, 0.01108
0.98664, 0.01110
0.98700, 0.01113
0.98736, 0.01115
0.98771, 0.01117
0.98805, 0.01119
0.98839, 0.01121
0.98873, 0.01123
0.98906, 0.01125
0.98938, 0.01127
0.98970, 0.01129
0.99002, 0.01131
0.99033, 0.01132
0.99063, 0.01134
0.99093, 0.01136
0.99123, 0.01138
0.99152, 0.01140
0.99181, 0.01141
0.99209, 0.01143
0.99236, 0.01145
0.99263, 0.01146
0.99290, 0.01148
0.99316, 0.01150
0.99342, 0.01151
0.99367, 0.01153
0.99392, 0.01154
0.99416, 0.01156
0.99439, 0.01157
0.99462, 0.01159
0.99485, 0.01160
0.99507, 0.01161
0.99529, 0.01163
0.99550, 0.01164
0.99571, 0.01165
0.99591, 0.01166
0.99611, 0.01168
0.99630, 0.01169
0.99649, 0.01170
0.99667, 0.01171
0.99685, 0.01172
0.99702, 0.01173
0.99718, 0.01174
0.99735, 0.01175
0.99750, 0.01176
0.99766, 0.01177
0.99780, 0.01178
0.99795, 0.01179
0.99808, 0.01180
0.99822, 0.01181
0.99834, 0.01182
0.99846, 0.01182
0.99858, 0.01183
0.99869, 0.01184
0.99880, 0.01184
0.99890, 0.01185
0.99900, 0.01186
0.99909, 0.01186
0.99918, 0.01187
0.99926, 0.01187
0.99934, 0.01188
0.99941, 0.01188
0.99948, 0.01189
0.99954, 0.01189
0.99960, 0.01189
0.99965, 0.01190
0.99970, 0.01190
0.99974, 0.01190
0.99978, 0.01191
0.99981, 0.01191
0.99984, 0.01191
0.99986, 0.01191
0.99988, 0.01191
0.99988, 0.01191
0.99985, 0.01192
0.99984, 0.01192
