=== Airfoil Parameters ===
m = 0.02
p = 0.4
t = 0.12

=== Control Points ===
0.00000, -0.01613, -0.01613
0.06667, -0.00732, -0.01343
0.13333, 0.00190, -0.00921
0.20000, 0.00988, -0.00512
0.26667, 0.01575, -0.00203
0.66667, 0.01653, 0.00048
0.75000, 0.01651, 0.00332
0.83333, 0.01622, 0.00665
0.91667, 0.01487, 0.00970
1.00000, 0.01150, 0.01150

=== Upper Surface ===
0.00000, -0.01613
-0.00005, -0.01585
-0.00006, -0.01557
-0.00008, -0.01529
-0.00009, -0.01501
-0.00010, -0.01473
-0.00011, -0.01445
-0.00011, -0.01417
-0.00011, -0.01389
-0.00010, -0.01361
-0.00008, -0.01333
-0.00007, -0.01305
-0.00004, -0.01277
-0.00001, -0.01249
0.00002, -0.01221
0.00006, -0.01193
0.00010, -0.01165
0.00015, -0.01137
0.00021, -0.01109
0.00026, -0.01080
0.00033, -0.01052
0.00040, -0.01024
0.00047, -0.00996
0.00055, -0.00967
0.00063, -0.00939
0.00072, -0.00911
0.00081, -0.00882
0.00091, -0.00854
0.00101, -0.00826
0.00112, -0.00797
0.00123, -0.00769
0.00135, -0.00740
0.00147, -0.00712
0.00160, -0.00683
0.00173, -0.00655
0.00187, -0.00626
0.00201, -0.00598
0.00216, -0.00569
0.00231, -0.00541
0.00247, -0.00512
0.00263, -0.00483
0.00280, -0.00455
0.00297, -0.00426
0.00315, -0.00397
0.00333, -0.00369
0.00351, -0.00340
0.00371, -0.00311
0.00390, -0.00283
0.00410, -0.00254
0.00431, -0.00225
0.00452, -0.00196
0.00473, -0.00167
0.00495, -0.00139
0.00518, -0.00110
0.00541, -0.00081
0.00564, -0.00052
0.00588, -0.00023
0.00613, 0.00006
0.00638, 0.00035
0.00663, 0.00064
0.00689, 0.00093
0.00715, 0.00122
0.00742, 0.00151
0.00770, 0.00180
0.00797, 0.00209
0.00826, 0.00238
0.00855, 0.00267
0.00884, 0.00296
0.00914, 0.00325
0.00944, 0.00354
0.00974, 0.00384
0.01006, 0.00413
0.01037, 0.00442
0.01069, 0.00471
0.01102, 0.00500
0.01135, 0.00530
0.01169, 0.00559
0.01203, 0.00588
0.01237, 0.00617
0.01272, 0.00647
0.01308, 0.00676
0.01344, 0.00705
0.01380, 0.00735
0.01417, 0.00764
0.01454, 0.00793
0.01492, 0.00823
0.01531, 0.00852
0.01569, 0.00881
0.01609, 0.00911
0.01648, 0.00940
0.01689, 0.00970
0.01729, 0.00999
0.01771, 0.01029
0.01812, 0.01058
0.01854, 0.01088
0.01897, 0.01117
0.01940, 0.01147
0.01983, 0.01176
0.02027, 0.01206
0.02072, 0.01235
0.02117, 0.01265
0.02162, 0.01295
0.02208, 0.01324
0.02254, 0.01354
0.02301, 0.01383
0.02348, 0.01413
0.02396, 0.01443
0.02444, 0.01472
0.02493, 0.01502
0.02542, 0.01532
0.02592, 0.01561
0.02642, 0.01591
0.02692, 0.01621
0.02743, 0.01651
0.02795, 0.01680
0.02847, 0.01710
0.02899, 0.01740
0.02952, 0.01770
0.03005, 0.01799
0.03059, 0.01829
0.03114, 0.01859
0.03168, 0.01889
0.03223, 0.01919
0.03279, 0.01948
0.03335, 0.01978
0.03392, 0.02008
0.03449, 0.02038
0.03506, 0.02068
0.03564, 0.02098
0.03623, 0.02128
0.03682, 0.02157
0.03741, 0.02187
0.03801, 0.02217
0.03861, 0.02247
0.03922, 0.02277
0.03983, 0.02307
0.04044, 0.02337
0.04106, 0.02367
0.04169, 0.02397
0.04232, 0.02426
0.04295, 0.02456
0.04359, 0.02486
0.04424, 0.02516
0.04489, 0.02546
0.04554, 0.02576
0.04620, 0.02606
0.04686, 0.02636
0.04752, 0.02666
0.04820, 0.02696
0.04887, 0.02726
0.04955, 0.02756
0.05024, 0.02785
0.05093, 0.02815
0.05162, 0.02845
0.05232, 0.02875
0.05302, 0.02905
0.05373, 0.02935
0.05444, 0.02965
0.05516, 0.02995
0.05588, 0.03025
0.05660, 0.03055
0.05733, 0.03085
0.05807, 0.03114
0.05881, 0.03144
0.05955, 0.03174
0.06030, 0.03204
0.06105, 0.03234
0.06181, 0.03264
0.06257, 0.03293
0.06334, 0.03323
0.06411, 0.03353
0.06488, 0.03383
0.06566, 0.03413
0.06644, 0.03442
0.06723, 0.03472
0.06803, 0.03502
0.06882, 0.03532
0.06963, 0.03561
0.07043, 0.03591
0.07124, 0.03621
0.07206, 0.03650
0.07288, 0.03680
0.07370, 0.03710
0.07453, 0.03739
0.07536, 0.03769
0.07620, 0.03798
0.07704, 0.03828
0.07789, 0.03857
0.07874, 0.03887
0.07960, 0.03916
0.08046, 0.03946
0.08132, 0.03975
0.08219, 0.04005
0.08306, 0.04034
0.08394, 0.04063
0.08482, 0.04093
0.08571, 0.04122
0.08660, 0.04151
0.08749, 0.04181
0.08839, 0.04210
0.08930, 0.04239
0.09020, 0.04268
0.09112, 0.04297
0.09203, 0.04326
0.09295, 0.04355
0.09388, 0.04384
0.09481, 0.04413
0.09574, 0.04442
0.09668, 0.04471
0.09763, 0.04500
0.09857, 0.04529
0.09953, 0.04557
0.10048, 0.04586
0.10144, 0.04615
0.10241, 0.04643
0.10338, 0.04672
0.10435, 0.04700
0.10533, 0.04729
0.10631, 0.04757
0.10730, 0.04786
0.10829, 0.04814
0.10929, 0.04842
0.11029, 0.04870
0.11129, 0.04899
0.11230, 0.04927
0.11331, 0.04955
0.11433, 0.04983
0.11535, 0.05011
0.11637, 0.05038
0.11740, 0.05066
0.11844, 0.05094
0.11948, 0.05122
0.12052, 0.05149
0.12157, 0.05177
0.12262, 0.05204
0.12367, 0.05232
0.12473, 0.05259
0.12580, 0.05286
0.12687, 0.05313
0.12794, 0.05340
0.12901, 0.05367
0.13010, 0.05394
0.13118, 0.05421
0.13227, 0.05448
0.13336, 0.05474
0.13446, 0.05501
0.13556, 0.05527
0.13666, 0.05554
0.13777, 0.05580
0.13888, 0.05606
0.14000, 0.05633
0.14112, 0.05659
0.14224, 0.05685
0.14337, 0.05710
0.14450, 0.05736
0.14564, 0.05762
0.14678, 0.05787
0.14792, 0.05813
0.14907, 0.05838
0.15022, 0.05863
0.15137, 0.05889
0.15253, 0.05914
0.15370, 0.05939
0.15486, 0.05963
0.15603, 0.05988
0.15721, 0.06013
0.15839, 0.06037
0.15957, 0.06062
0.16075, 0.06086
0.16194, 0.06110
0.16313, 0.06134
0.16433, 0.06158
0.16553, 0.06182
0.16674, 0.06206
0.16794, 0.06230
0.16915, 0.06253
0.17037, 0.06277
0.17159, 0.06300
0.17281, 0.06323
0.17404, 0.06346
0.17527, 0.06369
0.17650, 0.06392
0.17774, 0.06414
0.17898, 0.06437
0.18022, 0.06459
0.18147, 0.06482
0.18272, 0.06504
0.18398, 0.06526
0.18523, 0.06548
0.18650, 0.06569
0.18776, 0.06591
0.18903, 0.06612
0.19030, 0.06634
0.19158, 0.06655
0.19286, 0.06676
0.19414, 0.06697
0.19543, 0.06718
0.19672, 0.06738
0.19801, 0.06759
0.19931, 0.06779
0.20061, 0.06799
0.20191, 0.06819
0.20322, 0.06839
0.20453, 0.06859
0.20584, 0.06878
0.20716, 0.06898
0.20848, 0.06917
0.20980, 0.06936
0.21113, 0.06955
0.21246, 0.06974
0.21379, 0.06993
0.21513, 0.07011
0.21647, 0.07029
0.21781, 0.07048
0.21916, 0.07066
0.22051, 0.07083
0.22186, 0.07101
0.22322, 0.07119
0.22457, 0.07136
0.22594, 0.07153
0.22730, 0.07170
0.22867, 0.07187
0.23004, 0.07203
0.23142, 0.07220
0.23279, 0.07236
0.23418, 0.07252
0.23556, 0.07268
0.23695, 0.07284
0.23834, 0.07299
0.23973, 0.07315
0.24112, 0.07330
0.24252, 0.07345
0.24393, 0.07360
0.24533, 0.07375
0.24674, 0.07389
0.24815, 0.07403
0.24956, 0.07417
0.25098, 0.07431
0.25240, 0.07445
0.25382, 0.07458
0.25525, 0.07472
0.25667, 0.07485
0.25811, 0.07497
0.25954, 0.07510
0.26097, 0.07523
0.26241, 0.07535
0.26386, 0.07547
0.26530, 0.07559
0.26675, 0.07570
0.26819, 0.07582
0.26964, 0.07593
0.27110, 0.07604
0.27255, 0.07615
0.27401, 0.07626
0.27547, 0.07636
0.27693, 0.07646
0.27839, 0.07656
0.27986, 0.07666
0.28133, 0.07676
0.28279, 0.07685
0.28427, 0.07694
0.28574, 0.07703
0.28722, 0.07712
0.28869, 0.07720
0.29017, 0.07729
0.29165, 0.07737
0.29314, 0.07745
0.29462, 0.07752
0.29611, 0.07760
0.29760, 0.07767
0.29909, 0.07774
0.30058, 0.07781
0.30207, 0.07788
0.30357, 0.07795
0.30507, 0.07801
0.30657, 0.07807
0.30807, 0.07813
0.30957, 0.07819
0.31107, 0.07824
0.31258, 0.07829
0.31409, 0.07834
0.31560, 0.07839
0.31711, 0.07844
0.31862, 0.07849
0.32013, 0.07853
0.32165, 0.07857
0.32316, 0.07861
0.32468, 0.07865
0.32620, 0.07868
0.32772, 0.07871
0.32924, 0.07874
0.33077, 0.07877
0.33229, 0.07880
0.33381, 0.07883
0.33534, 0.07885
0.33687, 0.07887
0.33840, 0.07889
0.33993, 0.07891
0.34146, 0.07893
0.34300, 0.07894
0.34453, 0.07896
0.34607, 0.07897
0.34761, 0.07897
0.34915, 0.07898
0.35069, 0.07899
0.35224, 0.07899
0.35378, 0.07899
0.35533, 0.07899
0.35688, 0.07899
0.35843, 0.07898
0.35998, 0.07898
0.36153, 0.07897
0.36308, 0.07896
0.36464, 0.07895
0.36619, 0.07894
0.36775, 0.07892
0.36931, 0.07890
0.37087, 0.07888
0.37243, 0.07886
0.37399, 0.07884
0.37555, 0.07882
0.37711, 0.07879
0.37867, 0.07876
0.38024, 0.07873
0.38180, 0.07870
0.38337, 0.07867
0.38494, 0.07863
0.38651, 0.07860
0.38807, 0.07856
0.38964, 0.07852
0.39121, 0.07847
0.39279, 0.07843
0.39436, 0.07838
0.39593, 0.07834
0.39750, 0.07829
0.39907, 0.07824
0.40065, 0.07818
0.40222, 0.07813
0.40380, 0.07807
0.40537, 0.07802
0.40695, 0.07796
0.40853, 0.07790
0.41010, 0.07784
0.41168, 0.07777
0.41326, 0.07771
0.41484, 0.07764
0.41641, 0.07757
0.41799, 0.07750
0.41957, 0.07743
0.42115, 0.07736
0.42273, 0.07728
0.42431, 0.07721
0.42589, 0.07713
0.42747, 0.07705
0.42905, 0.07697
0.43063, 0.07689
0.43221, 0.07681
0.43379, 0.07672
0.43537, 0.07664
0.43695, 0.07655
0.43853, 0.07646
0.44011, 0.07638
0.44169, 0.07629
0.44327, 0.07619
0.44485, 0.07610
0.44644, 0.07601
0.44802, 0.07591
0.44960, 0.07581
0.45118, 0.07572
0.45276, 0.07562
0.45434, 0.07552
0.45592, 0.07542
0.45750, 0.07532
0.45908, 0.07521
0.46066, 0.07511
0.46224, 0.07500
0.46382, 0.07490
0.46540, 0.07479
0.46698, 0.07468
0.46856, 0.07457
0.47014, 0.07446
0.47172, 0.07435
0.47330, 0.07424
0.47487, 0.07413
0.47645, 0.07401
0.47803, 0.07390
0.47961, 0.07378
0.48119, 0.07367
0.48276, 0.07355
0.48434, 0.07343
0.48592, 0.07331
0.48749, 0.07319
0.48907, 0.07307
0.49065, 0.07295
0.49222, 0.07283
0.49380, 0.07271
0.49537, 0.07259
0.49695, 0.07246
0.49852, 0.07234
0.50009, 0.07221
0.50167, 0.07209
0.50324, 0.07196
0.50481, 0.07184
0.50639, 0.07171
0.50796, 0.07158
0.50953, 0.07145
0.51110, 0.07132
0.51267, 0.07119
0.51424, 0.07106
0.51581, 0.07093
0.51738, 0.07080
0.51895, 0.07067
0.52052, 0.07054
0.52209, 0.07041
0.52366, 0.07027
0.52523, 0.07014
0.52679, 0.07001
0.52836, 0.06987
0.52992, 0.06974
0.53149, 0.06960
0.53306, 0.06947
0.53462, 0.06933
0.53618, 0.06920
0.53775, 0.06906
0.53931, 0.06892
0.54087, 0.06879
0.54244, 0.06865
0.54400, 0.06851
0.54556, 0.06837
0.54712, 0.06823
0.54868, 0.06809
0.55024, 0.06796
0.55180, 0.06782
0.55336, 0.06768
0.55491, 0.06754
0.55647, 0.06740
0.55803, 0.06725
0.55958, 0.06711
0.56114, 0.06697
0.56269, 0.06683
0.56425, 0.06669
0.56580, 0.06655
0.56735, 0.06641
0.56890, 0.06626
0.57045, 0.06612
0.57200, 0.06598
0.57355, 0.06583
0.57510, 0.06569
0.57665, 0.06555
0.57820, 0.06540
0.57975, 0.06526
0.58129, 0.06512
0.58284, 0.06497
0.58438, 0.06483
0.58592, 0.06468
0.58747, 0.06454
0.58901, 0.06439
0.59055, 0.06425
0.59209, 0.06410
0.59363, 0.06396
0.59517, 0.06381
0.59671, 0.06366
0.59824, 0.06352
0.59978, 0.06337
0.60131, 0.06323
0.60285, 0.06308
0.60438, 0.06293
0.60591, 0.06279
0.60744, 0.06264
0.60897, 0.06249
0.61050, 0.06234
0.61203, 0.06220
0.61355, 0.06205
0.61508, 0.06190
0.61660, 0.06175
0.61813, 0.06160
0.61965, 0.06146
0.62117, 0.06131
0.62269, 0.06116
0.62421, 0.06101
0.62573, 0.06086
0.62724, 0.06071
0.62876, 0.06057
0.63027, 0.06042
0.63178, 0.06027
0.63329, 0.06012
0.63480, 0.05997
0.63631, 0.05982
0.63782, 0.05967
0.63933, 0.05952
0.64083, 0.05937
0.64233, 0.05922
0.64384, 0.05907
0.64534, 0.05892
0.64683, 0.05877
0.64833, 0.05862
0.64983, 0.05847
0.65134, 0.05832
0.65288, 0.05817
0.65451, 0.05802
0.65632, 0.05785
0.65833, 0.05766
0.66044, 0.05743
0.66235, 0.05718
0.66381, 0.05695
0.66483, 0.05676
0.66566, 0.05659
0.66660, 0.05643
0.66775, 0.05627
0.66907, 0.05612
0.67049, 0.05598
0.67194, 0.05583
0.67340, 0.05569
0.67486, 0.05555
0.67632, 0.05540
0.67778, 0.05526
0.67923, 0.05511
0.68069, 0.05497
0.68214, 0.05483
0.68360, 0.05469
0.68505, 0.05454
0.68650, 0.05440
0.68795, 0.05426
0.68939, 0.05412
0.69084, 0.05398
0.69228, 0.05384
0.69373, 0.05370
0.69517, 0.05355
0.69661, 0.05341
0.69804, 0.05327
0.69948, 0.05313
0.70092, 0.05299
0.70235, 0.05285
0.70378, 0.05271
0.70521, 0.05257
0.70664, 0.05244
0.70806, 0.05230
0.70949, 0.05216
0.71091, 0.05202
0.71233, 0.05188
0.71375, 0.05174
0.71517, 0.05160
0.71659, 0.05146
0.71800, 0.05132
0.71941, 0.05118
0.72082, 0.05104
0.72223, 0.05090
0.72364, 0.05077
0.72504, 0.05063
0.72645, 0.05049
0.72785, 0.05035
0.72924, 0.05021
0.73064, 0.05007
0.73204, 0.04993
0.73343, 0.04979
0.73482, 0.04965
0.73621, 0.04951
0.73759, 0.04937
0.73898, 0.04923
0.74036, 0.04909
0.74174, 0.04895
0.74312, 0.04881
0.74449, 0.04867
0.74587, 0.04853
0.74724, 0.04839
0.74861, 0.04825
0.74998, 0.04811
0.75134, 0.04797
0.75270, 0.04783
0.75406, 0.04769
0.75542, 0.04755
0.75677, 0.04741
0.75812, 0.04727
0.75947, 0.04712
0.76082, 0.04698
0.76216, 0.04684
0.76351, 0.04670
0.76484, 0.04656
0.76618, 0.04641
0.76751, 0.04627
0.76884, 0.04613
0.77017, 0.04599
0.77150, 0.04584
0.77282, 0.04570
0.77414, 0.04556
0.77546, 0.04541
0.77677, 0.04527
0.77809, 0.04513
0.77939, 0.04498
0.78070, 0.04484
0.78200, 0.04470
0.78331, 0.04455
0.78460, 0.04441
0.78590, 0.04427
0.78719, 0.04412
0.78848, 0.04398
0.78977, 0.04383
0.79105, 0.04369
0.79233, 0.04354
0.79361, 0.04340
0.79488, 0.04325
0.79615, 0.04311
0.79742, 0.04297
0.79869, 0.04282
0.79995, 0.04268
0.80121, 0.04253
0.80247, 0.04239
0.80372, 0.04224
0.80497, 0.04210
0.80622, 0.04195
0.80747, 0.04181
0.80871, 0.04166
0.80995, 0.04152
0.81118, 0.04137
0.81242, 0.04123
0.81364, 0.04108
0.81487, 0.04094
0.81609, 0.04079
0.81731, 0.04065
0.81853, 0.04050
0.81974, 0.04035
0.82095, 0.04021
0.82216, 0.04006
0.82337, 0.03992
0.82457, 0.03977
0.82576, 0.03963
0.82696, 0.03948
0.82815, 0.03934
0.82934, 0.03919
0.83052, 0.03905
0.83170, 0.03890
0.83288, 0.03876
0.83405, 0.03861
0.83523, 0.03847
0.83639, 0.03832
0.83756, 0.03818
0.83872, 0.03803
0.83988, 0.03789
0.84103, 0.03774
0.84218, 0.03760
0.84333, 0.03746
0.84448, 0.03731
0.84562, 0.03717
0.84675, 0.03702
0.84789, 0.03688
0.84902, 0.03673
0.85015, 0.03659
0.85127, 0.03644
0.85239, 0.03630
0.85351, 0.03616
0.85462, 0.03601
0.85573, 0.03587
0.85684, 0.03572
0.85794, 0.03558
0.85904, 0.03544
0.86013, 0.03529
0.86122, 0.03515
0.86231, 0.03501
0.86340, 0.03486
0.86448, 0.03472
0.86556, 0.03458
0.86663, 0.03443
0.86770, 0.03429
0.86877, 0.03415
0.86983, 0.03401
0.87089, 0.03386
0.87195, 0.03372
0.87300, 0.03358
0.87405, 0.03344
0.87509, 0.03329
0.87613, 0.03315
0.87717, 0.03301
0.87820, 0.03287
0.87923, 0.03273
0.88026, 0.03258
0.88128, 0.03244
0.88230, 0.03230
0.88331, 0.03216
0.88432, 0.03202
0.88533, 0.03188
0.88633, 0.03174
0.88733, 0.03160
0.88832, 0.03146
0.88932, 0.03132
0.89030, 0.03118
0.89129, 0.03104
0.89227, 0.03090
0.89324, 0.03076
0.89421, 0.03062
0.89518, 0.03048
0.89614, 0.03034
0.89710, 0.03020
0.89806, 0.03006
0.89901, 0.02993
0.89996, 0.02979
0.90090, 0.02965
0.90184, 0.02951
0.90278, 0.02938
0.90371, 0.02924
0.90464, 0.02910
0.90556, 0.02897
0.90648, 0.02883
0.90740, 0.02869
0.90831, 0.02856
0.90922, 0.02842
0.91012, 0.02829
0.91102, 0.02815
0.91192, 0.02802
0.91281, 0.02788
0.91369, 0.02775
0.91458, 0.02761
0.91546, 0.02748
0.91633, 0.02735
0.91720, 0.02721
0.91807, 0.02708
0.91893, 0.02695
0.91979, 0.02681
0.92064, 0.02668
0.92149, 0.02655
0.92234, 0.02642
0.92318, 0.02629
0.92401, 0.02616
0.92485, 0.02603
0.92568, 0.02590
0.92650, 0.02577
0.92732, 0.02564
0.92814, 0.02551
0.92895, 0.02538
0.92975, 0.02525
0.93056, 0.02513
0.93136, 0.02500
0.93215, 0.02487
0.93294, 0.02475
0.93372, 0.02462
0.93451, 0.02449
0.93528, 0.02437
0.93606, 0.02424
0.93682, 0.02412
0.93759, 0.02399
0.93835, 0.02387
0.93910, 0.02375
0.93985, 0.02362
0.94060, 0.02350
0.94134, 0.02338
0.94208, 0.02326
0.94281, 0.02314
0.94354, 0.02302
0.94427, 0.02290
0.94499, 0.02278
0.94570, 0.02266
0.94641, 0.02254
0.94712, 0.02242
0.94782, 0.02230
0.94852, 0.02218
0.94921, 0.02207
0.94990, 0.02195
0.95059, 0.02184
0.95127, 0.02172
0.95194, 0.02161
0.95261, 0.02149
0.95328, 0.02138
0.95394, 0.02126
0.95460, 0.02115
0.95525, 0.02104
0.95590, 0.02093
0.95654, 0.02082
0.95718, 0.02071
0.95782, 0.02060
0.95845, 0.02049
0.95907, 0.02038
0.95969, 0.02027
0.96031, 0.02016
0.96092, 0.02006
0.96153, 0.01995
0.96213, 0.01984
0.96273, 0.01974
0.96332, 0.01963
0.96391, 0.01953
0.96450, 0.01943
0.96508, 0.01932
0.96565, 0.01922
0.96622, 0.01912
0.96679, 0.01902
0.96735, 0.01892
0.96791, 0.01882
0.96846, 0.01872
0.96901, 0.01862
0.96955, 0.01852
0.97009, 0.01843
0.97062, 0.01833
0.97115, 0.01824
0.97167, 0.01814
0.97219, 0.01805
0.97271, 0.01795
0.97322, 0.01786
0.97372, 0.01777
0.97422, 0.01768
0.97472, 0.01759
0.97521, 0.01750
0.97570, 0.01741
0.97618, 0.01732
0.97665, 0.01723
0.97713, 0.01715
0.97759, 0.01706
0.97806, 0.01697
0.97852, 0.01689
0.97897, 0.01680
0.97942, 0.01672
0.97986, 0.01664
0.98030, 0.01656
0.98074, 0.01648
0.98117, 0.01640
0.98159, 0.01632
0.98201, 0.01624
0.98243, 0.01616
0.98284, 0.01608
0.98324, 0.01601
0.98364, 0.01593
0.98404, 0.01586
0.98443, 0.01578
0.98482, 0.01571
0.98520, 0.01564
0.98558, 0.01557
0.98595, 0.01550
0.98632, 0.01543
0.98668, 0.01536
0.98704, 0.01529
0.98739, 0.01522
0.98774, 0.01515
0.98809, 0.01509
0.98843, 0.01502
0.98876, 0.01496
0.98909, 0.01490
0.98941, 0.01484
0.98973, 0.01477
0.99005, 0.01471
0.99036, 0.01465
0.99066, 0.01460
0.99096, 0.01454
0.99126, 0.01448
0.99155, 0.01442
0.99183, 0.01437
0.99212, 0.01431
0.99239, 0.01426
0.99266, 0.01421
0.99293, 0.01416
0.99319, 0.01411
0.99345, 0.01406
0.99370, 0.01401
0.99395, 0.01396
0.99419, 0.01391
0.99443, 0.01387
0.99466, 0.01382
0.99489, 0.01378
0.99511, 0.01373
0.99533, 0.01369
0.99554, 0.01365
0.99575, 0.01361
0.99595, 0.01357
0.99615, 0.01353
0.99634, 0.01349
0.99653, 0.01345
0.99672, 0.01342
0.99689, 0.01338
0.99707, 0.01335
0.99724, 0.01332
0.99740, 0.01328
0.99756, 0.01325
0.99771, 0.01322
0.99786, 0.01319
0.99801, 0.01316
0.99815, 0.01314
0.99828, 0.01311
0.99841, 0.01308
0.99854, 0.01306
0.99866, 0.01303
0.99877, 0.01301
0.99888, 0.01299
0.99899, 0.01297
0.99909, 0.01295
0.99919, 0.01293
0.99928, 0.01291
0.99936, 0.01290
0.99944, 0.01288
0.99952, 0.01286
0.99959, 0.01285
0.99966, 0.01284
0.99972, 0.01283
0.99977, 0.01281
0.99983, 0.01280
0.99987, 0.01279
0.99991, 0.01279
0.99995, 0.01278
0.99998, 0.01277
1.00001, 0.01277
1.00003, 0.01276
1.00005, 0.01276
1.00007, 0.01276
1.00011, 0.01275
1.00012, 0.01275

=== Lower Surface ===
0.00000, -0.01613
0.00005, -0.01640
0.00008, -0.01668
0.00013, -0.01696
0.00017, -0.01723
0.00023, -0.01751
0.00029, -0.01778
0.00035, -0.01805
0.00042, -0.01832
0.00050, -0.01859
0.00058, -0.01886
0.00066, -0.01913
0.00075, -0.01939
0.00085, -0.01966
0.00095, -0.01993
0.00105, -0.02019
0.00116, -0.02045
0.00128, -0.02071
0.00140, -0.02098
0.00152, -0.02124
0.00165, -0.02149
0.00178, -0.02175
0.00192, -0.02201
0.00207, -0.02227
0.00222, -0.02252
0.00237, -0.02277
0.00253, -0.02303
0.00269, -0.02328
0.00286, -0.02353
0.00303, -0.02378
0.00321, -0.02403
0.00340, -0.02428
0.00358, -0.02452
0.00378, -0.02477
0.00398, -0.02502
0.00418, -0.02526
0.00439, -0.02550
0.00460, -0.02574
0.00482, -0.02599
0.00504, -0.02622
0.00527, -0.02646
0.00550, -0.02670
0.00574, -0.02694
0.00598, -0.02717
0.00623, -0.02741
0.00648, -0.02764
0.00674, -0.02787
0.00700, -0.02811
0.00727, -0.02834
0.00754, -0.02856
0.00782, -0.02879
0.00810, -0.02902
0.00839, -0.02925
0.00868, -0.02947
0.00897, -0.02969
0.00928, -0.02992
0.00958, -0.03014
0.00989, -0.03036
0.01021, -0.03058
0.01053, -0.03080
0.01086, -0.03101
0.01119, -0.03123
0.01152, -0.03145
0.01186, -0.03166
0.01221, -0.03187
0.01256, -0.03208
0.01292, -0.03229
0.01328, -0.03250
0.01364, -0.03271
0.01401, -0.03292
0.01439, -0.03312
0.01477, -0.03333
0.01515, -0.03353
0.01554, -0.03373
0.01593, -0.03394
0.01633, -0.03414
0.01674, -0.03434
0.01715, -0.03453
0.01756, -0.03473
0.01798, -0.03493
0.01840, -0.03512
0.01883, -0.03531
0.01926, -0.03550
0.01970, -0.03569
0.02014, -0.03588
0.02059, -0.03607
0.02104, -0.03626
0.02150, -0.03645
0.02196, -0.03663
0.02243, -0.03681
0.02290, -0.03700
0.02337, -0.03718
0.02386, -0.03736
0.02434, -0.03753
0.02483, -0.03771
0.02533, -0.03789
0.02583, -0.03806
0.02633, -0.03824
0.02684, -0.03841
0.02735, -0.03858
0.02787, -0.03875
0.02840, -0.03892
0.02892, -0.03908
0.02946, -0.03925
0.02999, -0.03941
0.03054, -0.03958
0.03108, -0.03974
0.03164, -0.03990
0.03219, -0.04006
0.03275, -0.04022
0.03332, -0.04037
0.03389, -0.04053
0.03446, -0.04068
0.03504, -0.04084
0.03563, -0.04099
0.03621, -0.04114
0.03681, -0.04129
0.03741, -0.04143
0.03801, -0.04158
0.03862, -0.04173
0.03923, -0.04187
0.03984, -0.04201
0.04046, -0.04215
0.04109, -0.04229
0.04172, -0.04243
0.04235, -0.04257
0.04299, -0.04270
0.04364, -0.04284
0.04428, -0.04297
0.04494, -0.04310
0.04559, -0.04323
0.04625, -0.04336
0.04692, -0.04349
0.04759, -0.04361
0.04826, -0.04374
0.04894, -0.04386
0.04963, -0.04398
0.05032, -0.04410
0.05101, -0.04422
0.05170, -0.04434
0.05241, -0.04446
0.05311, -0.04457
0.05382, -0.04469
0.05454, -0.04480
0.05525, -0.04491
0.05598, -0.04502
0.05670, -0.04513
0.05744, -0.04523
0.05817, -0.04534
0.05891, -0.04544
0.05966, -0.04554
0.06040, -0.04564
0.06116, -0.04574
0.06191, -0.04584
0.06268, -0.04594
0.06344, -0.04603
0.06421, -0.04613
0.06499, -0.04622
0.06576, -0.04631
0.06655, -0.04640
0.06733, -0.04649
0.06812, -0.04658
0.06892, -0.04666
0.06972, -0.04675
0.07052, -0.04683
0.07133, -0.04691
0.07214, -0.04699
0.07295, -0.04707
0.07377, -0.04715
0.07460, -0.04722
0.07542, -0.04730
0.07626, -0.04737
0.07709, -0.04744
0.07793, -0.04751
0.07877, -0.04758
0.07962, -0.04765
0.08047, -0.04771
0.08133, -0.04778
0.08219, -0.04784
0.08305, -0.04790
0.08392, -0.04796
0.08479, -0.04802
0.08566, -0.04808
0.08654, -0.04814
0.08742, -0.04819
0.08831, -0.04824
0.08920, -0.04830
0.09010, -0.04835
0.09099, -0.04840
0.09190, -0.04844
0.09280, -0.04849
0.09371, -0.04854
0.09462, -0.04858
0.09554, -0.04862
0.09646, -0.04867
0.09738, -0.04871
0.09831, -0.04874
0.09924, -0.04878
0.10018, -0.04882
0.10112, -0.04885
0.10206, -0.04889
0.10300, -0.04892
0.10395, -0.04895
0.10491, -0.04898
0.10586, -0.04901
0.10682, -0.04903
0.10779, -0.04906
0.10875, -0.04908
0.10972, -0.04911
0.11070, -0.04913
0.11168, -0.04915
0.11266, -0.04917
0.11364, -0.04919
0.11463, -0.04920
0.11562, -0.04922
0.11661, -0.04923
0.11761, -0.04925
0.11861, -0.04926
0.11962, -0.04927
0.12063, -0.04928
0.12164, -0.04929
0.12265, -0.04930
0.12367, -0.04930
0.12469, -0.04931
0.12572, -0.04931
0.12674, -0.04932
0.12777, -0.04932
0.12881, -0.04932
0.12984, -0.04932
0.13089, -0.04932
0.13193, -0.04931
0.13298, -0.04931
0.13402, -0.04930
0.13508, -0.04930
0.13613, -0.04929
0.13719, -0.04928
0.13825, -0.04927
0.13932, -0.04926
0.14039, -0.04925
0.14146, -0.04924
0.14253, -0.04923
0.14361, -0.04921
0.14469, -0.04920
0.14578, -0.04918
0.14686, -0.04917
0.14795, -0.04915
0.14905, -0.04913
0.15014, -0.04911
0.15124, -0.04909
0.15235, -0.04907
0.15345, -0.04904
0.15456, -0.04902
0.15567, -0.04900
0.15679, -0.04897
0.15790, -0.04894
0.15903, -0.04892
0.16015, -0.04889
0.16128, -0.04886
0.16241, -0.04883
0.16354, -0.04880
0.16467, -0.04877
0.16581, -0.04873
0.16695, -0.04870
0.16810, -0.04867
0.16925, -0.04863
0.17040, -0.04859
0.17155, -0.04856
0.17271, -0.04852
0.17387, -0.04848
0.17503, -0.04844
0.17619, -0.04840
0.17736, -0.04836
0.17853, -0.04832
0.17970, -0.04828
0.18088, -0.04823
0.18206, -0.04819
0.18324, -0.04814
0.18442, -0.04810
0.18561, -0.04805
0.18680, -0.04801
0.18799, -0.04796
0.18918, -0.04791
0.19038, -0.04786
0.19158, -0.04781
0.19278, -0.04776
0.19399, -0.04771
0.19520, -0.04766
0.19641, -0.04761
0.19762, -0.04755
0.19883, -0.04750
0.20005, -0.04745
0.20127, -0.04739
0.20250, -0.04734
0.20372, -0.04728
0.20495, -0.04722
0.20618, -0.04717
0.20741, -0.04711
0.20865, -0.04705
0.20989, -0.04699
0.21113, -0.04694
0.21237, -0.04688
0.21362, -0.04682
0.21486, -0.04676
0.21611, -0.04669
0.21737, -0.04663
0.21862, -0.04657
0.21988, -0.04651
0.22114, -0.04645
0.22240, -0.04638
0.22366, -0.04632
0.22493, -0.04626
0.22620, -0.04619
0.22747, -0.04613
0.22874, -0.04606
0.23002, -0.04600
0.23130, -0.04593
0.23258, -0.04587
0.23386, -0.04580
0.23515, -0.04573
0.23643, -0.04567
0.23772, -0.04560
0.23901, -0.04553
0.24031, -0.04547
0.24160, -0.04540
0.24290, -0.04533
0.24420, -0.04526
0.24550, -0.04519
0.24680, -0.04513
0.24811, -0.04506
0.24942, -0.04499
0.25073, -0.04492
0.25204, -0.04485
0.25335, -0.04478
0.25467, -0.04471
0.25599, -0.04464
0.25731, -0.04457
0.25863, -0.04450
0.25995, -0.04443
0.26128, -0.04436
0.26261, -0.04429
0.26394, -0.04423
0.26527, -0.04416
0.26660, -0.04409
0.26794, -0.04402
0.26928, -0.04395
0.27062, -0.04388
0.27196, -0.04381
0.27330, -0.04374
0.27465, -0.04367
0.27600, -0.04360
0.27735, -0.04353
0.27870, -0.04346
0.28005, -0.04339
0.28141, -0.04332
0.28277, -0.04325
0.28413, -0.04318
0.28550, -0.04311
0.28687, -0.04304
0.28823, -0.04297
0.28961, -0.04291
0.29098, -0.04284
0.29235, -0.04277
0.29373, -0.04270
0.29511, -0.04263
0.29649, -0.04256
0.29788, -0.04249
0.29927, -0.04242
0.30065, -0.04236
0.30205, -0.04229
0.30344, -0.04222
0.30483, -0.04215
0.30623, -0.04208
0.30763, -0.04201
0.30903, -0.04195
0.31044, -0.04188
0.31184, -0.04181
0.31325, -0.04174
0.31466, -0.04167
0.31607, -0.04161
0.31748, -0.04154
0.31890, -0.04147
0.32032, -0.04140
0.32174, -0.04134
0.32316, -0.04127
0.32458, -0.04120
0.32601, -0.04113
0.32744, -0.04107
0.32887, -0.04100
0.33030, -0.04093
0.33174, -0.04087
0.33317, -0.04080
0.33461, -0.04073
0.33605, -0.04067
0.33750, -0.04060
0.33894, -0.04053
0.34039, -0.04046
0.34184, -0.04040
0.34329, -0.04033
0.34474, -0.04026
0.34619, -0.04020
0.34765, -0.04013
0.34910, -0.04006
0.35056, -0.04000
0.35202, -0.03993
0.35348, -0.03987
0.35494, -0.03980
0.35640, -0.03973
0.35787, -0.03967
0.35933, -0.03960
0.36080, -0.03954
0.36227, -0.03947
0.36374, -0.03941
0.36521, -0.03934
0.36669, -0.03928
0.36816, -0.03921
0.36964, -0.03915
0.37112, -0.03908
0.37259, -0.03902
0.37408, -0.03895
0.37556, -0.03889
0.37704, -0.03882
0.37853, -0.03876
0.38001, -0.03870
0.38150, -0.03863
0.38299, -0.03857
0.38448, -0.03850
0.38598, -0.03844
0.38747, -0.03838
0.38897, -0.03831
0.39046, -0.03825
0.39196, -0.03819
0.39346, -0.03813
0.39496, -0.03806
0.39647, -0.03800
0.39797, -0.03794
0.39948, -0.03788
0.40098, -0.03781
0.40249, -0.03775
0.40400, -0.03769
0.40552, -0.03763
0.40703, -0.03757
0.40854, -0.03750
0.41006, -0.03744
0.41158, -0.03738
0.41309, -0.03732
0.41461, -0.03726
0.41614, -0.03720
0.41766, -0.03713
0.41918, -0.03707
0.42071, -0.03701
0.42223, -0.03695
0.42376, -0.03689
0.42529, -0.03683
0.42682, -0.03677
0.42835, -0.03670
0.42989, -0.03664
0.43142, -0.03658
0.43296, -0.03652
0.43449, -0.03646
0.43603, -0.03640
0.43757, -0.03633
0.43911, -0.03627
0.44065, -0.03621
0.44220, -0.03615
0.44374, -0.03608
0.44528, -0.03602
0.44683, -0.03596
0.44838, -0.03590
0.44993, -0.03583
0.45147, -0.03577
0.45302, -0.03571
0.45458, -0.03564
0.45613, -0.03558
0.45768, -0.03552
0.45923, -0.03545
0.46079, -0.03539
0.46235, -0.03532
0.46390, -0.03526
0.46546, -0.03519
0.46702, -0.03513
0.46858, -0.03506
0.47014, -0.03500
0.47170, -0.03493
0.47326, -0.03486
0.47482, -0.03480
0.47639, -0.03473
0.47795, -0.03466
0.47951, -0.03459
0.48108, -0.03453
0.48265, -0.03446
0.48421, -0.03439
0.48578, -0.03432
0.48735, -0.03425
0.48891, -0.03418
0.49048, -0.03411
0.49205, -0.03404
0.49362, -0.03397
0.49519, -0.03389
0.49676, -0.03382
0.49833, -0.03375
0.49990, -0.03368
0.50148, -0.03360
0.50305, -0.03353
0.50462, -0.03345
0.50619, -0.03338
0.50776, -0.03330
0.50934, -0.03323
0.51091, -0.03315
0.51248, -0.03308
0.51406, -0.03300
0.51563, -0.03292
0.51720, -0.03284
0.51878, -0.03276
0.52035, -0.03268
0.52193, -0.03260
0.52350, -0.03252
0.52507, -0.03244
0.52665, -0.03236
0.52822, -0.03228
0.52979, -0.03220
0.53137, -0.03211
0.53294, -0.03203
0.53451, -0.03194
0.53609, -0.03186
0.53766, -0.03177
0.53923, -0.03169
0.54080, -0.03160
0.54238, -0.03152
0.54395, -0.03143
0.54552, -0.03134
0.54709, -0.03125
0.54866, -0.03116
0.55023, -0.03107
0.55180, -0.03098
0.55337, -0.03089
0.55494, -0.03080
0.55651, -0.03071
0.55807, -0.03061
0.55964, -0.03052
0.56121, -0.03043
0.56277, -0.03033
0.56434, -0.03024
0.56590, -0.03014
0.56747, -0.03005
0.56903, -0.02995
0.57059, -0.02985
0.57216, -0.02976
0.57372, -0.02966
0.57528, -0.02956
0.57684, -0.02946
0.57840, -0.02936
0.57996, -0.02926
0.58151, -0.02916
0.58307, -0.02906
0.58463, -0.02896
0.58618, -0.02886
0.58774, -0.02875
0.58929, -0.02865
0.59084, -0.02855
0.59239, -0.02844
0.59394, -0.02834
0.59549, -0.02823
0.59704, -0.02813
0.59859, -0.02802
0.60014, -0.02792
0.60168, -0.02781
0.60323, -0.02770
0.60477, -0.02759
0.60631, -0.02748
0.60785, -0.02738
0.60939, -0.02727
0.61093, -0.02716
0.61247, -0.02705
0.61401, -0.02694
0.61554, -0.02682
0.61708, -0.02671
0.61861, -0.02660
0.62014, -0.02649
0.62167, -0.02638
0.62320, -0.02626
0.62473, -0.02615
0.62626, -0.02604
0.62778, -0.02592
0.62931, -0.02581
0.63083, -0.02569
0.63235, -0.02558
0.63387, -0.02546
0.63539, -0.02534
0.63691, -0.02523
0.63843, -0.02511
0.63994, -0.02499
0.64146, -0.02487
0.64297, -0.02476
0.64448, -0.02464
0.64599, -0.02452
0.64750, -0.02440
0.64900, -0.02428
0.65049, -0.02416
0.65195, -0.02404
0.65331, -0.02392
0.65449, -0.02380
0.65546, -0.02369
0.65634, -0.02359
0.65741, -0.02352
0.65893, -0.02348
0.66089, -0.02346
0.66303, -0.02341
0.66506, -0.02332
0.66688, -0.02321
0.66851, -0.02309
0.67005, -0.02296
0.67156, -0.02283
0.67305, -0.02270
0.67454, -0.02257
0.67602, -0.02243
0.67751, -0.02230
0.67899, -0.02217
0.68047, -0.02203
0.68194, -0.02190
0.68342, -0.02176
0.68489, -0.02163
0.68636, -0.02149
0.68783, -0.02135
0.68929, -0.02122
0.69075, -0.02108
0.69222, -0.02094
0.69367, -0.02080
0.69513, -0.02066
0.69658, -0.02052
0.69804, -0.02038
0.69948, -0.02024
0.70093, -0.02010
0.70238, -0.01996
0.70382, -0.01982
0.70526, -0.01968
0.70670, -0.01954
0.70813, -0.01940
0.70956, -0.01926
0.71099, -0.01911
0.71242, -0.01897
0.71385, -0.01883
0.71527, -0.01868
0.71669, -0.01854
0.71811, -0.01840
0.71952, -0.01825
0.72094, -0.01811
0.72235, -0.01797
0.72376, -0.01782
0.72516, -0.01768
0.72656, -0.01754
0.72796, -0.01739
0.72936, -0.01725
0.73076, -0.01710
0.73215, -0.01696
0.73354, -0.01682
0.73493, -0.01667
0.73632, -0.01653
0.73770, -0.01638
0.73908, -0.01624
0.74046, -0.01610
0.74183, -0.01595
0.74320, -0.01581
0.74457, -0.01567
0.74594, -0.01552
0.74730, -0.01538
0.74867, -0.01524
0.75002, -0.01509
0.75138, -0.01495
0.75274, -0.01481
0.75409, -0.01467
0.75544, -0.01452
0.75678, -0.01438
0.75813, -0.01424
0.75947, -0.01410
0.76081, -0.01396
0.76214, -0.01382
0.76348, -0.01367
0.76481, -0.01353
0.76614, -0.01339
0.76746, -0.01325
0.76879, -0.01311
0.77011, -0.01297
0.77142, -0.01283
0.77274, -0.01269
0.77405, -0.01255
0.77536, -0.01241
0.77667, -0.01228
0.77797, -0.01214
0.77928, -0.01200
0.78058, -0.01186
0.78187, -0.01172
0.78317, -0.01159
0.78446, -0.01145
0.78574, -0.01131
0.78703, -0.01117
0.78831, -0.01104
0.78959, -0.01090
0.79087, -0.01077
0.79214, -0.01063
0.79341, -0.01049
0.79468, -0.01036
0.79595, -0.01022
0.79721, -0.01009
0.79847, -0.00996
0.79973, -0.00982
0.80098, -0.00969
0.80223, -0.00955
0.80348, -0.00942
0.80472, -0.00929
0.80596, -0.00916
0.80720, -0.00902
0.80844, -0.00889
0.80967, -0.00876
0.81090, -0.00863
0.81213, -0.00850
0.81335, -0.00837
0.81457, -0.00824
0.81579, -0.00811
0.81700, -0.00798
0.81821, -0.00785
0.81942, -0.00772
0.82063, -0.00759
0.82183, -0.00746
0.82303, -0.00733
0.82422, -0.00720
0.82542, -0.00708
0.82661, -0.00695
0.82779, -0.00682
0.82897, -0.00670
0.83015, -0.00657
0.83133, -0.00644
0.83250, -0.00632
0.83367, -0.00619
0.83484, -0.00607
0.83600, -0.00594
0.83716, -0.00582
0.83832, -0.00570
0.83947, -0.00557
0.84062, -0.00545
0.84177, -0.00533
0.84291, -0.00520
0.84405, -0.00508
0.84519, -0.00496
0.84632, -0.00484
0.84745, -0.00472
0.84857, -0.00460
0.84970, -0.00448
0.85082, -0.00436
0.85193, -0.00424
0.85304, -0.00412
0.85415, -0.00400
0.85526, -0.00389
0.85636, -0.00377
0.85746, -0.00365
0.85855, -0.00353
0.85964, -0.00342
0.86073, -0.00330
0.86182, -0.00319
0.86290, -0.00307
0.86397, -0.00296
0.86505, -0.00284
0.86612, -0.00273
0.86718, -0.00262
0.86824, -0.00250
0.86930, -0.00239
0.87036, -0.00228
0.87141, -0.00217
0.87246, -0.00206
0.87350, -0.00195
0.87454, -0.00184
0.87558, -0.00173
0.87661, -0.00162
0.87764, -0.00151
0.87867, -0.00140
0.87969, -0.00130
0.88071, -0.00119
0.88172, -0.00108
0.88273, -0.00098
0.88374, -0.00087
0.88474, -0.00076
0.88574, -0.00066
0.88674, -0.00056
0.88773, -0.00045
0.88872, -0.00035
0.88971, -0.00025
0.89069, -0.00014
0.89166, -0.00004
0.89264, 0.00006
0.89360, 0.00016
0.89457, 0.00026
0.89553, 0.00036
0.89649, 0.00046
0.89744, 0.00056
0.89839, 0.00066
0.89934, 0.00075
0.90028, 0.00085
0.90122, 0.00095
0.90215, 0.00104
0.90308, 0.00114
0.90401, 0.00123
0.90493, 0.00133
0.90585, 0.00142
0.90676, 0.00152
0.90767, 0.00161
0.90858, 0.00170
0.90948, 0.00179
0.91038, 0.00189
0.91127, 0.00198
0.91216, 0.00207
0.91305, 0.00216
0.91393, 0.00225
0.91481, 0.00234
0.91568, 0.00242
0.91655, 0.00251
0.91742, 0.00260
0.91828, 0.00269
0.91914, 0.00277
0.91999, 0.00286
0.92084, 0.00294
0.92169, 0.00303
0.92253, 0.00311
0.92337, 0.00320
0.92420, 0.00328
0.92503, 0.00336
0.92585, 0.00344
0.92667, 0.00352
0.92749, 0.00361
0.92830, 0.00369
0.92911, 0.00377
0.92991, 0.00385
0.93071, 0.00392
0.93151, 0.00400
0.93230, 0.00408
0.93309, 0.00416
0.93387, 0.00423
0.93465, 0.00431
0.93542, 0.00439
0.93619, 0.00446
0.93696, 0.00454
0.93772, 0.00461
0.93847, 0.00468
0.93923, 0.00476
0.93997, 0.00483
0.94072, 0.00490
0.94146, 0.00497
0.94219, 0.00504
0.94292, 0.00512
0.94365, 0.00519
0.94437, 0.00525
0.94509, 0.00532
0.94580, 0.00539
0.94651, 0.00546
0.94722, 0.00553
0.94792, 0.00559
0.94861, 0.00566
0.94931, 0.00573
0.94999, 0.00579
0.95068, 0.00586
0.95135, 0.00592
0.95203, 0.00598
0.95270, 0.00605
0.95336, 0.00611
0.95402, 0.00617
0.95468, 0.00623
0.95533, 0.00630
0.95598, 0.00636
0.95662, 0.00642
0.95726, 0.00648
0.95789, 0.00653
0.95852, 0.00659
0.95914, 0.00665
0.95976, 0.00671
0.96038, 0.00677
0.96099, 0.00682
0.96160, 0.00688
0.96220, 0.00693
0.96280, 0.00699
0.96339, 0.00704
0.96398, 0.00710
0.96456, 0.00715
0.96514, 0.00720
0.96571, 0.00726
0.96628, 0.00731
0.96685, 0.00736
0.96741, 0.00741
0.96797, 0.00746
0.96852, 0.00751
0.96906, 0.00756
0.96961, 0.00761
0.97014, 0.00766
0.97068, 0.00771
0.97121, 0.00776
0.97173, 0.00780
0.97225, 0.00785
0.97276, 0.00790
0.97327, 0.00794
0.97378, 0.00799
0.97428, 0.00803
0.97477, 0.00808
0.97526, 0.00812
0.97575, 0.00816
0.97623, 0.00821
0.97671, 0.00825
0.97718, 0.00829
0.97765, 0.00833
0.97811, 0.00837
0.97857, 0.00841
0.97902, 0.00845
0.97947, 0.00849
0.97991, 0.00853
0.98035, 0.00857
0.98079, 0.00861
0.98122, 0.00865
0.98164, 0.00868
0.98206, 0.00872
0.98248, 0.00876
0.98289, 0.00879
0.98329, 0.00883
0.98369, 0.00886
0.98409, 0.00890
0.98448, 0.00893
0.98487, 0.00896
0.98525, 0.00900
0.98562, 0.00903
0.98600, 0.00906
0.98636, 0.00909
0.98672, 0.00913
0.98708, 0.00916
0.98743, 0.00919
0.98778, 0.00922
0.98813, 0.00925
0.98846, 0.00927
0.98880, 0.00930
0.98913, 0.00933
0.98945, 0.00936
0.98977, 0.00939
0.99008, 0.00941
0.99039, 0.00944
0.99069, 0.00947
0.99099, 0.00949
0.99129, 0.00952
0.99158, 0.00954
0.99186, 0.00956
0.99214, 0.00959
0.99242, 0.00961
0.99269, 0.00963
0.99295, 0.00966
0.99321, 0.00968
0.99347, 0.00970
0.99372, 0.00972
0.99396, 0.00974
0.99420, 0.00976
0.99444, 0.00978
0.99467, 0.00980
0.99489, 0.00982
0.99512, 0.00984
0.99533, 0.00986
0.99554, 0.00987
0.99575, 0.00989
0.99595, 0.00991
0.99615, 0.00992
0.99634, 0.00994
0.99652, 0.00996
0.99670, 0.00997
0.99688, 0.00999
0.99705, 0.01000
0.99722, 0.01001
0.99738, 0.01003
0.99754, 0.01004
0.99769, 0.01005
0.99784, 0.01007
0.99798, 0.01008
0.99811, 0.01009
0.99825, 0.01010
0.99837, 0.01011
0.99849, 0.01012
0.99861, 0.01013
0.99872, 0.01014
0.99883, 0.01015
0.99893, 0.01016
0.99903, 0.01016
0.99912, 0.01017
0.99921, 0.01018
0.99929, 0.01019
0.99937, 0.01019
0.99944, 0.01020
0.99951, 0.01020
0.99957, 0.01021
0.99963, 0.01021
0.99968, 0.01022
0.99973, 0.01022
0.99977, 0.01023
0.99981, 0.01023
0.99984, 0.01023
0.99987, 0.01023
0.99989, 0.01024
0.99990, 0.01024
0.99991, 0.01024
0.99989, 0.01024
0.99988, 0.01024
