airfoil_points_1006
1.000000 0.013229
0.999748 0.013282
0.998993 0.013443
0.997736 0.013710
0.995977 0.014083
0.993719 0.014559
0.990964 0.015138
0.987715 0.015816
0.983974 0.016590
0.979746 0.017459
0.975036 0.018417
0.969846 0.019461
0.964184 0.020587
0.958054 0.021789
0.951463 0.023063
0.944418 0.024403
0.936925 0.025802
0.928992 0.027255
0.920627 0.028755
0.911838 0.030295
0.902635 0.031867
0.893027 0.033463
0.883022 0.035076
0.872632 0.036697
0.861867 0.038319
0.850737 0.039930
0.839255 0.041524
0.827430 0.043091
0.815276 0.044625
0.802805 0.046123
0.790028 0.047584
0.776960 0.049007
0.763613 0.050389
0.750000 0.051733
0.736136 0.053041
0.722033 0.054323
0.707708 0.055593
0.693173 0.056864
0.678443 0.058152
0.663534 0.059189
0.648460 0.059678
0.633237 0.061157
0.617879 0.062640
0.602403 0.064122
0.586824 0.065598
0.571157 0.067062
0.555419 0.068508
0.539625 0.069929
0.523791 0.071318
0.507933 0.072662
0.492067 0.073951
0.476209 0.075172
0.460375 0.076309
0.444581 0.077347
0.428843 0.078271
0.413176 0.079067
0.397597 0.079722
0.382121 0.080223
0.366763 0.080564
0.351540 0.080737
0.336466 0.080741
0.321557 0.080576
0.306827 0.080241
0.292292 0.079735
0.277967 0.079052
0.263864 0.078193
0.250000 0.077161
0.236387 0.075978
0.223040 0.074670
0.209972 0.073265
0.197195 0.071785
0.184724 0.070249
0.172570 0.068664
0.160745 0.067023
0.149263 0.065324
0.138133 0.063564
0.127368 0.061741
0.116978 0.059853
0.106973 0.057897
0.097365 0.055873
0.088162 0.053777
0.079373 0.051610
0.071008 0.049374
0.063075 0.047071
0.055582 0.044703
0.048537 0.042273
0.041946 0.039787
0.035816 0.037249
0.030154 0.034663
0.024964 0.032035
0.020254 0.029371
0.016026 0.026675
0.012285 0.023953
0.009036 0.021210
0.006281 0.018453
0.004023 0.015686
0.002264 0.012918
0.001007 0.010166
0.000252 0.007491
0.000000 0.005680
0.000252 0.001351
0.001007 -0.001263
0.002264 -0.003886
0.004023 -0.006455
0.006281 -0.008958
0.009036 -0.011387
0.012285 -0.013742
0.016026 -0.016020
0.020254 -0.018220
0.024964 -0.020343
0.030154 -0.022386
0.035816 -0.024350
0.041946 -0.026233
0.048537 -0.028034
0.055582 -0.029750
0.063075 -0.031381
0.071008 -0.032924
0.079373 -0.034375
0.088162 -0.035730
0.097365 -0.036986
0.106973 -0.038137
0.116978 -0.039177
0.127368 -0.040100
0.138133 -0.040899
0.149263 -0.041568
0.160745 -0.042102
0.172570 -0.042497
0.184724 -0.042746
0.197195 -0.042844
0.209972 -0.042789
0.223040 -0.042591
0.236387 -0.042273
0.250000 -0.041862
0.263864 -0.041388
0.277967 -0.040884
0.292292 -0.040367
0.306827 -0.039837
0.321557 -0.039296
0.336466 -0.038744
0.351540 -0.038186
0.366763 -0.037627
0.382121 -0.037070
0.397597 -0.036516
0.413176 -0.035961
0.428843 -0.035399
0.444581 -0.034825
0.460375 -0.034228
0.476209 -0.033600
0.492067 -0.032934
0.507933 -0.032221
0.523791 -0.031456
0.539625 -0.030635
0.555419 -0.029755
0.571157 -0.028814
0.586824 -0.027815
0.602403 -0.026757
0.617879 -0.025643
0.633237 -0.024474
0.648460 -0.023251
0.663534 -0.021809
0.678443 -0.019256
0.693173 -0.017739
0.707708 -0.016181
0.722033 -0.014604
0.736136 -0.013029
0.750000 -0.011475
0.763613 -0.009958
0.776960 -0.008489
0.790028 -0.007074
0.802805 -0.005718
0.815276 -0.004425
0.827430 -0.003200
0.839255 -0.002045
0.850737 -0.000960
0.861867 0.000059
0.872632 0.001016
0.883022 0.001913
0.893027 0.002754
0.902635 0.003542
0.911838 0.004280
0.920627 0.004970
0.928992 0.005615
0.936925 0.006215
0.944418 0.006773
0.951463 0.007291
0.958054 0.007769
0.964184 0.008209
0.969846 0.008611
0.975036 0.008977
0.979746 0.009307
0.983974 0.009601
0.987715 0.009860
0.990964 0.010084
0.993719 0.010273
0.995977 0.010427
0.997736 0.010548
0.998993 0.010633
0.999748 0.010685
1.000000 0.010701
