airfoil_points_1223
1.000000 0.009825
0.999748 0.009870
0.998993 0.010004
0.997736 0.010227
0.995977 0.010536
0.993719 0.010929
0.990964 0.011402
0.987715 0.011951
0.983974 0.012573
0.979746 0.013262
0.975036 0.014013
0.969846 0.014821
0.964184 0.015681
0.958054 0.016588
0.951463 0.017536
0.944418 0.018522
0.936925 0.019542
0.928992 0.020593
0.920627 0.021671
0.911838 0.022776
0.902635 0.023908
0.893027 0.025068
0.883022 0.026257
0.872632 0.027480
0.861867 0.028743
0.850737 0.030051
0.839255 0.031414
0.827430 0.032841
0.815276 0.034338
0.802805 0.035905
0.790028 0.037545
0.776960 0.039259
0.763613 0.041047
0.750000 0.042911
0.736136 0.044845
0.722033 0.046835
0.707708 0.048860
0.693173 0.050902
0.678443 0.052938
0.663534 0.054945
0.648460 0.056910
0.633237 0.058828
0.617879 0.060691
0.602403 0.062494
0.586824 0.064232
0.571157 0.065898
0.555419 0.067487
0.539625 0.068994
0.523791 0.070412
0.507933 0.071737
0.492067 0.072964
0.476209 0.074087
0.460375 0.075102
0.444581 0.076004
0.428843 0.076790
0.413176 0.077455
0.397597 0.077996
0.382121 0.078410
0.366763 0.078694
0.351540 0.078846
0.336466 0.078863
0.321557 0.078744
0.306827 0.078487
0.292292 0.078093
0.277967 0.077561
0.263864 0.076892
0.250000 0.076083
0.236387 0.075131
0.223040 0.074027
0.209972 0.072767
0.197195 0.071348
0.184724 0.069770
0.172570 0.068046
0.160745 0.066199
0.149263 0.064249
0.138133 0.062214
0.127368 0.060111
0.116978 0.057955
0.106973 0.055750
0.097365 0.053493
0.088162 0.051183
0.079373 0.048820
0.071008 0.046406
0.063075 0.043940
0.055582 0.041426
0.048537 0.038867
0.041946 0.036266
0.035816 0.033626
0.030154 0.030952
0.024964 0.028248
0.020254 0.025518
0.016026 0.022767
0.012285 0.019999
0.009036 0.017218
0.006281 0.014430
0.004023 0.011641
0.002264 0.008857
0.001007 0.006099
0.000252 0.003439
0.000000 0.001677
0.000252 -0.002793
0.001007 -0.005382
0.002264 -0.007989
0.004023 -0.010541
0.006281 -0.013021
0.009036 -0.015422
0.012285 -0.017742
0.016026 -0.019978
0.020254 -0.022128
0.024964 -0.024190
0.030154 -0.026164
0.035816 -0.028045
0.041946 -0.029833
0.048537 -0.031526
0.055582 -0.033120
0.063075 -0.034612
0.071008 -0.036001
0.079373 -0.037281
0.088162 -0.038448
0.097365 -0.039499
0.106973 -0.040427
0.116978 -0.041228
0.127368 -0.041895
0.138133 -0.042422
0.149263 -0.042812
0.160745 -0.043077
0.172570 -0.043233
0.184724 -0.043297
0.197195 -0.043292
0.209972 -0.043241
0.223040 -0.043150
0.236387 -0.043017
0.250000 -0.042837
0.263864 -0.042604
0.277967 -0.042314
0.292292 -0.041967
0.306827 -0.041566
0.321557 -0.041114
0.336466 -0.040617
0.351540 -0.040078
0.366763 -0.039500
0.382121 -0.038887
0.397597 -0.038243
0.413176 -0.037572
0.428843 -0.036876
0.444581 -0.036159
0.460375 -0.035425
0.476209 -0.034675
0.492067 -0.033913
0.507933 -0.033142
0.523791 -0.032363
0.539625 -0.031578
0.555419 -0.030790
0.571157 -0.030001
0.586824 -0.029211
0.602403 -0.028423
0.617879 -0.027638
0.633237 -0.026856
0.648460 -0.026078
0.663534 -0.025306
0.678443 -0.024540
0.693173 -0.023768
0.707708 -0.022975
0.722033 -0.022146
0.736136 -0.021269
0.750000 -0.020332
0.763613 -0.019326
0.776960 -0.018254
0.790028 -0.017124
0.802805 -0.015941
0.815276 -0.014713
0.827430 -0.013446
0.839255 -0.012147
0.850737 -0.010827
0.861867 -0.009501
0.872632 -0.008182
0.883022 -0.006884
0.893027 -0.005616
0.902635 -0.004389
0.911838 -0.003209
0.920627 -0.002084
0.928992 -0.001018
0.936925 -0.000016
0.944418 0.000921
0.951463 0.001791
0.958054 0.002593
0.964184 0.003326
0.969846 0.003992
0.975036 0.004592
0.979746 0.005126
0.983974 0.005597
0.987715 0.006007
0.990964 0.006358
0.993719 0.006650
0.995977 0.006887
0.997736 0.007070
0.998993 0.007200
0.999748 0.007277
1.000000 0.007299
