=== Airfoil Parameters ===
m = 0.02
p = 0.4
t = 0.12

=== Control Points ===
0.00000, -0.00882, -0.00882
0.06667, 0.00241, -0.00370
0.13333, 0.01266, 0.00155
0.20000, 0.01850, 0.00350
0.26667, 0.02135, 0.00358
0.66667, 0.02052, 0.00447
0.75000, 0.01912, 0.00592
0.83333, 0.01508, 0.00551
0.91667, 0.00769, 0.00252
1.00000, -0.00052, -0.00052

=== Upper Surface ===
0.00000, -0.00882
-0.00006, -0.00854
-0.00008, -0.00826
-0.00011, -0.00798
-0.00013, -0.00770
-0.00015, -0.00743
-0.00016, -0.00715
-0.00017, -0.00687
-0.00018, -0.00659
-0.00018, -0.00631
-0.00017, -0.00603
-0.00016, -0.00575
-0.00015, -0.00546
-0.00013, -0.00518
-0.00010, -0.00490
-0.00007, -0.00462
-0.00004, -0.00434
0.00000, -0.00405
0.00005, -0.00377
0.00010, -0.00349
0.00015, -0.00320
0.00021, -0.00292
0.00028, -0.00263
0.00035, -0.00235
0.00042, -0.00206
0.00050, -0.00178
0.00058, -0.00149
0.00067, -0.00120
0.00077, -0.00092
0.00087, -0.00063
0.00097, -0.00034
0.00108, -0.00005
0.00119, 0.00024
0.00131, 0.00053
0.00144, 0.00082
0.00156, 0.00110
0.00170, 0.00139
0.00183, 0.00168
0.00198, 0.00198
0.00213, 0.00227
0.00228, 0.00256
0.00244, 0.00285
0.00260, 0.00314
0.00277, 0.00343
0.00294, 0.00373
0.00311, 0.00402
0.00330, 0.00431
0.00348, 0.00461
0.00367, 0.00490
0.00387, 0.00520
0.00407, 0.00549
0.00428, 0.00579
0.00449, 0.00608
0.00470, 0.00638
0.00492, 0.00667
0.00515, 0.00697
0.00538, 0.00727
0.00561, 0.00757
0.00585, 0.00786
0.00610, 0.00816
0.00635, 0.00846
0.00660, 0.00876
0.00686, 0.00906
0.00712, 0.00936
0.00739, 0.00966
0.00767, 0.00996
0.00794, 0.01026
0.00823, 0.01056
0.00851, 0.01086
0.00881, 0.01116
0.00910, 0.01146
0.00940, 0.01177
0.00971, 0.01207
0.01002, 0.01237
0.01034, 0.01268
0.01066, 0.01298
0.01099, 0.01328
0.01132, 0.01359
0.01165, 0.01389
0.01199, 0.01420
0.01234, 0.01450
0.01269, 0.01481
0.01304, 0.01512
0.01340, 0.01542
0.01376, 0.01573
0.01413, 0.01604
0.01450, 0.01635
0.01488, 0.01665
0.01526, 0.01696
0.01565, 0.01727
0.01604, 0.01758
0.01644, 0.01789
0.01684, 0.01820
0.01725, 0.01851
0.01766, 0.01882
0.01808, 0.01913
0.01850, 0.01944
0.01892, 0.01975
0.01935, 0.02006
0.01979, 0.02038
0.02023, 0.02069
0.02067, 0.02100
0.02112, 0.02131
0.02157, 0.02163
0.02203, 0.02194
0.02250, 0.02225
0.02296, 0.02257
0.02344, 0.02288
0.02391, 0.02320
0.02440, 0.02351
0.02488, 0.02383
0.02538, 0.02415
0.02587, 0.02446
0.02637, 0.02478
0.02688, 0.02509
0.02739, 0.02541
0.02791, 0.02573
0.02843, 0.02605
0.02895, 0.02636
0.02948, 0.02668
0.03001, 0.02700
0.03055, 0.02732
0.03110, 0.02764
0.03165, 0.02796
0.03220, 0.02828
0.03276, 0.02860
0.03332, 0.02892
0.03389, 0.02924
0.03446, 0.02956
0.03504, 0.02988
0.03562, 0.03020
0.03621, 0.03052
0.03680, 0.03084
0.03740, 0.03117
0.03800, 0.03149
0.03860, 0.03181
0.03921, 0.03213
0.03983, 0.03245
0.04045, 0.03278
0.04107, 0.03310
0.04170, 0.03342
0.04234, 0.03375
0.04298, 0.03407
0.04362, 0.03439
0.04427, 0.03472
0.04493, 0.03504
0.04558, 0.03537
0.04625, 0.03569
0.04692, 0.03601
0.04759, 0.03634
0.04827, 0.03666
0.04895, 0.03699
0.04964, 0.03731
0.05033, 0.03764
0.05103, 0.03796
0.05173, 0.03829
0.05244, 0.03861
0.05315, 0.03894
0.05386, 0.03926
0.05459, 0.03959
0.05531, 0.03991
0.05604, 0.04024
0.05678, 0.04056
0.05752, 0.04089
0.05827, 0.04121
0.05902, 0.04154
0.05977, 0.04186
0.06053, 0.04219
0.06130, 0.04251
0.06207, 0.04284
0.06284, 0.04316
0.06362, 0.04349
0.06441, 0.04381
0.06520, 0.04413
0.06599, 0.04446
0.06679, 0.04478
0.06760, 0.04511
0.06841, 0.04543
0.06922, 0.04575
0.07004, 0.04608
0.07087, 0.04640
0.07170, 0.04672
0.07253, 0.04704
0.07337, 0.04736
0.07422, 0.04769
0.07507, 0.04801
0.07592, 0.04833
0.07678, 0.04865
0.07764, 0.04897
0.07851, 0.04929
0.07939, 0.04961
0.08027, 0.04993
0.08115, 0.05024
0.08204, 0.05056
0.08293, 0.05088
0.08383, 0.05120
0.08474, 0.05151
0.08565, 0.05183
0.08656, 0.05214
0.08748, 0.05246
0.08841, 0.05277
0.08934, 0.05308
0.09027, 0.05340
0.09121, 0.05371
0.09216, 0.05402
0.09311, 0.05433
0.09406, 0.05464
0.09502, 0.05495
0.09599, 0.05526
0.09696, 0.05556
0.09793, 0.05587
0.09891, 0.05617
0.09990, 0.05648
0.10089, 0.05678
0.10189, 0.05708
0.10289, 0.05738
0.10390, 0.05768
0.10491, 0.05798
0.10592, 0.05828
0.10695, 0.05858
0.10797, 0.05887
0.10900, 0.05917
0.11004, 0.05946
0.11109, 0.05975
0.11213, 0.06004
0.11319, 0.06033
0.11424, 0.06062
0.11531, 0.06090
0.11638, 0.06119
0.11745, 0.06147
0.11853, 0.06175
0.11961, 0.06203
0.12070, 0.06231
0.12180, 0.06259
0.12290, 0.06287
0.12400, 0.06314
0.12511, 0.06341
0.12623, 0.06368
0.12735, 0.06395
0.12847, 0.06421
0.12960, 0.06448
0.13073, 0.06474
0.13187, 0.06500
0.13301, 0.06526
0.13415, 0.06551
0.13530, 0.06577
0.13645, 0.06602
0.13761, 0.06627
0.13877, 0.06652
0.13993, 0.06676
0.14109, 0.06701
0.14226, 0.06725
0.14343, 0.06749
0.14461, 0.06772
0.14579, 0.06796
0.14697, 0.06819
0.14816, 0.06842
0.14934, 0.06865
0.15054, 0.06888
0.15173, 0.06910
0.15293, 0.06932
0.15413, 0.06954
0.15534, 0.06976
0.15655, 0.06998
0.15776, 0.07019
0.15897, 0.07040
0.16019, 0.07061
0.16141, 0.07082
0.16264, 0.07102
0.16386, 0.07123
0.16509, 0.07143
0.16633, 0.07163
0.16756, 0.07182
0.16880, 0.07202
0.17004, 0.07221
0.17129, 0.07240
0.17254, 0.07259
0.17379, 0.07278
0.17504, 0.07296
0.17630, 0.07314
0.17756, 0.07332
0.17882, 0.07350
0.18008, 0.07368
0.18135, 0.07385
0.18262, 0.07402
0.18389, 0.07419
0.18517, 0.07436
0.18644, 0.07453
0.18772, 0.07469
0.18901, 0.07486
0.19029, 0.07502
0.19158, 0.07517
0.19287, 0.07533
0.19416, 0.07549
0.19545, 0.07564
0.19675, 0.07579
0.19805, 0.07594
0.19935, 0.07609
0.20066, 0.07623
0.20197, 0.07637
0.20328, 0.07652
0.20459, 0.07666
0.20591, 0.07679
0.20723, 0.07693
0.20855, 0.07706
0.20987, 0.07720
0.21120, 0.07733
0.21253, 0.07745
0.21386, 0.07758
0.21519, 0.07771
0.21653, 0.07783
0.21787, 0.07795
0.21921, 0.07807
0.22055, 0.07819
0.22190, 0.07831
0.22325, 0.07842
0.22460, 0.07853
0.22595, 0.07864
0.22731, 0.07875
0.22867, 0.07886
0.23003, 0.07897
0.23139, 0.07907
0.23275, 0.07917
0.23412, 0.07927
0.23549, 0.07937
0.23686, 0.07947
0.23823, 0.07956
0.23961, 0.07966
0.24099, 0.07975
0.24237, 0.07984
0.24375, 0.07993
0.24513, 0.08002
0.24652, 0.08010
0.24791, 0.08019
0.24930, 0.08027
0.25069, 0.08035
0.25209, 0.08043
0.25348, 0.08051
0.25488, 0.08058
0.25628, 0.08066
0.25768, 0.08073
0.25909, 0.08080
0.26049, 0.08087
0.26190, 0.08094
0.26331, 0.08101
0.26472, 0.08108
0.26613, 0.08114
0.26755, 0.08120
0.26897, 0.08126
0.27039, 0.08132
0.27181, 0.08138
0.27324, 0.08144
0.27466, 0.08150
0.27609, 0.08155
0.27752, 0.08160
0.27895, 0.08165
0.28039, 0.08170
0.28183, 0.08175
0.28327, 0.08180
0.28471, 0.08184
0.28615, 0.08189
0.28760, 0.08193
0.28905, 0.08197
0.29050, 0.08201
0.29195, 0.08205
0.29340, 0.08209
0.29486, 0.08212
0.29632, 0.08216
0.29778, 0.08219
0.29924, 0.08222
0.30070, 0.08225
0.30217, 0.08228
0.30363, 0.08231
0.30510, 0.08233
0.30657, 0.08236
0.30805, 0.08238
0.30952, 0.08240
0.31100, 0.08242
0.31248, 0.08244
0.31396, 0.08246
0.31544, 0.08248
0.31692, 0.08249
0.31841, 0.08250
0.31990, 0.08252
0.32138, 0.08253
0.32288, 0.08254
0.32437, 0.08254
0.32586, 0.08255
0.32736, 0.08256
0.32886, 0.08256
0.33036, 0.08256
0.33186, 0.08256
0.33337, 0.08256
0.33488, 0.08256
0.33639, 0.08256
0.33790, 0.08255
0.33942, 0.08255
0.34093, 0.08254
0.34245, 0.08253
0.34397, 0.08252
0.34549, 0.08250
0.34702, 0.08249
0.34854, 0.08248
0.35007, 0.08246
0.35159, 0.08244
0.35312, 0.08242
0.35465, 0.08240
0.35619, 0.08238
0.35772, 0.08235
0.35925, 0.08232
0.36079, 0.08230
0.36233, 0.08227
0.36387, 0.08224
0.36541, 0.08221
0.36695, 0.08217
0.36849, 0.08214
0.37003, 0.08210
0.37158, 0.08206
0.37313, 0.08202
0.37467, 0.08198
0.37622, 0.08194
0.37777, 0.08189
0.37932, 0.08185
0.38087, 0.08180
0.38243, 0.08175
0.38398, 0.08170
0.38554, 0.08165
0.38709, 0.08160
0.38865, 0.08155
0.39021, 0.08149
0.39177, 0.08143
0.39333, 0.08137
0.39489, 0.08131
0.39645, 0.08125
0.39801, 0.08119
0.39957, 0.08112
0.40114, 0.08106
0.40270, 0.08099
0.40427, 0.08092
0.40583, 0.08085
0.40740, 0.08078
0.40897, 0.08071
0.41053, 0.08064
0.41210, 0.08056
0.41367, 0.08048
0.41524, 0.08041
0.41681, 0.08033
0.41838, 0.08025
0.41995, 0.08016
0.42153, 0.08008
0.42310, 0.08000
0.42467, 0.07991
0.42624, 0.07982
0.42782, 0.07974
0.42939, 0.07965
0.43097, 0.07956
0.43254, 0.07946
0.43412, 0.07937
0.43569, 0.07928
0.43727, 0.07918
0.43884, 0.07908
0.44042, 0.07899
0.44200, 0.07889
0.44357, 0.07879
0.44515, 0.07869
0.44673, 0.07858
0.44830, 0.07848
0.44988, 0.07838
0.45146, 0.07827
0.45304, 0.07816
0.45461, 0.07806
0.45619, 0.07795
0.45777, 0.07784
0.45935, 0.07773
0.46093, 0.07762
0.46250, 0.07750
0.46408, 0.07739
0.46566, 0.07727
0.46724, 0.07716
0.46882, 0.07704
0.47039, 0.07693
0.47197, 0.07681
0.47355, 0.07669
0.47513, 0.07657
0.47670, 0.07645
0.47828, 0.07632
0.47986, 0.07620
0.48144, 0.07608
0.48301, 0.07595
0.48459, 0.07583
0.48617, 0.07570
0.48774, 0.07558
0.48932, 0.07545
0.49090, 0.07532
0.49247, 0.07519
0.49405, 0.07506
0.49562, 0.07493
0.49720, 0.07480
0.49877, 0.07467
0.50035, 0.07454
0.50192, 0.07440
0.50349, 0.07427
0.50507, 0.07414
0.50664, 0.07400
0.50821, 0.07387
0.50979, 0.07373
0.51136, 0.07359
0.51293, 0.07346
0.51450, 0.07332
0.51607, 0.07318
0.51764, 0.07304
0.51921, 0.07290
0.52078, 0.07276
0.52235, 0.07262
0.52392, 0.07248
0.52549, 0.07234
0.52706, 0.07220
0.52862, 0.07206
0.53019, 0.07191
0.53176, 0.07177
0.53332, 0.07163
0.53489, 0.07148
0.53645, 0.07134
0.53801, 0.07119
0.53958, 0.07105
0.54114, 0.07090
0.54270, 0.07076
0.54426, 0.07061
0.54582, 0.07046
0.54739, 0.07032
0.54894, 0.07017
0.55050, 0.07002
0.55206, 0.06987
0.55362, 0.06973
0.55518, 0.06958
0.55673, 0.06943
0.55829, 0.06928
0.55984, 0.06913
0.56140, 0.06898
0.56295, 0.06883
0.56450, 0.06868
0.56606, 0.06853
0.56761, 0.06838
0.56916, 0.06823
0.57071, 0.06808
0.57226, 0.06793
0.57380, 0.06778
0.57535, 0.06763
0.57690, 0.06747
0.57844, 0.06732
0.57999, 0.06717
0.58153, 0.06702
0.58308, 0.06687
0.58462, 0.06671
0.58616, 0.06656
0.58770, 0.06641
0.58924, 0.06626
0.59078, 0.06610
0.59232, 0.06595
0.59385, 0.06580
0.59539, 0.06564
0.59692, 0.06549
0.59846, 0.06534
0.59999, 0.06518
0.60152, 0.06503
0.60305, 0.06488
0.60458, 0.06472
0.60611, 0.06457
0.60764, 0.06442
0.60916, 0.06426
0.61069, 0.06411
0.61221, 0.06395
0.61374, 0.06380
0.61526, 0.06365
0.61678, 0.06349
0.61830, 0.06334
0.61982, 0.06318
0.62134, 0.06303
0.62285, 0.06288
0.62437, 0.06272
0.62588, 0.06257
0.62739, 0.06241
0.62891, 0.06226
0.63042, 0.06211
0.63192, 0.06195
0.63343, 0.06180
0.63494, 0.06164
0.63644, 0.06149
0.63795, 0.06134
0.63945, 0.06118
0.64095, 0.06103
0.64245, 0.06088
0.64395, 0.06072
0.64545, 0.06057
0.64694, 0.06041
0.64843, 0.06026
0.64991, 0.06011
0.65135, 0.05996
0.65261, 0.05981
0.65342, 0.05967
0.65339, 0.05952
0.65235, 0.05929
0.65093, 0.05895
0.65046, 0.05872
0.65198, 0.05897
0.65547, 0.05959
0.65987, 0.06011
0.66386, 0.06029
0.66684, 0.06023
0.66899, 0.06010
0.67068, 0.05994
0.67221, 0.05979
0.67370, 0.05963
0.67517, 0.05948
0.67664, 0.05932
0.67811, 0.05916
0.67958, 0.05901
0.68105, 0.05885
0.68251, 0.05869
0.68398, 0.05854
0.68544, 0.05838
0.68690, 0.05822
0.68836, 0.05807
0.68982, 0.05791
0.69128, 0.05775
0.69273, 0.05759
0.69418, 0.05743
0.69564, 0.05727
0.69709, 0.05711
0.69854, 0.05696
0.69999, 0.05680
0.70143, 0.05664
0.70288, 0.05647
0.70432, 0.05631
0.70576, 0.05615
0.70720, 0.05599
0.70864, 0.05583
0.71008, 0.05567
0.71151, 0.05550
0.71294, 0.05534
0.71437, 0.05518
0.71580, 0.05501
0.71723, 0.05485
0.71866, 0.05468
0.72008, 0.05451
0.72150, 0.05435
0.72292, 0.05418
0.72434, 0.05401
0.72576, 0.05384
0.72717, 0.05368
0.72858, 0.05351
0.72999, 0.05334
0.73140, 0.05316
0.73281, 0.05299
0.73421, 0.05282
0.73561, 0.05265
0.73701, 0.05248
0.73841, 0.05230
0.73981, 0.05213
0.74120, 0.05195
0.74259, 0.05178
0.74398, 0.05160
0.74537, 0.05142
0.74675, 0.05124
0.74813, 0.05107
0.74951, 0.05089
0.75089, 0.05071
0.75227, 0.05052
0.75364, 0.05034
0.75501, 0.05016
0.75637, 0.04998
0.75774, 0.04979
0.75910, 0.04961
0.76046, 0.04942
0.76182, 0.04924
0.76317, 0.04905
0.76452, 0.04886
0.76587, 0.04868
0.76722, 0.04849
0.76856, 0.04830
0.76990, 0.04811
0.77124, 0.04792
0.77257, 0.04772
0.77391, 0.04753
0.77524, 0.04734
0.77656, 0.04715
0.77789, 0.04695
0.77921, 0.04676
0.78052, 0.04656
0.78184, 0.04636
0.78315, 0.04617
0.78446, 0.04597
0.78577, 0.04577
0.78707, 0.04557
0.78837, 0.04537
0.78967, 0.04517
0.79096, 0.04497
0.79225, 0.04477
0.79354, 0.04457
0.79483, 0.04437
0.79611, 0.04416
0.79739, 0.04396
0.79866, 0.04376
0.79994, 0.04355
0.80121, 0.04335
0.80247, 0.04314
0.80374, 0.04293
0.80500, 0.04273
0.80625, 0.04252
0.80751, 0.04231
0.80876, 0.04210
0.81001, 0.04189
0.81125, 0.04168
0.81249, 0.04147
0.81373, 0.04126
0.81497, 0.04105
0.81620, 0.04084
0.81743, 0.04063
0.81865, 0.04041
0.81987, 0.04020
0.82109, 0.03999
0.82231, 0.03977
0.82352, 0.03956
0.82473, 0.03934
0.82593, 0.03913
0.82713, 0.03891
0.82833, 0.03870
0.82953, 0.03848
0.83072, 0.03826
0.83191, 0.03804
0.83309, 0.03783
0.83427, 0.03761
0.83545, 0.03739
0.83663, 0.03717
0.83780, 0.03695
0.83896, 0.03673
0.84013, 0.03651
0.84129, 0.03629
0.84244, 0.03607
0.84359, 0.03585
0.84474, 0.03563
0.84589, 0.03541
0.84703, 0.03519
0.84816, 0.03496
0.84930, 0.03474
0.85043, 0.03452
0.85155, 0.03430
0.85268, 0.03408
0.85379, 0.03386
0.85491, 0.03363
0.85602, 0.03341
0.85713, 0.03319
0.85823, 0.03297
0.85933, 0.03274
0.86042, 0.03252
0.86152, 0.03230
0.86260, 0.03208
0.86369, 0.03186
0.86477, 0.03163
0.86584, 0.03141
0.86692, 0.03119
0.86799, 0.03097
0.86905, 0.03075
0.87011, 0.03053
0.87117, 0.03030
0.87222, 0.03008
0.87327, 0.02986
0.87432, 0.02964
0.87536, 0.02942
0.87640, 0.02920
0.87743, 0.02898
0.87846, 0.02876
0.87949, 0.02854
0.88051, 0.02833
0.88153, 0.02811
0.88254, 0.02789
0.88355, 0.02767
0.88456, 0.02745
0.88556, 0.02724
0.88656, 0.02702
0.88755, 0.02680
0.88854, 0.02659
0.88953, 0.02637
0.89051, 0.02616
0.89149, 0.02594
0.89246, 0.02573
0.89343, 0.02551
0.89440, 0.02530
0.89536, 0.02509
0.89632, 0.02488
0.89728, 0.02466
0.89823, 0.02445
0.89917, 0.02424
0.90012, 0.02403
0.90106, 0.02382
0.90199, 0.02361
0.90292, 0.02341
0.90385, 0.02320
0.90477, 0.02299
0.90569, 0.02278
0.90660, 0.02258
0.90751, 0.02237
0.90842, 0.02217
0.90932, 0.02196
0.91022, 0.02176
0.91111, 0.02156
0.91200, 0.02136
0.91288, 0.02115
0.91377, 0.02095
0.91464, 0.02075
0.91552, 0.02055
0.91638, 0.02035
0.91725, 0.02016
0.91811, 0.01996
0.91897, 0.01976
0.91982, 0.01957
0.92067, 0.01937
0.92151, 0.01918
0.92235, 0.01899
0.92318, 0.01879
0.92402, 0.01860
0.92484, 0.01841
0.92567, 0.01822
0.92648, 0.01803
0.92730, 0.01784
0.92811, 0.01765
0.92891, 0.01747
0.92972, 0.01728
0.93051, 0.01710
0.93131, 0.01691
0.93210, 0.01673
0.93288, 0.01655
0.93366, 0.01636
0.93444, 0.01618
0.93521, 0.01600
0.93598, 0.01582
0.93674, 0.01565
0.93750, 0.01547
0.93825, 0.01529
0.93900, 0.01512
0.93975, 0.01494
0.94049, 0.01477
0.94123, 0.01460
0.94196, 0.01442
0.94269, 0.01425
0.94342, 0.01408
0.94414, 0.01391
0.94485, 0.01375
0.94556, 0.01358
0.94627, 0.01341
0.94697, 0.01325
0.94767, 0.01308
0.94836, 0.01292
0.94905, 0.01276
0.94974, 0.01260
0.95042, 0.01244
0.95110, 0.01228
0.95177, 0.01212
0.95243, 0.01196
0.95310, 0.01180
0.95376, 0.01165
0.95441, 0.01150
0.95506, 0.01134
0.95571, 0.01119
0.95635, 0.01104
0.95698, 0.01089
0.95761, 0.01074
0.95824, 0.01059
0.95886, 0.01044
0.95948, 0.01030
0.96010, 0.01015
0.96071, 0.01001
0.96131, 0.00987
0.96191, 0.00972
0.96251, 0.00958
0.96310, 0.00944
0.96369, 0.00931
0.96427, 0.00917
0.96485, 0.00903
0.96542, 0.00890
0.96599, 0.00876
0.96655, 0.00863
0.96711, 0.00850
0.96767, 0.00836
0.96822, 0.00823
0.96877, 0.00811
0.96931, 0.00798
0.96984, 0.00785
0.97038, 0.00772
0.97090, 0.00760
0.97143, 0.00748
0.97195, 0.00735
0.97246, 0.00723
0.97297, 0.00711
0.97347, 0.00699
0.97398, 0.00687
0.97447, 0.00676
0.97496, 0.00664
0.97545, 0.00653
0.97593, 0.00641
0.97641, 0.00630
0.97688, 0.00619
0.97735, 0.00608
0.97781, 0.00597
0.97827, 0.00586
0.97872, 0.00575
0.97917, 0.00565
0.97962, 0.00554
0.98006, 0.00544
0.98049, 0.00534
0.98092, 0.00523
0.98135, 0.00513
0.98177, 0.00503
0.98219, 0.00494
0.98260, 0.00484
0.98301, 0.00474
0.98341, 0.00465
0.98381, 0.00456
0.98420, 0.00446
0.98459, 0.00437
0.98497, 0.00428
0.98535, 0.00419
0.98572, 0.00410
0.98609, 0.00402
0.98646, 0.00393
0.98682, 0.00385
0.98717, 0.00376
0.98752, 0.00368
0.98787, 0.00360
0.98821, 0.00352
0.98855, 0.00344
0.98888, 0.00336
0.98920, 0.00328
0.98953, 0.00321
0.98984, 0.00313
0.99016, 0.00306
0.99046, 0.00299
0.99077, 0.00292
0.99106, 0.00285
0.99136, 0.00278
0.99165, 0.00271
0.99193, 0.00265
0.99221, 0.00258
0.99248, 0.00252
0.99275, 0.00245
0.99302, 0.00239
0.99328, 0.00233
0.99353, 0.00227
0.99378, 0.00221
0.99403, 0.00215
0.99427, 0.00210
0.99450, 0.00204
0.99473, 0.00199
0.99496, 0.00194
0.99518, 0.00188
0.99540, 0.00183
0.99561, 0.00178
0.99582, 0.00173
0.99602, 0.00169
0.99622, 0.00164
0.99641, 0.00160
0.99659, 0.00155
0.99678, 0.00151
0.99695, 0.00147
0.99713, 0.00143
0.99730, 0.00139
0.99746, 0.00135
0.99762, 0.00131
0.99777, 0.00128
0.99792, 0.00124
0.99806, 0.00121
0.99820, 0.00118
0.99834, 0.00115
0.99847, 0.00112
0.99859, 0.00109
0.99871, 0.00106
0.99882, 0.00103
0.99893, 0.00101
0.99904, 0.00098
0.99914, 0.00096
0.99923, 0.00094
0.99932, 0.00092
0.99941, 0.00090
0.99949, 0.00088
0.99956, 0.00086
0.99964, 0.00084
0.99970, 0.00083
0.99976, 0.00081
0.99982, 0.00080
0.99987, 0.00079
0.99992, 0.00078
0.99996, 0.00077
0.99999, 0.00076
1.00003, 0.00075
1.00005, 0.00075
1.00008, 0.00074
1.00009, 0.00074
1.00011, 0.00073
1.00017, 0.00072
1.00019, 0.00072

=== Lower Surface ===
0.00000, -0.00882
0.00007, -0.00909
0.00010, -0.00937
0.00015, -0.00964
0.00021, -0.00991
0.00027, -0.01019
0.00034, -0.01046
0.00041, -0.01073
0.00049, -0.01099
0.00058, -0.01126
0.00067, -0.01153
0.00076, -0.01179
0.00086, -0.01206
0.00096, -0.01232
0.00107, -0.01258
0.00118, -0.01284
0.00130, -0.01310
0.00143, -0.01336
0.00155, -0.01362
0.00169, -0.01387
0.00182, -0.01413
0.00197, -0.01438
0.00211, -0.01463
0.00227, -0.01488
0.00243, -0.01513
0.00259, -0.01538
0.00276, -0.01563
0.00293, -0.01588
0.00311, -0.01612
0.00329, -0.01637
0.00348, -0.01661
0.00367, -0.01685
0.00387, -0.01709
0.00407, -0.01733
0.00428, -0.01757
0.00449, -0.01781
0.00470, -0.01804
0.00493, -0.01828
0.00515, -0.01851
0.00539, -0.01874
0.00562, -0.01897
0.00586, -0.01920
0.00611, -0.01943
0.00636, -0.01966
0.00662, -0.01988
0.00688, -0.02011
0.00715, -0.02033
0.00742, -0.02055
0.00770, -0.02078
0.00798, -0.02100
0.00826, -0.02121
0.00856, -0.02143
0.00885, -0.02165
0.00915, -0.02186
0.00946, -0.02208
0.00977, -0.02229
0.01009, -0.02250
0.01041, -0.02271
0.01073, -0.02292
0.01107, -0.02312
0.01140, -0.02333
0.01174, -0.02353
0.01209, -0.02374
0.01244, -0.02394
0.01279, -0.02414
0.01315, -0.02434
0.01352, -0.02453
0.01389, -0.02473
0.01426, -0.02492
0.01464, -0.02512
0.01503, -0.02531
0.01542, -0.02550
0.01581, -0.02569
0.01621, -0.02588
0.01662, -0.02607
0.01703, -0.02625
0.01744, -0.02644
0.01786, -0.02662
0.01828, -0.02680
0.01871, -0.02698
0.01914, -0.02716
0.01958, -0.02733
0.02002, -0.02751
0.02047, -0.02769
0.02093, -0.02786
0.02138, -0.02803
0.02184, -0.02820
0.02231, -0.02837
0.02278, -0.02854
0.02326, -0.02870
0.02374, -0.02887
0.02423, -0.02903
0.02472, -0.02919
0.02521, -0.02935
0.02571, -0.02951
0.02622, -0.02967
0.02673, -0.02982
0.02724, -0.02998
0.02776, -0.03013
0.02829, -0.03028
0.02881, -0.03043
0.02935, -0.03058
0.02988, -0.03072
0.03043, -0.03087
0.03097, -0.03101
0.03153, -0.03116
0.03208, -0.03130
0.03264, -0.03144
0.03321, -0.03158
0.03378, -0.03171
0.03435, -0.03185
0.03493, -0.03198
0.03552, -0.03211
0.03610, -0.03224
0.03670, -0.03237
0.03729, -0.03250
0.03790, -0.03263
0.03850, -0.03275
0.03911, -0.03287
0.03973, -0.03300
0.04035, -0.03312
0.04097, -0.03324
0.04160, -0.03335
0.04223, -0.03347
0.04287, -0.03358
0.04351, -0.03370
0.04416, -0.03381
0.04481, -0.03392
0.04546, -0.03402
0.04612, -0.03413
0.04679, -0.03424
0.04745, -0.03434
0.04813, -0.03444
0.04880, -0.03454
0.04948, -0.03464
0.05017, -0.03474
0.05086, -0.03484
0.05155, -0.03493
0.05225, -0.03503
0.05295, -0.03512
0.05366, -0.03521
0.05437, -0.03530
0.05508, -0.03539
0.05580, -0.03547
0.05652, -0.03556
0.05725, -0.03564
0.05798, -0.03572
0.05871, -0.03580
0.05945, -0.03588
0.06019, -0.03596
0.06094, -0.03603
0.06169, -0.03611
0.06245, -0.03618
0.06320, -0.03625
0.06397, -0.03633
0.06473, -0.03639
0.06550, -0.03646
0.06628, -0.03653
0.06706, -0.03659
0.06784, -0.03666
0.06862, -0.03672
0.06941, -0.03678
0.07021, -0.03684
0.07100, -0.03690
0.07180, -0.03696
0.07261, -0.03701
0.07342, -0.03707
0.07423, -0.03712
0.07504, -0.03717
0.07586, -0.03722
0.07669, -0.03727
0.07751, -0.03732
0.07834, -0.03737
0.07918, -0.03741
0.08001, -0.03746
0.08085, -0.03750
0.08170, -0.03754
0.08254, -0.03758
0.08340, -0.03762
0.08425, -0.03766
0.08511, -0.03770
0.08597, -0.03774
0.08683, -0.03777
0.08770, -0.03781
0.08857, -0.03784
0.08945, -0.03787
0.09032, -0.03790
0.09121, -0.03793
0.09209, -0.03796
0.09298, -0.03799
0.09387, -0.03802
0.09476, -0.03804
0.09566, -0.03807
0.09656, -0.03809
0.09746, -0.03812
0.09837, -0.03814
0.09928, -0.03816
0.10019, -0.03818
0.10111, -0.03820
0.10202, -0.03822
0.10295, -0.03824
0.10387, -0.03826
0.10480, -0.03827
0.10573, -0.03829
0.10666, -0.03830
0.10760, -0.03832
0.10853, -0.03833
0.10948, -0.03834
0.11042, -0.03836
0.11137, -0.03837
0.11232, -0.03838
0.11327, -0.03839
0.11422, -0.03840
0.11518, -0.03841
0.11614, -0.03842
0.11710, -0.03843
0.11807, -0.03844
0.11904, -0.03845
0.12001, -0.03845
0.12098, -0.03846
0.12196, -0.03847
0.12293, -0.03847
0.12391, -0.03848
0.12490, -0.03849
0.12588, -0.03849
0.12687, -0.03850
0.12786, -0.03850
0.12885, -0.03851
0.12984, -0.03851
0.13084, -0.03852
0.13184, -0.03852
0.13284, -0.03853
0.13384, -0.03853
0.13485, -0.03854
0.13585, -0.03854
0.13686, -0.03855
0.13787, -0.03855
0.13889, -0.03856
0.13990, -0.03856
0.14092, -0.03857
0.14195, -0.03857
0.14297, -0.03858
0.14400, -0.03858
0.14503, -0.03859
0.14607, -0.03859
0.14711, -0.03860
0.14815, -0.03860
0.14920, -0.03861
0.15025, -0.03861
0.15130, -0.03862
0.15236, -0.03862
0.15342, -0.03863
0.15448, -0.03863
0.15555, -0.03863
0.15662, -0.03864
0.15769, -0.03864
0.15877, -0.03865
0.15985, -0.03865
0.16094, -0.03866
0.16203, -0.03866
0.16312, -0.03867
0.16421, -0.03867
0.16531, -0.03868
0.16641, -0.03868
0.16752, -0.03869
0.16863, -0.03869
0.16974, -0.03870
0.17086, -0.03870
0.17198, -0.03870
0.17310, -0.03871
0.17423, -0.03871
0.17536, -0.03872
0.17650, -0.03872
0.17763, -0.03873
0.17878, -0.03873
0.17992, -0.03873
0.18107, -0.03874
0.18222, -0.03874
0.18338, -0.03874
0.18454, -0.03875
0.18570, -0.03875
0.18687, -0.03875
0.18804, -0.03876
0.18921, -0.03876
0.19039, -0.03876
0.19157, -0.03876
0.19275, -0.03877
0.19394, -0.03877
0.19513, -0.03877
0.19633, -0.03877
0.19752, -0.03877
0.19873, -0.03877
0.19993, -0.03878
0.20114, -0.03878
0.20235, -0.03878
0.20357, -0.03878
0.20479, -0.03878
0.20601, -0.03878
0.20724, -0.03878
0.20847, -0.03878
0.20970, -0.03877
0.21093, -0.03877
0.21217, -0.03877
0.21342, -0.03877
0.21466, -0.03877
0.21591, -0.03877
0.21716, -0.03876
0.21841, -0.03876
0.21967, -0.03876
0.22093, -0.03875
0.22219, -0.03875
0.22346, -0.03874
0.22473, -0.03874
0.22600, -0.03874
0.22728, -0.03873
0.22856, -0.03872
0.22984, -0.03872
0.23112, -0.03871
0.23241, -0.03871
0.23370, -0.03870
0.23500, -0.03869
0.23629, -0.03868
0.23759, -0.03868
0.23890, -0.03867
0.24020, -0.03866
0.24151, -0.03865
0.24282, -0.03864
0.24414, -0.03863
0.24546, -0.03862
0.24678, -0.03861
0.24810, -0.03860
0.24943, -0.03859
0.25076, -0.03858
0.25209, -0.03856
0.25343, -0.03855
0.25476, -0.03854
0.25611, -0.03852
0.25745, -0.03851
0.25880, -0.03849
0.26015, -0.03848
0.26150, -0.03846
0.26286, -0.03845
0.26422, -0.03843
0.26558, -0.03841
0.26694, -0.03840
0.26831, -0.03838
0.26968, -0.03836
0.27105, -0.03834
0.27242, -0.03832
0.27380, -0.03830
0.27518, -0.03828
0.27656, -0.03826
0.27794, -0.03824
0.27933, -0.03821
0.28072, -0.03819
0.28211, -0.03817
0.28350, -0.03814
0.28490, -0.03812
0.28629, -0.03809
0.28769, -0.03807
0.28909, -0.03804
0.29050, -0.03801
0.29190, -0.03799
0.29331, -0.03796
0.29472, -0.03793
0.29613, -0.03790
0.29754, -0.03787
0.29896, -0.03784
0.30038, -0.03781
0.30180, -0.03778
0.30322, -0.03775
0.30464, -0.03772
0.30607, -0.03769
0.30750, -0.03766
0.30893, -0.03762
0.31036, -0.03759
0.31179, -0.03756
0.31323, -0.03752
0.31467, -0.03749
0.31611, -0.03745
0.31755, -0.03742
0.31899, -0.03738
0.32044, -0.03734
0.32188, -0.03731
0.32333, -0.03727
0.32478, -0.03723
0.32623, -0.03719
0.32769, -0.03715
0.32914, -0.03711
0.33060, -0.03707
0.33206, -0.03703
0.33351, -0.03699
0.33497, -0.03695
0.33643, -0.03691
0.33789, -0.03687
0.33935, -0.03683
0.34082, -0.03679
0.34228, -0.03674
0.34375, -0.03670
0.34522, -0.03666
0.34669, -0.03662
0.34816, -0.03657
0.34963, -0.03653
0.35110, -0.03649
0.35258, -0.03644
0.35405, -0.03640
0.35553, -0.03635
0.35701, -0.03631
0.35849, -0.03626
0.35997, -0.03622
0.36146, -0.03617
0.36294, -0.03613
0.36443, -0.03608
0.36592, -0.03604
0.36741, -0.03599
0.36890, -0.03594
0.37039, -0.03590
0.37188, -0.03585
0.37337, -0.03580
0.37487, -0.03576
0.37637, -0.03571
0.37787, -0.03566
0.37937, -0.03562
0.38087, -0.03557
0.38237, -0.03552
0.38387, -0.03547
0.38538, -0.03543
0.38688, -0.03538
0.38839, -0.03533
0.38990, -0.03528
0.39141, -0.03523
0.39292, -0.03518
0.39443, -0.03513
0.39595, -0.03509
0.39746, -0.03504
0.39898, -0.03499
0.40050, -0.03494
0.40202, -0.03489
0.40354, -0.03484
0.40506, -0.03479
0.40658, -0.03474
0.40810, -0.03469
0.40963, -0.03464
0.41115, -0.03459
0.41268, -0.03454
0.41421, -0.03449
0.41574, -0.03444
0.41727, -0.03439
0.41880, -0.03433
0.42033, -0.03428
0.42187, -0.03423
0.42340, -0.03418
0.42494, -0.03413
0.42647, -0.03408
0.42801, -0.03402
0.42955, -0.03397
0.43109, -0.03392
0.43263, -0.03387
0.43417, -0.03381
0.43572, -0.03376
0.43726, -0.03371
0.43880, -0.03365
0.44035, -0.03360
0.44190, -0.03355
0.44344, -0.03349
0.44499, -0.03344
0.44654, -0.03338
0.44809, -0.03333
0.44964, -0.03327
0.45120, -0.03322
0.45275, -0.03316
0.45430, -0.03311
0.45586, -0.03305
0.45741, -0.03299
0.45897, -0.03294
0.46053, -0.03288
0.46208, -0.03282
0.46364, -0.03277
0.46520, -0.03271
0.46676, -0.03265
0.46832, -0.03259
0.46988, -0.03253
0.47145, -0.03247
0.47301, -0.03241
0.47457, -0.03235
0.47614, -0.03229
0.47770, -0.03223
0.47926, -0.03217
0.48083, -0.03211
0.48240, -0.03205
0.48396, -0.03199
0.48553, -0.03193
0.48710, -0.03187
0.48866, -0.03180
0.49023, -0.03174
0.49180, -0.03168
0.49337, -0.03161
0.49494, -0.03155
0.49651, -0.03148
0.49808, -0.03142
0.49965, -0.03135
0.50122, -0.03129
0.50279, -0.03122
0.50437, -0.03115
0.50594, -0.03109
0.50751, -0.03102
0.50908, -0.03095
0.51065, -0.03088
0.51223, -0.03081
0.51380, -0.03074
0.51537, -0.03067
0.51694, -0.03060
0.51852, -0.03053
0.52009, -0.03046
0.52166, -0.03039
0.52324, -0.03031
0.52481, -0.03024
0.52638, -0.03017
0.52796, -0.03009
0.52953, -0.03002
0.53110, -0.02994
0.53267, -0.02987
0.53425, -0.02979
0.53582, -0.02972
0.53739, -0.02964
0.53896, -0.02956
0.54054, -0.02948
0.54211, -0.02941
0.54368, -0.02933
0.54525, -0.02925
0.54682, -0.02917
0.54839, -0.02909
0.54996, -0.02900
0.55153, -0.02892
0.55310, -0.02884
0.55467, -0.02876
0.55624, -0.02867
0.55781, -0.02859
0.55938, -0.02850
0.56095, -0.02842
0.56251, -0.02833
0.56408, -0.02825
0.56565, -0.02816
0.56721, -0.02807
0.56878, -0.02798
0.57034, -0.02790
0.57190, -0.02781
0.57347, -0.02772
0.57503, -0.02763
0.57659, -0.02754
0.57815, -0.02744
0.57971, -0.02735
0.58127, -0.02726
0.58283, -0.02717
0.58439, -0.02707
0.58595, -0.02698
0.58751, -0.02688
0.58906, -0.02679
0.59062, -0.02669
0.59217, -0.02660
0.59372, -0.02650
0.59528, -0.02640
0.59683, -0.02630
0.59838, -0.02620
0.59993, -0.02610
0.60148, -0.02600
0.60302, -0.02590
0.60457, -0.02580
0.60612, -0.02570
0.60766, -0.02560
0.60920, -0.02550
0.61075, -0.02539
0.61229, -0.02529
0.61383, -0.02519
0.61537, -0.02508
0.61690, -0.02497
0.61844, -0.02487
0.61998, -0.02476
0.62151, -0.02466
0.62304, -0.02455
0.62458, -0.02444
0.62611, -0.02433
0.62763, -0.02422
0.62916, -0.02411
0.63069, -0.02400
0.63222, -0.02389
0.63374, -0.02378
0.63526, -0.02367
0.63678, -0.02356
0.63830, -0.02344
0.63982, -0.02333
0.64134, -0.02322
0.64285, -0.02310
0.64437, -0.02299
0.64588, -0.02287
0.64739, -0.02276
0.64892, -0.02264
0.65048, -0.02253
0.65222, -0.02241
0.65440, -0.02227
0.65742, -0.02205
0.66145, -0.02160
0.66585, -0.02080
0.66930, -0.01991
0.67076, -0.01939
0.67024, -0.01935
0.66882, -0.01942
0.66779, -0.01938
0.66778, -0.01925
0.66860, -0.01912
0.66986, -0.01899
0.67128, -0.01887
0.67275, -0.01875
0.67422, -0.01863
0.67570, -0.01851
0.67717, -0.01839
0.67864, -0.01827
0.68011, -0.01815
0.68157, -0.01803
0.68304, -0.01791
0.68450, -0.01779
0.68596, -0.01766
0.68741, -0.01754
0.68887, -0.01742
0.69032, -0.01730
0.69177, -0.01718
0.69321, -0.01706
0.69466, -0.01694
0.69610, -0.01682
0.69754, -0.01670
0.69898, -0.01658
0.70041, -0.01646
0.70185, -0.01634
0.70328, -0.01622
0.70471, -0.01610
0.70613, -0.01598
0.70756, -0.01586
0.70898, -0.01574
0.71040, -0.01562
0.71181, -0.01550
0.71323, -0.01538
0.71464, -0.01526
0.71605, -0.01515
0.71745, -0.01503
0.71886, -0.01491
0.72026, -0.01480
0.72166, -0.01468
0.72305, -0.01457
0.72445, -0.01445
0.72584, -0.01434
0.72723, -0.01422
0.72861, -0.01411
0.73000, -0.01399
0.73138, -0.01388
0.73276, -0.01377
0.73414, -0.01366
0.73551, -0.01355
0.73688, -0.01344
0.73825, -0.01333
0.73962, -0.01322
0.74098, -0.01311
0.74234, -0.01300
0.74370, -0.01290
0.74506, -0.01279
0.74641, -0.01268
0.74776, -0.01258
0.74911, -0.01248
0.75046, -0.01237
0.75180, -0.01227
0.75314, -0.01217
0.75448, -0.01207
0.75582, -0.01197
0.75715, -0.01187
0.75848, -0.01177
0.75981, -0.01167
0.76114, -0.01157
0.76246, -0.01147
0.76378, -0.01138
0.76510, -0.01128
0.76642, -0.01119
0.76773, -0.01109
0.76904, -0.01100
0.77035, -0.01091
0.77166, -0.01082
0.77296, -0.01073
0.77426, -0.01064
0.77556, -0.01055
0.77685, -0.01046
0.77815, -0.01037
0.77944, -0.01029
0.78073, -0.01020
0.78201, -0.01012
0.78329, -0.01003
0.78457, -0.00995
0.78585, -0.00986
0.78713, -0.00978
0.78840, -0.00970
0.78967, -0.00962
0.79093, -0.00954
0.79220, -0.00946
0.79346, -0.00939
0.79471, -0.00931
0.79597, -0.00923
0.79722, -0.00916
0.79847, -0.00908
0.79972, -0.00901
0.80096, -0.00893
0.80220, -0.00886
0.80344, -0.00879
0.80468, -0.00872
0.80591, -0.00865
0.80714, -0.00858
0.80837, -0.00851
0.80959, -0.00844
0.81081, -0.00838
0.81203, -0.00831
0.81324, -0.00824
0.81446, -0.00818
0.81567, -0.00812
0.81687, -0.00805
0.81807, -0.00799
0.81927, -0.00793
0.82047, -0.00787
0.82167, -0.00781
0.82286, -0.00775
0.82405, -0.00769
0.82523, -0.00763
0.82641, -0.00758
0.82759, -0.00752
0.82877, -0.00747
0.82994, -0.00741
0.83111, -0.00736
0.83228, -0.00731
0.83344, -0.00725
0.83460, -0.00720
0.83576, -0.00715
0.83691, -0.00710
0.83806, -0.00705
0.83921, -0.00700
0.84036, -0.00696
0.84150, -0.00691
0.84264, -0.00686
0.84378, -0.00682
0.84491, -0.00677
0.84604, -0.00673
0.84717, -0.00668
0.84829, -0.00664
0.84941, -0.00660
0.85053, -0.00656
0.85164, -0.00651
0.85275, -0.00647
0.85386, -0.00643
0.85497, -0.00639
0.85607, -0.00635
0.85717, -0.00632
0.85826, -0.00628
0.85935, -0.00624
0.86044, -0.00620
0.86153, -0.00617
0.86261, -0.00613
0.86369, -0.00609
0.86476, -0.00606
0.86583, -0.00602
0.86690, -0.00599
0.86797, -0.00595
0.86903, -0.00592
0.87008, -0.00589
0.87114, -0.00585
0.87219, -0.00582
0.87324, -0.00579
0.87428, -0.00576
0.87532, -0.00573
0.87636, -0.00570
0.87739, -0.00567
0.87842, -0.00563
0.87945, -0.00560
0.88047, -0.00557
0.88149, -0.00555
0.88250, -0.00552
0.88352, -0.00549
0.88452, -0.00546
0.88553, -0.00543
0.88653, -0.00540
0.88752, -0.00537
0.88852, -0.00535
0.88951, -0.00532
0.89049, -0.00529
0.89147, -0.00527
0.89245, -0.00524
0.89343, -0.00521
0.89440, -0.00519
0.89536, -0.00516
0.89633, -0.00513
0.89729, -0.00511
0.89824, -0.00508
0.89919, -0.00506
0.90014, -0.00503
0.90109, -0.00501
0.90202, -0.00498
0.90296, -0.00496
0.90389, -0.00493
0.90482, -0.00491
0.90575, -0.00488
0.90667, -0.00486
0.90758, -0.00484
0.90849, -0.00481
0.90940, -0.00479
0.91031, -0.00477
0.91121, -0.00474
0.91210, -0.00472
0.91299, -0.00470
0.91388, -0.00467
0.91477, -0.00465
0.91565, -0.00463
0.91652, -0.00460
0.91739, -0.00458
0.91826, -0.00456
0.91913, -0.00454
0.91998, -0.00451
0.92084, -0.00449
0.92169, -0.00447
0.92254, -0.00445
0.92338, -0.00442
0.92422, -0.00440
0.92505, -0.00438
0.92588, -0.00436
0.92671, -0.00434
0.92753, -0.00431
0.92835, -0.00429
0.92916, -0.00427
0.92997, -0.00425
0.93078, -0.00423
0.93158, -0.00421
0.93237, -0.00418
0.93317, -0.00416
0.93395, -0.00414
0.93474, -0.00412
0.93552, -0.00410
0.93629, -0.00408
0.93706, -0.00406
0.93783, -0.00403
0.93859, -0.00401
0.93935, -0.00399
0.94010, -0.00397
0.94085, -0.00395
0.94159, -0.00393
0.94233, -0.00391
0.94307, -0.00389
0.94380, -0.00386
0.94452, -0.00384
0.94524, -0.00382
0.94596, -0.00380
0.94668, -0.00378
0.94738, -0.00376
0.94809, -0.00374
0.94879, -0.00372
0.94948, -0.00370
0.95017, -0.00368
0.95086, -0.00366
0.95154, -0.00363
0.95222, -0.00361
0.95289, -0.00359
0.95356, -0.00357
0.95422, -0.00355
0.95488, -0.00353
0.95554, -0.00351
0.95619, -0.00349
0.95683, -0.00347
0.95747, -0.00345
0.95811, -0.00343
0.95874, -0.00341
0.95937, -0.00339
0.95999, -0.00337
0.96061, -0.00335
0.96122, -0.00333
0.96183, -0.00331
0.96243, -0.00329
0.96303, -0.00327
0.96363, -0.00325
0.96422, -0.00323
0.96480, -0.00321
0.96538, -0.00319
0.96596, -0.00317
0.96653, -0.00315
0.96710, -0.00313
0.96766, -0.00311
0.96822, -0.00309
0.96877, -0.00307
0.96932, -0.00305
0.96986, -0.00303
0.97040, -0.00301
0.97093, -0.00299
0.97146, -0.00297
0.97198, -0.00295
0.97250, -0.00294
0.97302, -0.00292
0.97353, -0.00290
0.97403, -0.00288
0.97453, -0.00286
0.97503, -0.00284
0.97552, -0.00282
0.97601, -0.00281
0.97649, -0.00279
0.97696, -0.00277
0.97744, -0.00275
0.97790, -0.00273
0.97836, -0.00271
0.97882, -0.00270
0.97927, -0.00268
0.97972, -0.00266
0.98017, -0.00264
0.98060, -0.00263
0.98104, -0.00261
0.98146, -0.00259
0.98189, -0.00258
0.98231, -0.00256
0.98272, -0.00254
0.98313, -0.00253
0.98353, -0.00251
0.98393, -0.00249
0.98433, -0.00248
0.98472, -0.00246
0.98510, -0.00244
0.98548, -0.00243
0.98586, -0.00241
0.98623, -0.00240
0.98659, -0.00238
0.98695, -0.00237
0.98731, -0.00235
0.98766, -0.00234
0.98800, -0.00232
0.98834, -0.00231
0.98868, -0.00229
0.98901, -0.00228
0.98934, -0.00226
0.98966, -0.00225
0.98997, -0.00224
0.99029, -0.00222
0.99059, -0.00221
0.99089, -0.00220
0.99119, -0.00218
0.99148, -0.00217
0.99177, -0.00216
0.99205, -0.00214
0.99233, -0.00213
0.99260, -0.00212
0.99287, -0.00211
0.99313, -0.00210
0.99338, -0.00208
0.99364, -0.00207
0.99388, -0.00206
0.99413, -0.00205
0.99436, -0.00204
0.99459, -0.00203
0.99482, -0.00202
0.99504, -0.00201
0.99526, -0.00200
0.99547, -0.00199
0.99568, -0.00198
0.99588, -0.00197
0.99608, -0.00196
0.99627, -0.00195
0.99646, -0.00194
0.99664, -0.00193
0.99682, -0.00193
0.99699, -0.00192
0.99716, -0.00191
0.99732, -0.00190
0.99748, -0.00189
0.99763, -0.00189
0.99778, -0.00188
0.99792, -0.00187
0.99806, -0.00187
0.99819, -0.00186
0.99832, -0.00185
0.99844, -0.00185
0.99856, -0.00184
0.99867, -0.00184
0.99878, -0.00183
0.99888, -0.00183
0.99898, -0.00182
0.99908, -0.00182
0.99916, -0.00181
0.99925, -0.00181
0.99932, -0.00181
0.99940, -0.00180
0.99946, -0.00180
0.99953, -0.00180
0.99958, -0.00179
0.99964, -0.00179
0.99968, -0.00179
0.99973, -0.00179
0.99976, -0.00178
0.99980, -0.00178
0.99982, -0.00178
0.99985, -0.00178
0.99986, -0.00178
0.99987, -0.00178
0.99982, -0.00177
0.99981, -0.00177
