airfoil_points_2850
1.000000 0.002426
0.999748 0.002484
0.998993 0.002658
0.997736 0.002948
0.995977 0.003355
0.993719 0.003878
0.990964 0.004518
0.987715 0.005275
0.983974 0.006149
0.979746 0.007140
0.975036 0.008247
0.969846 0.009469
0.964184 0.010806
0.958054 0.012254
0.951463 0.013812
0.944418 0.015476
0.936925 0.017242
0.928992 0.019104
0.920627 0.021055
0.911838 0.023089
0.902635 0.025197
0.893027 0.027367
0.883022 0.029589
0.872632 0.031848
0.861867 0.034132
0.850737 0.036423
0.839255 0.038703
0.827430 0.040955
0.815276 0.043159
0.802805 0.045296
0.790028 0.047345
0.776960 0.049286
0.763613 0.051096
0.750000 0.052754
0.736136 0.054253
0.722033 0.055617
0.707708 0.056882
0.693173 0.058084
0.678443 0.059266
0.663534 0.060162
0.648460 0.060041
0.633237 0.061493
0.617879 0.062957
0.602403 0.064426
0.586824 0.065893
0.571157 0.067353
0.555419 0.068797
0.539625 0.070218
0.523791 0.071605
0.507933 0.072948
0.492067 0.074233
0.476209 0.075445
0.460375 0.076567
0.444581 0.077584
0.428843 0.078477
0.413176 0.079232
0.397597 0.079834
0.382121 0.080271
0.366763 0.080534
0.351540 0.080618
0.336466 0.080520
0.321557 0.080241
0.306827 0.079780
0.292292 0.079134
0.277967 0.078301
0.263864 0.077277
0.250000 0.076073
0.236387 0.074737
0.223040 0.073338
0.209972 0.071940
0.197195 0.070602
0.184724 0.069372
0.172570 0.068233
0.160745 0.067144
0.149263 0.066068
0.138133 0.064975
0.127368 0.063837
0.116978 0.062636
0.106973 0.061354
0.097365 0.059980
0.088162 0.058504
0.079373 0.056923
0.071008 0.055231
0.063075 0.053430
0.055582 0.051519
0.048537 0.049504
0.041946 0.047388
0.035816 0.045178
0.030154 0.042879
0.024964 0.040501
0.020254 0.038050
0.016026 0.035536
0.012285 0.032966
0.009036 0.030347
0.006281 0.027688
0.004023 0.024996
0.002264 0.022281
0.001007 0.019554
0.000252 0.016858
0.000000 0.014878
0.000252 0.010930
0.001007 0.008253
0.002264 0.005581
0.004023 0.002953
0.006281 0.000376
0.009036 -0.002150
0.012285 -0.004624
0.016026 -0.007048
0.020254 -0.009427
0.024964 -0.011760
0.030154 -0.014052
0.035816 -0.016304
0.041946 -0.018517
0.048537 -0.020692
0.055582 -0.022828
0.063075 -0.024924
0.071008 -0.026975
0.079373 -0.028977
0.088162 -0.030921
0.097365 -0.032799
0.106973 -0.034598
0.116978 -0.036304
0.127368 -0.037901
0.138133 -0.039369
0.149263 -0.040686
0.160745 -0.041827
0.172570 -0.042765
0.184724 -0.043470
0.197195 -0.043910
0.209972 -0.044058
0.223040 -0.043933
0.236387 -0.043577
0.250000 -0.043042
0.263864 -0.042395
0.277967 -0.041709
0.292292 -0.041024
0.306827 -0.040341
0.321557 -0.039663
0.336466 -0.038988
0.351540 -0.038320
0.366763 -0.037665
0.382121 -0.037026
0.397597 -0.036404
0.413176 -0.035794
0.428843 -0.035191
0.444581 -0.034586
0.460375 -0.033968
0.476209 -0.033326
0.492067 -0.032652
0.507933 -0.031935
0.523791 -0.031168
0.539625 -0.030346
0.555419 -0.029465
0.571157 -0.028523
0.586824 -0.027518
0.602403 -0.026452
0.617879 -0.025325
0.633237 -0.024136
0.648460 -0.022887
0.663534 -0.021347
0.678443 -0.018148
0.693173 -0.016525
0.707708 -0.014895
0.722033 -0.013309
0.736136 -0.011814
0.750000 -0.010456
0.763613 -0.009268
0.776960 -0.008246
0.790028 -0.007371
0.802805 -0.006625
0.815276 -0.005991
0.827430 -0.005452
0.839255 -0.004994
0.850737 -0.004604
0.861867 -0.004267
0.872632 -0.003973
0.883022 -0.003711
0.893027 -0.003471
0.902635 -0.003248
0.911838 -0.003036
0.920627 -0.002829
0.928992 -0.002626
0.936925 -0.002423
0.944418 -0.002220
0.951463 -0.002016
0.958054 -0.001812
0.964184 -0.001610
0.969846 -0.001411
0.975036 -0.001218
0.979746 -0.001031
0.983974 -0.000855
0.987715 -0.000693
0.990964 -0.000545
0.993719 -0.000416
0.995977 -0.000306
0.997736 -0.000219
0.998993 -0.000156
0.999748 -0.000117
1.000000 -0.000102
