=== Airfoil Parameters ===
m = 0.02
p = 0.4
t = 0.12

=== Control Points ===
0.00000, -0.03988, -0.03988
0.06667, -0.02698, -0.03309
0.13333, -0.01188, -0.02299
0.20000, 0.00055, -0.01445
0.26667, 0.00660, -0.01118
0.66667, 0.00200, -0.01405
0.75000, -0.00765, -0.02085
0.83333, -0.01815, -0.02772
0.91667, -0.02672, -0.03189
1.00000, -0.03334, -0.03334

=== Upper Surface ===
0.00000, -0.03988
-0.00006, -0.03960
-0.00008, -0.03932
-0.00011, -0.03905
-0.00013, -0.03877
-0.00015, -0.03849
-0.00017, -0.03821
-0.00018, -0.03793
-0.00018, -0.03765
-0.00018, -0.03737
-0.00018, -0.03709
-0.00017, -0.03681
-0.00015, -0.03653
-0.00013, -0.03625
-0.00011, -0.03596
-0.00008, -0.03568
-0.00005, -0.03540
-0.00001, -0.03512
0.00004, -0.03483
0.00009, -0.03455
0.00014, -0.03426
0.00020, -0.03398
0.00026, -0.03369
0.00033, -0.03341
0.00040, -0.03312
0.00048, -0.03284
0.00056, -0.03255
0.00065, -0.03226
0.00074, -0.03198
0.00084, -0.03169
0.00094, -0.03140
0.00105, -0.03111
0.00116, -0.03082
0.00128, -0.03053
0.00140, -0.03024
0.00153, -0.02995
0.00166, -0.02966
0.00179, -0.02937
0.00193, -0.02908
0.00208, -0.02879
0.00223, -0.02850
0.00238, -0.02821
0.00254, -0.02791
0.00271, -0.02762
0.00288, -0.02733
0.00305, -0.02703
0.00323, -0.02674
0.00341, -0.02644
0.00360, -0.02615
0.00379, -0.02585
0.00399, -0.02556
0.00419, -0.02526
0.00440, -0.02497
0.00461, -0.02467
0.00483, -0.02437
0.00505, -0.02407
0.00527, -0.02378
0.00551, -0.02348
0.00574, -0.02318
0.00598, -0.02288
0.00622, -0.02258
0.00647, -0.02228
0.00673, -0.02198
0.00698, -0.02168
0.00725, -0.02137
0.00751, -0.02107
0.00779, -0.02077
0.00806, -0.02047
0.00834, -0.02016
0.00863, -0.01986
0.00892, -0.01955
0.00922, -0.01925
0.00952, -0.01894
0.00982, -0.01864
0.01013, -0.01833
0.01044, -0.01803
0.01076, -0.01772
0.01108, -0.01741
0.01141, -0.01710
0.01174, -0.01680
0.01208, -0.01649
0.01242, -0.01618
0.01276, -0.01587
0.01311, -0.01556
0.01347, -0.01525
0.01383, -0.01493
0.01419, -0.01462
0.01456, -0.01431
0.01493, -0.01400
0.01531, -0.01368
0.01569, -0.01337
0.01608, -0.01306
0.01647, -0.01274
0.01686, -0.01243
0.01726, -0.01211
0.01767, -0.01179
0.01808, -0.01148
0.01849, -0.01116
0.01891, -0.01084
0.01933, -0.01052
0.01976, -0.01020
0.02019, -0.00988
0.02063, -0.00956
0.02107, -0.00924
0.02151, -0.00892
0.02196, -0.00860
0.02242, -0.00828
0.02288, -0.00796
0.02334, -0.00763
0.02381, -0.00731
0.02428, -0.00698
0.02476, -0.00666
0.02524, -0.00633
0.02572, -0.00601
0.02621, -0.00568
0.02671, -0.00535
0.02721, -0.00502
0.02771, -0.00470
0.02822, -0.00437
0.02873, -0.00404
0.02925, -0.00371
0.02977, -0.00338
0.03030, -0.00305
0.03083, -0.00271
0.03137, -0.00238
0.03191, -0.00205
0.03245, -0.00171
0.03300, -0.00138
0.03355, -0.00105
0.03411, -0.00071
0.03467, -0.00037
0.03524, -0.00004
0.03581, 0.00030
0.03639, 0.00064
0.03697, 0.00098
0.03755, 0.00131
0.03814, 0.00165
0.03874, 0.00199
0.03933, 0.00233
0.03994, 0.00268
0.04054, 0.00302
0.04116, 0.00336
0.04177, 0.00370
0.04239, 0.00405
0.04302, 0.00439
0.04365, 0.00474
0.04428, 0.00508
0.04492, 0.00543
0.04557, 0.00577
0.04622, 0.00612
0.04687, 0.00647
0.04753, 0.00682
0.04819, 0.00717
0.04885, 0.00752
0.04953, 0.00787
0.05020, 0.00822
0.05088, 0.00857
0.05157, 0.00892
0.05226, 0.00927
0.05295, 0.00962
0.05365, 0.00998
0.05435, 0.01033
0.05506, 0.01069
0.05577, 0.01104
0.05649, 0.01140
0.05721, 0.01175
0.05793, 0.01211
0.05867, 0.01247
0.05940, 0.01282
0.06014, 0.01318
0.06088, 0.01354
0.06163, 0.01390
0.06239, 0.01426
0.06315, 0.01462
0.06391, 0.01498
0.06468, 0.01534
0.06545, 0.01570
0.06622, 0.01607
0.06701, 0.01643
0.06779, 0.01679
0.06858, 0.01716
0.06938, 0.01752
0.07018, 0.01788
0.07098, 0.01825
0.07179, 0.01861
0.07260, 0.01898
0.07342, 0.01935
0.07425, 0.01971
0.07507, 0.02008
0.07591, 0.02045
0.07674, 0.02082
0.07759, 0.02118
0.07843, 0.02155
0.07928, 0.02192
0.08014, 0.02229
0.08100, 0.02266
0.08187, 0.02303
0.08274, 0.02340
0.08361, 0.02377
0.08449, 0.02414
0.08538, 0.02451
0.08627, 0.02488
0.08716, 0.02525
0.08806, 0.02562
0.08896, 0.02599
0.08987, 0.02637
0.09078, 0.02674
0.09170, 0.02711
0.09262, 0.02748
0.09355, 0.02786
0.09448, 0.02823
0.09542, 0.02860
0.09636, 0.02897
0.09731, 0.02935
0.09826, 0.02972
0.09921, 0.03009
0.10017, 0.03046
0.10114, 0.03084
0.10211, 0.03121
0.10309, 0.03158
0.10407, 0.03195
0.10505, 0.03233
0.10604, 0.03270
0.10704, 0.03307
0.10803, 0.03344
0.10904, 0.03381
0.11005, 0.03419
0.11106, 0.03456
0.11208, 0.03493
0.11311, 0.03530
0.11413, 0.03567
0.11517, 0.03604
0.11621, 0.03641
0.11725, 0.03678
0.11830, 0.03715
0.11935, 0.03752
0.12041, 0.03789
0.12147, 0.03825
0.12254, 0.03862
0.12361, 0.03899
0.12469, 0.03935
0.12578, 0.03972
0.12686, 0.04009
0.12796, 0.04045
0.12906, 0.04081
0.13016, 0.04118
0.13127, 0.04154
0.13239, 0.04190
0.13351, 0.04226
0.13464, 0.04262
0.13577, 0.04298
0.13690, 0.04334
0.13805, 0.04370
0.13919, 0.04405
0.14035, 0.04441
0.14150, 0.04476
0.14267, 0.04512
0.14384, 0.04547
0.14501, 0.04582
0.14619, 0.04617
0.14738, 0.04652
0.14857, 0.04686
0.14977, 0.04721
0.15097, 0.04755
0.15217, 0.04790
0.15339, 0.04824
0.15461, 0.04857
0.15583, 0.04891
0.15706, 0.04925
0.15829, 0.04958
0.15954, 0.04991
0.16078, 0.05024
0.16203, 0.05057
0.16329, 0.05090
0.16455, 0.05122
0.16582, 0.05154
0.16710, 0.05186
0.16838, 0.05218
0.16966, 0.05249
0.17095, 0.05281
0.17225, 0.05312
0.17355, 0.05342
0.17486, 0.05373
0.17617, 0.05403
0.17749, 0.05433
0.17882, 0.05463
0.18015, 0.05492
0.18149, 0.05521
0.18283, 0.05550
0.18418, 0.05579
0.18553, 0.05607
0.18689, 0.05634
0.18825, 0.05662
0.18962, 0.05689
0.19100, 0.05716
0.19238, 0.05742
0.19376, 0.05768
0.19515, 0.05794
0.19653, 0.05819
0.19792, 0.05844
0.19932, 0.05868
0.20071, 0.05893
0.20210, 0.05916
0.20350, 0.05939
0.20490, 0.05962
0.20630, 0.05985
0.20770, 0.06007
0.20910, 0.06029
0.21050, 0.06050
0.21190, 0.06071
0.21331, 0.06091
0.21471, 0.06112
0.21612, 0.06132
0.21753, 0.06151
0.21893, 0.06170
0.22034, 0.06189
0.22175, 0.06208
0.22316, 0.06226
0.22457, 0.06244
0.22599, 0.06261
0.22740, 0.06278
0.22881, 0.06295
0.23022, 0.06312
0.23164, 0.06328
0.23305, 0.06344
0.23447, 0.06360
0.23588, 0.06375
0.23730, 0.06391
0.23871, 0.06405
0.24013, 0.06420
0.24154, 0.06434
0.24296, 0.06449
0.24438, 0.06462
0.24579, 0.06476
0.24721, 0.06489
0.24863, 0.06503
0.25004, 0.06515
0.25146, 0.06528
0.25287, 0.06541
0.25429, 0.06553
0.25571, 0.06565
0.25712, 0.06577
0.25854, 0.06589
0.25995, 0.06600
0.26137, 0.06612
0.26278, 0.06623
0.26420, 0.06634
0.26562, 0.06645
0.26704, 0.06655
0.26846, 0.06666
0.26989, 0.06677
0.27131, 0.06687
0.27274, 0.06697
0.27418, 0.06707
0.27561, 0.06717
0.27705, 0.06727
0.27849, 0.06736
0.27993, 0.06746
0.28137, 0.06755
0.28282, 0.06764
0.28427, 0.06773
0.28572, 0.06782
0.28717, 0.06791
0.28862, 0.06799
0.29008, 0.06808
0.29154, 0.06816
0.29300, 0.06824
0.29447, 0.06832
0.29593, 0.06840
0.29740, 0.06848
0.29887, 0.06855
0.30034, 0.06862
0.30182, 0.06870
0.30329, 0.06877
0.30477, 0.06884
0.30625, 0.06890
0.30773, 0.06897
0.30922, 0.06904
0.31071, 0.06910
0.31219, 0.06916
0.31369, 0.06922
0.31518, 0.06928
0.31667, 0.06934
0.31817, 0.06939
0.31967, 0.06944
0.32117, 0.06950
0.32267, 0.06955
0.32417, 0.06960
0.32567, 0.06964
0.32717, 0.06969
0.32866, 0.06974
0.33016, 0.06978
0.33165, 0.06982
0.33314, 0.06986
0.33464, 0.06990
0.33613, 0.06994
0.33763, 0.06998
0.33913, 0.07002
0.34063, 0.07005
0.34213, 0.07009
0.34364, 0.07012
0.34515, 0.07015
0.34666, 0.07019
0.34817, 0.07022
0.34969, 0.07025
0.35120, 0.07028
0.35272, 0.07030
0.35424, 0.07033
0.35577, 0.07036
0.35729, 0.07038
0.35882, 0.07040
0.36035, 0.07042
0.36188, 0.07045
0.36341, 0.07047
0.36494, 0.07048
0.36648, 0.07050
0.36802, 0.07052
0.36955, 0.07053
0.37110, 0.07054
0.37264, 0.07056
0.37418, 0.07057
0.37573, 0.07058
0.37728, 0.07059
0.37883, 0.07059
0.38038, 0.07060
0.38193, 0.07060
0.38348, 0.07061
0.38504, 0.07061
0.38659, 0.07061
0.38815, 0.07061
0.38971, 0.07060
0.39127, 0.07060
0.39283, 0.07060
0.39440, 0.07059
0.39596, 0.07058
0.39753, 0.07057
0.39909, 0.07056
0.40066, 0.07055
0.40223, 0.07054
0.40380, 0.07052
0.40537, 0.07051
0.40695, 0.07049
0.40852, 0.07047
0.41010, 0.07045
0.41167, 0.07043
0.41325, 0.07040
0.41483, 0.07038
0.41640, 0.07035
0.41798, 0.07033
0.41956, 0.07030
0.42114, 0.07027
0.42273, 0.07023
0.42431, 0.07020
0.42589, 0.07017
0.42748, 0.07013
0.42906, 0.07009
0.43065, 0.07005
0.43223, 0.07001
0.43382, 0.06997
0.43541, 0.06993
0.43699, 0.06988
0.43858, 0.06984
0.44017, 0.06979
0.44176, 0.06974
0.44335, 0.06969
0.44494, 0.06964
0.44653, 0.06959
0.44812, 0.06953
0.44971, 0.06948
0.45131, 0.06942
0.45290, 0.06936
0.45449, 0.06930
0.45608, 0.06924
0.45768, 0.06918
0.45927, 0.06911
0.46086, 0.06905
0.46245, 0.06898
0.46405, 0.06891
0.46564, 0.06884
0.46724, 0.06877
0.46883, 0.06870
0.47042, 0.06863
0.47202, 0.06855
0.47361, 0.06848
0.47521, 0.06840
0.47680, 0.06832
0.47839, 0.06824
0.47999, 0.06816
0.48158, 0.06808
0.48318, 0.06800
0.48477, 0.06791
0.48636, 0.06782
0.48796, 0.06774
0.48955, 0.06765
0.49114, 0.06756
0.49274, 0.06747
0.49433, 0.06738
0.49592, 0.06729
0.49751, 0.06719
0.49911, 0.06710
0.50070, 0.06700
0.50229, 0.06690
0.50388, 0.06680
0.50547, 0.06670
0.50706, 0.06660
0.50865, 0.06650
0.51024, 0.06640
0.51183, 0.06629
0.51342, 0.06619
0.51501, 0.06608
0.51660, 0.06598
0.51819, 0.06587
0.51978, 0.06576
0.52137, 0.06565
0.52295, 0.06554
0.52454, 0.06543
0.52613, 0.06531
0.52771, 0.06520
0.52930, 0.06508
0.53088, 0.06497
0.53247, 0.06485
0.53405, 0.06473
0.53563, 0.06461
0.53722, 0.06449
0.53880, 0.06437
0.54038, 0.06425
0.54196, 0.06413
0.54354, 0.06400
0.54513, 0.06388
0.54671, 0.06375
0.54828, 0.06363
0.54986, 0.06350
0.55144, 0.06337
0.55302, 0.06324
0.55460, 0.06311
0.55617, 0.06298
0.55775, 0.06285
0.55933, 0.06272
0.56090, 0.06258
0.56247, 0.06245
0.56405, 0.06232
0.56562, 0.06218
0.56719, 0.06204
0.56877, 0.06190
0.57034, 0.06177
0.57191, 0.06163
0.57348, 0.06148
0.57505, 0.06134
0.57662, 0.06120
0.57818, 0.06106
0.57975, 0.06091
0.58132, 0.06077
0.58288, 0.06062
0.58445, 0.06048
0.58601, 0.06033
0.58758, 0.06018
0.58914, 0.06003
0.59070, 0.05988
0.59227, 0.05973
0.59383, 0.05958
0.59539, 0.05942
0.59695, 0.05927
0.59851, 0.05911
0.60006, 0.05896
0.60162, 0.05880
0.60318, 0.05864
0.60474, 0.05848
0.60629, 0.05832
0.60784, 0.05816
0.60940, 0.05800
0.61095, 0.05784
0.61250, 0.05768
0.61405, 0.05751
0.61561, 0.05734
0.61715, 0.05718
0.61870, 0.05701
0.62025, 0.05684
0.62180, 0.05667
0.62334, 0.05650
0.62489, 0.05633
0.62643, 0.05615
0.62798, 0.05598
0.62952, 0.05580
0.63106, 0.05562
0.63260, 0.05545
0.63414, 0.05527
0.63568, 0.05509
0.63722, 0.05490
0.63876, 0.05472
0.64029, 0.05454
0.64183, 0.05435
0.64336, 0.05416
0.64489, 0.05398
0.64643, 0.05379
0.64796, 0.05360
0.64949, 0.05340
0.65108, 0.05321
0.65286, 0.05300
0.65540, 0.05272
0.65988, 0.05212
0.66767, 0.05023
0.67776, 0.04559
0.68606, 0.03916
0.69067, 0.03406
0.69218, 0.03196
0.69074, 0.03322
0.68599, 0.03679
0.67963, 0.03983
0.67530, 0.04097
0.67402, 0.04107
0.67456, 0.04088
0.67580, 0.04061
0.67724, 0.04032
0.67872, 0.04003
0.68020, 0.03974
0.68169, 0.03944
0.68317, 0.03915
0.68465, 0.03885
0.68612, 0.03855
0.68759, 0.03826
0.68906, 0.03796
0.69053, 0.03766
0.69200, 0.03736
0.69346, 0.03706
0.69492, 0.03676
0.69638, 0.03646
0.69784, 0.03615
0.69929, 0.03585
0.70074, 0.03554
0.70219, 0.03524
0.70364, 0.03493
0.70508, 0.03463
0.70652, 0.03432
0.70796, 0.03401
0.70940, 0.03371
0.71083, 0.03340
0.71226, 0.03309
0.71369, 0.03278
0.71512, 0.03247
0.71654, 0.03216
0.71796, 0.03185
0.71938, 0.03154
0.72080, 0.03123
0.72221, 0.03092
0.72362, 0.03060
0.72503, 0.03029
0.72643, 0.02998
0.72784, 0.02967
0.72924, 0.02935
0.73064, 0.02904
0.73203, 0.02873
0.73342, 0.02841
0.73481, 0.02810
0.73620, 0.02779
0.73758, 0.02747
0.73897, 0.02716
0.74034, 0.02684
0.74172, 0.02653
0.74309, 0.02621
0.74447, 0.02590
0.74583, 0.02558
0.74720, 0.02527
0.74856, 0.02495
0.74992, 0.02464
0.75128, 0.02433
0.75263, 0.02401
0.75398, 0.02370
0.75533, 0.02338
0.75668, 0.02307
0.75802, 0.02275
0.75936, 0.02244
0.76070, 0.02213
0.76203, 0.02181
0.76336, 0.02150
0.76469, 0.02119
0.76602, 0.02087
0.76734, 0.02056
0.76866, 0.02025
0.76997, 0.01994
0.77129, 0.01962
0.77260, 0.01931
0.77390, 0.01900
0.77521, 0.01869
0.77651, 0.01838
0.77781, 0.01807
0.77910, 0.01776
0.78040, 0.01746
0.78169, 0.01715
0.78297, 0.01684
0.78426, 0.01653
0.78554, 0.01623
0.78681, 0.01592
0.78809, 0.01561
0.78936, 0.01531
0.79063, 0.01501
0.79189, 0.01470
0.79315, 0.01440
0.79441, 0.01410
0.79567, 0.01379
0.79692, 0.01349
0.79817, 0.01319
0.79942, 0.01289
0.80066, 0.01260
0.80190, 0.01230
0.80314, 0.01200
0.80437, 0.01170
0.80560, 0.01141
0.80683, 0.01111
0.80805, 0.01082
0.80927, 0.01053
0.81049, 0.01023
0.81171, 0.00994
0.81292, 0.00965
0.81413, 0.00936
0.81533, 0.00907
0.81653, 0.00879
0.81773, 0.00850
0.81893, 0.00821
0.82012, 0.00793
0.82131, 0.00764
0.82249, 0.00736
0.82368, 0.00708
0.82486, 0.00680
0.82603, 0.00652
0.82721, 0.00624
0.82838, 0.00596
0.82954, 0.00568
0.83070, 0.00541
0.83186, 0.00513
0.83302, 0.00486
0.83417, 0.00459
0.83532, 0.00431
0.83647, 0.00404
0.83761, 0.00377
0.83875, 0.00351
0.83989, 0.00324
0.84103, 0.00297
0.84216, 0.00271
0.84328, 0.00244
0.84441, 0.00218
0.84553, 0.00192
0.84665, 0.00166
0.84776, 0.00140
0.84888, 0.00114
0.84998, 0.00088
0.85109, 0.00062
0.85219, 0.00037
0.85329, 0.00011
0.85439, -0.00014
0.85548, -0.00039
0.85657, -0.00064
0.85765, -0.00089
0.85873, -0.00114
0.85981, -0.00139
0.86089, -0.00164
0.86196, -0.00189
0.86303, -0.00213
0.86409, -0.00238
0.86516, -0.00262
0.86621, -0.00286
0.86727, -0.00310
0.86832, -0.00334
0.86937, -0.00358
0.87041, -0.00382
0.87146, -0.00406
0.87249, -0.00429
0.87353, -0.00453
0.87456, -0.00476
0.87559, -0.00499
0.87661, -0.00522
0.87763, -0.00546
0.87865, -0.00569
0.87966, -0.00591
0.88067, -0.00614
0.88167, -0.00637
0.88268, -0.00659
0.88367, -0.00682
0.88467, -0.00704
0.88566, -0.00727
0.88665, -0.00749
0.88763, -0.00771
0.88861, -0.00793
0.88959, -0.00815
0.89056, -0.00836
0.89153, -0.00858
0.89250, -0.00880
0.89346, -0.00901
0.89442, -0.00922
0.89537, -0.00944
0.89632, -0.00965
0.89727, -0.00986
0.89821, -0.01007
0.89915, -0.01028
0.90009, -0.01049
0.90102, -0.01069
0.90195, -0.01090
0.90287, -0.01110
0.90379, -0.01131
0.90471, -0.01151
0.90562, -0.01171
0.90653, -0.01191
0.90743, -0.01211
0.90833, -0.01231
0.90923, -0.01251
0.91012, -0.01270
0.91101, -0.01290
0.91190, -0.01309
0.91278, -0.01329
0.91365, -0.01348
0.91453, -0.01367
0.91540, -0.01386
0.91626, -0.01405
0.91712, -0.01424
0.91798, -0.01443
0.91883, -0.01462
0.91968, -0.01480
0.92053, -0.01499
0.92137, -0.01517
0.92221, -0.01536
0.92304, -0.01554
0.92387, -0.01572
0.92470, -0.01590
0.92552, -0.01608
0.92633, -0.01626
0.92715, -0.01643
0.92795, -0.01661
0.92876, -0.01678
0.92956, -0.01696
0.93036, -0.01713
0.93115, -0.01730
0.93194, -0.01747
0.93272, -0.01765
0.93350, -0.01781
0.93427, -0.01798
0.93505, -0.01815
0.93581, -0.01832
0.93658, -0.01848
0.93733, -0.01865
0.93809, -0.01881
0.93884, -0.01897
0.93958, -0.01913
0.94033, -0.01929
0.94106, -0.01945
0.94180, -0.01961
0.94253, -0.01977
0.94325, -0.01993
0.94397, -0.02008
0.94469, -0.02024
0.94540, -0.02039
0.94611, -0.02054
0.94681, -0.02069
0.94751, -0.02084
0.94820, -0.02099
0.94889, -0.02114
0.94958, -0.02129
0.95026, -0.02144
0.95094, -0.02158
0.95161, -0.02173
0.95228, -0.02187
0.95294, -0.02201
0.95360, -0.02216
0.95426, -0.02230
0.95491, -0.02244
0.95555, -0.02258
0.95620, -0.02271
0.95683, -0.02285
0.95747, -0.02299
0.95810, -0.02312
0.95872, -0.02325
0.95934, -0.02339
0.95995, -0.02352
0.96057, -0.02365
0.96117, -0.02378
0.96177, -0.02391
0.96237, -0.02404
0.96296, -0.02416
0.96355, -0.02429
0.96414, -0.02442
0.96472, -0.02454
0.96529, -0.02466
0.96586, -0.02478
0.96643, -0.02491
0.96699, -0.02503
0.96754, -0.02514
0.96810, -0.02526
0.96864, -0.02538
0.96919, -0.02550
0.96973, -0.02561
0.97026, -0.02573
0.97079, -0.02584
0.97131, -0.02595
0.97183, -0.02606
0.97235, -0.02617
0.97286, -0.02628
0.97337, -0.02639
0.97387, -0.02650
0.97437, -0.02660
0.97486, -0.02671
0.97535, -0.02681
0.97583, -0.02691
0.97631, -0.02702
0.97678, -0.02712
0.97725, -0.02722
0.97772, -0.02732
0.97818, -0.02742
0.97863, -0.02751
0.97908, -0.02761
0.97953, -0.02770
0.97997, -0.02780
0.98041, -0.02789
0.98084, -0.02798
0.98126, -0.02807
0.98169, -0.02816
0.98210, -0.02825
0.98252, -0.02834
0.98293, -0.02843
0.98333, -0.02851
0.98373, -0.02860
0.98412, -0.02868
0.98451, -0.02877
0.98490, -0.02885
0.98528, -0.02893
0.98565, -0.02901
0.98602, -0.02909
0.98639, -0.02917
0.98675, -0.02924
0.98711, -0.02932
0.98746, -0.02939
0.98781, -0.02947
0.98815, -0.02954
0.98849, -0.02961
0.98882, -0.02968
0.98915, -0.02975
0.98947, -0.02982
0.98979, -0.02989
0.99010, -0.02996
0.99041, -0.03002
0.99071, -0.03009
0.99101, -0.03015
0.99131, -0.03021
0.99160, -0.03027
0.99188, -0.03034
0.99216, -0.03039
0.99243, -0.03045
0.99270, -0.03051
0.99297, -0.03057
0.99323, -0.03062
0.99349, -0.03068
0.99374, -0.03073
0.99398, -0.03078
0.99422, -0.03083
0.99446, -0.03088
0.99469, -0.03093
0.99492, -0.03098
0.99514, -0.03103
0.99536, -0.03108
0.99557, -0.03112
0.99578, -0.03116
0.99598, -0.03121
0.99618, -0.03125
0.99637, -0.03129
0.99656, -0.03133
0.99674, -0.03137
0.99692, -0.03141
0.99709, -0.03144
0.99726, -0.03148
0.99743, -0.03151
0.99758, -0.03155
0.99774, -0.03158
0.99789, -0.03161
0.99803, -0.03164
0.99817, -0.03167
0.99831, -0.03170
0.99844, -0.03173
0.99856, -0.03176
0.99868, -0.03178
0.99879, -0.03181
0.99890, -0.03183
0.99901, -0.03185
0.99911, -0.03187
0.99921, -0.03189
0.99930, -0.03191
0.99938, -0.03193
0.99946, -0.03195
0.99954, -0.03196
0.99961, -0.03198
0.99968, -0.03199
0.99974, -0.03201
0.99979, -0.03202
0.99984, -0.03203
0.99989, -0.03204
0.99993, -0.03205
0.99997, -0.03206
1.00000, -0.03206
1.00003, -0.03207
1.00005, -0.03207
1.00007, -0.03208
1.00009, -0.03208
1.00013, -0.03209
1.00015, -0.03209

=== Lower Surface ===
0.00000, -0.03988
0.00007, -0.04015
0.00010, -0.04043
0.00015, -0.04070
0.00021, -0.04098
0.00027, -0.04125
0.00034, -0.04152
0.00042, -0.04179
0.00050, -0.04206
0.00058, -0.04232
0.00067, -0.04259
0.00077, -0.04285
0.00087, -0.04312
0.00097, -0.04338
0.00108, -0.04364
0.00119, -0.04390
0.00131, -0.04416
0.00144, -0.04442
0.00156, -0.04467
0.00170, -0.04493
0.00184, -0.04518
0.00198, -0.04544
0.00213, -0.04569
0.00228, -0.04594
0.00244, -0.04619
0.00261, -0.04644
0.00278, -0.04669
0.00295, -0.04693
0.00313, -0.04718
0.00331, -0.04742
0.00350, -0.04766
0.00370, -0.04790
0.00390, -0.04814
0.00410, -0.04838
0.00431, -0.04862
0.00452, -0.04885
0.00474, -0.04909
0.00497, -0.04932
0.00520, -0.04955
0.00543, -0.04979
0.00567, -0.05002
0.00592, -0.05024
0.00617, -0.05047
0.00642, -0.05070
0.00668, -0.05092
0.00694, -0.05114
0.00721, -0.05137
0.00749, -0.05159
0.00777, -0.05180
0.00805, -0.05202
0.00834, -0.05224
0.00864, -0.05245
0.00894, -0.05267
0.00925, -0.05288
0.00956, -0.05309
0.00987, -0.05330
0.01019, -0.05351
0.01052, -0.05371
0.01085, -0.05392
0.01118, -0.05412
0.01152, -0.05433
0.01187, -0.05453
0.01222, -0.05473
0.01258, -0.05492
0.01294, -0.05512
0.01330, -0.05532
0.01368, -0.05551
0.01405, -0.05570
0.01443, -0.05589
0.01482, -0.05608
0.01521, -0.05627
0.01561, -0.05646
0.01601, -0.05664
0.01642, -0.05682
0.01683, -0.05701
0.01724, -0.05719
0.01766, -0.05736
0.01809, -0.05754
0.01852, -0.05772
0.01896, -0.05789
0.01940, -0.05806
0.01985, -0.05823
0.02030, -0.05840
0.02076, -0.05857
0.02122, -0.05873
0.02169, -0.05890
0.02216, -0.05906
0.02263, -0.05922
0.02312, -0.05938
0.02360, -0.05954
0.02409, -0.05969
0.02459, -0.05985
0.02509, -0.06000
0.02560, -0.06015
0.02611, -0.06030
0.02663, -0.06045
0.02715, -0.06059
0.02767, -0.06073
0.02820, -0.06088
0.02874, -0.06102
0.02928, -0.06116
0.02983, -0.06129
0.03038, -0.06143
0.03093, -0.06156
0.03149, -0.06169
0.03206, -0.06182
0.03263, -0.06195
0.03320, -0.06207
0.03378, -0.06220
0.03437, -0.06232
0.03496, -0.06244
0.03555, -0.06256
0.03615, -0.06268
0.03675, -0.06279
0.03736, -0.06290
0.03797, -0.06302
0.03859, -0.06312
0.03922, -0.06323
0.03984, -0.06334
0.04047, -0.06344
0.04111, -0.06354
0.04175, -0.06364
0.04240, -0.06374
0.04305, -0.06384
0.04371, -0.06393
0.04437, -0.06402
0.04503, -0.06411
0.04570, -0.06420
0.04637, -0.06429
0.04705, -0.06437
0.04774, -0.06445
0.04842, -0.06453
0.04912, -0.06461
0.04981, -0.06469
0.05051, -0.06476
0.05122, -0.06484
0.05193, -0.06491
0.05265, -0.06498
0.05336, -0.06504
0.05409, -0.06511
0.05482, -0.06517
0.05555, -0.06523
0.05629, -0.06529
0.05703, -0.06534
0.05777, -0.06540
0.05852, -0.06545
0.05928, -0.06550
0.06004, -0.06555
0.06080, -0.06560
0.06157, -0.06564
0.06234, -0.06569
0.06311, -0.06573
0.06390, -0.06576
0.06468, -0.06580
0.06547, -0.06584
0.06626, -0.06587
0.06706, -0.06590
0.06786, -0.06593
0.06866, -0.06595
0.06947, -0.06598
0.07029, -0.06600
0.07111, -0.06602
0.07193, -0.06604
0.07275, -0.06606
0.07358, -0.06607
0.07442, -0.06608
0.07525, -0.06610
0.07610, -0.06610
0.07694, -0.06611
0.07779, -0.06612
0.07865, -0.06612
0.07950, -0.06612
0.08036, -0.06612
0.08123, -0.06611
0.08210, -0.06611
0.08297, -0.06610
0.08385, -0.06609
0.08473, -0.06608
0.08561, -0.06607
0.08650, -0.06606
0.08739, -0.06604
0.08829, -0.06602
0.08919, -0.06600
0.09009, -0.06598
0.09100, -0.06595
0.09191, -0.06593
0.09282, -0.06590
0.09374, -0.06587
0.09466, -0.06584
0.09558, -0.06581
0.09651, -0.06577
0.09744, -0.06573
0.09838, -0.06569
0.09932, -0.06565
0.10026, -0.06561
0.10120, -0.06557
0.10215, -0.06552
0.10310, -0.06547
0.10406, -0.06543
0.10502, -0.06537
0.10598, -0.06532
0.10694, -0.06527
0.10791, -0.06521
0.10888, -0.06515
0.10986, -0.06509
0.11083, -0.06503
0.11181, -0.06497
0.11280, -0.06491
0.11379, -0.06484
0.11478, -0.06477
0.11577, -0.06471
0.11676, -0.06464
0.11776, -0.06456
0.11877, -0.06449
0.11977, -0.06442
0.12078, -0.06434
0.12179, -0.06426
0.12280, -0.06418
0.12382, -0.06410
0.12484, -0.06402
0.12586, -0.06394
0.12689, -0.06386
0.12792, -0.06377
0.12895, -0.06368
0.12998, -0.06360
0.13101, -0.06351
0.13205, -0.06342
0.13309, -0.06332
0.13414, -0.06323
0.13518, -0.06314
0.13623, -0.06304
0.13729, -0.06295
0.13834, -0.06285
0.13940, -0.06275
0.14045, -0.06265
0.14152, -0.06255
0.14258, -0.06245
0.14365, -0.06235
0.14471, -0.06225
0.14578, -0.06214
0.14686, -0.06204
0.14793, -0.06193
0.14901, -0.06183
0.15008, -0.06172
0.15116, -0.06161
0.15225, -0.06150
0.15333, -0.06140
0.15442, -0.06129
0.15550, -0.06118
0.15659, -0.06107
0.15768, -0.06096
0.15877, -0.06085
0.15987, -0.06074
0.16096, -0.06063
0.16206, -0.06051
0.16316, -0.06040
0.16426, -0.06029
0.16536, -0.06018
0.16646, -0.06007
0.16757, -0.05995
0.16867, -0.05984
0.16978, -0.05973
0.17089, -0.05962
0.17199, -0.05951
0.17311, -0.05940
0.17422, -0.05928
0.17533, -0.05917
0.17644, -0.05906
0.17756, -0.05895
0.17867, -0.05884
0.17979, -0.05873
0.18091, -0.05862
0.18203, -0.05852
0.18315, -0.05841
0.18427, -0.05830
0.18539, -0.05820
0.18651, -0.05809
0.18763, -0.05799
0.18876, -0.05788
0.18988, -0.05778
0.19101, -0.05768
0.19213, -0.05757
0.19326, -0.05747
0.19438, -0.05737
0.19551, -0.05728
0.19664, -0.05718
0.19777, -0.05708
0.19890, -0.05699
0.20003, -0.05690
0.20116, -0.05681
0.20228, -0.05672
0.20342, -0.05663
0.20455, -0.05654
0.20568, -0.05645
0.20681, -0.05637
0.20794, -0.05629
0.20908, -0.05620
0.21022, -0.05612
0.21136, -0.05604
0.21251, -0.05597
0.21366, -0.05589
0.21482, -0.05581
0.21598, -0.05574
0.21714, -0.05566
0.21831, -0.05559
0.21948, -0.05552
0.22066, -0.05545
0.22184, -0.05538
0.22303, -0.05531
0.22422, -0.05524
0.22542, -0.05517
0.22662, -0.05511
0.22782, -0.05504
0.22903, -0.05497
0.23024, -0.05491
0.23146, -0.05485
0.23269, -0.05478
0.23391, -0.05472
0.23515, -0.05466
0.23638, -0.05460
0.23763, -0.05453
0.23887, -0.05447
0.24012, -0.05441
0.24138, -0.05435
0.24264, -0.05429
0.24391, -0.05423
0.24518, -0.05418
0.24645, -0.05412
0.24773, -0.05406
0.24902, -0.05400
0.25031, -0.05394
0.25160, -0.05388
0.25290, -0.05382
0.25421, -0.05377
0.25552, -0.05371
0.25683, -0.05365
0.25815, -0.05359
0.25948, -0.05353
0.26080, -0.05347
0.26214, -0.05341
0.26348, -0.05335
0.26482, -0.05329
0.26617, -0.05323
0.26753, -0.05317
0.26888, -0.05311
0.27025, -0.05305
0.27161, -0.05298
0.27298, -0.05292
0.27435, -0.05286
0.27573, -0.05279
0.27710, -0.05273
0.27848, -0.05266
0.27986, -0.05259
0.28125, -0.05253
0.28263, -0.05246
0.28402, -0.05239
0.28541, -0.05232
0.28680, -0.05226
0.28819, -0.05219
0.28958, -0.05212
0.29098, -0.05205
0.29238, -0.05198
0.29378, -0.05190
0.29518, -0.05183
0.29659, -0.05176
0.29799, -0.05169
0.29940, -0.05162
0.30081, -0.05154
0.30222, -0.05147
0.30364, -0.05140
0.30505, -0.05132
0.30647, -0.05125
0.30789, -0.05117
0.30931, -0.05110
0.31073, -0.05102
0.31215, -0.05095
0.31358, -0.05087
0.31501, -0.05079
0.31644, -0.05072
0.31787, -0.05064
0.31930, -0.05056
0.32074, -0.05048
0.32217, -0.05040
0.32361, -0.05033
0.32505, -0.05025
0.32649, -0.05017
0.32793, -0.05009
0.32938, -0.05001
0.33083, -0.04993
0.33229, -0.04985
0.33375, -0.04976
0.33522, -0.04968
0.33669, -0.04960
0.33817, -0.04951
0.33965, -0.04943
0.34113, -0.04934
0.34261, -0.04926
0.34409, -0.04917
0.34557, -0.04908
0.34705, -0.04899
0.34854, -0.04890
0.35002, -0.04881
0.35151, -0.04872
0.35300, -0.04863
0.35448, -0.04854
0.35597, -0.04845
0.35746, -0.04836
0.35895, -0.04826
0.36044, -0.04817
0.36194, -0.04807
0.36343, -0.04798
0.36492, -0.04788
0.36642, -0.04779
0.36791, -0.04769
0.36941, -0.04759
0.37091, -0.04750
0.37241, -0.04740
0.37391, -0.04730
0.37541, -0.04720
0.37691, -0.04710
0.37841, -0.04701
0.37991, -0.04691
0.38141, -0.04681
0.38292, -0.04671
0.38442, -0.04661
0.38593, -0.04651
0.38743, -0.04641
0.38894, -0.04630
0.39045, -0.04620
0.39196, -0.04610
0.39347, -0.04600
0.39498, -0.04590
0.39649, -0.04580
0.39800, -0.04569
0.39951, -0.04559
0.40103, -0.04549
0.40254, -0.04539
0.40405, -0.04528
0.40557, -0.04518
0.40709, -0.04508
0.40860, -0.04497
0.41012, -0.04487
0.41164, -0.04477
0.41316, -0.04466
0.41468, -0.04456
0.41620, -0.04446
0.41772, -0.04435
0.41925, -0.04425
0.42077, -0.04414
0.42229, -0.04404
0.42382, -0.04394
0.42534, -0.04383
0.42687, -0.04373
0.42840, -0.04363
0.42993, -0.04352
0.43145, -0.04342
0.43298, -0.04331
0.43451, -0.04321
0.43604, -0.04311
0.43758, -0.04300
0.43911, -0.04290
0.44064, -0.04279
0.44217, -0.04269
0.44371, -0.04259
0.44524, -0.04248
0.44678, -0.04238
0.44831, -0.04228
0.44985, -0.04217
0.45139, -0.04207
0.45293, -0.04197
0.45447, -0.04186
0.45600, -0.04176
0.45754, -0.04166
0.45909, -0.04155
0.46063, -0.04145
0.46217, -0.04135
0.46371, -0.04124
0.46525, -0.04114
0.46680, -0.04104
0.46834, -0.04093
0.46989, -0.04083
0.47143, -0.04073
0.47298, -0.04062
0.47452, -0.04052
0.47607, -0.04042
0.47762, -0.04032
0.47916, -0.04021
0.48071, -0.04011
0.48226, -0.04001
0.48381, -0.03991
0.48536, -0.03980
0.48691, -0.03970
0.48846, -0.03960
0.49001, -0.03950
0.49156, -0.03939
0.49311, -0.03929
0.49466, -0.03919
0.49622, -0.03909
0.49777, -0.03899
0.49932, -0.03888
0.50087, -0.03878
0.50243, -0.03868
0.50398, -0.03858
0.50553, -0.03848
0.50709, -0.03837
0.50864, -0.03827
0.51020, -0.03817
0.51175, -0.03807
0.51330, -0.03797
0.51486, -0.03786
0.51641, -0.03776
0.51797, -0.03766
0.51952, -0.03756
0.52108, -0.03746
0.52263, -0.03735
0.52418, -0.03725
0.52574, -0.03715
0.52729, -0.03705
0.52885, -0.03695
0.53040, -0.03685
0.53196, -0.03674
0.53351, -0.03664
0.53506, -0.03654
0.53662, -0.03644
0.53817, -0.03634
0.53972, -0.03623
0.54128, -0.03613
0.54283, -0.03603
0.54438, -0.03593
0.54593, -0.03583
0.54748, -0.03573
0.54903, -0.03563
0.55058, -0.03552
0.55213, -0.03542
0.55368, -0.03532
0.55523, -0.03522
0.55678, -0.03512
0.55833, -0.03502
0.55988, -0.03492
0.56142, -0.03481
0.56297, -0.03471
0.56451, -0.03461
0.56606, -0.03451
0.56760, -0.03441
0.56915, -0.03431
0.57069, -0.03421
0.57223, -0.03411
0.57377, -0.03401
0.57531, -0.03391
0.57685, -0.03381
0.57839, -0.03371
0.57993, -0.03361
0.58147, -0.03351
0.58300, -0.03341
0.58454, -0.03331
0.58607, -0.03321
0.58760, -0.03311
0.58913, -0.03301
0.59067, -0.03291
0.59219, -0.03282
0.59372, -0.03272
0.59525, -0.03262
0.59678, -0.03252
0.59830, -0.03243
0.59983, -0.03233
0.60135, -0.03223
0.60287, -0.03214
0.60439, -0.03204
0.60591, -0.03195
0.60742, -0.03185
0.60894, -0.03176
0.61046, -0.03166
0.61197, -0.03157
0.61348, -0.03147
0.61499, -0.03138
0.61650, -0.03129
0.61801, -0.03120
0.61951, -0.03110
0.62102, -0.03101
0.62252, -0.03092
0.62402, -0.03083
0.62552, -0.03074
0.62702, -0.03065
0.62852, -0.03057
0.63001, -0.03048
0.63150, -0.03039
0.63300, -0.03031
0.63449, -0.03022
0.63597, -0.03013
0.63746, -0.03005
0.63895, -0.02997
0.64043, -0.02988
0.64191, -0.02980
0.64339, -0.02972
0.64487, -0.02964
0.64633, -0.02956
0.64775, -0.02948
0.64897, -0.02940
0.64943, -0.02928
0.64794, -0.02895
0.64314, -0.02767
0.63604, -0.02431
0.63072, -0.02016
0.62909, -0.01834
0.63056, -0.01996
0.63498, -0.02457
0.64270, -0.03053
0.65203, -0.03500
0.65932, -0.03690
0.66357, -0.03745
0.66599, -0.03760
0.66770, -0.03764
0.66921, -0.03765
0.67068, -0.03767
0.67214, -0.03768
0.67360, -0.03769
0.67505, -0.03771
0.67651, -0.03772
0.67797, -0.03774
0.67942, -0.03775
0.68087, -0.03777
0.68232, -0.03779
0.68377, -0.03781
0.68522, -0.03783
0.68667, -0.03784
0.68812, -0.03786
0.68956, -0.03789
0.69101, -0.03791
0.69245, -0.03793
0.69389, -0.03795
0.69533, -0.03797
0.69677, -0.03800
0.69820, -0.03802
0.69964, -0.03804
0.70107, -0.03807
0.70250, -0.03809
0.70393, -0.03812
0.70536, -0.03814
0.70679, -0.03817
0.70821, -0.03820
0.70964, -0.03822
0.71106, -0.03825
0.71248, -0.03828
0.71390, -0.03831
0.71532, -0.03833
0.71673, -0.03836
0.71814, -0.03839
0.71956, -0.03842
0.72097, -0.03845
0.72237, -0.03848
0.72378, -0.03851
0.72518, -0.03854
0.72659, -0.03857
0.72799, -0.03860
0.72939, -0.03863
0.73078, -0.03866
0.73218, -0.03869
0.73357, -0.03872
0.73496, -0.03875
0.73635, -0.03879
0.73774, -0.03882
0.73912, -0.03885
0.74051, -0.03888
0.74189, -0.03891
0.74327, -0.03894
0.74464, -0.03897
0.74602, -0.03901
0.74739, -0.03904
0.74876, -0.03907
0.75013, -0.03910
0.75149, -0.03913
0.75286, -0.03916
0.75422, -0.03919
0.75558, -0.03923
0.75694, -0.03926
0.75829, -0.03929
0.75964, -0.03932
0.76100, -0.03935
0.76234, -0.03938
0.76369, -0.03941
0.76503, -0.03944
0.76638, -0.03947
0.76771, -0.03950
0.76905, -0.03953
0.77039, -0.03956
0.77172, -0.03959
0.77305, -0.03962
0.77437, -0.03965
0.77570, -0.03968
0.77702, -0.03971
0.77834, -0.03973
0.77966, -0.03976
0.78097, -0.03979
0.78228, -0.03982
0.78359, -0.03984
0.78490, -0.03987
0.78621, -0.03989
0.78751, -0.03992
0.78881, -0.03994
0.79010, -0.03997
0.79140, -0.03999
0.79269, -0.04001
0.79397, -0.04004
0.79526, -0.04006
0.79654, -0.04008
0.79782, -0.04010
0.79910, -0.04012
0.80037, -0.04014
0.80165, -0.04016
0.80291, -0.04018
0.80418, -0.04020
0.80544, -0.04022
0.80670, -0.04024
0.80796, -0.04026
0.80921, -0.04027
0.81046, -0.04029
0.81171, -0.04030
0.81296, -0.04032
0.81420, -0.04033
0.81544, -0.04035
0.81667, -0.04036
0.81791, -0.04037
0.81913, -0.04038
0.82036, -0.04039
0.82158, -0.04040
0.82280, -0.04041
0.82402, -0.04042
0.82524, -0.04043
0.82645, -0.04044
0.82765, -0.04044
0.82886, -0.04045
0.83006, -0.04046
0.83126, -0.04046
0.83245, -0.04046
0.83364, -0.04047
0.83483, -0.04047
0.83601, -0.04047
0.83719, -0.04047
0.83837, -0.04047
0.83954, -0.04047
0.84071, -0.04047
0.84188, -0.04047
0.84304, -0.04047
0.84420, -0.04046
0.84535, -0.04046
0.84650, -0.04046
0.84765, -0.04045
0.84880, -0.04044
0.84994, -0.04044
0.85107, -0.04043
0.85221, -0.04042
0.85334, -0.04042
0.85446, -0.04041
0.85558, -0.04040
0.85670, -0.04039
0.85782, -0.04038
0.85893, -0.04037
0.86003, -0.04036
0.86114, -0.04034
0.86224, -0.04033
0.86333, -0.04032
0.86442, -0.04030
0.86551, -0.04029
0.86660, -0.04028
0.86768, -0.04026
0.86876, -0.04024
0.86983, -0.04023
0.87090, -0.04021
0.87196, -0.04019
0.87302, -0.04018
0.87408, -0.04016
0.87514, -0.04014
0.87618, -0.04012
0.87723, -0.04010
0.87827, -0.04008
0.87931, -0.04006
0.88035, -0.04004
0.88138, -0.04002
0.88240, -0.04000
0.88342, -0.03998
0.88444, -0.03995
0.88546, -0.03993
0.88647, -0.03991
0.88747, -0.03988
0.88848, -0.03986
0.88947, -0.03984
0.89047, -0.03981
0.89146, -0.03979
0.89245, -0.03976
0.89343, -0.03974
0.89441, -0.03971
0.89538, -0.03969
0.89635, -0.03966
0.89732, -0.03963
0.89828, -0.03960
0.89924, -0.03958
0.90019, -0.03955
0.90114, -0.03952
0.90209, -0.03949
0.90303, -0.03947
0.90397, -0.03944
0.90490, -0.03941
0.90583, -0.03938
0.90675, -0.03935
0.90767, -0.03932
0.90859, -0.03929
0.90950, -0.03926
0.91041, -0.03923
0.91132, -0.03920
0.91222, -0.03917
0.91311, -0.03914
0.91400, -0.03910
0.91489, -0.03907
0.91577, -0.03904
0.91665, -0.03901
0.91753, -0.03898
0.91840, -0.03895
0.91926, -0.03891
0.92013, -0.03888
0.92098, -0.03885
0.92184, -0.03882
0.92269, -0.03878
0.92353, -0.03875
0.92437, -0.03872
0.92521, -0.03868
0.92604, -0.03865
0.92687, -0.03862
0.92769, -0.03858
0.92851, -0.03855
0.92932, -0.03852
0.93013, -0.03848
0.93094, -0.03845
0.93174, -0.03841
0.93254, -0.03838
0.93333, -0.03835
0.93412, -0.03831
0.93490, -0.03828
0.93568, -0.03824
0.93645, -0.03821
0.93723, -0.03817
0.93799, -0.03814
0.93875, -0.03810
0.93951, -0.03807
0.94026, -0.03804
0.94101, -0.03800
0.94176, -0.03797
0.94249, -0.03793
0.94323, -0.03790
0.94396, -0.03786
0.94469, -0.03783
0.94541, -0.03779
0.94612, -0.03776
0.94684, -0.03772
0.94754, -0.03769
0.94825, -0.03765
0.94895, -0.03762
0.94964, -0.03758
0.95033, -0.03755
0.95102, -0.03752
0.95170, -0.03748
0.95237, -0.03745
0.95304, -0.03741
0.95371, -0.03738
0.95437, -0.03734
0.95503, -0.03731
0.95569, -0.03728
0.95633, -0.03724
0.95698, -0.03721
0.95762, -0.03717
0.95825, -0.03714
0.95888, -0.03711
0.95951, -0.03707
0.96013, -0.03704
0.96075, -0.03701
0.96136, -0.03697
0.96197, -0.03694
0.96257, -0.03691
0.96317, -0.03687
0.96376, -0.03684
0.96435, -0.03681
0.96493, -0.03678
0.96551, -0.03674
0.96608, -0.03671
0.96665, -0.03668
0.96722, -0.03665
0.96778, -0.03662
0.96834, -0.03658
0.96889, -0.03655
0.96943, -0.03652
0.96997, -0.03649
0.97051, -0.03646
0.97104, -0.03643
0.97157, -0.03640
0.97209, -0.03637
0.97261, -0.03634
0.97313, -0.03631
0.97363, -0.03628
0.97414, -0.03625
0.97464, -0.03622
0.97513, -0.03619
0.97562, -0.03616
0.97610, -0.03613
0.97658, -0.03610
0.97706, -0.03607
0.97753, -0.03604
0.97800, -0.03601
0.97846, -0.03599
0.97891, -0.03596
0.97936, -0.03593
0.97981, -0.03590
0.98025, -0.03588
0.98069, -0.03585
0.98112, -0.03582
0.98155, -0.03580
0.98197, -0.03577
0.98239, -0.03574
0.98280, -0.03572
0.98321, -0.03569
0.98361, -0.03567
0.98401, -0.03564
0.98440, -0.03562
0.98479, -0.03559
0.98517, -0.03557
0.98555, -0.03554
0.98592, -0.03552
0.98629, -0.03550
0.98666, -0.03547
0.98702, -0.03545
0.98737, -0.03543
0.98772, -0.03541
0.98807, -0.03538
0.98841, -0.03536
0.98874, -0.03534
0.98907, -0.03532
0.98939, -0.03530
0.98971, -0.03528
0.99003, -0.03526
0.99034, -0.03524
0.99065, -0.03522
0.99095, -0.03520
0.99124, -0.03518
0.99153, -0.03516
0.99182, -0.03514
0.99210, -0.03512
0.99237, -0.03510
0.99265, -0.03508
0.99291, -0.03507
0.99317, -0.03505
0.99343, -0.03503
0.99368, -0.03502
0.99393, -0.03500
0.99417, -0.03498
0.99440, -0.03497
0.99464, -0.03495
0.99486, -0.03494
0.99508, -0.03492
0.99530, -0.03491
0.99551, -0.03489
0.99572, -0.03488
0.99592, -0.03487
0.99612, -0.03485
0.99631, -0.03484
0.99650, -0.03483
0.99668, -0.03482
0.99686, -0.03480
0.99703, -0.03479
0.99719, -0.03478
0.99736, -0.03477
0.99751, -0.03476
0.99767, -0.03475
0.99781, -0.03474
0.99795, -0.03473
0.99809, -0.03472
0.99822, -0.03471
0.99835, -0.03470
0.99847, -0.03469
0.99859, -0.03469
0.99870, -0.03468
0.99881, -0.03467
0.99891, -0.03466
0.99901, -0.03466
0.99910, -0.03465
0.99919, -0.03464
0.99927, -0.03464
0.99935, -0.03463
0.99942, -0.03463
0.99949, -0.03462
0.99955, -0.03462
0.99961, -0.03462
0.99966, -0.03461
0.99971, -0.03461
0.99975, -0.03461
0.99979, -0.03460
0.99982, -0.03460
0.99985, -0.03460
0.99987, -0.03460
0.99989, -0.03460
0.99989, -0.03460
0.99986, -0.03459
0.99985, -0.03459
