=== Airfoil Parameters ===
m = 0.02
p = 0.4
t = 0.12

=== Control Points ===
0.00000, -0.02381, -0.02381
0.06667, -0.01238, -0.01849
0.13333, 0.00017, -0.01094
0.20000, 0.01053, -0.00447
0.26667, 0.01752, -0.00025
0.66667, 0.01802, 0.00197
0.75000, 0.01515, 0.00196
0.83333, 0.00823, -0.00134
0.91667, -0.00229, -0.00746
1.00000, -0.01264, -0.01264

=== Upper Surface ===
0.00000, -0.02381
-0.00006, -0.02353
-0.00008, -0.02325
-0.00010, -0.02297
-0.00012, -0.02270
-0.00014, -0.02242
-0.00015, -0.02214
-0.00016, -0.02186
-0.00016, -0.02158
-0.00016, -0.02130
-0.00015, -0.02102
-0.00014, -0.02074
-0.00012, -0.02046
-0.00010, -0.02017
-0.00007, -0.01989
-0.00004, -0.01961
-0.00000, -0.01933
0.00004, -0.01905
0.00008, -0.01876
0.00014, -0.01848
0.00019, -0.01819
0.00025, -0.01791
0.00032, -0.01763
0.00039, -0.01734
0.00047, -0.01706
0.00055, -0.01677
0.00063, -0.01649
0.00072, -0.01620
0.00082, -0.01591
0.00092, -0.01563
0.00103, -0.01534
0.00114, -0.01505
0.00125, -0.01476
0.00137, -0.01448
0.00150, -0.01419
0.00163, -0.01390
0.00176, -0.01361
0.00190, -0.01332
0.00204, -0.01303
0.00219, -0.01274
0.00235, -0.01245
0.00251, -0.01216
0.00267, -0.01187
0.00284, -0.01158
0.00301, -0.01129
0.00319, -0.01099
0.00337, -0.01070
0.00356, -0.01041
0.00375, -0.01012
0.00395, -0.00982
0.00415, -0.00953
0.00436, -0.00924
0.00457, -0.00894
0.00478, -0.00865
0.00500, -0.00835
0.00523, -0.00806
0.00546, -0.00776
0.00569, -0.00747
0.00593, -0.00717
0.00618, -0.00687
0.00643, -0.00658
0.00668, -0.00628
0.00694, -0.00598
0.00720, -0.00568
0.00747, -0.00538
0.00775, -0.00509
0.00802, -0.00479
0.00831, -0.00449
0.00859, -0.00419
0.00888, -0.00389
0.00918, -0.00359
0.00948, -0.00329
0.00979, -0.00298
0.01010, -0.00268
0.01041, -0.00238
0.01073, -0.00208
0.01106, -0.00178
0.01139, -0.00147
0.01172, -0.00117
0.01206, -0.00087
0.01240, -0.00056
0.01275, -0.00026
0.01310, 0.00005
0.01346, 0.00035
0.01382, 0.00066
0.01419, 0.00096
0.01456, 0.00127
0.01493, 0.00158
0.01531, 0.00188
0.01570, 0.00219
0.01609, 0.00250
0.01648, 0.00281
0.01688, 0.00311
0.01729, 0.00342
0.01769, 0.00373
0.01811, 0.00404
0.01852, 0.00435
0.01895, 0.00466
0.01937, 0.00497
0.01980, 0.00528
0.02024, 0.00560
0.02068, 0.00591
0.02113, 0.00622
0.02157, 0.00653
0.02203, 0.00684
0.02249, 0.00716
0.02295, 0.00747
0.02342, 0.00779
0.02389, 0.00810
0.02437, 0.00842
0.02485, 0.00873
0.02534, 0.00905
0.02583, 0.00936
0.02632, 0.00968
0.02682, 0.01000
0.02733, 0.01031
0.02784, 0.01063
0.02835, 0.01095
0.02887, 0.01127
0.02939, 0.01159
0.02992, 0.01190
0.03045, 0.01222
0.03099, 0.01254
0.03153, 0.01286
0.03208, 0.01318
0.03263, 0.01351
0.03318, 0.01383
0.03374, 0.01415
0.03431, 0.01447
0.03488, 0.01479
0.03545, 0.01512
0.03603, 0.01544
0.03661, 0.01576
0.03720, 0.01609
0.03779, 0.01641
0.03839, 0.01674
0.03899, 0.01706
0.03959, 0.01739
0.04020, 0.01771
0.04082, 0.01804
0.04144, 0.01836
0.04206, 0.01869
0.04269, 0.01902
0.04332, 0.01935
0.04396, 0.01967
0.04460, 0.02000
0.04525, 0.02033
0.04590, 0.02066
0.04656, 0.02099
0.04722, 0.02132
0.04788, 0.02165
0.04855, 0.02198
0.04923, 0.02231
0.04991, 0.02264
0.05059, 0.02297
0.05128, 0.02330
0.05197, 0.02363
0.05267, 0.02397
0.05337, 0.02430
0.05408, 0.02463
0.05479, 0.02496
0.05551, 0.02530
0.05623, 0.02563
0.05695, 0.02596
0.05768, 0.02630
0.05841, 0.02663
0.05915, 0.02697
0.05990, 0.02730
0.06064, 0.02764
0.06140, 0.02797
0.06215, 0.02831
0.06292, 0.02864
0.06368, 0.02898
0.06445, 0.02931
0.06523, 0.02965
0.06601, 0.02999
0.06680, 0.03032
0.06758, 0.03066
0.06838, 0.03100
0.06918, 0.03133
0.06998, 0.03167
0.07079, 0.03201
0.07160, 0.03235
0.07242, 0.03268
0.07324, 0.03302
0.07407, 0.03336
0.07490, 0.03370
0.07574, 0.03403
0.07658, 0.03437
0.07742, 0.03471
0.07827, 0.03505
0.07913, 0.03539
0.07999, 0.03572
0.08085, 0.03606
0.08172, 0.03640
0.08259, 0.03674
0.08347, 0.03708
0.08435, 0.03742
0.08524, 0.03775
0.08613, 0.03809
0.08703, 0.03843
0.08793, 0.03877
0.08884, 0.03911
0.08975, 0.03944
0.09066, 0.03978
0.09158, 0.04012
0.09251, 0.04046
0.09344, 0.04079
0.09437, 0.04113
0.09531, 0.04147
0.09626, 0.04180
0.09720, 0.04214
0.09816, 0.04247
0.09911, 0.04281
0.10008, 0.04315
0.10104, 0.04348
0.10202, 0.04382
0.10299, 0.04415
0.10397, 0.04448
0.10496, 0.04482
0.10595, 0.04515
0.10695, 0.04548
0.10795, 0.04582
0.10895, 0.04615
0.10996, 0.04648
0.11098, 0.04681
0.11200, 0.04714
0.11302, 0.04747
0.11405, 0.04780
0.11508, 0.04813
0.11612, 0.04846
0.11716, 0.04879
0.11821, 0.04911
0.11926, 0.04944
0.12032, 0.04977
0.12138, 0.05009
0.12245, 0.05041
0.12352, 0.05074
0.12460, 0.05106
0.12568, 0.05138
0.12676, 0.05170
0.12785, 0.05202
0.12895, 0.05234
0.13004, 0.05266
0.13115, 0.05298
0.13225, 0.05329
0.13336, 0.05361
0.13448, 0.05392
0.13560, 0.05424
0.13672, 0.05455
0.13785, 0.05486
0.13898, 0.05517
0.14011, 0.05548
0.14125, 0.05578
0.14240, 0.05609
0.14354, 0.05640
0.14470, 0.05670
0.14585, 0.05700
0.14701, 0.05730
0.14818, 0.05760
0.14935, 0.05790
0.15052, 0.05820
0.15169, 0.05850
0.15287, 0.05879
0.15406, 0.05909
0.15525, 0.05938
0.15644, 0.05967
0.15764, 0.05996
0.15884, 0.06025
0.16004, 0.06054
0.16125, 0.06082
0.16246, 0.06111
0.16368, 0.06139
0.16490, 0.06167
0.16613, 0.06195
0.16736, 0.06223
0.16859, 0.06251
0.16982, 0.06278
0.17107, 0.06306
0.17231, 0.06333
0.17356, 0.06360
0.17481, 0.06387
0.17607, 0.06414
0.17733, 0.06440
0.17859, 0.06467
0.17986, 0.06493
0.18113, 0.06519
0.18240, 0.06545
0.18368, 0.06571
0.18497, 0.06596
0.18625, 0.06621
0.18754, 0.06647
0.18884, 0.06672
0.19013, 0.06696
0.19144, 0.06721
0.19274, 0.06746
0.19405, 0.06770
0.19536, 0.06794
0.19668, 0.06818
0.19799, 0.06841
0.19932, 0.06865
0.20064, 0.06888
0.20197, 0.06911
0.20330, 0.06934
0.20463, 0.06957
0.20597, 0.06979
0.20731, 0.07001
0.20865, 0.07023
0.20999, 0.07045
0.21134, 0.07067
0.21269, 0.07088
0.21405, 0.07110
0.21541, 0.07131
0.21677, 0.07151
0.21813, 0.07172
0.21949, 0.07192
0.22086, 0.07213
0.22223, 0.07233
0.22361, 0.07252
0.22498, 0.07272
0.22636, 0.07291
0.22775, 0.07310
0.22913, 0.07329
0.23052, 0.07348
0.23191, 0.07367
0.23330, 0.07385
0.23470, 0.07403
0.23609, 0.07421
0.23749, 0.07439
0.23890, 0.07456
0.24030, 0.07473
0.24171, 0.07490
0.24312, 0.07507
0.24454, 0.07524
0.24595, 0.07540
0.24737, 0.07556
0.24879, 0.07572
0.25021, 0.07588
0.25164, 0.07604
0.25307, 0.07619
0.25450, 0.07634
0.25593, 0.07649
0.25736, 0.07664
0.25880, 0.07678
0.26024, 0.07693
0.26168, 0.07707
0.26312, 0.07721
0.26457, 0.07734
0.26602, 0.07748
0.26747, 0.07761
0.26892, 0.07774
0.27038, 0.07787
0.27184, 0.07799
0.27329, 0.07812
0.27476, 0.07824
0.27622, 0.07836
0.27769, 0.07848
0.27915, 0.07859
0.28062, 0.07870
0.28210, 0.07882
0.28357, 0.07892
0.28505, 0.07903
0.28652, 0.07914
0.28800, 0.07924
0.28949, 0.07934
0.29097, 0.07944
0.29246, 0.07953
0.29394, 0.07963
0.29543, 0.07972
0.29693, 0.07981
0.29842, 0.07990
0.29992, 0.07998
0.30141, 0.08007
0.30291, 0.08015
0.30441, 0.08023
0.30592, 0.08031
0.30742, 0.08038
0.30893, 0.08046
0.31043, 0.08053
0.31194, 0.08060
0.31346, 0.08066
0.31497, 0.08073
0.31648, 0.08079
0.31800, 0.08085
0.31952, 0.08091
0.32104, 0.08097
0.32256, 0.08102
0.32408, 0.08108
0.32561, 0.08113
0.32713, 0.08117
0.32866, 0.08122
0.33019, 0.08127
0.33172, 0.08131
0.33326, 0.08135
0.33480, 0.08139
0.33634, 0.08142
0.33788, 0.08146
0.33942, 0.08149
0.34096, 0.08152
0.34251, 0.08155
0.34406, 0.08157
0.34561, 0.08160
0.34716, 0.08162
0.34871, 0.08164
0.35027, 0.08165
0.35182, 0.08167
0.35338, 0.08168
0.35494, 0.08169
0.35650, 0.08170
0.35806, 0.08170
0.35962, 0.08171
0.36119, 0.08171
0.36275, 0.08171
0.36432, 0.08171
0.36589, 0.08170
0.36746, 0.08169
0.36903, 0.08168
0.37060, 0.08167
0.37218, 0.08166
0.37375, 0.08164
0.37533, 0.08162
0.37690, 0.08160
0.37848, 0.08158
0.38006, 0.08156
0.38164, 0.08153
0.38322, 0.08150
0.38480, 0.08147
0.38638, 0.08144
0.38796, 0.08140
0.38954, 0.08136
0.39113, 0.08132
0.39271, 0.08128
0.39429, 0.08124
0.39588, 0.08119
0.39747, 0.08114
0.39905, 0.08109
0.40064, 0.08104
0.40223, 0.08099
0.40382, 0.08093
0.40540, 0.08088
0.40699, 0.08082
0.40858, 0.08075
0.41017, 0.08069
0.41176, 0.08062
0.41335, 0.08056
0.41494, 0.08049
0.41653, 0.08041
0.41812, 0.08034
0.41972, 0.08027
0.42131, 0.08019
0.42290, 0.08011
0.42449, 0.08003
0.42608, 0.07995
0.42767, 0.07986
0.42926, 0.07978
0.43086, 0.07969
0.43245, 0.07960
0.43404, 0.07951
0.43563, 0.07942
0.43722, 0.07932
0.43881, 0.07923
0.44041, 0.07913
0.44200, 0.07903
0.44359, 0.07893
0.44518, 0.07883
0.44677, 0.07872
0.44836, 0.07862
0.44995, 0.07851
0.45154, 0.07840
0.45313, 0.07830
0.45472, 0.07818
0.45631, 0.07807
0.45790, 0.07796
0.45949, 0.07784
0.46108, 0.07773
0.46267, 0.07761
0.46425, 0.07749
0.46584, 0.07737
0.46743, 0.07725
0.46902, 0.07713
0.47060, 0.07701
0.47219, 0.07688
0.47377, 0.07675
0.47536, 0.07663
0.47694, 0.07650
0.47853, 0.07637
0.48011, 0.07624
0.48169, 0.07611
0.48328, 0.07598
0.48486, 0.07584
0.48644, 0.07571
0.48802, 0.07558
0.48960, 0.07544
0.49118, 0.07530
0.49276, 0.07517
0.49434, 0.07503
0.49592, 0.07489
0.49750, 0.07475
0.49908, 0.07461
0.50066, 0.07447
0.50223, 0.07432
0.50381, 0.07418
0.50538, 0.07404
0.50696, 0.07389
0.50853, 0.07375
0.51011, 0.07360
0.51168, 0.07346
0.51325, 0.07331
0.51482, 0.07316
0.51640, 0.07301
0.51797, 0.07286
0.51954, 0.07272
0.52111, 0.07257
0.52267, 0.07242
0.52424, 0.07226
0.52581, 0.07211
0.52738, 0.07196
0.52894, 0.07181
0.53051, 0.07166
0.53207, 0.07150
0.53364, 0.07135
0.53520, 0.07120
0.53676, 0.07104
0.53833, 0.07089
0.53989, 0.07073
0.54145, 0.07058
0.54301, 0.07042
0.54457, 0.07027
0.54613, 0.07011
0.54769, 0.06995
0.54924, 0.06980
0.55080, 0.06964
0.55236, 0.06948
0.55391, 0.06933
0.55547, 0.06917
0.55702, 0.06901
0.55857, 0.06885
0.56013, 0.06869
0.56168, 0.06854
0.56323, 0.06838
0.56478, 0.06822
0.56633, 0.06806
0.56788, 0.06790
0.56943, 0.06774
0.57097, 0.06758
0.57252, 0.06742
0.57407, 0.06726
0.57561, 0.06710
0.57715, 0.06694
0.57870, 0.06678
0.58024, 0.06662
0.58178, 0.06646
0.58332, 0.06630
0.58486, 0.06614
0.58640, 0.06598
0.58794, 0.06582
0.58948, 0.06566
0.59102, 0.06550
0.59255, 0.06534
0.59409, 0.06518
0.59562, 0.06502
0.59715, 0.06486
0.59869, 0.06470
0.60022, 0.06453
0.60175, 0.06437
0.60328, 0.06421
0.60481, 0.06405
0.60633, 0.06389
0.60786, 0.06373
0.60939, 0.06357
0.61091, 0.06341
0.61243, 0.06325
0.61396, 0.06308
0.61548, 0.06292
0.61700, 0.06276
0.61852, 0.06260
0.62004, 0.06244
0.62155, 0.06228
0.62307, 0.06211
0.62458, 0.06195
0.62610, 0.06179
0.62761, 0.06163
0.62912, 0.06147
0.63063, 0.06131
0.63214, 0.06114
0.63365, 0.06098
0.63516, 0.06082
0.63666, 0.06066
0.63817, 0.06050
0.63967, 0.06034
0.64117, 0.06017
0.64268, 0.06001
0.64418, 0.05985
0.64567, 0.05969
0.64717, 0.05953
0.64867, 0.05937
0.65016, 0.05920
0.65163, 0.05904
0.65306, 0.05888
0.65437, 0.05873
0.65546, 0.05858
0.65627, 0.05845
0.65698, 0.05833
0.65796, 0.05824
0.65952, 0.05818
0.66166, 0.05813
0.66402, 0.05804
0.66622, 0.05790
0.66812, 0.05773
0.66977, 0.05755
0.67131, 0.05738
0.67279, 0.05720
0.67427, 0.05702
0.67573, 0.05685
0.67720, 0.05667
0.67867, 0.05649
0.68013, 0.05631
0.68160, 0.05614
0.68306, 0.05596
0.68453, 0.05578
0.68599, 0.05560
0.68745, 0.05542
0.68891, 0.05525
0.69037, 0.05507
0.69182, 0.05489
0.69328, 0.05471
0.69474, 0.05453
0.69619, 0.05435
0.69764, 0.05417
0.69909, 0.05399
0.70054, 0.05380
0.70199, 0.05362
0.70344, 0.05344
0.70489, 0.05325
0.70633, 0.05307
0.70778, 0.05289
0.70922, 0.05270
0.71066, 0.05251
0.71210, 0.05233
0.71354, 0.05214
0.71497, 0.05195
0.71641, 0.05176
0.71784, 0.05157
0.71927, 0.05138
0.72070, 0.05119
0.72213, 0.05100
0.72356, 0.05080
0.72498, 0.05061
0.72641, 0.05041
0.72783, 0.05022
0.72925, 0.05002
0.73067, 0.04982
0.73208, 0.04962
0.73350, 0.04942
0.73491, 0.04922
0.73632, 0.04902
0.73773, 0.04881
0.73913, 0.04861
0.74054, 0.04840
0.74194, 0.04819
0.74334, 0.04799
0.74474, 0.04778
0.74614, 0.04756
0.74753, 0.04735
0.74892, 0.04714
0.75031, 0.04692
0.75170, 0.04671
0.75308, 0.04649
0.75446, 0.04627
0.75584, 0.04605
0.75722, 0.04583
0.75859, 0.04561
0.75996, 0.04539
0.76133, 0.04516
0.76269, 0.04494
0.76406, 0.04471
0.76541, 0.04448
0.76677, 0.04425
0.76812, 0.04402
0.76947, 0.04379
0.77082, 0.04356
0.77216, 0.04333
0.77350, 0.04309
0.77484, 0.04286
0.77617, 0.04262
0.77750, 0.04238
0.77883, 0.04215
0.78015, 0.04191
0.78147, 0.04167
0.78279, 0.04143
0.78410, 0.04118
0.78541, 0.04094
0.78672, 0.04070
0.78803, 0.04045
0.78933, 0.04021
0.79063, 0.03996
0.79192, 0.03972
0.79322, 0.03947
0.79450, 0.03922
0.79579, 0.03897
0.79707, 0.03872
0.79835, 0.03847
0.79963, 0.03822
0.80090, 0.03797
0.80217, 0.03772
0.80343, 0.03746
0.80470, 0.03721
0.80596, 0.03695
0.80721, 0.03670
0.80846, 0.03644
0.80971, 0.03619
0.81096, 0.03593
0.81220, 0.03567
0.81344, 0.03542
0.81467, 0.03516
0.81591, 0.03490
0.81714, 0.03464
0.81836, 0.03438
0.81958, 0.03412
0.82080, 0.03386
0.82202, 0.03360
0.82323, 0.03334
0.82443, 0.03308
0.82564, 0.03281
0.82684, 0.03255
0.82804, 0.03229
0.82923, 0.03202
0.83042, 0.03176
0.83161, 0.03150
0.83279, 0.03123
0.83397, 0.03097
0.83515, 0.03070
0.83632, 0.03044
0.83749, 0.03017
0.83865, 0.02991
0.83982, 0.02964
0.84097, 0.02938
0.84213, 0.02911
0.84328, 0.02885
0.84442, 0.02858
0.84557, 0.02831
0.84671, 0.02805
0.84784, 0.02778
0.84897, 0.02752
0.85010, 0.02725
0.85122, 0.02699
0.85234, 0.02672
0.85346, 0.02645
0.85457, 0.02619
0.85568, 0.02592
0.85679, 0.02566
0.85789, 0.02539
0.85899, 0.02513
0.86008, 0.02486
0.86117, 0.02460
0.86225, 0.02433
0.86334, 0.02407
0.86441, 0.02381
0.86549, 0.02354
0.86656, 0.02328
0.86763, 0.02302
0.86869, 0.02275
0.86975, 0.02249
0.87080, 0.02223
0.87185, 0.02197
0.87290, 0.02171
0.87394, 0.02145
0.87498, 0.02119
0.87602, 0.02093
0.87705, 0.02067
0.87808, 0.02041
0.87910, 0.02015
0.88012, 0.01989
0.88114, 0.01964
0.88215, 0.01938
0.88316, 0.01912
0.88416, 0.01887
0.88516, 0.01861
0.88616, 0.01836
0.88715, 0.01811
0.88814, 0.01785
0.88913, 0.01760
0.89011, 0.01735
0.89108, 0.01710
0.89206, 0.01685
0.89303, 0.01660
0.89399, 0.01635
0.89495, 0.01610
0.89591, 0.01585
0.89686, 0.01561
0.89781, 0.01536
0.89875, 0.01511
0.89969, 0.01487
0.90063, 0.01463
0.90156, 0.01438
0.90249, 0.01414
0.90342, 0.01390
0.90434, 0.01366
0.90526, 0.01342
0.90617, 0.01318
0.90708, 0.01294
0.90798, 0.01271
0.90888, 0.01247
0.90978, 0.01223
0.91067, 0.01200
0.91156, 0.01177
0.91244, 0.01153
0.91332, 0.01130
0.91420, 0.01107
0.91507, 0.01084
0.91594, 0.01061
0.91680, 0.01039
0.91766, 0.01016
0.91852, 0.00993
0.91937, 0.00971
0.92021, 0.00948
0.92106, 0.00926
0.92190, 0.00904
0.92273, 0.00882
0.92356, 0.00860
0.92439, 0.00838
0.92521, 0.00816
0.92603, 0.00795
0.92684, 0.00773
0.92765, 0.00752
0.92846, 0.00730
0.92926, 0.00709
0.93005, 0.00688
0.93085, 0.00667
0.93164, 0.00646
0.93242, 0.00625
0.93320, 0.00604
0.93398, 0.00584
0.93475, 0.00563
0.93552, 0.00543
0.93628, 0.00523
0.93704, 0.00502
0.93779, 0.00482
0.93854, 0.00463
0.93929, 0.00443
0.94003, 0.00423
0.94077, 0.00403
0.94150, 0.00384
0.94223, 0.00365
0.94296, 0.00345
0.94368, 0.00326
0.94439, 0.00307
0.94510, 0.00288
0.94581, 0.00270
0.94651, 0.00251
0.94721, 0.00233
0.94791, 0.00214
0.94860, 0.00196
0.94928, 0.00178
0.94997, 0.00160
0.95064, 0.00142
0.95132, 0.00124
0.95198, 0.00106
0.95265, 0.00089
0.95331, 0.00071
0.95396, 0.00054
0.95461, 0.00037
0.95526, 0.00020
0.95590, 0.00003
0.95654, -0.00014
0.95717, -0.00031
0.95780, -0.00047
0.95842, -0.00064
0.95904, -0.00080
0.95966, -0.00096
0.96027, -0.00113
0.96088, -0.00128
0.96148, -0.00144
0.96208, -0.00160
0.96267, -0.00176
0.96326, -0.00191
0.96384, -0.00206
0.96442, -0.00222
0.96500, -0.00237
0.96557, -0.00252
0.96614, -0.00267
0.96670, -0.00281
0.96725, -0.00296
0.96781, -0.00310
0.96836, -0.00325
0.96890, -0.00339
0.96944, -0.00353
0.96997, -0.00367
0.97050, -0.00381
0.97103, -0.00394
0.97155, -0.00408
0.97207, -0.00421
0.97258, -0.00435
0.97308, -0.00448
0.97359, -0.00461
0.97409, -0.00474
0.97458, -0.00487
0.97507, -0.00500
0.97555, -0.00512
0.97603, -0.00525
0.97651, -0.00537
0.97698, -0.00549
0.97744, -0.00561
0.97791, -0.00573
0.97836, -0.00585
0.97881, -0.00597
0.97926, -0.00608
0.97970, -0.00620
0.98014, -0.00631
0.98058, -0.00642
0.98100, -0.00653
0.98143, -0.00664
0.98185, -0.00675
0.98226, -0.00686
0.98267, -0.00696
0.98308, -0.00707
0.98348, -0.00717
0.98388, -0.00727
0.98427, -0.00737
0.98466, -0.00747
0.98504, -0.00757
0.98542, -0.00766
0.98579, -0.00776
0.98616, -0.00785
0.98652, -0.00795
0.98688, -0.00804
0.98723, -0.00813
0.98758, -0.00822
0.98793, -0.00831
0.98827, -0.00839
0.98860, -0.00848
0.98893, -0.00856
0.98926, -0.00865
0.98958, -0.00873
0.98989, -0.00881
0.99021, -0.00889
0.99051, -0.00896
0.99081, -0.00904
0.99111, -0.00912
0.99140, -0.00919
0.99169, -0.00926
0.99197, -0.00934
0.99225, -0.00941
0.99252, -0.00948
0.99279, -0.00954
0.99306, -0.00961
0.99332, -0.00968
0.99357, -0.00974
0.99382, -0.00980
0.99406, -0.00986
0.99430, -0.00992
0.99454, -0.00998
0.99477, -0.01004
0.99499, -0.01010
0.99521, -0.01015
0.99543, -0.01021
0.99564, -0.01026
0.99585, -0.01031
0.99605, -0.01036
0.99625, -0.01041
0.99644, -0.01046
0.99662, -0.01051
0.99681, -0.01055
0.99698, -0.01060
0.99716, -0.01064
0.99732, -0.01068
0.99749, -0.01073
0.99764, -0.01077
0.99780, -0.01080
0.99794, -0.01084
0.99809, -0.01088
0.99823, -0.01091
0.99836, -0.01094
0.99849, -0.01098
0.99861, -0.01101
0.99873, -0.01104
0.99885, -0.01107
0.99896, -0.01109
0.99906, -0.01112
0.99916, -0.01115
0.99925, -0.01117
0.99934, -0.01119
0.99943, -0.01121
0.99951, -0.01123
0.99959, -0.01125
0.99966, -0.01127
0.99972, -0.01129
0.99978, -0.01130
0.99984, -0.01131
0.99989, -0.01133
0.99994, -0.01134
0.99998, -0.01135
1.00001, -0.01136
1.00005, -0.01137
1.00007, -0.01137
1.00010, -0.01138
1.00012, -0.01138
1.00014, -0.01139
1.00020, -0.01140
1.00022, -0.01140

=== Lower Surface ===
0.00000, -0.02381
0.00006, -0.02408
0.00010, -0.02436
0.00015, -0.02463
0.00020, -0.02491
0.00026, -0.02518
0.00033, -0.02545
0.00040, -0.02572
0.00048, -0.02599
0.00056, -0.02626
0.00065, -0.02652
0.00074, -0.02679
0.00083, -0.02705
0.00094, -0.02732
0.00104, -0.02758
0.00115, -0.02784
0.00127, -0.02810
0.00139, -0.02836
0.00152, -0.02862
0.00165, -0.02888
0.00179, -0.02913
0.00193, -0.02939
0.00207, -0.02964
0.00222, -0.02989
0.00238, -0.03014
0.00254, -0.03039
0.00271, -0.03064
0.00288, -0.03089
0.00305, -0.03114
0.00323, -0.03138
0.00342, -0.03163
0.00361, -0.03187
0.00381, -0.03211
0.00401, -0.03235
0.00421, -0.03259
0.00442, -0.03283
0.00464, -0.03307
0.00486, -0.03330
0.00509, -0.03354
0.00532, -0.03377
0.00555, -0.03400
0.00579, -0.03423
0.00604, -0.03446
0.00629, -0.03469
0.00655, -0.03492
0.00681, -0.03515
0.00707, -0.03537
0.00734, -0.03560
0.00762, -0.03582
0.00790, -0.03604
0.00819, -0.03626
0.00848, -0.03648
0.00877, -0.03670
0.00907, -0.03691
0.00938, -0.03713
0.00969, -0.03734
0.01001, -0.03755
0.01033, -0.03776
0.01065, -0.03797
0.01098, -0.03818
0.01132, -0.03839
0.01166, -0.03860
0.01201, -0.03880
0.01236, -0.03900
0.01271, -0.03920
0.01307, -0.03941
0.01344, -0.03960
0.01381, -0.03980
0.01418, -0.04000
0.01457, -0.04019
0.01495, -0.04039
0.01534, -0.04058
0.01574, -0.04077
0.01614, -0.04096
0.01654, -0.04115
0.01695, -0.04133
0.01737, -0.04152
0.01779, -0.04170
0.01821, -0.04189
0.01864, -0.04207
0.01908, -0.04225
0.01952, -0.04242
0.01996, -0.04260
0.02041, -0.04278
0.02087, -0.04295
0.02133, -0.04312
0.02179, -0.04329
0.02226, -0.04346
0.02273, -0.04363
0.02321, -0.04380
0.02370, -0.04396
0.02418, -0.04413
0.02468, -0.04429
0.02518, -0.04445
0.02568, -0.04461
0.02619, -0.04476
0.02670, -0.04492
0.02722, -0.04507
0.02774, -0.04523
0.02827, -0.04538
0.02880, -0.04553
0.02934, -0.04567
0.02988, -0.04582
0.03043, -0.04597
0.03098, -0.04611
0.03153, -0.04625
0.03209, -0.04639
0.03266, -0.04653
0.03323, -0.04667
0.03381, -0.04680
0.03439, -0.04693
0.03497, -0.04707
0.03556, -0.04720
0.03615, -0.04733
0.03675, -0.04745
0.03735, -0.04758
0.03796, -0.04770
0.03857, -0.04782
0.03919, -0.04795
0.03981, -0.04806
0.04044, -0.04818
0.04107, -0.04830
0.04171, -0.04841
0.04235, -0.04852
0.04299, -0.04863
0.04364, -0.04874
0.04430, -0.04885
0.04495, -0.04896
0.04562, -0.04906
0.04628, -0.04916
0.04696, -0.04926
0.04763, -0.04936
0.04831, -0.04946
0.04900, -0.04955
0.04969, -0.04965
0.05038, -0.04974
0.05108, -0.04983
0.05179, -0.04992
0.05249, -0.05000
0.05321, -0.05009
0.05392, -0.05017
0.05464, -0.05025
0.05537, -0.05033
0.05610, -0.05041
0.05683, -0.05049
0.05757, -0.05056
0.05831, -0.05064
0.05906, -0.05071
0.05981, -0.05078
0.06056, -0.05085
0.06132, -0.05091
0.06209, -0.05098
0.06285, -0.05104
0.06363, -0.05110
0.06440, -0.05116
0.06518, -0.05122
0.06597, -0.05127
0.06676, -0.05133
0.06755, -0.05138
0.06835, -0.05143
0.06915, -0.05148
0.06995, -0.05153
0.07076, -0.05157
0.07157, -0.05162
0.07239, -0.05166
0.07321, -0.05170
0.07404, -0.05174
0.07487, -0.05178
0.07570, -0.05181
0.07653, -0.05185
0.07738, -0.05188
0.07822, -0.05191
0.07907, -0.05194
0.07992, -0.05196
0.08078, -0.05199
0.08164, -0.05201
0.08250, -0.05204
0.08337, -0.05206
0.08424, -0.05208
0.08512, -0.05209
0.08599, -0.05211
0.08688, -0.05212
0.08776, -0.05213
0.08865, -0.05215
0.08955, -0.05216
0.09044, -0.05216
0.09134, -0.05217
0.09225, -0.05217
0.09316, -0.05218
0.09407, -0.05218
0.09498, -0.05218
0.09590, -0.05218
0.09682, -0.05217
0.09775, -0.05217
0.09868, -0.05216
0.09961, -0.05216
0.10055, -0.05215
0.10149, -0.05214
0.10243, -0.05212
0.10337, -0.05211
0.10432, -0.05210
0.10528, -0.05208
0.10623, -0.05206
0.10719, -0.05204
0.10815, -0.05202
0.10912, -0.05200
0.11009, -0.05198
0.11106, -0.05195
0.11204, -0.05193
0.11301, -0.05190
0.11399, -0.05187
0.11498, -0.05184
0.11597, -0.05181
0.11696, -0.05178
0.11795, -0.05175
0.11895, -0.05171
0.11995, -0.05168
0.12095, -0.05164
0.12196, -0.05160
0.12297, -0.05156
0.12398, -0.05152
0.12499, -0.05148
0.12601, -0.05144
0.12703, -0.05139
0.12805, -0.05135
0.12908, -0.05130
0.13011, -0.05126
0.13114, -0.05121
0.13217, -0.05116
0.13321, -0.05111
0.13425, -0.05106
0.13529, -0.05101
0.13633, -0.05096
0.13738, -0.05090
0.13843, -0.05085
0.13948, -0.05079
0.14054, -0.05074
0.14160, -0.05068
0.14266, -0.05062
0.14372, -0.05057
0.14478, -0.05051
0.14585, -0.05045
0.14693, -0.05039
0.14800, -0.05032
0.14908, -0.05026
0.15016, -0.05020
0.15124, -0.05013
0.15233, -0.05007
0.15342, -0.05001
0.15451, -0.04994
0.15560, -0.04987
0.15670, -0.04980
0.15780, -0.04974
0.15890, -0.04967
0.16001, -0.04960
0.16112, -0.04953
0.16223, -0.04946
0.16335, -0.04939
0.16446, -0.04931
0.16558, -0.04924
0.16670, -0.04917
0.16783, -0.04910
0.16896, -0.04902
0.17009, -0.04895
0.17122, -0.04887
0.17236, -0.04880
0.17349, -0.04872
0.17464, -0.04864
0.17578, -0.04856
0.17692, -0.04849
0.17807, -0.04841
0.17922, -0.04833
0.18038, -0.04825
0.18153, -0.04817
0.18269, -0.04809
0.18385, -0.04801
0.18502, -0.04793
0.18618, -0.04785
0.18735, -0.04777
0.18852, -0.04769
0.18970, -0.04761
0.19087, -0.04752
0.19205, -0.04744
0.19323, -0.04736
0.19441, -0.04727
0.19560, -0.04719
0.19679, -0.04711
0.19798, -0.04702
0.19917, -0.04694
0.20036, -0.04686
0.20156, -0.04677
0.20276, -0.04669
0.20396, -0.04660
0.20517, -0.04652
0.20637, -0.04644
0.20758, -0.04635
0.20879, -0.04627
0.21001, -0.04618
0.21122, -0.04610
0.21244, -0.04601
0.21366, -0.04593
0.21489, -0.04584
0.21611, -0.04576
0.21734, -0.04567
0.21858, -0.04558
0.21981, -0.04550
0.22105, -0.04541
0.22229, -0.04533
0.22353, -0.04524
0.22478, -0.04516
0.22603, -0.04507
0.22728, -0.04498
0.22853, -0.04490
0.22979, -0.04481
0.23105, -0.04473
0.23231, -0.04464
0.23358, -0.04455
0.23484, -0.04447
0.23611, -0.04438
0.23738, -0.04429
0.23866, -0.04421
0.23994, -0.04412
0.24122, -0.04403
0.24250, -0.04395
0.24378, -0.04386
0.24507, -0.04378
0.24636, -0.04369
0.24766, -0.04360
0.24895, -0.04352
0.25025, -0.04343
0.25155, -0.04334
0.25285, -0.04326
0.25416, -0.04317
0.25546, -0.04308
0.25677, -0.04300
0.25809, -0.04291
0.25940, -0.04282
0.26072, -0.04274
0.26204, -0.04265
0.26336, -0.04257
0.26469, -0.04248
0.26601, -0.04239
0.26734, -0.04231
0.26868, -0.04222
0.27001, -0.04214
0.27135, -0.04205
0.27269, -0.04196
0.27403, -0.04188
0.27537, -0.04179
0.27672, -0.04171
0.27807, -0.04162
0.27942, -0.04153
0.28077, -0.04145
0.28213, -0.04136
0.28348, -0.04128
0.28484, -0.04119
0.28621, -0.04111
0.28757, -0.04102
0.28894, -0.04094
0.29030, -0.04085
0.29168, -0.04077
0.29305, -0.04068
0.29442, -0.04060
0.29580, -0.04051
0.29718, -0.04043
0.29856, -0.04034
0.29994, -0.04026
0.30133, -0.04018
0.30272, -0.04009
0.30411, -0.04001
0.30550, -0.03992
0.30689, -0.03984
0.30829, -0.03976
0.30969, -0.03967
0.31109, -0.03959
0.31249, -0.03951
0.31389, -0.03942
0.31530, -0.03934
0.31671, -0.03926
0.31812, -0.03918
0.31953, -0.03909
0.32095, -0.03901
0.32236, -0.03893
0.32378, -0.03885
0.32520, -0.03877
0.32662, -0.03868
0.32805, -0.03860
0.32947, -0.03852
0.33090, -0.03844
0.33233, -0.03836
0.33376, -0.03828
0.33519, -0.03820
0.33662, -0.03812
0.33805, -0.03804
0.33949, -0.03796
0.34092, -0.03788
0.34236, -0.03780
0.34380, -0.03772
0.34524, -0.03764
0.34668, -0.03756
0.34812, -0.03749
0.34957, -0.03741
0.35101, -0.03733
0.35246, -0.03725
0.35391, -0.03718
0.35536, -0.03710
0.35681, -0.03703
0.35826, -0.03695
0.35971, -0.03688
0.36117, -0.03680
0.36262, -0.03673
0.36408, -0.03665
0.36554, -0.03658
0.36700, -0.03651
0.36846, -0.03643
0.36993, -0.03636
0.37139, -0.03629
0.37286, -0.03622
0.37432, -0.03615
0.37579, -0.03608
0.37726, -0.03601
0.37874, -0.03594
0.38021, -0.03587
0.38168, -0.03580
0.38316, -0.03574
0.38464, -0.03567
0.38612, -0.03560
0.38760, -0.03553
0.38908, -0.03547
0.39057, -0.03540
0.39205, -0.03534
0.39354, -0.03527
0.39503, -0.03521
0.39652, -0.03514
0.39801, -0.03508
0.39950, -0.03502
0.40099, -0.03496
0.40249, -0.03489
0.40399, -0.03483
0.40548, -0.03477
0.40699, -0.03471
0.40849, -0.03465
0.40999, -0.03459
0.41149, -0.03453
0.41300, -0.03447
0.41451, -0.03441
0.41602, -0.03435
0.41753, -0.03429
0.41904, -0.03424
0.42055, -0.03418
0.42207, -0.03412
0.42358, -0.03406
0.42510, -0.03401
0.42662, -0.03395
0.42814, -0.03390
0.42966, -0.03384
0.43118, -0.03378
0.43271, -0.03373
0.43423, -0.03367
0.43576, -0.03362
0.43729, -0.03357
0.43882, -0.03351
0.44035, -0.03346
0.44188, -0.03340
0.44341, -0.03335
0.44495, -0.03330
0.44648, -0.03324
0.44802, -0.03319
0.44956, -0.03314
0.45110, -0.03308
0.45264, -0.03303
0.45418, -0.03298
0.45573, -0.03292
0.45727, -0.03287
0.45882, -0.03282
0.46036, -0.03277
0.46191, -0.03271
0.46346, -0.03266
0.46501, -0.03261
0.46656, -0.03256
0.46811, -0.03250
0.46967, -0.03245
0.47122, -0.03240
0.47278, -0.03234
0.47433, -0.03229
0.47589, -0.03224
0.47745, -0.03218
0.47901, -0.03213
0.48057, -0.03208
0.48213, -0.03202
0.48369, -0.03197
0.48525, -0.03192
0.48681, -0.03186
0.48838, -0.03181
0.48994, -0.03175
0.49151, -0.03170
0.49307, -0.03164
0.49464, -0.03159
0.49620, -0.03153
0.49777, -0.03147
0.49934, -0.03142
0.50091, -0.03136
0.50248, -0.03130
0.50405, -0.03125
0.50562, -0.03119
0.50719, -0.03113
0.50876, -0.03107
0.51033, -0.03101
0.51190, -0.03095
0.51348, -0.03089
0.51505, -0.03083
0.51662, -0.03077
0.51819, -0.03071
0.51977, -0.03065
0.52134, -0.03059
0.52291, -0.03052
0.52449, -0.03046
0.52606, -0.03040
0.52764, -0.03033
0.52921, -0.03027
0.53078, -0.03020
0.53236, -0.03014
0.53393, -0.03007
0.53551, -0.03001
0.53708, -0.02994
0.53866, -0.02987
0.54023, -0.02980
0.54180, -0.02973
0.54338, -0.02966
0.54495, -0.02959
0.54652, -0.02952
0.54810, -0.02945
0.54967, -0.02938
0.55124, -0.02931
0.55281, -0.02923
0.55439, -0.02916
0.55596, -0.02909
0.55753, -0.02901
0.55910, -0.02894
0.56067, -0.02886
0.56224, -0.02878
0.56381, -0.02870
0.56538, -0.02863
0.56694, -0.02855
0.56851, -0.02847
0.57008, -0.02839
0.57164, -0.02831
0.57321, -0.02823
0.57477, -0.02814
0.57634, -0.02806
0.57790, -0.02798
0.57946, -0.02790
0.58103, -0.02781
0.58259, -0.02773
0.58415, -0.02764
0.58571, -0.02755
0.58727, -0.02747
0.58882, -0.02738
0.59038, -0.02729
0.59194, -0.02720
0.59349, -0.02711
0.59504, -0.02702
0.59660, -0.02693
0.59815, -0.02684
0.59970, -0.02675
0.60125, -0.02666
0.60280, -0.02657
0.60435, -0.02647
0.60589, -0.02638
0.60744, -0.02628
0.60898, -0.02619
0.61053, -0.02609
0.61207, -0.02600
0.61361, -0.02590
0.61515, -0.02580
0.61669, -0.02571
0.61822, -0.02561
0.61976, -0.02551
0.62129, -0.02541
0.62283, -0.02531
0.62436, -0.02521
0.62589, -0.02511
0.62742, -0.02501
0.62894, -0.02490
0.63047, -0.02480
0.63200, -0.02470
0.63352, -0.02460
0.63504, -0.02449
0.63656, -0.02439
0.63808, -0.02428
0.63960, -0.02418
0.64111, -0.02407
0.64263, -0.02397
0.64414, -0.02386
0.64565, -0.02375
0.64716, -0.02365
0.64867, -0.02354
0.65020, -0.02343
0.65176, -0.02332
0.65345, -0.02321
0.65536, -0.02309
0.65753, -0.02294
0.65980, -0.02275
0.66181, -0.02252
0.66322, -0.02231
0.66406, -0.02214
0.66467, -0.02199
0.66544, -0.02186
0.66651, -0.02174
0.66781, -0.02163
0.66923, -0.02153
0.67070, -0.02144
0.67218, -0.02134
0.67366, -0.02124
0.67514, -0.02114
0.67662, -0.02104
0.67809, -0.02094
0.67956, -0.02084
0.68102, -0.02074
0.68249, -0.02064
0.68395, -0.02054
0.68541, -0.02044
0.68687, -0.02034
0.68832, -0.02024
0.68977, -0.02014
0.69122, -0.02004
0.69266, -0.01994
0.69411, -0.01984
0.69555, -0.01974
0.69699, -0.01964
0.69842, -0.01954
0.69985, -0.01945
0.70128, -0.01935
0.70271, -0.01925
0.70413, -0.01915
0.70556, -0.01906
0.70698, -0.01896
0.70839, -0.01886
0.70981, -0.01877
0.71122, -0.01867
0.71263, -0.01858
0.71403, -0.01848
0.71543, -0.01839
0.71684, -0.01830
0.71823, -0.01821
0.71963, -0.01811
0.72102, -0.01802
0.72241, -0.01793
0.72380, -0.01784
0.72518, -0.01776
0.72656, -0.01767
0.72794, -0.01758
0.72932, -0.01750
0.73069, -0.01741
0.73206, -0.01733
0.73343, -0.01725
0.73480, -0.01716
0.73616, -0.01708
0.73752, -0.01700
0.73888, -0.01693
0.74023, -0.01685
0.74158, -0.01677
0.74293, -0.01670
0.74428, -0.01662
0.74562, -0.01655
0.74696, -0.01648
0.74830, -0.01641
0.74964, -0.01634
0.75097, -0.01627
0.75230, -0.01620
0.75363, -0.01614
0.75496, -0.01607
0.75629, -0.01601
0.75761, -0.01595
0.75893, -0.01589
0.76025, -0.01583
0.76157, -0.01577
0.76288, -0.01571
0.76420, -0.01565
0.76551, -0.01560
0.76682, -0.01555
0.76812, -0.01549
0.76943, -0.01544
0.77073, -0.01539
0.77203, -0.01534
0.77332, -0.01529
0.77462, -0.01525
0.77591, -0.01520
0.77720, -0.01516
0.77849, -0.01511
0.77977, -0.01507
0.78106, -0.01503
0.78234, -0.01499
0.78361, -0.01495
0.78489, -0.01491
0.78616, -0.01487
0.78743, -0.01483
0.78870, -0.01480
0.78997, -0.01476
0.79123, -0.01473
0.79249, -0.01470
0.79375, -0.01467
0.79501, -0.01463
0.79626, -0.01460
0.79751, -0.01458
0.79876, -0.01455
0.80000, -0.01452
0.80125, -0.01449
0.80249, -0.01447
0.80372, -0.01444
0.80496, -0.01442
0.80619, -0.01440
0.80742, -0.01437
0.80864, -0.01435
0.80987, -0.01433
0.81109, -0.01431
0.81231, -0.01429
0.81352, -0.01428
0.81473, -0.01426
0.81594, -0.01424
0.81715, -0.01423
0.81836, -0.01421
0.81956, -0.01420
0.82075, -0.01419
0.82195, -0.01417
0.82314, -0.01416
0.82433, -0.01415
0.82552, -0.01414
0.82670, -0.01413
0.82788, -0.01412
0.82906, -0.01411
0.83023, -0.01410
0.83141, -0.01410
0.83258, -0.01409
0.83374, -0.01409
0.83490, -0.01408
0.83606, -0.01408
0.83722, -0.01407
0.83838, -0.01407
0.83953, -0.01407
0.84067, -0.01406
0.84182, -0.01406
0.84296, -0.01406
0.84410, -0.01406
0.84524, -0.01406
0.84637, -0.01406
0.84750, -0.01406
0.84862, -0.01406
0.84975, -0.01407
0.85087, -0.01407
0.85199, -0.01407
0.85310, -0.01407
0.85421, -0.01408
0.85532, -0.01408
0.85642, -0.01409
0.85752, -0.01409
0.85862, -0.01410
0.85971, -0.01410
0.86081, -0.01411
0.86189, -0.01411
0.86298, -0.01412
0.86406, -0.01412
0.86514, -0.01413
0.86621, -0.01414
0.86728, -0.01414
0.86835, -0.01415
0.86941, -0.01416
0.87047, -0.01417
0.87153, -0.01417
0.87258, -0.01418
0.87363, -0.01419
0.87468, -0.01420
0.87572, -0.01421
0.87676, -0.01421
0.87780, -0.01422
0.87883, -0.01423
0.87986, -0.01424
0.88088, -0.01425
0.88190, -0.01426
0.88292, -0.01427
0.88393, -0.01428
0.88494, -0.01429
0.88595, -0.01429
0.88695, -0.01430
0.88795, -0.01431
0.88895, -0.01432
0.88994, -0.01433
0.89093, -0.01434
0.89191, -0.01435
0.89289, -0.01436
0.89387, -0.01437
0.89484, -0.01438
0.89581, -0.01439
0.89677, -0.01440
0.89773, -0.01440
0.89869, -0.01441
0.89964, -0.01442
0.90059, -0.01443
0.90154, -0.01444
0.90248, -0.01445
0.90342, -0.01446
0.90435, -0.01447
0.90528, -0.01447
0.90621, -0.01448
0.90713, -0.01449
0.90804, -0.01450
0.90896, -0.01451
0.90987, -0.01451
0.91077, -0.01452
0.91167, -0.01453
0.91257, -0.01454
0.91347, -0.01454
0.91435, -0.01455
0.91524, -0.01456
0.91612, -0.01457
0.91700, -0.01457
0.91787, -0.01458
0.91874, -0.01458
0.91960, -0.01459
0.92046, -0.01460
0.92132, -0.01460
0.92217, -0.01461
0.92302, -0.01461
0.92386, -0.01462
0.92470, -0.01462
0.92554, -0.01463
0.92637, -0.01463
0.92719, -0.01464
0.92802, -0.01464
0.92883, -0.01465
0.92965, -0.01465
0.93046, -0.01465
0.93126, -0.01466
0.93206, -0.01466
0.93286, -0.01466
0.93365, -0.01467
0.93444, -0.01467
0.93522, -0.01467
0.93600, -0.01468
0.93678, -0.01468
0.93755, -0.01468
0.93831, -0.01468
0.93907, -0.01468
0.93983, -0.01468
0.94058, -0.01469
0.94133, -0.01469
0.94207, -0.01469
0.94281, -0.01469
0.94355, -0.01469
0.94428, -0.01469
0.94500, -0.01469
0.94572, -0.01469
0.94644, -0.01469
0.94715, -0.01469
0.94786, -0.01469
0.94856, -0.01469
0.94926, -0.01468
0.94996, -0.01468
0.95065, -0.01468
0.95133, -0.01468
0.95201, -0.01468
0.95269, -0.01468
0.95336, -0.01467
0.95403, -0.01467
0.95469, -0.01467
0.95535, -0.01466
0.95600, -0.01466
0.95665, -0.01466
0.95729, -0.01466
0.95793, -0.01465
0.95857, -0.01465
0.95920, -0.01464
0.95982, -0.01464
0.96044, -0.01464
0.96106, -0.01463
0.96167, -0.01463
0.96228, -0.01462
0.96288, -0.01462
0.96348, -0.01461
0.96407, -0.01461
0.96466, -0.01460
0.96524, -0.01460
0.96582, -0.01459
0.96639, -0.01458
0.96696, -0.01458
0.96753, -0.01457
0.96809, -0.01457
0.96864, -0.01456
0.96919, -0.01455
0.96974, -0.01455
0.97028, -0.01454
0.97081, -0.01453
0.97134, -0.01453
0.97187, -0.01452
0.97239, -0.01451
0.97291, -0.01451
0.97342, -0.01450
0.97393, -0.01449
0.97443, -0.01449
0.97493, -0.01448
0.97542, -0.01447
0.97591, -0.01446
0.97639, -0.01446
0.97687, -0.01445
0.97734, -0.01444
0.97781, -0.01443
0.97828, -0.01442
0.97874, -0.01442
0.97919, -0.01441
0.97964, -0.01440
0.98008, -0.01439
0.98052, -0.01438
0.98096, -0.01438
0.98139, -0.01437
0.98181, -0.01436
0.98223, -0.01435
0.98265, -0.01434
0.98306, -0.01434
0.98346, -0.01433
0.98387, -0.01432
0.98426, -0.01431
0.98465, -0.01430
0.98504, -0.01429
0.98542, -0.01429
0.98580, -0.01428
0.98617, -0.01427
0.98653, -0.01426
0.98689, -0.01425
0.98725, -0.01424
0.98760, -0.01424
0.98795, -0.01423
0.98829, -0.01422
0.98863, -0.01421
0.98896, -0.01420
0.98929, -0.01420
0.98961, -0.01419
0.98993, -0.01418
0.99024, -0.01417
0.99055, -0.01416
0.99085, -0.01416
0.99115, -0.01415
0.99144, -0.01414
0.99173, -0.01413
0.99201, -0.01413
0.99229, -0.01412
0.99256, -0.01411
0.99283, -0.01410
0.99309, -0.01410
0.99335, -0.01409
0.99360, -0.01408
0.99385, -0.01408
0.99409, -0.01407
0.99433, -0.01406
0.99456, -0.01406
0.99479, -0.01405
0.99501, -0.01404
0.99523, -0.01404
0.99544, -0.01403
0.99565, -0.01402
0.99585, -0.01402
0.99605, -0.01401
0.99624, -0.01401
0.99643, -0.01400
0.99662, -0.01400
0.99679, -0.01399
0.99697, -0.01399
0.99713, -0.01398
0.99730, -0.01398
0.99746, -0.01397
0.99761, -0.01397
0.99776, -0.01396
0.99790, -0.01396
0.99804, -0.01395
0.99817, -0.01395
0.99830, -0.01394
0.99842, -0.01394
0.99854, -0.01394
0.99865, -0.01393
0.99876, -0.01393
0.99886, -0.01393
0.99896, -0.01392
0.99905, -0.01392
0.99914, -0.01392
0.99922, -0.01391
0.99930, -0.01391
0.99937, -0.01391
0.99944, -0.01391
0.99951, -0.01391
0.99956, -0.01390
0.99962, -0.01390
0.99966, -0.01390
0.99971, -0.01390
0.99974, -0.01390
0.99978, -0.01390
0.99980, -0.01390
0.99983, -0.01390
0.99984, -0.01389
0.99984, -0.01389
0.99979, -0.01388
0.99978, -0.01388
