=== Airfoil Parameters ===
m = 0.02
p = 0.4
t = 0.12

=== Control Points ===
0.00000, -0.00757, -0.00757
0.06667, 0.00231, -0.00380
0.13333, 0.01038, -0.00074
0.20000, 0.01756, 0.00256
0.26667, 0.02346, 0.00568
0.66667, 0.02156, 0.00551
0.75000, 0.01711, 0.00392
0.83333, 0.01302, 0.00346
0.91667, 0.00781, 0.00264
1.00000, 0.00117, 0.00117

=== Upper Surface ===
0.00000, -0.00757
-0.00006, -0.00730
-0.00008, -0.00702
-0.00012, -0.00674
-0.00015, -0.00646
-0.00017, -0.00618
-0.00019, -0.00590
-0.00020, -0.00562
-0.00021, -0.00534
-0.00021, -0.00506
-0.00021, -0.00478
-0.00021, -0.00450
-0.00019, -0.00422
-0.00018, -0.00394
-0.00016, -0.00366
-0.00013, -0.00337
-0.00010, -0.00309
-0.00006, -0.00281
-0.00002, -0.00252
0.00003, -0.00224
0.00008, -0.00195
0.00013, -0.00167
0.00020, -0.00138
0.00026, -0.00109
0.00034, -0.00081
0.00041, -0.00052
0.00049, -0.00023
0.00058, 0.00006
0.00067, 0.00034
0.00077, 0.00063
0.00087, 0.00092
0.00098, 0.00121
0.00109, 0.00150
0.00121, 0.00179
0.00133, 0.00208
0.00146, 0.00237
0.00159, 0.00267
0.00173, 0.00296
0.00187, 0.00325
0.00202, 0.00354
0.00218, 0.00384
0.00233, 0.00413
0.00250, 0.00443
0.00267, 0.00472
0.00284, 0.00502
0.00302, 0.00531
0.00320, 0.00561
0.00339, 0.00590
0.00358, 0.00620
0.00378, 0.00650
0.00399, 0.00679
0.00419, 0.00709
0.00441, 0.00739
0.00463, 0.00769
0.00485, 0.00798
0.00508, 0.00828
0.00531, 0.00858
0.00555, 0.00888
0.00580, 0.00918
0.00605, 0.00948
0.00630, 0.00978
0.00656, 0.01008
0.00683, 0.01038
0.00710, 0.01068
0.00737, 0.01098
0.00765, 0.01129
0.00794, 0.01159
0.00823, 0.01189
0.00852, 0.01219
0.00882, 0.01250
0.00913, 0.01280
0.00944, 0.01310
0.00975, 0.01341
0.01007, 0.01371
0.01040, 0.01401
0.01073, 0.01432
0.01106, 0.01462
0.01140, 0.01493
0.01175, 0.01523
0.01210, 0.01554
0.01245, 0.01584
0.01282, 0.01615
0.01318, 0.01645
0.01355, 0.01676
0.01393, 0.01706
0.01431, 0.01737
0.01469, 0.01767
0.01508, 0.01798
0.01548, 0.01829
0.01588, 0.01859
0.01629, 0.01890
0.01670, 0.01921
0.01711, 0.01951
0.01753, 0.01982
0.01796, 0.02013
0.01839, 0.02043
0.01883, 0.02074
0.01927, 0.02105
0.01971, 0.02136
0.02016, 0.02166
0.02062, 0.02197
0.02108, 0.02228
0.02154, 0.02259
0.02201, 0.02289
0.02249, 0.02320
0.02297, 0.02351
0.02346, 0.02382
0.02395, 0.02412
0.02444, 0.02443
0.02494, 0.02474
0.02545, 0.02505
0.02596, 0.02535
0.02647, 0.02566
0.02699, 0.02597
0.02751, 0.02628
0.02804, 0.02658
0.02858, 0.02689
0.02912, 0.02720
0.02966, 0.02751
0.03021, 0.02781
0.03076, 0.02812
0.03132, 0.02843
0.03189, 0.02873
0.03245, 0.02904
0.03303, 0.02935
0.03361, 0.02965
0.03419, 0.02996
0.03478, 0.03027
0.03537, 0.03057
0.03597, 0.03088
0.03657, 0.03118
0.03717, 0.03149
0.03779, 0.03179
0.03840, 0.03210
0.03902, 0.03240
0.03965, 0.03271
0.04028, 0.03301
0.04092, 0.03332
0.04156, 0.03362
0.04220, 0.03392
0.04285, 0.03423
0.04351, 0.03453
0.04416, 0.03483
0.04483, 0.03514
0.04550, 0.03544
0.04617, 0.03574
0.04685, 0.03604
0.04753, 0.03634
0.04822, 0.03664
0.04891, 0.03695
0.04960, 0.03725
0.05031, 0.03755
0.05101, 0.03785
0.05172, 0.03815
0.05244, 0.03844
0.05316, 0.03874
0.05388, 0.03904
0.05461, 0.03934
0.05534, 0.03964
0.05608, 0.03993
0.05682, 0.04023
0.05757, 0.04053
0.05832, 0.04082
0.05908, 0.04112
0.05984, 0.04142
0.06060, 0.04171
0.06137, 0.04200
0.06214, 0.04230
0.06292, 0.04259
0.06370, 0.04289
0.06449, 0.04318
0.06528, 0.04347
0.06608, 0.04376
0.06688, 0.04405
0.06769, 0.04434
0.06849, 0.04463
0.06931, 0.04492
0.07013, 0.04521
0.07095, 0.04550
0.07177, 0.04579
0.07261, 0.04608
0.07344, 0.04636
0.07428, 0.04665
0.07512, 0.04694
0.07597, 0.04722
0.07683, 0.04751
0.07768, 0.04779
0.07854, 0.04808
0.07941, 0.04836
0.08028, 0.04864
0.08115, 0.04892
0.08203, 0.04921
0.08291, 0.04949
0.08380, 0.04977
0.08469, 0.05005
0.08558, 0.05033
0.08648, 0.05061
0.08739, 0.05088
0.08829, 0.05116
0.08920, 0.05144
0.09012, 0.05171
0.09104, 0.05199
0.09196, 0.05226
0.09289, 0.05254
0.09382, 0.05281
0.09476, 0.05309
0.09570, 0.05336
0.09664, 0.05363
0.09759, 0.05390
0.09854, 0.05417
0.09949, 0.05444
0.10045, 0.05471
0.10142, 0.05498
0.10238, 0.05525
0.10336, 0.05551
0.10433, 0.05578
0.10531, 0.05605
0.10629, 0.05631
0.10728, 0.05657
0.10827, 0.05684
0.10926, 0.05710
0.11026, 0.05736
0.11126, 0.05763
0.11227, 0.05789
0.11328, 0.05815
0.11429, 0.05841
0.11531, 0.05867
0.11633, 0.05892
0.11736, 0.05918
0.11838, 0.05944
0.11942, 0.05969
0.12045, 0.05995
0.12149, 0.06020
0.12253, 0.06046
0.12358, 0.06071
0.12463, 0.06096
0.12568, 0.06122
0.12674, 0.06147
0.12780, 0.06172
0.12887, 0.06197
0.12993, 0.06222
0.13101, 0.06246
0.13208, 0.06271
0.13316, 0.06296
0.13425, 0.06321
0.13534, 0.06345
0.13643, 0.06370
0.13752, 0.06394
0.13862, 0.06418
0.13973, 0.06443
0.14083, 0.06467
0.14194, 0.06491
0.14306, 0.06515
0.14418, 0.06539
0.14530, 0.06563
0.14642, 0.06587
0.14755, 0.06611
0.14869, 0.06634
0.14983, 0.06658
0.15097, 0.06681
0.15211, 0.06705
0.15326, 0.06728
0.15441, 0.06751
0.15557, 0.06774
0.15673, 0.06798
0.15789, 0.06821
0.15906, 0.06843
0.16023, 0.06866
0.16140, 0.06889
0.16258, 0.06912
0.16376, 0.06934
0.16494, 0.06957
0.16613, 0.06979
0.16732, 0.07001
0.16852, 0.07024
0.16972, 0.07046
0.17092, 0.07068
0.17213, 0.07090
0.17334, 0.07111
0.17455, 0.07133
0.17577, 0.07155
0.17699, 0.07176
0.17821, 0.07198
0.17944, 0.07219
0.18067, 0.07240
0.18190, 0.07261
0.18314, 0.07282
0.18438, 0.07303
0.18563, 0.07324
0.18687, 0.07345
0.18813, 0.07366
0.18938, 0.07386
0.19064, 0.07406
0.19190, 0.07427
0.19316, 0.07447
0.19443, 0.07467
0.19570, 0.07487
0.19698, 0.07507
0.19826, 0.07527
0.19954, 0.07546
0.20083, 0.07566
0.20211, 0.07585
0.20341, 0.07604
0.20470, 0.07624
0.20600, 0.07643
0.20731, 0.07662
0.20861, 0.07680
0.20992, 0.07699
0.21123, 0.07718
0.21255, 0.07736
0.21387, 0.07754
0.21520, 0.07773
0.21652, 0.07791
0.21785, 0.07809
0.21919, 0.07826
0.22052, 0.07844
0.22186, 0.07862
0.22321, 0.07879
0.22455, 0.07896
0.22590, 0.07913
0.22726, 0.07930
0.22861, 0.07947
0.22997, 0.07964
0.23134, 0.07980
0.23270, 0.07997
0.23407, 0.08013
0.23545, 0.08029
0.23682, 0.08045
0.23820, 0.08061
0.23958, 0.08076
0.24097, 0.08092
0.24236, 0.08107
0.24375, 0.08122
0.24515, 0.08137
0.24654, 0.08152
0.24795, 0.08167
0.24935, 0.08181
0.25076, 0.08195
0.25217, 0.08210
0.25358, 0.08224
0.25500, 0.08237
0.25642, 0.08251
0.25784, 0.08264
0.25927, 0.08278
0.26070, 0.08291
0.26213, 0.08304
0.26356, 0.08316
0.26500, 0.08329
0.26644, 0.08341
0.26788, 0.08353
0.26932, 0.08365
0.27077, 0.08377
0.27222, 0.08389
0.27367, 0.08400
0.27512, 0.08411
0.27658, 0.08422
0.27803, 0.08433
0.27949, 0.08444
0.28096, 0.08454
0.28242, 0.08465
0.28389, 0.08475
0.28535, 0.08485
0.28682, 0.08494
0.28830, 0.08504
0.28977, 0.08513
0.29125, 0.08522
0.29272, 0.08531
0.29420, 0.08540
0.29569, 0.08548
0.29717, 0.08557
0.29866, 0.08565
0.30015, 0.08573
0.30164, 0.08581
0.30313, 0.08588
0.30462, 0.08595
0.30612, 0.08603
0.30761, 0.08610
0.30911, 0.08617
0.31061, 0.08623
0.31212, 0.08630
0.31362, 0.08636
0.31513, 0.08642
0.31664, 0.08648
0.31815, 0.08653
0.31966, 0.08659
0.32117, 0.08664
0.32269, 0.08669
0.32420, 0.08674
0.32572, 0.08679
0.32724, 0.08684
0.32876, 0.08688
0.33029, 0.08692
0.33181, 0.08696
0.33334, 0.08700
0.33486, 0.08703
0.33639, 0.08707
0.33792, 0.08710
0.33946, 0.08713
0.34099, 0.08716
0.34253, 0.08719
0.34406, 0.08721
0.34560, 0.08723
0.34714, 0.08725
0.34868, 0.08727
0.35022, 0.08729
0.35177, 0.08731
0.35331, 0.08732
0.35486, 0.08733
0.35640, 0.08734
0.35795, 0.08735
0.35950, 0.08736
0.36105, 0.08736
0.36261, 0.08736
0.36416, 0.08737
0.36571, 0.08736
0.36727, 0.08736
0.36883, 0.08736
0.37038, 0.08735
0.37194, 0.08734
0.37350, 0.08733
0.37507, 0.08732
0.37663, 0.08731
0.37819, 0.08729
0.37976, 0.08728
0.38132, 0.08726
0.38289, 0.08724
0.38445, 0.08721
0.38602, 0.08719
0.38759, 0.08716
0.38916, 0.08714
0.39073, 0.08711
0.39231, 0.08708
0.39388, 0.08704
0.39545, 0.08701
0.39703, 0.08697
0.39860, 0.08693
0.40018, 0.08690
0.40176, 0.08685
0.40333, 0.08681
0.40491, 0.08677
0.40649, 0.08672
0.40807, 0.08667
0.40965, 0.08662
0.41123, 0.08657
0.41282, 0.08652
0.41440, 0.08646
0.41598, 0.08641
0.41757, 0.08635
0.41915, 0.08629
0.42074, 0.08623
0.42232, 0.08616
0.42391, 0.08610
0.42550, 0.08603
0.42708, 0.08597
0.42867, 0.08590
0.43026, 0.08583
0.43185, 0.08575
0.43344, 0.08568
0.43503, 0.08560
0.43662, 0.08553
0.43821, 0.08545
0.43980, 0.08537
0.44139, 0.08529
0.44298, 0.08520
0.44457, 0.08512
0.44617, 0.08503
0.44776, 0.08494
0.44935, 0.08485
0.45094, 0.08476
0.45254, 0.08467
0.45413, 0.08458
0.45572, 0.08448
0.45732, 0.08439
0.45891, 0.08429
0.46051, 0.08419
0.46210, 0.08409
0.46370, 0.08398
0.46529, 0.08388
0.46689, 0.08377
0.46848, 0.08367
0.47008, 0.08356
0.47167, 0.08345
0.47327, 0.08334
0.47486, 0.08323
0.47646, 0.08311
0.47805, 0.08300
0.47965, 0.08288
0.48124, 0.08276
0.48284, 0.08264
0.48443, 0.08252
0.48603, 0.08240
0.48762, 0.08228
0.48922, 0.08215
0.49081, 0.08203
0.49241, 0.08190
0.49400, 0.08177
0.49560, 0.08164
0.49719, 0.08151
0.49878, 0.08138
0.50038, 0.08125
0.50197, 0.08111
0.50356, 0.08098
0.50516, 0.08084
0.50675, 0.08070
0.50834, 0.08056
0.50993, 0.08042
0.51153, 0.08028
0.51312, 0.08014
0.51471, 0.07999
0.51630, 0.07985
0.51789, 0.07970
0.51948, 0.07955
0.52107, 0.07940
0.52266, 0.07925
0.52424, 0.07910
0.52583, 0.07895
0.52742, 0.07880
0.52901, 0.07864
0.53059, 0.07849
0.53218, 0.07833
0.53376, 0.07817
0.53535, 0.07801
0.53693, 0.07785
0.53852, 0.07769
0.54010, 0.07753
0.54168, 0.07737
0.54326, 0.07721
0.54484, 0.07704
0.54642, 0.07688
0.54800, 0.07671
0.54958, 0.07654
0.55116, 0.07637
0.55274, 0.07620
0.55432, 0.07603
0.55589, 0.07586
0.55747, 0.07569
0.55904, 0.07551
0.56062, 0.07534
0.56219, 0.07517
0.56376, 0.07499
0.56533, 0.07481
0.56690, 0.07463
0.56847, 0.07446
0.57004, 0.07428
0.57161, 0.07410
0.57318, 0.07391
0.57474, 0.07373
0.57631, 0.07355
0.57787, 0.07337
0.57943, 0.07318
0.58100, 0.07300
0.58256, 0.07281
0.58412, 0.07262
0.58567, 0.07244
0.58723, 0.07225
0.58879, 0.07206
0.59035, 0.07187
0.59190, 0.07168
0.59345, 0.07149
0.59501, 0.07130
0.59656, 0.07110
0.59811, 0.07091
0.59966, 0.07072
0.60120, 0.07052
0.60275, 0.07033
0.60430, 0.07013
0.60584, 0.06993
0.60738, 0.06974
0.60893, 0.06954
0.61047, 0.06934
0.61201, 0.06914
0.61354, 0.06894
0.61508, 0.06874
0.61661, 0.06854
0.61815, 0.06834
0.61968, 0.06813
0.62121, 0.06793
0.62274, 0.06773
0.62427, 0.06753
0.62580, 0.06732
0.62732, 0.06712
0.62885, 0.06691
0.63037, 0.06671
0.63189, 0.06650
0.63341, 0.06629
0.63493, 0.06609
0.63645, 0.06588
0.63796, 0.06567
0.63948, 0.06546
0.64099, 0.06525
0.64250, 0.06504
0.64401, 0.06483
0.64552, 0.06462
0.64702, 0.06441
0.64853, 0.06420
0.65003, 0.06399
0.65153, 0.06378
0.65303, 0.06357
0.65453, 0.06335
0.65603, 0.06314
0.65752, 0.06293
0.65901, 0.06271
0.66050, 0.06250
0.66199, 0.06228
0.66348, 0.06207
0.66497, 0.06186
0.66645, 0.06164
0.66793, 0.06142
0.66941, 0.06121
0.67089, 0.06099
0.67237, 0.06078
0.67384, 0.06056
0.67532, 0.06034
0.67679, 0.06013
0.67826, 0.05991
0.67972, 0.05969
0.68119, 0.05947
0.68265, 0.05926
0.68411, 0.05904
0.68557, 0.05882
0.68703, 0.05860
0.68848, 0.05839
0.68993, 0.05817
0.69138, 0.05795
0.69283, 0.05773
0.69428, 0.05751
0.69572, 0.05729
0.69716, 0.05708
0.69860, 0.05686
0.70004, 0.05664
0.70147, 0.05642
0.70291, 0.05620
0.70434, 0.05599
0.70576, 0.05577
0.70719, 0.05555
0.70861, 0.05533
0.71004, 0.05511
0.71146, 0.05490
0.71287, 0.05468
0.71429, 0.05446
0.71570, 0.05424
0.71711, 0.05403
0.71852, 0.05381
0.71992, 0.05359
0.72133, 0.05338
0.72273, 0.05316
0.72413, 0.05294
0.72552, 0.05273
0.72692, 0.05251
0.72831, 0.05229
0.72970, 0.05208
0.73108, 0.05186
0.73247, 0.05165
0.73385, 0.05144
0.73523, 0.05122
0.73660, 0.05101
0.73798, 0.05079
0.73935, 0.05058
0.74072, 0.05037
0.74209, 0.05015
0.74345, 0.04994
0.74481, 0.04973
0.74617, 0.04952
0.74753, 0.04931
0.74888, 0.04910
0.75024, 0.04889
0.75158, 0.04868
0.75293, 0.04847
0.75428, 0.04826
0.75562, 0.04805
0.75696, 0.04784
0.75830, 0.04763
0.75963, 0.04743
0.76097, 0.04722
0.76230, 0.04701
0.76363, 0.04681
0.76495, 0.04660
0.76628, 0.04639
0.76760, 0.04619
0.76892, 0.04598
0.77024, 0.04578
0.77155, 0.04557
0.77287, 0.04537
0.77418, 0.04517
0.77548, 0.04496
0.77679, 0.04476
0.77809, 0.04455
0.77939, 0.04435
0.78069, 0.04415
0.78199, 0.04395
0.78328, 0.04374
0.78457, 0.04354
0.78586, 0.04334
0.78714, 0.04314
0.78843, 0.04294
0.78971, 0.04273
0.79098, 0.04253
0.79226, 0.04233
0.79353, 0.04213
0.79480, 0.04193
0.79606, 0.04173
0.79733, 0.04153
0.79859, 0.04133
0.79985, 0.04113
0.80110, 0.04093
0.80236, 0.04073
0.80361, 0.04053
0.80485, 0.04033
0.80610, 0.04013
0.80734, 0.03993
0.80858, 0.03973
0.80981, 0.03953
0.81104, 0.03933
0.81227, 0.03913
0.81350, 0.03893
0.81472, 0.03874
0.81595, 0.03854
0.81716, 0.03834
0.81838, 0.03814
0.81959, 0.03794
0.82080, 0.03774
0.82200, 0.03754
0.82321, 0.03735
0.82441, 0.03715
0.82560, 0.03695
0.82680, 0.03675
0.82799, 0.03655
0.82917, 0.03636
0.83036, 0.03616
0.83154, 0.03596
0.83271, 0.03576
0.83389, 0.03556
0.83506, 0.03537
0.83623, 0.03517
0.83739, 0.03497
0.83855, 0.03477
0.83971, 0.03458
0.84086, 0.03438
0.84201, 0.03418
0.84316, 0.03399
0.84430, 0.03379
0.84544, 0.03359
0.84658, 0.03339
0.84771, 0.03320
0.84884, 0.03300
0.84997, 0.03281
0.85109, 0.03261
0.85221, 0.03241
0.85333, 0.03222
0.85444, 0.03202
0.85555, 0.03183
0.85665, 0.03163
0.85775, 0.03143
0.85885, 0.03124
0.85994, 0.03104
0.86104, 0.03085
0.86212, 0.03066
0.86321, 0.03046
0.86428, 0.03027
0.86536, 0.03007
0.86643, 0.02988
0.86750, 0.02969
0.86857, 0.02949
0.86963, 0.02930
0.87068, 0.02911
0.87174, 0.02892
0.87279, 0.02872
0.87383, 0.02853
0.87488, 0.02834
0.87591, 0.02815
0.87695, 0.02796
0.87798, 0.02777
0.87901, 0.02758
0.88003, 0.02739
0.88105, 0.02720
0.88207, 0.02701
0.88308, 0.02682
0.88409, 0.02663
0.88509, 0.02644
0.88609, 0.02625
0.88709, 0.02607
0.88808, 0.02588
0.88907, 0.02569
0.89006, 0.02551
0.89104, 0.02532
0.89201, 0.02513
0.89299, 0.02495
0.89396, 0.02476
0.89492, 0.02458
0.89588, 0.02440
0.89684, 0.02421
0.89780, 0.02403
0.89875, 0.02385
0.89969, 0.02366
0.90063, 0.02348
0.90157, 0.02330
0.90250, 0.02312
0.90343, 0.02294
0.90436, 0.02276
0.90528, 0.02258
0.90620, 0.02240
0.90711, 0.02222
0.90802, 0.02204
0.90893, 0.02186
0.90983, 0.02169
0.91073, 0.02151
0.91162, 0.02133
0.91251, 0.02116
0.91340, 0.02098
0.91428, 0.02081
0.91515, 0.02063
0.91603, 0.02046
0.91689, 0.02029
0.91776, 0.02012
0.91862, 0.01994
0.91948, 0.01977
0.92033, 0.01960
0.92118, 0.01943
0.92202, 0.01926
0.92286, 0.01909
0.92369, 0.01892
0.92453, 0.01876
0.92535, 0.01859
0.92618, 0.01842
0.92699, 0.01826
0.92781, 0.01809
0.92862, 0.01793
0.92942, 0.01776
0.93023, 0.01760
0.93102, 0.01743
0.93182, 0.01727
0.93260, 0.01711
0.93339, 0.01695
0.93417, 0.01679
0.93495, 0.01663
0.93572, 0.01647
0.93648, 0.01631
0.93725, 0.01615
0.93801, 0.01600
0.93876, 0.01584
0.93951, 0.01569
0.94026, 0.01553
0.94100, 0.01538
0.94173, 0.01522
0.94247, 0.01507
0.94319, 0.01492
0.94392, 0.01477
0.94464, 0.01462
0.94535, 0.01447
0.94606, 0.01432
0.94677, 0.01417
0.94747, 0.01402
0.94817, 0.01387
0.94886, 0.01373
0.94955, 0.01358
0.95024, 0.01344
0.95092, 0.01329
0.95159, 0.01315
0.95226, 0.01301
0.95293, 0.01287
0.95359, 0.01272
0.95425, 0.01258
0.95490, 0.01245
0.95555, 0.01231
0.95619, 0.01217
0.95683, 0.01203
0.95747, 0.01190
0.95810, 0.01176
0.95872, 0.01163
0.95935, 0.01149
0.95996, 0.01136
0.96057, 0.01123
0.96118, 0.01110
0.96179, 0.01097
0.96238, 0.01084
0.96298, 0.01071
0.96357, 0.01058
0.96415, 0.01046
0.96473, 0.01033
0.96531, 0.01020
0.96588, 0.01008
0.96645, 0.00996
0.96701, 0.00983
0.96757, 0.00971
0.96812, 0.00959
0.96867, 0.00947
0.96921, 0.00935
0.96975, 0.00924
0.97029, 0.00912
0.97082, 0.00900
0.97134, 0.00889
0.97186, 0.00877
0.97238, 0.00866
0.97289, 0.00855
0.97340, 0.00844
0.97390, 0.00833
0.97440, 0.00822
0.97489, 0.00811
0.97538, 0.00800
0.97586, 0.00789
0.97634, 0.00779
0.97682, 0.00768
0.97729, 0.00758
0.97775, 0.00747
0.97821, 0.00737
0.97867, 0.00727
0.97912, 0.00717
0.97956, 0.00707
0.98001, 0.00697
0.98044, 0.00688
0.98088, 0.00678
0.98130, 0.00668
0.98172, 0.00659
0.98214, 0.00650
0.98256, 0.00640
0.98296, 0.00631
0.98337, 0.00622
0.98377, 0.00613
0.98416, 0.00605
0.98455, 0.00596
0.98494, 0.00587
0.98532, 0.00579
0.98569, 0.00570
0.98606, 0.00562
0.98643, 0.00554
0.98679, 0.00546
0.98714, 0.00538
0.98750, 0.00530
0.98784, 0.00522
0.98818, 0.00514
0.98852, 0.00506
0.98885, 0.00499
0.98918, 0.00492
0.98950, 0.00484
0.98982, 0.00477
0.99014, 0.00470
0.99044, 0.00463
0.99075, 0.00456
0.99105, 0.00449
0.99134, 0.00443
0.99163, 0.00436
0.99191, 0.00430
0.99219, 0.00423
0.99247, 0.00417
0.99274, 0.00411
0.99300, 0.00405
0.99326, 0.00399
0.99352, 0.00393
0.99377, 0.00388
0.99401, 0.00382
0.99426, 0.00376
0.99449, 0.00371
0.99472, 0.00366
0.99495, 0.00361
0.99517, 0.00356
0.99539, 0.00351
0.99560, 0.00346
0.99581, 0.00341
0.99601, 0.00336
0.99621, 0.00332
0.99640, 0.00328
0.99659, 0.00323
0.99677, 0.00319
0.99695, 0.00315
0.99712, 0.00311
0.99729, 0.00307
0.99745, 0.00303
0.99761, 0.00300
0.99776, 0.00296
0.99791, 0.00293
0.99806, 0.00290
0.99820, 0.00286
0.99833, 0.00283
0.99846, 0.00280
0.99858, 0.00277
0.99870, 0.00275
0.99882, 0.00272
0.99893, 0.00270
0.99903, 0.00267
0.99913, 0.00265
0.99923, 0.00263
0.99932, 0.00261
0.99940, 0.00259
0.99948, 0.00257
0.99956, 0.00255
0.99963, 0.00253
0.99970, 0.00252
0.99976, 0.00251
0.99981, 0.00249
0.99987, 0.00248
0.99991, 0.00247
0.99995, 0.00246
0.99999, 0.00245
1.00002, 0.00244
1.00005, 0.00244
1.00007, 0.00243
1.00009, 0.00243
1.00010, 0.00243
1.00014, 0.00242
1.00016, 0.00242

=== Lower Surface ===
0.00000, -0.00757
0.00006, -0.00784
0.00010, -0.00812
0.00016, -0.00839
0.00022, -0.00866
0.00029, -0.00894
0.00037, -0.00920
0.00044, -0.00947
0.00053, -0.00974
0.00061, -0.01001
0.00071, -0.01027
0.00080, -0.01053
0.00091, -0.01080
0.00101, -0.01106
0.00113, -0.01132
0.00124, -0.01158
0.00136, -0.01184
0.00149, -0.01209
0.00162, -0.01235
0.00176, -0.01260
0.00190, -0.01285
0.00205, -0.01311
0.00220, -0.01336
0.00235, -0.01361
0.00251, -0.01385
0.00268, -0.01410
0.00285, -0.01435
0.00302, -0.01459
0.00320, -0.01483
0.00338, -0.01508
0.00357, -0.01532
0.00377, -0.01556
0.00397, -0.01580
0.00417, -0.01603
0.00438, -0.01627
0.00459, -0.01650
0.00481, -0.01674
0.00503, -0.01697
0.00526, -0.01720
0.00549, -0.01743
0.00573, -0.01766
0.00597, -0.01789
0.00621, -0.01812
0.00646, -0.01834
0.00672, -0.01856
0.00698, -0.01879
0.00724, -0.01901
0.00751, -0.01923
0.00779, -0.01945
0.00807, -0.01967
0.00835, -0.01989
0.00864, -0.02010
0.00893, -0.02032
0.00923, -0.02053
0.00953, -0.02074
0.00984, -0.02095
0.01015, -0.02116
0.01047, -0.02137
0.01079, -0.02158
0.01112, -0.02179
0.01145, -0.02199
0.01178, -0.02220
0.01212, -0.02240
0.01247, -0.02260
0.01281, -0.02280
0.01317, -0.02300
0.01353, -0.02320
0.01389, -0.02340
0.01426, -0.02360
0.01463, -0.02379
0.01501, -0.02398
0.01539, -0.02418
0.01577, -0.02437
0.01616, -0.02456
0.01656, -0.02475
0.01696, -0.02494
0.01736, -0.02512
0.01777, -0.02531
0.01818, -0.02549
0.01860, -0.02568
0.01902, -0.02586
0.01945, -0.02604
0.01988, -0.02622
0.02032, -0.02640
0.02076, -0.02658
0.02121, -0.02676
0.02166, -0.02693
0.02211, -0.02711
0.02257, -0.02728
0.02303, -0.02745
0.02350, -0.02762
0.02397, -0.02779
0.02445, -0.02796
0.02493, -0.02813
0.02541, -0.02830
0.02591, -0.02846
0.02640, -0.02862
0.02690, -0.02879
0.02740, -0.02895
0.02791, -0.02911
0.02842, -0.02927
0.02894, -0.02943
0.02946, -0.02959
0.02999, -0.02974
0.03052, -0.02990
0.03105, -0.03005
0.03159, -0.03021
0.03213, -0.03036
0.03268, -0.03051
0.03323, -0.03066
0.03379, -0.03081
0.03435, -0.03096
0.03492, -0.03110
0.03549, -0.03125
0.03606, -0.03139
0.03664, -0.03154
0.03722, -0.03168
0.03781, -0.03182
0.03840, -0.03196
0.03900, -0.03210
0.03960, -0.03224
0.04020, -0.03237
0.04081, -0.03251
0.04143, -0.03264
0.04204, -0.03278
0.04267, -0.03291
0.04329, -0.03304
0.04392, -0.03317
0.04456, -0.03330
0.04520, -0.03343
0.04584, -0.03355
0.04649, -0.03368
0.04714, -0.03381
0.04780, -0.03393
0.04846, -0.03405
0.04912, -0.03417
0.04979, -0.03429
0.05046, -0.03441
0.05114, -0.03453
0.05182, -0.03465
0.05251, -0.03476
0.05320, -0.03488
0.05389, -0.03499
0.05459, -0.03511
0.05530, -0.03522
0.05600, -0.03533
0.05672, -0.03544
0.05743, -0.03555
0.05815, -0.03566
0.05887, -0.03576
0.05960, -0.03587
0.06034, -0.03597
0.06107, -0.03608
0.06181, -0.03618
0.06256, -0.03628
0.06331, -0.03638
0.06406, -0.03648
0.06482, -0.03658
0.06558, -0.03667
0.06634, -0.03677
0.06711, -0.03686
0.06789, -0.03696
0.06867, -0.03705
0.06945, -0.03714
0.07023, -0.03723
0.07102, -0.03732
0.07182, -0.03741
0.07262, -0.03750
0.07342, -0.03758
0.07423, -0.03767
0.07504, -0.03775
0.07585, -0.03784
0.07667, -0.03792
0.07749, -0.03800
0.07832, -0.03808
0.07915, -0.03816
0.07999, -0.03824
0.08083, -0.03831
0.08167, -0.03839
0.08252, -0.03846
0.08337, -0.03854
0.08422, -0.03861
0.08508, -0.03868
0.08595, -0.03875
0.08682, -0.03882
0.08769, -0.03889
0.08856, -0.03895
0.08944, -0.03902
0.09032, -0.03908
0.09121, -0.03915
0.09210, -0.03921
0.09300, -0.03927
0.09390, -0.03933
0.09480, -0.03939
0.09571, -0.03945
0.09662, -0.03951
0.09753, -0.03956
0.09845, -0.03962
0.09938, -0.03967
0.10030, -0.03973
0.10123, -0.03978
0.10217, -0.03983
0.10311, -0.03988
0.10405, -0.03993
0.10500, -0.03997
0.10595, -0.04002
0.10690, -0.04006
0.10786, -0.04011
0.10882, -0.04015
0.10979, -0.04019
0.11076, -0.04023
0.11173, -0.04027
0.11271, -0.04031
0.11369, -0.04035
0.11467, -0.04038
0.11566, -0.04042
0.11665, -0.04045
0.11765, -0.04048
0.11865, -0.04052
0.11966, -0.04055
0.12066, -0.04058
0.12168, -0.04060
0.12269, -0.04063
0.12371, -0.04066
0.12473, -0.04068
0.12576, -0.04070
0.12679, -0.04073
0.12783, -0.04075
0.12886, -0.04077
0.12991, -0.04078
0.13095, -0.04080
0.13200, -0.04082
0.13305, -0.04083
0.13411, -0.04085
0.13517, -0.04086
0.13624, -0.04087
0.13730, -0.04088
0.13838, -0.04089
0.13945, -0.04090
0.14053, -0.04091
0.14161, -0.04091
0.14270, -0.04091
0.14379, -0.04092
0.14488, -0.04092
0.14598, -0.04092
0.14707, -0.04092
0.14818, -0.04092
0.14928, -0.04092
0.15039, -0.04091
0.15150, -0.04091
0.15262, -0.04090
0.15373, -0.04089
0.15486, -0.04088
0.15598, -0.04088
0.15711, -0.04086
0.15824, -0.04085
0.15937, -0.04084
0.16051, -0.04083
0.16165, -0.04081
0.16279, -0.04079
0.16394, -0.04078
0.16509, -0.04076
0.16624, -0.04074
0.16740, -0.04072
0.16855, -0.04070
0.16972, -0.04067
0.17088, -0.04065
0.17205, -0.04063
0.17322, -0.04060
0.17439, -0.04057
0.17557, -0.04054
0.17675, -0.04052
0.17793, -0.04049
0.17911, -0.04045
0.18030, -0.04042
0.18149, -0.04039
0.18269, -0.04036
0.18388, -0.04032
0.18508, -0.04028
0.18628, -0.04025
0.18749, -0.04021
0.18870, -0.04017
0.18991, -0.04013
0.19112, -0.04009
0.19234, -0.04005
0.19355, -0.04000
0.19478, -0.03996
0.19600, -0.03992
0.19723, -0.03987
0.19846, -0.03982
0.19969, -0.03978
0.20092, -0.03973
0.20216, -0.03968
0.20340, -0.03963
0.20464, -0.03958
0.20589, -0.03953
0.20714, -0.03947
0.20839, -0.03942
0.20964, -0.03937
0.21090, -0.03931
0.21215, -0.03925
0.21341, -0.03920
0.21467, -0.03914
0.21594, -0.03908
0.21721, -0.03902
0.21847, -0.03896
0.21975, -0.03890
0.22102, -0.03884
0.22229, -0.03878
0.22357, -0.03872
0.22485, -0.03865
0.22613, -0.03859
0.22742, -0.03853
0.22870, -0.03846
0.22999, -0.03840
0.23128, -0.03833
0.23258, -0.03826
0.23387, -0.03820
0.23517, -0.03813
0.23647, -0.03806
0.23777, -0.03799
0.23907, -0.03792
0.24037, -0.03785
0.24168, -0.03778
0.24299, -0.03771
0.24430, -0.03764
0.24561, -0.03757
0.24693, -0.03750
0.24824, -0.03742
0.24956, -0.03735
0.25088, -0.03728
0.25220, -0.03720
0.25353, -0.03713
0.25485, -0.03706
0.25618, -0.03698
0.25751, -0.03691
0.25884, -0.03683
0.26018, -0.03676
0.26151, -0.03668
0.26285, -0.03660
0.26419, -0.03653
0.26553, -0.03645
0.26687, -0.03638
0.26821, -0.03630
0.26956, -0.03622
0.27090, -0.03615
0.27225, -0.03607
0.27360, -0.03599
0.27495, -0.03592
0.27631, -0.03584
0.27767, -0.03576
0.27903, -0.03569
0.28039, -0.03561
0.28175, -0.03553
0.28312, -0.03545
0.28449, -0.03538
0.28586, -0.03530
0.28723, -0.03522
0.28860, -0.03514
0.28998, -0.03506
0.29136, -0.03499
0.29274, -0.03491
0.29412, -0.03483
0.29551, -0.03475
0.29690, -0.03467
0.29829, -0.03460
0.29968, -0.03452
0.30107, -0.03444
0.30247, -0.03436
0.30386, -0.03428
0.30526, -0.03420
0.30666, -0.03412
0.30807, -0.03405
0.30947, -0.03397
0.31088, -0.03389
0.31229, -0.03381
0.31370, -0.03373
0.31511, -0.03365
0.31653, -0.03357
0.31795, -0.03349
0.31936, -0.03342
0.32078, -0.03334
0.32221, -0.03326
0.32363, -0.03318
0.32506, -0.03310
0.32649, -0.03302
0.32792, -0.03294
0.32935, -0.03287
0.33078, -0.03279
0.33222, -0.03271
0.33365, -0.03263
0.33509, -0.03255
0.33653, -0.03247
0.33797, -0.03239
0.33942, -0.03232
0.34086, -0.03224
0.34231, -0.03216
0.34376, -0.03208
0.34521, -0.03200
0.34666, -0.03193
0.34812, -0.03185
0.34957, -0.03177
0.35103, -0.03169
0.35249, -0.03161
0.35395, -0.03154
0.35541, -0.03146
0.35688, -0.03138
0.35834, -0.03130
0.35981, -0.03123
0.36128, -0.03115
0.36275, -0.03107
0.36422, -0.03099
0.36569, -0.03092
0.36716, -0.03084
0.36864, -0.03076
0.37012, -0.03069
0.37160, -0.03061
0.37308, -0.03053
0.37456, -0.03046
0.37604, -0.03038
0.37752, -0.03030
0.37901, -0.03023
0.38050, -0.03015
0.38199, -0.03007
0.38348, -0.03000
0.38497, -0.02992
0.38646, -0.02985
0.38795, -0.02977
0.38945, -0.02970
0.39094, -0.02962
0.39244, -0.02955
0.39394, -0.02947
0.39544, -0.02940
0.39694, -0.02932
0.39845, -0.02925
0.39995, -0.02917
0.40145, -0.02910
0.40296, -0.02902
0.40447, -0.02895
0.40598, -0.02887
0.40749, -0.02880
0.40900, -0.02873
0.41051, -0.02865
0.41202, -0.02858
0.41354, -0.02851
0.41505, -0.02843
0.41657, -0.02836
0.41808, -0.02829
0.41960, -0.02821
0.42112, -0.02814
0.42264, -0.02807
0.42416, -0.02800
0.42568, -0.02793
0.42721, -0.02785
0.42873, -0.02778
0.43026, -0.02771
0.43178, -0.02764
0.43331, -0.02757
0.43484, -0.02750
0.43637, -0.02742
0.43790, -0.02735
0.43943, -0.02728
0.44096, -0.02721
0.44249, -0.02714
0.44402, -0.02707
0.44555, -0.02700
0.44709, -0.02693
0.44862, -0.02686
0.45016, -0.02679
0.45170, -0.02672
0.45323, -0.02665
0.45477, -0.02658
0.45631, -0.02651
0.45785, -0.02645
0.45939, -0.02638
0.46093, -0.02631
0.46247, -0.02624
0.46401, -0.02617
0.46555, -0.02610
0.46710, -0.02604
0.46864, -0.02597
0.47018, -0.02590
0.47173, -0.02583
0.47327, -0.02576
0.47482, -0.02570
0.47636, -0.02563
0.47791, -0.02556
0.47946, -0.02550
0.48100, -0.02543
0.48255, -0.02536
0.48410, -0.02530
0.48565, -0.02523
0.48720, -0.02517
0.48875, -0.02510
0.49030, -0.02503
0.49185, -0.02497
0.49340, -0.02490
0.49495, -0.02484
0.49650, -0.02477
0.49805, -0.02471
0.49960, -0.02464
0.50115, -0.02458
0.50270, -0.02451
0.50426, -0.02445
0.50581, -0.02438
0.50736, -0.02432
0.50891, -0.02426
0.51047, -0.02419
0.51202, -0.02413
0.51357, -0.02407
0.51513, -0.02400
0.51668, -0.02394
0.51823, -0.02388
0.51979, -0.02381
0.52134, -0.02375
0.52289, -0.02369
0.52445, -0.02362
0.52600, -0.02356
0.52755, -0.02350
0.52911, -0.02344
0.53066, -0.02337
0.53221, -0.02331
0.53376, -0.02325
0.53532, -0.02319
0.53687, -0.02313
0.53842, -0.02307
0.53998, -0.02300
0.54153, -0.02294
0.54308, -0.02288
0.54463, -0.02282
0.54618, -0.02276
0.54774, -0.02270
0.54929, -0.02264
0.55084, -0.02258
0.55239, -0.02252
0.55394, -0.02246
0.55549, -0.02239
0.55704, -0.02233
0.55859, -0.02227
0.56014, -0.02221
0.56169, -0.02215
0.56323, -0.02209
0.56478, -0.02203
0.56633, -0.02197
0.56788, -0.02191
0.56942, -0.02185
0.57097, -0.02180
0.57251, -0.02174
0.57406, -0.02168
0.57560, -0.02162
0.57715, -0.02156
0.57869, -0.02150
0.58023, -0.02144
0.58178, -0.02138
0.58332, -0.02132
0.58486, -0.02126
0.58640, -0.02120
0.58794, -0.02114
0.58948, -0.02109
0.59102, -0.02103
0.59255, -0.02097
0.59409, -0.02091
0.59563, -0.02085
0.59716, -0.02079
0.59870, -0.02073
0.60023, -0.02067
0.60176, -0.02062
0.60330, -0.02056
0.60483, -0.02050
0.60636, -0.02044
0.60789, -0.02038
0.60942, -0.02032
0.61094, -0.02027
0.61247, -0.02021
0.61400, -0.02015
0.61552, -0.02009
0.61705, -0.02003
0.61857, -0.01997
0.62009, -0.01992
0.62161, -0.01986
0.62313, -0.01980
0.62465, -0.01974
0.62617, -0.01968
0.62769, -0.01963
0.62920, -0.01957
0.63072, -0.01951
0.63223, -0.01945
0.63374, -0.01939
0.63525, -0.01934
0.63676, -0.01928
0.63827, -0.01922
0.63978, -0.01916
0.64129, -0.01910
0.64279, -0.01904
0.64429, -0.01899
0.64580, -0.01893
0.64730, -0.01887
0.64880, -0.01881
0.65030, -0.01875
0.65179, -0.01869
0.65329, -0.01864
0.65479, -0.01858
0.65628, -0.01852
0.65777, -0.01846
0.65926, -0.01840
0.66075, -0.01834
0.66224, -0.01828
0.66372, -0.01823
0.66521, -0.01817
0.66669, -0.01811
0.66817, -0.01805
0.66965, -0.01799
0.67113, -0.01793
0.67261, -0.01787
0.67409, -0.01781
0.67556, -0.01775
0.67703, -0.01769
0.67850, -0.01764
0.67998, -0.01758
0.68144, -0.01752
0.68291, -0.01746
0.68438, -0.01740
0.68584, -0.01734
0.68730, -0.01728
0.68876, -0.01722
0.69022, -0.01715
0.69168, -0.01709
0.69314, -0.01703
0.69459, -0.01697
0.69604, -0.01691
0.69749, -0.01685
0.69894, -0.01679
0.70039, -0.01673
0.70183, -0.01666
0.70328, -0.01660
0.70472, -0.01654
0.70616, -0.01648
0.70760, -0.01641
0.70903, -0.01635
0.71047, -0.01629
0.71190, -0.01622
0.71333, -0.01616
0.71476, -0.01609
0.71619, -0.01603
0.71761, -0.01596
0.71903, -0.01590
0.72045, -0.01583
0.72187, -0.01577
0.72329, -0.01570
0.72470, -0.01563
0.72612, -0.01557
0.72753, -0.01550
0.72893, -0.01543
0.73034, -0.01536
0.73174, -0.01530
0.73314, -0.01523
0.73454, -0.01516
0.73594, -0.01509
0.73734, -0.01502
0.73873, -0.01495
0.74012, -0.01488
0.74151, -0.01481
0.74289, -0.01474
0.74428, -0.01467
0.74566, -0.01459
0.74704, -0.01452
0.74842, -0.01445
0.74979, -0.01438
0.75116, -0.01430
0.75253, -0.01423
0.75389, -0.01415
0.75526, -0.01408
0.75662, -0.01400
0.75797, -0.01393
0.75933, -0.01385
0.76068, -0.01378
0.76203, -0.01370
0.76337, -0.01363
0.76472, -0.01355
0.76606, -0.01347
0.76739, -0.01339
0.76873, -0.01332
0.77006, -0.01324
0.77138, -0.01316
0.77271, -0.01308
0.77403, -0.01301
0.77535, -0.01293
0.77667, -0.01285
0.77798, -0.01277
0.77929, -0.01269
0.78060, -0.01261
0.78190, -0.01253
0.78320, -0.01246
0.78450, -0.01238
0.78579, -0.01230
0.78709, -0.01222
0.78838, -0.01214
0.78966, -0.01206
0.79094, -0.01198
0.79222, -0.01190
0.79350, -0.01182
0.79477, -0.01175
0.79604, -0.01167
0.79731, -0.01159
0.79858, -0.01151
0.79984, -0.01143
0.80109, -0.01135
0.80235, -0.01127
0.80360, -0.01120
0.80485, -0.01112
0.80609, -0.01104
0.80734, -0.01096
0.80857, -0.01088
0.80981, -0.01081
0.81104, -0.01073
0.81227, -0.01065
0.81350, -0.01057
0.81472, -0.01050
0.81594, -0.01042
0.81716, -0.01034
0.81837, -0.01027
0.81958, -0.01019
0.82078, -0.01012
0.82199, -0.01004
0.82319, -0.00997
0.82438, -0.00989
0.82558, -0.00982
0.82677, -0.00974
0.82795, -0.00967
0.82914, -0.00960
0.83032, -0.00952
0.83149, -0.00945
0.83267, -0.00938
0.83384, -0.00930
0.83500, -0.00923
0.83617, -0.00916
0.83733, -0.00909
0.83849, -0.00902
0.83964, -0.00895
0.84079, -0.00888
0.84194, -0.00881
0.84308, -0.00874
0.84422, -0.00867
0.84536, -0.00860
0.84649, -0.00853
0.84762, -0.00846
0.84875, -0.00839
0.84987, -0.00833
0.85099, -0.00826
0.85211, -0.00819
0.85323, -0.00813
0.85434, -0.00806
0.85544, -0.00799
0.85655, -0.00793
0.85764, -0.00786
0.85874, -0.00780
0.85983, -0.00773
0.86092, -0.00767
0.86201, -0.00760
0.86309, -0.00754
0.86417, -0.00748
0.86525, -0.00741
0.86632, -0.00735
0.86739, -0.00729
0.86845, -0.00722
0.86951, -0.00716
0.87057, -0.00710
0.87162, -0.00704
0.87267, -0.00698
0.87372, -0.00692
0.87476, -0.00686
0.87580, -0.00680
0.87684, -0.00674
0.87787, -0.00668
0.87889, -0.00662
0.87992, -0.00656
0.88094, -0.00650
0.88196, -0.00644
0.88297, -0.00638
0.88398, -0.00633
0.88499, -0.00627
0.88599, -0.00621
0.88699, -0.00615
0.88798, -0.00610
0.88897, -0.00604
0.88996, -0.00598
0.89094, -0.00593
0.89192, -0.00587
0.89289, -0.00582
0.89387, -0.00576
0.89483, -0.00571
0.89580, -0.00565
0.89676, -0.00560
0.89771, -0.00555
0.89866, -0.00549
0.89961, -0.00544
0.90056, -0.00539
0.90150, -0.00533
0.90243, -0.00528
0.90336, -0.00523
0.90429, -0.00518
0.90522, -0.00513
0.90614, -0.00508
0.90705, -0.00503
0.90797, -0.00497
0.90888, -0.00492
0.90978, -0.00487
0.91068, -0.00482
0.91158, -0.00477
0.91247, -0.00473
0.91336, -0.00468
0.91424, -0.00463
0.91512, -0.00458
0.91600, -0.00453
0.91687, -0.00448
0.91774, -0.00444
0.91860, -0.00439
0.91946, -0.00434
0.92031, -0.00429
0.92117, -0.00425
0.92201, -0.00420
0.92286, -0.00416
0.92369, -0.00411
0.92453, -0.00406
0.92536, -0.00402
0.92618, -0.00397
0.92701, -0.00393
0.92782, -0.00389
0.92864, -0.00384
0.92945, -0.00380
0.93025, -0.00375
0.93105, -0.00371
0.93185, -0.00367
0.93264, -0.00362
0.93343, -0.00358
0.93421, -0.00354
0.93499, -0.00350
0.93577, -0.00346
0.93654, -0.00341
0.93730, -0.00337
0.93807, -0.00333
0.93882, -0.00329
0.93958, -0.00325
0.94033, -0.00321
0.94107, -0.00317
0.94181, -0.00313
0.94255, -0.00309
0.94328, -0.00305
0.94401, -0.00301
0.94473, -0.00298
0.94545, -0.00294
0.94616, -0.00290
0.94687, -0.00286
0.94758, -0.00282
0.94828, -0.00279
0.94897, -0.00275
0.94966, -0.00271
0.95035, -0.00268
0.95103, -0.00264
0.95171, -0.00260
0.95239, -0.00257
0.95305, -0.00253
0.95372, -0.00250
0.95438, -0.00246
0.95504, -0.00243
0.95569, -0.00239
0.95633, -0.00236
0.95698, -0.00233
0.95761, -0.00229
0.95825, -0.00226
0.95888, -0.00223
0.95950, -0.00219
0.96012, -0.00216
0.96073, -0.00213
0.96134, -0.00210
0.96195, -0.00206
0.96255, -0.00203
0.96315, -0.00200
0.96374, -0.00197
0.96433, -0.00194
0.96491, -0.00191
0.96549, -0.00188
0.96606, -0.00185
0.96663, -0.00182
0.96719, -0.00179
0.96775, -0.00176
0.96831, -0.00173
0.96886, -0.00170
0.96940, -0.00167
0.96995, -0.00164
0.97048, -0.00162
0.97101, -0.00159
0.97154, -0.00156
0.97206, -0.00153
0.97258, -0.00151
0.97309, -0.00148
0.97360, -0.00145
0.97410, -0.00143
0.97460, -0.00140
0.97510, -0.00137
0.97558, -0.00135
0.97607, -0.00132
0.97655, -0.00130
0.97702, -0.00127
0.97749, -0.00125
0.97796, -0.00122
0.97842, -0.00120
0.97887, -0.00118
0.97933, -0.00115
0.97977, -0.00113
0.98021, -0.00111
0.98065, -0.00108
0.98108, -0.00106
0.98151, -0.00104
0.98193, -0.00102
0.98235, -0.00100
0.98276, -0.00097
0.98317, -0.00095
0.98357, -0.00093
0.98397, -0.00091
0.98436, -0.00089
0.98475, -0.00087
0.98514, -0.00085
0.98551, -0.00083
0.98589, -0.00081
0.98626, -0.00079
0.98662, -0.00077
0.98698, -0.00076
0.98733, -0.00074
0.98768, -0.00072
0.98803, -0.00070
0.98837, -0.00068
0.98870, -0.00067
0.98903, -0.00065
0.98936, -0.00063
0.98968, -0.00061
0.99000, -0.00060
0.99031, -0.00058
0.99061, -0.00057
0.99091, -0.00055
0.99121, -0.00054
0.99150, -0.00052
0.99179, -0.00051
0.99207, -0.00049
0.99234, -0.00048
0.99261, -0.00046
0.99288, -0.00045
0.99314, -0.00044
0.99340, -0.00042
0.99365, -0.00041
0.99390, -0.00040
0.99414, -0.00038
0.99437, -0.00037
0.99461, -0.00036
0.99483, -0.00035
0.99505, -0.00034
0.99527, -0.00033
0.99548, -0.00031
0.99569, -0.00030
0.99589, -0.00029
0.99609, -0.00028
0.99628, -0.00027
0.99647, -0.00026
0.99665, -0.00025
0.99683, -0.00024
0.99700, -0.00024
0.99717, -0.00023
0.99733, -0.00022
0.99749, -0.00021
0.99764, -0.00020
0.99779, -0.00019
0.99793, -0.00019
0.99807, -0.00018
0.99820, -0.00017
0.99833, -0.00017
0.99845, -0.00016
0.99857, -0.00015
0.99868, -0.00015
0.99879, -0.00014
0.99889, -0.00014
0.99899, -0.00013
0.99908, -0.00013
0.99917, -0.00012
0.99925, -0.00012
0.99933, -0.00012
0.99940, -0.00011
0.99947, -0.00011
0.99953, -0.00010
0.99959, -0.00010
0.99964, -0.00010
0.99969, -0.00010
0.99973, -0.00009
0.99977, -0.00009
0.99980, -0.00009
0.99983, -0.00009
0.99985, -0.00009
0.99987, -0.00009
0.99988, -0.00009
0.99985, -0.00008
0.99984, -0.00008
