  
       XFOIL         Version 6.99
  
 Calculated polar for: Repaneled_Airfoil                               
  
 1 1 Reynolds number fixed          Mach number fixed         
  
 xtrf =   1.000 (top)        1.000 (bottom)  
 Mach =   0.000     Re =     0.050 e 6     Ncrit =   9.000  9.000
  
   alpha    CL        CD       CDp       CM     Top_Xtr  Bot_Xtr  Top_Itr  Bot_Itr
  ------ -------- --------- --------- -------- -------- -------- -------- --------
  -5.000  -0.5523   0.03151   0.01770  -0.0142   1.0000   0.4261   1.0000 218.9097
  -4.915  -0.5453   0.03118   0.01750  -0.0136   1.0000   0.4315   1.0000 219.4287
  -4.829  -0.5385   0.03068   0.01692  -0.0135   1.0000   0.4377   1.0000 220.0288
  -4.744  -0.5313   0.03038   0.01676  -0.0129   1.0000   0.4426   1.0000 220.4978
  -4.658  -0.5241   0.02991   0.01620  -0.0129   1.0000   0.4482   1.0000 221.0432
  -4.573  -0.5168   0.02960   0.01601  -0.0123   1.0000   0.4528   1.0000 221.4790
  -4.487  -0.5094   0.02914   0.01545  -0.0124   1.0000   0.4581   1.0000 221.9931
  -4.402  -0.5019   0.02884   0.01528  -0.0119   1.0000   0.4621   1.0000 222.3767
  -4.317  -0.4942   0.02845   0.01486  -0.0118   1.0000   0.4668   1.0000 222.8222
  -4.231  -0.4865   0.02809   0.01452  -0.0116   1.0000   0.4708   1.0000 223.2056
  -4.146  -0.4787   0.02777   0.01423  -0.0113   1.0000   0.4748   1.0000 223.5912
  -4.060  -0.4706   0.02737   0.01374  -0.0115   1.0000   0.4793   1.0000 224.0136
  -3.975  -0.4629   0.02709   0.01356  -0.0111   1.0000   0.4826   1.0000 224.3343
  -3.889  -0.4548   0.02677   0.01324  -0.0110   1.0000   0.4865   1.0000 224.7034
  -3.804  -0.4465   0.02642   0.01285  -0.0111   1.0000   0.4903   1.0000 225.0708
  -3.719  -0.4386   0.02615   0.01265  -0.0108   1.0000   0.4936   1.0000 225.3850
  -3.633  -0.4304   0.02586   0.01234  -0.0107   1.0000   0.4973   1.0000 225.7412
  -3.548  -0.4219   0.02556   0.01201  -0.0108   1.0000   0.5009   1.0000 226.0830
  -3.462  -0.4139   0.02531   0.01182  -0.0106   1.0000   0.5041   1.0000 226.3843
  -3.377  -0.4055   0.02504   0.01155  -0.0105   1.0000   0.5077   1.0000 226.7262
  -3.292  -0.3969   0.02478   0.01125  -0.0106   1.0000   0.5112   1.0000 227.0674
  -3.206  -0.3888   0.02455   0.01109  -0.0104   1.0000   0.5144   1.0000 227.3715
  -3.121  -0.3804   0.02432   0.01087  -0.0104   1.0000   0.5181   1.0000 227.7238
  -3.035  -0.3718   0.02409   0.01062  -0.0105   1.0000   0.5218   1.0000 228.0778
  -2.950  -0.3636   0.02389   0.01048  -0.0103   1.0000   0.5251   1.0000 228.3901
  -2.864  -0.3551   0.02369   0.01028  -0.0103   1.0000   0.5288   1.0000 228.7483
  -2.779  -0.3465   0.02349   0.01008  -0.0104   1.0000   0.5325   1.0000 229.1036
  -2.693  -0.3384   0.02332   0.00997  -0.0102   1.0000   0.5360   1.0000 229.4328
  -2.608  -0.3300   0.02315   0.00980  -0.0102   1.0000   0.5399   1.0000 229.8105
  -2.523  -0.3217   0.02299   0.00966  -0.0101   1.0000   0.5436   1.0000 230.1652
  -2.437  -0.3136   0.02285   0.00957  -0.0100   1.0000   0.5473   1.0000 230.5204
  -2.352  -0.3051   0.02271   0.00942  -0.0101   1.0000   0.5516   1.0000 230.9355
  -2.266  -0.2971   0.02259   0.00937  -0.0100   1.0000   0.5554   1.0000 231.3002
  -2.181  -0.2890   0.02249   0.00929  -0.0099   1.0000   0.5598   1.0000 231.7209
  -2.095  -0.2808   0.02239   0.00922  -0.0099   1.0000   0.5643   1.0000 232.1502
  -2.010  -0.2730   0.02232   0.00921  -0.0098   1.0000   0.5687   1.0000 232.5784
  -1.925  -0.2649   0.02225   0.00916  -0.0098   1.0000   0.5738   1.0000 233.0694
  -1.839  -0.2576   0.02221   0.00919  -0.0097   1.0000   0.5784   1.0000 233.5173
  -1.754  -0.2500   0.02218   0.00919  -0.0097   1.0000   0.5840   1.0000 234.0533
  -1.668  -0.2432   0.02218   0.00927  -0.0095   1.0000   0.5889   1.0000 234.5340
  -1.583  -0.2364   0.02220   0.00932  -0.0094   1.0000   0.5947   1.0000 235.0965
  -1.498  -0.2303   0.02225   0.00945  -0.0092   1.0000   0.6001   1.0000 235.6229
  -1.412  -0.2244   0.02233   0.00958  -0.0091   1.0000   0.6061   1.0000 236.2093
  -1.327  -0.2189   0.02242   0.00974  -0.0089   1.0000   0.6126   1.0000 236.8371
  -1.241  -0.2138   0.02255   0.00994  -0.0086   1.0000   0.6189   1.0000 237.4582
  -1.156  -0.2087   0.02268   0.01014  -0.0084   1.0000   0.6261   1.0000 238.1711
  -1.070  -0.2037   0.02283   0.01035  -0.0081   1.0000   0.6339   1.0000 238.9411
  -0.985  -0.1990   0.02299   0.01059  -0.0077   1.0000   0.6417   1.0000 239.7139
  -0.899  -0.1941   0.02315   0.01082  -0.0074   1.0000   0.6508   1.0000 240.6230
  -0.814  -0.1893   0.02332   0.01104  -0.0071   1.0000   0.6612   1.0000 241.6653
  -0.729  -0.1823   0.02345   0.01116  -0.0074   1.0000   0.6799   1.0000 243.5677
  -0.643  -0.1769   0.02355   0.01134  -0.0071   1.0000   0.6950   1.0000 245.1281
  -0.558  -0.1717   0.02365   0.01150  -0.0068   1.0000   0.7126   1.0000 246.9707
  -0.472  -0.1616   0.02374   0.01171  -0.0071   0.9978   0.7365   5.4132 249.5181
  -0.387  -0.1477   0.02380   0.01191  -0.0078   0.9936   0.7702   8.6184 253.2591
  -0.301  -0.1363   0.02381   0.01208  -0.0078   0.9895   0.8101  10.8050 257.9426
  -0.216  -0.1251   0.02380   0.01226  -0.0074   0.9852   0.8606  12.6220 264.4646
  -0.131  -0.0876   0.02395   0.01252  -0.0124   0.9811   0.9626  14.1660 282.4094
  -0.045  -0.0585   0.02412   0.01255  -0.0174   0.9756   1.0000  15.9607 301.0000
   0.040  -0.0421   0.02431   0.01262  -0.0197   0.9707   1.0000  17.4198 301.0000
   0.126  -0.0258   0.02453   0.01273  -0.0217   0.9661   1.0000  18.6627 301.0000
   0.211  -0.0100   0.02476   0.01287  -0.0235   0.9618   1.0000  19.7863 301.0000
   0.296   0.0052   0.02499   0.01301  -0.0252   0.9575   1.0000  20.8277 301.0000
   0.382   0.0196   0.02521   0.01316  -0.0267   0.9532   1.0000  21.8093 301.0000
   0.467   0.0332   0.02543   0.01331  -0.0280   0.9491   1.0000  22.7339 301.0000
   0.553   0.0462   0.02565   0.01347  -0.0292   0.9450   1.0000  23.6008 301.0000
   0.638   0.0592   0.02587   0.01364  -0.0303   0.9411   1.0000  24.4014 301.0000
   0.724   0.0733   0.02610   0.01381  -0.0317   0.9376   1.0000  25.1016 301.0000
   0.809   0.0853   0.02632   0.01398  -0.0326   0.9338   1.0000  25.8450 301.0000
   0.894   0.0962   0.02653   0.01415  -0.0334   0.9299   1.0000  26.5786 301.0000
   0.980   0.1089   0.02676   0.01433  -0.0344   0.9266   1.0000  27.1913 301.0000
   1.065   0.1204   0.02698   0.01451  -0.0352   0.9232   1.0000  27.8122 301.0000
   1.151   0.1303   0.02721   0.01469  -0.0358   0.9196   1.0000  28.4401 301.0000
   1.236   0.1439   0.02744   0.01488  -0.0369   0.9168   1.0000  28.9360 301.0000
   1.322   0.1521   0.02767   0.01507  -0.0372   0.9131   1.0000  29.5619 301.0000
   1.407   0.1664   0.02790   0.01527  -0.0384   0.9106   1.0000  29.9934 301.0000
   1.492   0.1731   0.02814   0.01547  -0.0384   0.9069   1.0000  30.5988 301.0000
   1.578   0.1870   0.02838   0.01567  -0.0396   0.9045   1.0000  30.9916 301.0000
   1.663   0.1928   0.02864   0.01588  -0.0395   0.9011   1.0000  31.5490 301.0000
   1.749   0.2055   0.02888   0.01610  -0.0404   0.8987   1.0000  31.9253 301.0000
   1.834   0.2119   0.02915   0.01632  -0.0404   0.8956   1.0000  32.4186 301.0000
   1.920   0.2228   0.02940   0.01654  -0.0410   0.8931   1.0000  32.8073 301.0000
   2.005   0.2318   0.02967   0.01678  -0.0414   0.8905   1.0000  33.2075 301.0000
   2.091   0.2394   0.02995   0.01702  -0.0416   0.8877   1.0000  33.6237 301.0000
   2.176   0.2518   0.03021   0.01725  -0.0424   0.8857   1.0000  33.9330 301.0000
   2.261   0.2572   0.03050   0.01751  -0.0422   0.8827   1.0000  34.3721 301.0000
   2.347   0.2679   0.03076   0.01773  -0.0428   0.8800   1.0000  34.7788 301.0000
   2.432   0.2776   0.03100   0.01795  -0.0432   0.8768   1.0000  35.2441 301.0000
   2.518   0.2887   0.03122   0.01814  -0.0437   0.8731   1.0000  35.7771 301.0000
   2.603   0.2988   0.03142   0.01831  -0.0441   0.8689   1.0000  36.3729 301.0000
   2.688   0.3166   0.03148   0.01836  -0.0455   0.8640   1.0000  37.0680 301.0000
   2.774   0.3281   0.03160   0.01846  -0.0458   0.8585   1.0000  37.8241 301.0000
   2.859   0.3400   0.03168   0.01852  -0.0462   0.8526   1.0000  38.6256 301.0000
   2.945   0.3552   0.03167   0.01850  -0.0470   0.8461   1.0000  39.4912 301.0000
   3.030   0.3720   0.03158   0.01841  -0.0479   0.8393   1.0000  40.3863 301.0000
   3.116   0.3902   0.03144   0.01827  -0.0489   0.8325   1.0000  41.2521 301.0000
   3.201   0.4120   0.03118   0.01804  -0.0503   0.8263   1.0000  42.0452 301.0000
   3.286   0.4214   0.03126   0.01809  -0.0503   0.8205   1.0000  42.7699 301.0000
   3.372   0.4337   0.03124   0.01807  -0.0505   0.8146   1.0000  43.4944 301.0000
   3.457   0.4531   0.03097   0.01783  -0.0515   0.8085   1.0000  44.2419 301.0000
   3.543   0.4782   0.03042   0.01733  -0.0530   0.8021   1.0000  45.0186 301.0000
   3.628   0.4869   0.03044   0.01733  -0.0526   0.7958   1.0000  45.7722 301.0000
   3.714   0.4999   0.03026   0.01716  -0.0527   0.7893   1.0000  46.5336 301.0000
   3.799   0.5174   0.02985   0.01677  -0.0530   0.7825   1.0000  47.3246 301.0000
   3.884   0.5375   0.02924   0.01621  -0.0535   0.7751   1.0000  48.1774 301.0000
   3.970   0.5581   0.02855   0.01556  -0.0539   0.7673   1.0000  49.0612 301.0000
   4.141   0.5932   0.02726   0.01432  -0.0537   0.7499   1.0000  51.0083 301.0000
   4.226   0.6080   0.02669   0.01376  -0.0532   0.7401   1.0000  52.0819 301.0000
   4.312   0.6216   0.02617   0.01323  -0.0525   0.7295   1.0000  53.2248 301.0000
   4.397   0.6357   0.02558   0.01262  -0.0518   0.7177   1.0000  54.4882 301.0000
   4.482   0.6546   0.02465   0.01164  -0.0511   0.7030   1.0000  56.0295 301.0000
   4.568   0.6643   0.02426   0.01117  -0.0498   0.6876   1.0000  57.6305 301.0000
   4.653   0.6763   0.02372   0.01049  -0.0484   0.6687   1.0000  59.5615 301.0000
   4.739   0.6909   0.02320   0.00972  -0.0471   0.6466   1.0000  61.7804 301.0000
   4.824   0.6973   0.02315   0.00952  -0.0455   0.6255   1.0000  63.8789 301.0000
   4.910   0.7019   0.02308   0.00930  -0.0436   0.6026   1.0000  66.1240 301.0000
   4.995   0.7047   0.02298   0.00906  -0.0415   0.5779   1.0000  68.5259 301.0000
   5.080   0.7072   0.02282   0.00873  -0.0393   0.5502   1.0000  71.1920 301.0000
   5.166   0.7082   0.02269   0.00843  -0.0369   0.5191   1.0000  74.1638 301.0000
   5.251   0.7087   0.02262   0.00817  -0.0347   0.4820   1.0000  77.7074 301.0000
   5.337   0.7097   0.02263   0.00790  -0.0326   0.4385   1.0000  81.8806 301.0000
   5.422   0.7117   0.02279   0.00767  -0.0308   0.3927   1.0000  86.3162 301.0000
   5.508   0.7146   0.02311   0.00750  -0.0293   0.3571   1.0000  89.8312 301.0000
   5.593   0.7184   0.02357   0.00750  -0.0282   0.3315   1.0000  92.4069 301.0000
   5.678   0.7230   0.02409   0.00763  -0.0274   0.3130   1.0000  94.2960 301.0000
   5.764   0.7285   0.02464   0.00784  -0.0267   0.2985   1.0000  95.7925 301.0000
   5.849   0.7347   0.02522   0.00809  -0.0262   0.2867   1.0000  97.0347 301.0000
   5.935   0.7421   0.02579   0.00840  -0.0258   0.2760   1.0000  98.1704 301.0000
   6.020   0.7505   0.02638   0.00873  -0.0256   0.2667   1.0000  99.1683 301.0000
   6.106   0.7596   0.02699   0.00907  -0.0254   0.2582   1.0000 100.0915 301.0000
   6.191   0.7696   0.02762   0.00945  -0.0254   0.2504   1.0000 100.9524 301.0000
   6.276   0.7800   0.02825   0.00988  -0.0255   0.2430   1.0000 101.7683 301.0000
   6.362   0.7907   0.02892   0.01034  -0.0256   0.2360   1.0000 102.5466 301.0000
   6.447   0.8022   0.02964   0.01081  -0.0258   0.2296   1.0000 103.2756 301.0000
   6.533   0.8149   0.03046   0.01130  -0.0262   0.2234   1.0000 103.9861 301.0000
   6.618   0.8244   0.03110   0.01187  -0.0261   0.2179   1.0000 104.6205 301.0000
   6.704   0.8359   0.03191   0.01244  -0.0264   0.2127   1.0000 105.2223 301.0000
   6.789   0.8468   0.03267   0.01304  -0.0265   0.2079   1.0000 105.7857 301.0000
   6.874   0.8568   0.03345   0.01369  -0.0265   0.2037   1.0000 106.2828 301.0000
   6.960   0.8671   0.03425   0.01433  -0.0266   0.1995   1.0000 106.7772 301.0000
   7.045   0.8771   0.03509   0.01501  -0.0266   0.1960   1.0000 107.1959 301.0000
   7.131   0.8852   0.03582   0.01572  -0.0263   0.1926   1.0000 107.6112 301.0000
   7.216   0.8964   0.03680   0.01639  -0.0266   0.1889   1.0000 108.0514 301.0000
   7.301   0.9023   0.03748   0.01717  -0.0260   0.1860   1.0000 108.4089 301.0000
   7.387   0.9111   0.03833   0.01788  -0.0259   0.1829   1.0000 108.7962 301.0000
   7.472   0.9197   0.03926   0.01864  -0.0257   0.1802   1.0000 109.1236 301.0000
   7.558   0.9253   0.04002   0.01949  -0.0251   0.1778   1.0000 109.4226 301.0000
   7.643   0.9333   0.04090   0.02024  -0.0249   0.1751   1.0000 109.7688 301.0000
   7.729   0.9416   0.04189   0.02102  -0.0248   0.1726   1.0000 110.0805 301.0000
   7.814   0.9460   0.04272   0.02196  -0.0240   0.1708   1.0000 110.3047 301.0000
   7.899   0.9518   0.04361   0.02285  -0.0235   0.1689   1.0000 110.5543 301.0000
   7.985   0.9598   0.04458   0.02365  -0.0233   0.1666   1.0000 110.8407 301.0000
   8.070   0.9668   0.04564   0.02452  -0.0230   0.1648   1.0000 111.0756 301.0000
   8.156   0.9700   0.04657   0.02557  -0.0222   0.1636   1.0000 111.2295 301.0000
   8.241   0.9738   0.04758   0.02662  -0.0214   0.1626   1.0000 111.3662 301.0000
   8.327   0.9779   0.04864   0.02768  -0.0208   0.1617   1.0000 111.4826 301.0000
   8.412   0.9822   0.04971   0.02874  -0.0201   0.1607   1.0000 111.6073 301.0000
   8.498   0.9872   0.05080   0.02975  -0.0197   0.1596   1.0000 111.7542 301.0000
   8.583   0.9953   0.05197   0.03060  -0.0196   0.1579   1.0000 111.9639 301.0000
   8.668   0.9974   0.05313   0.03176  -0.0188   0.1572   1.0000 112.0621 301.0000
   8.754   0.9980   0.05428   0.03299  -0.0179   0.1567   1.0000 112.1306 301.0000
   8.839   0.9986   0.05547   0.03424  -0.0170   0.1562   1.0000 112.1922 301.0000
   8.925   0.9991   0.05671   0.03551  -0.0162   0.1558   1.0000 112.2426 301.0000
   9.010   0.9994   0.05799   0.03681  -0.0153   0.1556   1.0000 112.2789 301.0000
   9.095   0.9995   0.05931   0.03814  -0.0146   0.1554   1.0000 112.2935 301.0000
   9.181   0.9993   0.06068   0.03950  -0.0138   0.1555   1.0000 112.2865 301.0000
   9.266   0.9986   0.06208   0.04089  -0.0131   0.1556   1.0000 112.2726 301.0000
   9.352   0.9973   0.06351   0.04230  -0.0123   0.1558   1.0000 112.2528 301.0000
   9.437   0.9957   0.06497   0.04373  -0.0116   0.1559   1.0000 112.2275 301.0000
   9.523   0.9937   0.06645   0.04518  -0.0109   0.1562   1.0000 112.1962 301.0000
   9.608   0.9916   0.06797   0.04665  -0.0103   0.1565   1.0000 112.1596 301.0000
   9.694   0.9895   0.06951   0.04812  -0.0097   0.1568   1.0000 112.1182 301.0000
   9.779   0.9878   0.07108   0.04960  -0.0092   0.1571   1.0000 112.0732 301.0000
   9.864   0.9869   0.07268   0.05107  -0.0088   0.1575   1.0000 112.0257 301.0000
  10.121   0.9436   0.07866   0.05745  -0.0066   0.1643   1.0000 111.1365 301.0000
  10.206   0.9435   0.08039   0.05899  -0.0065   0.1650   1.0000 111.0423 301.0000
  10.377   0.8924   0.08588   0.06492  -0.0066   0.1739   1.0000 109.9132 301.0000
  10.633   0.6487   0.13212   0.11535  -0.0538   0.3982   1.0000  85.7794 301.0000
  10.719   0.6613   0.13438   0.11705  -0.0540   0.3959   1.0000  86.0097 301.0000
  10.804   0.6482   0.13447   0.11784  -0.0539   0.3916   1.0000  86.4303 301.0000
  10.889   0.6556   0.13600   0.11924  -0.0539   0.3875   1.0000  86.8308 301.0000
  10.975   0.6606   0.13771   0.12071  -0.0541   0.3850   1.0000  87.0771 301.0000
  11.060   0.6543   0.13815   0.12165  -0.0540   0.3797   1.0000  87.5956 301.0000
  11.146   0.6687   0.14036   0.12328  -0.0540   0.3759   1.0000  87.9650 301.0000
  11.231   0.6581   0.14063   0.12419  -0.0541   0.3716   1.0000  88.3881 301.0000
  11.317   0.6690   0.14236   0.12561  -0.0540   0.3664   1.0000  88.9048 301.0000
  11.402   0.6636   0.14309   0.12670  -0.0541   0.3624   1.0000  89.3010 301.0000
  11.487   0.6733   0.14466   0.12802  -0.0539   0.3564   1.0000  89.8978 301.0000
  11.573   0.6683   0.14541   0.12915  -0.0540   0.3524   1.0000  90.3035 301.0000
  11.658   0.6792   0.14708   0.13047  -0.0537   0.3462   1.0000  90.9178 301.0000
  11.744   0.6728   0.14770   0.13159  -0.0539   0.3422   1.0000  91.3213 301.0000
  11.829   0.6828   0.14931   0.13291  -0.0537   0.3365   1.0000  91.9003 301.0000
  11.915   0.6779   0.15008   0.13411  -0.0539   0.3327   1.0000  92.2838 301.0000
  12.000   0.6845   0.15142   0.13539  -0.0538   0.3272   1.0000  92.8429 301.0000
