  
       XFOIL         Version 6.99
  
 Calculated polar for: Repaneled_Airfoil                               
  
 1 1 Reynolds number fixed          Mach number fixed         
  
 xtrf =   1.000 (top)        1.000 (bottom)  
 Mach =   0.000     Re =     0.050 e 6     Ncrit =   9.000  9.000
  
   alpha    CL        CD       CDp       CM     Top_Xtr  Bot_Xtr  Top_Itr  Bot_Itr
  ------ -------- --------- --------- -------- -------- -------- -------- --------
  -5.000  -0.6091   0.04239   0.02669  -0.0238   1.0000   0.1840   1.0000 193.4718
  -4.915  -0.6050   0.04128   0.02549  -0.0234   1.0000   0.1864   1.0000 193.7627
  -4.829  -0.6012   0.04006   0.02411  -0.0229   1.0000   0.1888   1.0000 194.0540
  -4.744  -0.5934   0.03975   0.02406  -0.0225   1.0000   0.1918   1.0000 194.4193
  -4.658  -0.5883   0.03880   0.02303  -0.0221   1.0000   0.1947   1.0000 194.7694
  -4.573  -0.5831   0.03780   0.02195  -0.0216   1.0000   0.1975   1.0000 195.1022
  -4.487  -0.5758   0.03736   0.02170  -0.0212   1.0000   0.2007   1.0000 195.4805
  -4.402  -0.5705   0.03639   0.02056  -0.0208   1.0000   0.2043   1.0000 195.9100
  -4.317  -0.5633   0.03592   0.02027  -0.0204   1.0000   0.2077   1.0000 196.3170
  -4.231  -0.5569   0.03523   0.01954  -0.0200   1.0000   0.2118   1.0000 196.7962
  -4.146  -0.5502   0.03465   0.01904  -0.0196   1.0000   0.2159   1.0000 197.2666
  -4.060  -0.5435   0.03407   0.01844  -0.0191   1.0000   0.2207   1.0000 197.8195
  -3.975  -0.5365   0.03358   0.01806  -0.0187   1.0000   0.2251   1.0000 198.3325
  -3.889  -0.5300   0.03291   0.01728  -0.0183   1.0000   0.2305   1.0000 198.9365
  -3.804  -0.5226   0.03254   0.01710  -0.0179   1.0000   0.2352   1.0000 199.4719
  -3.719  -0.5158   0.03194   0.01646  -0.0175   1.0000   0.2410   1.0000 200.1238
  -3.633  -0.5085   0.03150   0.01611  -0.0171   1.0000   0.2466   1.0000 200.7427
  -3.548  -0.5013   0.03101   0.01569  -0.0167   1.0000   0.2523   1.0000 201.3641
  -3.462  -0.4942   0.03047   0.01511  -0.0164   1.0000   0.2590   1.0000 202.0988
  -3.377  -0.4869   0.03004   0.01476  -0.0160   1.0000   0.2655   1.0000 202.8036
  -3.292  -0.4795   0.02960   0.01443  -0.0156   1.0000   0.2721   1.0000 203.5102
  -3.206  -0.4723   0.02913   0.01400  -0.0152   1.0000   0.2795   1.0000 204.3009
  -3.121  -0.4650   0.02867   0.01355  -0.0149   1.0000   0.2874   1.0000 205.1425
  -3.035  -0.4578   0.02823   0.01311  -0.0145   1.0000   0.2958   1.0000 206.0259
  -2.950  -0.4504   0.02781   0.01280  -0.0141   1.0000   0.3038   1.0000 206.8542
  -2.864  -0.4430   0.02737   0.01247  -0.0138   1.0000   0.3120   1.0000 207.7004
  -2.779  -0.4356   0.02693   0.01211  -0.0134   1.0000   0.3208   1.0000 208.6056
  -2.693  -0.4283   0.02649   0.01174  -0.0131   1.0000   0.3300   1.0000 209.5363
  -2.608  -0.4209   0.02607   0.01139  -0.0127   1.0000   0.3396   1.0000 210.5107
  -2.523  -0.4134   0.02564   0.01104  -0.0124   1.0000   0.3496   1.0000 211.5082
  -2.437  -0.4060   0.02523   0.01070  -0.0120   1.0000   0.3599   1.0000 212.5414
  -2.352  -0.3985   0.02481   0.01037  -0.0117   1.0000   0.3706   1.0000 213.5950
  -2.266  -0.3910   0.02441   0.01005  -0.0114   1.0000   0.3815   1.0000 214.6760
  -2.181  -0.3835   0.02401   0.00974  -0.0111   1.0000   0.3928   1.0000 215.7841
  -2.095  -0.3760   0.02364   0.00944  -0.0108   1.0000   0.4046   1.0000 216.9330
  -2.010  -0.3686   0.02326   0.00917  -0.0104   1.0000   0.4163   1.0000 218.0686
  -1.925  -0.3611   0.02289   0.00895  -0.0101   1.0000   0.4283   1.0000 219.2198
  -1.839  -0.3536   0.02254   0.00873  -0.0098   1.0000   0.4406   1.0000 220.4105
  -1.754  -0.3467   0.02223   0.00854  -0.0095   1.0000   0.4534   1.0000 221.6337
  -1.668  -0.3398   0.02194   0.00836  -0.0091   1.0000   0.4668   1.0000 222.9201
  -1.583  -0.3332   0.02166   0.00824  -0.0088   1.0000   0.4802   1.0000 224.2007
  -1.498  -0.3270   0.02141   0.00815  -0.0084   1.0000   0.4941   1.0000 225.5314
  -1.412  -0.3212   0.02120   0.00808  -0.0080   1.0000   0.5092   1.0000 226.9695
  -1.327  -0.3160   0.02101   0.00809  -0.0075   1.0000   0.5244   1.0000 228.4178
  -1.241  -0.3112   0.02086   0.00814  -0.0070   1.0000   0.5415   1.0000 230.0593
  -1.156  -0.3071   0.02075   0.00825  -0.0064   1.0000   0.5600   1.0000 231.8315
  -1.070  -0.3036   0.02068   0.00845  -0.0055   1.0000   0.5810   1.0000 233.8613
  -0.985  -0.3010   0.02068   0.00875  -0.0044   1.0000   0.6053   1.0000 236.2157
  -0.899  -0.2993   0.02077   0.00913  -0.0029   1.0000   0.6338   1.0000 239.0144
  -0.814  -0.2974   0.02091   0.00946  -0.0016   1.0000   0.6821   1.0000 243.8753
  -0.729  -0.2963   0.02106   0.00981   0.0002   1.0000   0.7257   1.0000 248.4312
  -0.643  -0.2955   0.02125   0.01013   0.0022   1.0000   0.7740   1.0000 253.7565
  -0.558  -0.2943   0.02148   0.01046   0.0045   1.0000   0.8228   1.0000 259.5628
  -0.387  -0.1001   0.02248   0.01097  -0.0218   1.0000   1.0000   1.0000 301.0000
  -0.301  -0.1125   0.02278   0.01124  -0.0196   1.0000   1.0000   1.0000 301.0000
  -0.216  -0.1218   0.02301   0.01144  -0.0177   1.0000   1.0000   1.0000 301.0000
  -0.131  -0.1162   0.02318   0.01157  -0.0182   0.9975   1.0000   5.7824 301.0000
  -0.045  -0.0928   0.02333   0.01163  -0.0216   0.9915   1.0000   9.8631 301.0000
   0.040  -0.0704   0.02346   0.01170  -0.0247   0.9853   1.0000  12.6349 301.0000
   0.126  -0.0490   0.02358   0.01175  -0.0276   0.9793   1.0000  14.8159 301.0000
   0.211  -0.0284   0.02368   0.01181  -0.0303   0.9733   1.0000  16.7177 301.0000
   0.296  -0.0088   0.02377   0.01185  -0.0327   0.9673   1.0000  18.4003 301.0000
   0.382   0.0107   0.02385   0.01189  -0.0351   0.9617   1.0000  19.8556 301.0000
   0.467   0.0289   0.02392   0.01193  -0.0373   0.9559   1.0000  21.2562 301.0000
   0.553   0.0466   0.02399   0.01197  -0.0393   0.9502   1.0000  22.5498 301.0000
   0.638   0.0645   0.02405   0.01200  -0.0413   0.9448   1.0000  23.7059 301.0000
   0.724   0.0820   0.02410   0.01203  -0.0432   0.9395   1.0000  24.7806 301.0000
   0.809   0.0990   0.02415   0.01205  -0.0450   0.9344   1.0000  25.7950 301.0000
   0.980   0.1315   0.02424   0.01211  -0.0483   0.9243   1.0000  27.6806 301.0000
   1.065   0.1473   0.02429   0.01214  -0.0499   0.9195   1.0000  28.5438 301.0000
   1.151   0.1638   0.02432   0.01217  -0.0515   0.9150   1.0000  29.3247 301.0000
   1.236   0.1828   0.02433   0.01216  -0.0535   0.9112   1.0000  29.9709 301.0000
   1.322   0.1956   0.02439   0.01221  -0.0545   0.9062   1.0000  30.7942 301.0000
   1.407   0.2082   0.02446   0.01226  -0.0554   0.9014   1.0000  31.5653 301.0000
   1.492   0.2227   0.02449   0.01229  -0.0566   0.8973   1.0000  32.2268 301.0000
   1.578   0.2367   0.02453   0.01232  -0.0576   0.8931   1.0000  32.8743 301.0000
   1.663   0.2465   0.02463   0.01240  -0.0580   0.8884   1.0000  33.6014 301.0000
   1.749   0.2600   0.02467   0.01243  -0.0590   0.8845   1.0000  34.1907 301.0000
   1.834   0.2716   0.02474   0.01249  -0.0596   0.8803   1.0000  34.8165 301.0000
   1.920   0.2806   0.02485   0.01259  -0.0598   0.8758   1.0000  35.4711 301.0000
   2.005   0.2958   0.02486   0.01260  -0.0610   0.8725   1.0000  35.9505 301.0000
   2.091   0.3020   0.02503   0.01275  -0.0608   0.8678   1.0000  36.6172 301.0000
   2.176   0.3160   0.02506   0.01277  -0.0617   0.8645   1.0000  37.0796 301.0000
   2.261   0.3222   0.02524   0.01293  -0.0615   0.8601   1.0000  37.6899 301.0000
   2.347   0.3334   0.02532   0.01301  -0.0620   0.8566   1.0000  38.1694 301.0000
   2.432   0.3408   0.02549   0.01315  -0.0619   0.8526   1.0000  38.7146 301.0000
   2.518   0.3511   0.02559   0.01325  -0.0622   0.8492   1.0000  39.1677 301.0000
   2.603   0.3571   0.02579   0.01343  -0.0619   0.8453   1.0000  39.6850 301.0000
   2.688   0.3697   0.02585   0.01348  -0.0626   0.8425   1.0000  40.0587 301.0000
   2.774   0.3717   0.02615   0.01375  -0.0617   0.8383   1.0000  40.6056 301.0000
   2.859   0.3851   0.02620   0.01379  -0.0625   0.8356   1.0000  40.9526 301.0000
   2.945   0.3855   0.02654   0.01410  -0.0614   0.8315   1.0000  41.4819 301.0000
   3.030   0.3961   0.02666   0.01421  -0.0617   0.8286   1.0000  41.8488 301.0000
   3.116   0.3997   0.02694   0.01446  -0.0611   0.8251   1.0000  42.2904 301.0000
   3.201   0.4059   0.02716   0.01466  -0.0608   0.8218   1.0000  42.7032 301.0000
   3.286   0.4196   0.02721   0.01471  -0.0615   0.8194   1.0000  43.0071 301.0000
   3.372   0.4160   0.02767   0.01512  -0.0598   0.8152   1.0000  43.5188 301.0000
   3.457   0.4266   0.02780   0.01524  -0.0601   0.8125   1.0000  43.8524 301.0000
   3.543   0.4292   0.02813   0.01554  -0.0594   0.8092   1.0000  44.2558 301.0000
   3.628   0.4327   0.02844   0.01582  -0.0587   0.8059   1.0000  44.6512 301.0000
   3.714   0.4454   0.02853   0.01590  -0.0593   0.8036   1.0000  44.9415 301.0000
   3.799   0.4421   0.02903   0.01634  -0.0577   0.7999   1.0000  45.3794 301.0000
   3.884   0.4484   0.02929   0.01658  -0.0574   0.7970   1.0000  45.7247 301.0000
   3.970   0.4619   0.02938   0.01666  -0.0581   0.7948   1.0000  45.9863 301.0000
   4.055   0.4550   0.03000   0.01722  -0.0561   0.7911   1.0000  46.4195 301.0000
   4.141   0.4621   0.03027   0.01746  -0.0559   0.7884   1.0000  46.7396 301.0000
   4.226   0.4760   0.03036   0.01755  -0.0566   0.7862   1.0000  46.9935 301.0000
   4.312   0.4685   0.03106   0.01816  -0.0546   0.7825   1.0000  47.4198 301.0000
   4.397   0.4757   0.03135   0.01843  -0.0545   0.7798   1.0000  47.7367 301.0000
   4.482   0.4905   0.03142   0.01850  -0.0553   0.7776   1.0000  47.9924 301.0000
   4.568   0.4832   0.03216   0.01915  -0.0534   0.7739   1.0000  48.4160 301.0000
   4.653   0.4911   0.03244   0.01942  -0.0534   0.7710   1.0000  48.7445 301.0000
   4.739   0.5059   0.03252   0.01949  -0.0541   0.7686   1.0000  49.0168 301.0000
   4.824   0.4988   0.03330   0.02019  -0.0524   0.7649   1.0000  49.4323 301.0000
   4.910   0.5074   0.03359   0.02046  -0.0524   0.7621   1.0000  49.7546 301.0000
   4.995   0.5204   0.03373   0.02059  -0.0529   0.7594   1.0000  50.0532 301.0000
   5.080   0.5153   0.03449   0.02127  -0.0515   0.7556   1.0000  50.4771 301.0000
   5.166   0.5286   0.03459   0.02137  -0.0519   0.7523   1.0000  50.8439 301.0000
   5.251   0.5318   0.03505   0.02177  -0.0513   0.7483   1.0000  51.2889 301.0000
   5.337   0.5418   0.03523   0.02193  -0.0513   0.7440   1.0000  51.7633 301.0000
   5.422   0.5499   0.03547   0.02214  -0.0510   0.7394   1.0000  52.2617 301.0000
   5.508   0.5617   0.03553   0.02219  -0.0510   0.7344   1.0000  52.8007 301.0000
   5.593   0.5673   0.03585   0.02247  -0.0505   0.7294   1.0000  53.3485 301.0000
   5.678   0.5852   0.03562   0.02225  -0.0509   0.7243   1.0000  53.8967 301.0000
   5.764   0.5857   0.03617   0.02274  -0.0499   0.7189   1.0000  54.4627 301.0000
   5.935   0.6052   0.03643   0.02295  -0.0494   0.7084   1.0000  55.5781 301.0000
   6.020   0.6230   0.03615   0.02268  -0.0496   0.7034   1.0000  56.0995 301.0000
   6.106   0.6247   0.03668   0.02316  -0.0488   0.6980   1.0000  56.6682 301.0000
   6.191   0.6369   0.03668   0.02314  -0.0486   0.6928   1.0000  57.2019 301.0000
   6.276   0.6450   0.03688   0.02331  -0.0482   0.6873   1.0000  57.7716 301.0000
   6.362   0.6516   0.03716   0.02354  -0.0476   0.6818   1.0000  58.3375 301.0000
   6.533   0.6692   0.03745   0.02377  -0.0467   0.6702   1.0000  59.5224 301.0000
   6.618   0.6872   0.03703   0.02335  -0.0466   0.6645   1.0000  60.1069 301.0000
   6.789   0.7016   0.03744   0.02368  -0.0452   0.6516   1.0000  61.4006 301.0000
   6.874   0.7213   0.03685   0.02307  -0.0450   0.6453   1.0000  62.0376 301.0000
   7.045   0.7278   0.03769   0.02381  -0.0432   0.6308   1.0000  63.4748 301.0000
   7.131   0.7413   0.03740   0.02348  -0.0425   0.6237   1.0000  64.1853 301.0000
   7.387   0.7656   0.03746   0.02339  -0.0399   0.5998   1.0000  66.5234 301.0000
   7.472   0.7763   0.03723   0.02311  -0.0391   0.5915   1.0000  67.3346 301.0000
   7.558   0.7893   0.03680   0.02262  -0.0382   0.5830   1.0000  68.1601 301.0000
   8.241   0.8668   0.03365   0.01880  -0.0296   0.4993   1.0000  76.2150 301.0000
   8.327   0.8747   0.03319   0.01823  -0.0284   0.4858   1.0000  77.5023 301.0000
   8.498   0.8937   0.03181   0.01656  -0.0259   0.4565   1.0000  80.3179 301.0000
   8.668   0.9096   0.03058   0.01496  -0.0232   0.4225   1.0000  83.5997 301.0000
   8.754   0.9166   0.03005   0.01419  -0.0218   0.4040   1.0000  85.3917 301.0000
   8.839   0.9232   0.02960   0.01346  -0.0205   0.3852   1.0000  87.2331 301.0000
   8.925   0.9292   0.02930   0.01285  -0.0192   0.3666   1.0000  89.0691 301.0000
   9.010   0.9340   0.02923   0.01247  -0.0179   0.3482   1.0000  90.9077 301.0000
   9.095   0.9382   0.02936   0.01231  -0.0167   0.3306   1.0000  92.6814 301.0000
   9.181   0.9427   0.02957   0.01217  -0.0156   0.3147   1.0000  94.3112 301.0000
   9.266   0.9474   0.02986   0.01211  -0.0146   0.3000   1.0000  95.8309 301.0000
   9.352   0.9519   0.03027   0.01220  -0.0137   0.2865   1.0000  97.2492 301.0000
   9.437   0.9566   0.03076   0.01237  -0.0128   0.2741   1.0000  98.5745 301.0000
   9.523   0.9621   0.03127   0.01254  -0.0121   0.2629   1.0000  99.7807 301.0000
   9.608   0.9681   0.03184   0.01276  -0.0115   0.2525   1.0000 100.9137 301.0000
   9.694   0.9748   0.03246   0.01305  -0.0110   0.2430   1.0000 101.9684 301.0000
   9.779   0.9816   0.03314   0.01342  -0.0105   0.2342   1.0000 102.9590 301.0000
   9.864   0.9882   0.03385   0.01389  -0.0101   0.2260   1.0000 103.8797 301.0000
   9.950   0.9950   0.03459   0.01442  -0.0097   0.2187   1.0000 104.7280 301.0000
  10.035   1.0021   0.03534   0.01494  -0.0093   0.2118   1.0000 105.5258 301.0000
  10.121   1.0100   0.03610   0.01541  -0.0090   0.2054   1.0000 106.2837 301.0000
  10.206   1.0196   0.03686   0.01580  -0.0090   0.1991   1.0000 107.0307 301.0000
  10.291   1.0246   0.03765   0.01653  -0.0084   0.1939   1.0000 107.6514 301.0000
  10.377   1.0323   0.03845   0.01708  -0.0082   0.1889   1.0000 108.2652 301.0000
  10.462   1.0408   0.03922   0.01758  -0.0080   0.1838   1.0000 108.8844 301.0000
  10.548   1.0458   0.04008   0.01835  -0.0075   0.1799   1.0000 109.3715 301.0000
  10.633   1.0555   0.04088   0.01882  -0.0075   0.1755   1.0000 109.9158 301.0000
  10.719   1.0594   0.04178   0.01969  -0.0068   0.1723   1.0000 110.3213 301.0000
  10.804   1.0667   0.04262   0.02033  -0.0066   0.1688   1.0000 110.7687 301.0000
  10.889   1.0741   0.04355   0.02103  -0.0063   0.1658   1.0000 111.1529 301.0000
  10.975   1.0771   0.04452   0.02199  -0.0056   0.1633   1.0000 111.4688 301.0000
  11.060   1.0862   0.04538   0.02255  -0.0056   0.1602   1.0000 111.8720 301.0000
  11.146   1.0907   0.04638   0.02343  -0.0051   0.1579   1.0000 112.1735 301.0000
  11.231   1.0923   0.04740   0.02445  -0.0042   0.1559   1.0000 112.4397 301.0000
  11.317   1.0986   0.04829   0.02515  -0.0039   0.1533   1.0000 112.7813 301.0000
  11.402   1.1059   0.04927   0.02583  -0.0038   0.1509   1.0000 113.0981 301.0000
  11.487   1.1053   0.05040   0.02701  -0.0028   0.1495   1.0000 113.2831 301.0000
  11.573   1.1067   0.05151   0.02808  -0.0020   0.1480   1.0000 113.4898 301.0000
  11.658   1.1113   0.05252   0.02892  -0.0016   0.1461   1.0000 113.7414 301.0000
  11.744   1.1208   0.05348   0.02949  -0.0017   0.1439   1.0000 114.0451 301.0000
  11.829   1.1178   0.05473   0.03080  -0.0006   0.1431   1.0000 114.1555 301.0000
  11.915   1.1152   0.05600   0.03208   0.0003   0.1422   1.0000 114.2716 301.0000
  12.000   1.1131   0.05727   0.03333   0.0012   0.1413   1.0000 114.3925 301.0000
