  
       XFOIL         Version 6.99
  
 Calculated polar for: Repaneled_Airfoil                               
  
 1 1 Reynolds number fixed          Mach number fixed         
  
 xtrf =   1.000 (top)        1.000 (bottom)  
 Mach =   0.000     Re =     0.050 e 6     Ncrit =   9.000  9.000
  
   alpha    CL        CD       CDp       CM     Top_Xtr  Bot_Xtr  Top_Itr  Bot_Itr
  ------ -------- --------- --------- -------- -------- -------- -------- --------
  -5.000  -0.2906   0.02835   0.01496  -0.0318   0.9999   0.5221   1.0000 228.0129
  -4.915  -0.2851   0.02845   0.01515  -0.0306   0.9999   0.5396   1.0000 229.7008
  -4.829  -0.2793   0.02852   0.01525  -0.0295   0.9999   0.5577   1.0000 231.4440
  -4.744  -0.2731   0.02854   0.01528  -0.0285   0.9999   0.5760   1.0000 233.2091
  -4.658  -0.2667   0.02852   0.01525  -0.0277   0.9999   0.5939   1.0000 234.9548
  -4.573  -0.2607   0.02841   0.01517  -0.0267   0.9999   0.6094   1.0000 236.4696
  -4.487  -0.2537   0.02827   0.01501  -0.0261   0.9999   0.6264   1.0000 238.1490
  -4.402  -0.2468   0.02806   0.01480  -0.0255   0.9999   0.6423   1.0000 239.7354
  -4.317  -0.2403   0.02782   0.01460  -0.0248   0.9999   0.6563   1.0000 241.1282
  -4.231  -0.2347   0.02762   0.01447  -0.0238   0.9999   0.6679   1.0000 242.2961
  -4.146  -0.2279   0.02748   0.01434  -0.0231   0.9999   0.6812   1.0000 243.6558
  -4.060  -0.2207   0.02735   0.01420  -0.0226   0.9999   0.6946   1.0000 245.0358
  -3.975  -0.2142   0.02719   0.01408  -0.0218   0.9999   0.7065   1.0000 246.2861
  -3.889  -0.2073   0.02704   0.01395  -0.0212   0.9999   0.7188   1.0000 247.5846
  -3.804  -0.2001   0.02691   0.01382  -0.0207   0.9999   0.7312   1.0000 248.9108
  -3.719  -0.1932   0.02676   0.01370  -0.0201   0.9999   0.7429   1.0000 250.1805
  -3.633  -0.1864   0.02662   0.01359  -0.0195   0.9999   0.7546   1.0000 251.4694
  -3.548  -0.1792   0.02649   0.01348  -0.0190   0.9999   0.7666   1.0000 252.8144
  -3.462  -0.1723   0.02637   0.01339  -0.0184   0.9999   0.7785   1.0000 254.1668
  -3.377  -0.1655   0.02624   0.01330  -0.0178   0.9999   0.7905   1.0000 255.5562
  -3.292  -0.1584   0.02613   0.01322  -0.0173   0.9999   0.8031   1.0000 257.0505
  -3.206  -0.1518   0.02600   0.01315  -0.0167   0.9999   0.8158   1.0000 258.5983
  -3.121  -0.1450   0.02589   0.01310  -0.0160   0.9999   0.8295   1.0000 260.3162
  -3.035  -0.1384   0.02579   0.01307  -0.0154   0.9999   0.8451   1.0000 262.3240
  -2.950  -0.1314   0.02569   0.01306  -0.0147   0.9999   0.8641   1.0000 264.8966
  -2.864  -0.1221   0.02561   0.01308  -0.0146   0.9999   0.8896   1.0000 268.6068
  -2.779  -0.1086   0.02554   0.01310  -0.0156   0.9999   0.9305   1.0000 275.4901
  -2.693  -0.0996   0.02532   0.01291  -0.0163   0.9999   1.0001   1.0000 301.0000
  -2.608  -0.0890   0.02537   0.01288  -0.0175   0.9999   1.0001   1.0000 301.0000
  -2.523  -0.0783   0.02544   0.01288  -0.0186   0.9999   1.0001   1.0000 301.0000
  -2.437  -0.0675   0.02554   0.01290  -0.0197   0.9999   1.0001   1.0000 301.0000
  -2.352  -0.0569   0.02565   0.01294  -0.0207   0.9999   1.0001   1.0000 301.0000
  -2.266  -0.0464   0.02578   0.01299  -0.0217   0.9999   1.0001   1.0000 301.0000
  -2.181  -0.0361   0.02591   0.01305  -0.0225   0.9999   1.0001   1.0000 301.0000
  -2.095  -0.0260   0.02606   0.01312  -0.0233   0.9999   1.0001   1.0000 301.0000
  -2.010  -0.0160   0.02621   0.01320  -0.0240   0.9999   1.0001   1.0000 301.0000
  -1.925  -0.0063   0.02637   0.01329  -0.0247   0.9999   1.0001   1.0000 301.0000
  -1.839   0.0033   0.02654   0.01339  -0.0253   0.9999   1.0001   1.0000 301.0000
  -1.754   0.0127   0.02671   0.01349  -0.0258   0.9999   1.0001   1.0000 301.0000
  -1.668   0.0219   0.02689   0.01361  -0.0263   0.9999   1.0001   1.0000 301.0000
  -1.583   0.0310   0.02708   0.01373  -0.0267   0.9999   1.0001   1.0000 301.0000
  -1.498   0.0399   0.02727   0.01385  -0.0271   0.9999   1.0001   1.0000 301.0000
  -1.412   0.0486   0.02747   0.01398  -0.0275   0.9999   1.0001   1.0000 301.0000
  -1.327   0.0572   0.02767   0.01412  -0.0278   0.9999   1.0001   1.0000 301.0000
  -1.241   0.0656   0.02787   0.01427  -0.0281   0.9999   1.0001   1.0000 301.0000
  -1.156   0.0740   0.02808   0.01442  -0.0284   0.9999   1.0001   1.0000 301.0000
  -1.070   0.0822   0.02830   0.01458  -0.0286   0.9999   1.0001   1.0000 301.0000
  -0.985   0.0902   0.02852   0.01475  -0.0288   0.9999   1.0001   1.0000 301.0000
  -0.899   0.0982   0.02875   0.01492  -0.0290   0.9999   1.0001   1.0000 301.0000
  -0.814   0.1060   0.02898   0.01510  -0.0292   0.9999   1.0001   1.0000 301.0000
  -0.729   0.1138   0.02922   0.01529  -0.0294   0.9999   1.0001   1.0000 301.0000
  -0.643   0.1214   0.02947   0.01549  -0.0295   0.9999   1.0001   1.0000 301.0000
  -0.558   0.1290   0.02972   0.01569  -0.0296   0.9999   1.0001   1.0000 301.0000
  -0.472   0.1364   0.02998   0.01590  -0.0298   0.9999   1.0001   1.0000 301.0000
  -0.387   0.1437   0.03025   0.01612  -0.0299   0.9999   1.0001   1.0000 301.0000
  -0.301   0.1509   0.03052   0.01635  -0.0300   0.9999   1.0001   1.0000 301.0000
  -0.216   0.1581   0.03080   0.01659  -0.0301   0.9999   1.0001   1.0000 301.0000
  -0.131   0.1651   0.03109   0.01684  -0.0301   0.9999   1.0001   1.0000 301.0000
  -0.045   0.1720   0.03139   0.01709  -0.0302   0.9999   1.0001   1.0000 301.0000
   0.040   0.1789   0.03169   0.01736  -0.0303   0.9999   1.0001   1.0000 301.0000
   0.126   0.1856   0.03201   0.01764  -0.0304   0.9999   1.0001   1.0000 301.0000
   0.211   0.1922   0.03234   0.01793  -0.0305   0.9999   1.0001   1.0000 301.0000
   0.296   0.1987   0.03268   0.01823  -0.0305   0.9999   1.0001   1.0000 301.0000
   0.382   0.2206   0.03341   0.01893  -0.0335   0.9941   1.0001   8.2445 301.0000
   0.467   0.2497   0.03427   0.01975  -0.0378   0.9841   1.0001  12.9828 301.0000
   0.553   0.2736   0.03494   0.02039  -0.0410   0.9740   1.0001  16.3666 301.0000
   0.638   0.2977   0.03559   0.02100  -0.0441   0.9643   1.0001  19.0664 301.0000
   0.724   0.3179   0.03611   0.02148  -0.0465   0.9541   1.0001  21.5158 301.0000
   0.809   0.3390   0.03661   0.02195  -0.0489   0.9441   1.0001  23.6847 301.0000
   0.894   0.3593   0.03706   0.02237  -0.0511   0.9339   1.0001  25.6984 301.0000
   0.980   0.3786   0.03746   0.02273  -0.0530   0.9236   1.0001  27.6004 301.0000
   1.065   0.3978   0.03782   0.02305  -0.0549   0.9133   1.0001  29.4031 301.0000
   1.151   0.4201   0.03817   0.02336  -0.0572   0.9034   1.0001  31.0317 301.0000
   1.236   0.4365   0.03840   0.02356  -0.0584   0.8924   1.0001  32.7535 301.0000
   1.322   0.4543   0.03861   0.02374  -0.0598   0.8816   1.0001  34.3722 301.0000
   1.407   0.4750   0.03878   0.02388  -0.0615   0.8713   1.0001  35.8638 301.0000
   1.492   0.4909   0.03888   0.02396  -0.0624   0.8598   1.0001  37.4627 301.0000
   1.578   0.5121   0.03892   0.02397  -0.0641   0.8494   1.0001  38.8673 301.0000
   1.663   0.5278   0.03892   0.02394  -0.0648   0.8375   1.0001  40.4166 301.0000
   1.749   0.5481   0.03881   0.02382  -0.0660   0.8267   1.0001  41.7958 301.0000
   1.834   0.5667   0.03865   0.02364  -0.0670   0.8153   1.0001  43.1991 301.0000
   1.920   0.5833   0.03845   0.02343  -0.0675   0.8033   1.0001  44.6489 301.0000
   2.005   0.6051   0.03808   0.02306  -0.0687   0.7929   1.0001  45.8826 301.0000
   2.091   0.6200   0.03779   0.02275  -0.0689   0.7804   1.0001  47.3340 301.0000
   2.176   0.6378   0.03736   0.02232  -0.0693   0.7688   1.0001  48.6490 301.0000
   2.261   0.6583   0.03677   0.02175  -0.0700   0.7583   1.0001  49.8224 301.0000
   2.347   0.6793   0.03607   0.02108  -0.0706   0.7482   1.0001  50.9409 301.0000
   2.432   0.6909   0.03567   0.02066  -0.0701   0.7351   1.0001  52.3672 301.0000
   2.518   0.7078   0.03500   0.02001  -0.0701   0.7239   1.0001  53.5561 301.0000
   2.603   0.7260   0.03420   0.01924  -0.0701   0.7136   1.0001  54.6481 301.0000
   2.688   0.7441   0.03337   0.01843  -0.0701   0.7035   1.0001  55.7022 301.0000
   2.774   0.7612   0.03254   0.01763  -0.0699   0.6933   1.0001  56.7629 301.0000
   2.859   0.7791   0.03165   0.01677  -0.0698   0.6833   1.0001  57.7859 301.0000
   2.945   0.7933   0.03096   0.01607  -0.0693   0.6719   1.0001  58.9415 301.0000
   3.030   0.7829   0.03165   0.01661  -0.0668   0.6528   1.0001  60.8670 301.0000
   3.116   0.8013   0.03064   0.01562  -0.0666   0.6432   1.0001  61.8217 301.0000
   3.201   0.8204   0.02959   0.01458  -0.0665   0.6335   1.0001  62.7812 301.0000
   3.286   0.8403   0.02852   0.01351  -0.0666   0.6233   1.0001  63.7859 301.0000
   3.372   0.8621   0.02746   0.01240  -0.0668   0.6118   1.0001  64.9185 301.0000
   3.457   0.8802   0.02679   0.01163  -0.0669   0.5980   1.0001  66.2625 301.0000
   3.543   0.8978   0.02633   0.01101  -0.0670   0.5833   1.0001  67.6899 301.0000
   3.628   0.9144   0.02607   0.01055  -0.0672   0.5682   1.0001  69.1472 301.0000
   3.714   0.9266   0.02613   0.01042  -0.0670   0.5531   1.0001  70.5934 301.0000
   3.799   0.9407   0.02619   0.01024  -0.0671   0.5387   1.0001  71.9795 301.0000
   3.884   0.9500   0.02647   0.01035  -0.0668   0.5250   1.0001  73.2828 301.0000
   3.970   0.9597   0.02675   0.01045  -0.0665   0.5118   1.0001  74.5415 301.0000
   4.055   0.9699   0.02704   0.01053  -0.0662   0.4990   1.0001  75.7640 301.0000
   4.141   0.9803   0.02734   0.01060  -0.0660   0.4867   1.0001  76.9431 301.0000
   4.226   0.9890   0.02769   0.01077  -0.0657   0.4747   1.0001  78.0869 301.0000
   4.312   0.9970   0.02807   0.01097  -0.0652   0.4630   1.0001  79.2056 301.0000
   4.397   1.0051   0.02846   0.01118  -0.0648   0.4515   1.0001  80.3087 301.0000
   4.482   1.0133   0.02887   0.01139  -0.0644   0.4400   1.0001  81.4058 301.0000
   4.568   1.0214   0.02928   0.01162  -0.0639   0.4287   1.0001  82.4980 301.0000
   4.653   1.0296   0.02972   0.01185  -0.0635   0.4174   1.0001  83.5897 301.0000
   4.739   1.0378   0.03017   0.01209  -0.0632   0.4062   1.0001  84.6746 301.0000
   4.824   1.0460   0.03064   0.01234  -0.0628   0.3951   1.0001  85.7568 301.0000
   4.910   1.0544   0.03112   0.01260  -0.0624   0.3839   1.0001  86.8448 301.0000
   4.995   1.0627   0.03163   0.01287  -0.0621   0.3729   1.0001  87.9261 301.0000
   5.080   1.0707   0.03216   0.01317  -0.0617   0.3622   1.0001  88.9912 301.0000
   5.166   1.0776   0.03271   0.01351  -0.0612   0.3517   1.0001  90.0350 301.0000
   5.251   1.0841   0.03326   0.01388  -0.0606   0.3414   1.0001  91.0661 301.0000
   5.337   1.0906   0.03382   0.01425  -0.0600   0.3312   1.0001  92.0936 301.0000
   5.422   1.0971   0.03439   0.01461  -0.0595   0.3213   1.0001  93.1067 301.0000
   5.508   1.1035   0.03495   0.01497  -0.0589   0.3116   1.0001  94.1021 301.0000
   5.593   1.1100   0.03551   0.01532  -0.0583   0.3021   1.0001  95.0769 301.0000
   5.678   1.1167   0.03607   0.01565  -0.0578   0.2930   1.0001  96.0294 301.0000
   5.764   1.1225   0.03663   0.01603  -0.0572   0.2842   1.0001  96.9546 301.0000
   5.849   1.1273   0.03721   0.01648  -0.0564   0.2758   1.0001  97.8448 301.0000
   5.935   1.1322   0.03781   0.01692  -0.0556   0.2678   1.0001  98.7078 301.0000
   6.020   1.1375   0.03839   0.01733  -0.0549   0.2601   1.0001  99.5437 301.0000
   6.106   1.1431   0.03893   0.01767  -0.0543   0.2526   1.0001 100.3552 301.0000
   6.191   1.1498   0.03943   0.01791  -0.0538   0.2454   1.0001 101.1487 301.0000
   6.276   1.1560   0.03993   0.01818  -0.0532   0.2385   1.0001 101.9189 301.0000
   6.362   1.1594   0.04057   0.01874  -0.0522   0.2321   1.0001 102.6372 301.0000
   6.447   1.1649   0.04115   0.01912  -0.0516   0.2261   1.0001 103.3174 301.0000
   6.533   1.1736   0.04156   0.01917  -0.0514   0.2201   1.0001 104.0087 301.0000
   6.618   1.1755   0.04232   0.01993  -0.0503   0.2147   1.0001 104.6266 301.0000
   6.789   1.1879   0.04348   0.02064  -0.0492   0.2045   1.0001 105.8234 301.0000
   6.874   1.1914   0.04423   0.02126  -0.0483   0.2000   1.0001 106.3613 301.0000
   6.960   1.2003   0.04461   0.02127  -0.0481   0.1950   1.0001 106.9557 301.0000
   7.045   1.2011   0.04554   0.02220  -0.0470   0.1911   1.0001 107.4284 301.0000
   7.131   1.2118   0.04588   0.02209  -0.0470   0.1865   1.0001 107.9870 301.0000
   7.216   1.2110   0.04695   0.02322  -0.0457   0.1832   1.0001 108.3916 301.0000
   7.301   1.2201   0.04737   0.02327  -0.0456   0.1790   1.0001 108.9159 301.0000
   7.387   1.2207   0.04837   0.02423  -0.0444   0.1760   1.0001 109.2912 301.0000
   7.472   1.2248   0.04913   0.02483  -0.0437   0.1726   1.0001 109.7123 301.0000
   7.558   1.2323   0.04981   0.02518  -0.0434   0.1694   1.0001 110.1235 301.0000
   7.643   1.2313   0.05095   0.02634  -0.0422   0.1671   1.0001 110.4210 301.0000
   7.729   1.2381   0.05162   0.02673  -0.0418   0.1640   1.0001 110.8157 301.0000
   7.814   1.2430   0.05252   0.02738  -0.0413   0.1615   1.0001 111.1389 301.0000
   7.899   1.2407   0.05378   0.02866  -0.0399   0.1598   1.0001 111.3566 301.0000
   7.985   1.2419   0.05485   0.02963  -0.0390   0.1578   1.0001 111.6118 301.0000
   8.070   1.2558   0.05533   0.02957  -0.0395   0.1547   1.0001 112.0198 301.0000
   8.156   1.2504   0.05674   0.03105  -0.0379   0.1537   1.0001 112.1498 301.0000
   8.241   1.2460   0.05811   0.03242  -0.0365   0.1527   1.0001 112.2952 301.0000
   8.327   1.2432   0.05937   0.03365  -0.0352   0.1514   1.0001 112.4621 301.0000
   8.412   1.2450   0.06037   0.03447  -0.0345   0.1496   1.0001 112.7018 301.0000
   8.498   1.2561   0.06096   0.03459  -0.0346   0.1469   1.0001 113.0595 301.0000
   8.583   1.2490   0.06243   0.03608  -0.0331   0.1464   1.0001 113.1346 301.0000
   8.668   1.2420   0.06389   0.03754  -0.0316   0.1458   1.0001 113.2073 301.0000
   8.754   1.2349   0.06535   0.03899  -0.0302   0.1454   1.0001 113.2738 301.0000
   8.839   1.2276   0.06681   0.04043  -0.0288   0.1449   1.0001 113.3317 301.0000
   8.925   1.2199   0.06829   0.04188  -0.0275   0.1446   1.0001 113.3779 301.0000
   9.010   1.2115   0.06976   0.04332  -0.0261   0.1444   1.0001 113.4067 301.0000
   9.095   1.2019   0.07122   0.04476  -0.0247   0.1443   1.0001 113.4141 301.0000
   9.181   1.1915   0.07276   0.04627  -0.0234   0.1444   1.0001 113.4050 301.0000
   9.266   1.1805   0.07439   0.04789  -0.0221   0.1446   1.0001 113.3815 301.0000
   9.352   1.1689   0.07612   0.04960  -0.0211   0.1448   1.0001 113.3464 301.0000
   9.437   1.1570   0.07794   0.05142  -0.0202   0.1451   1.0001 113.3026 301.0000
   9.523   1.1447   0.07987   0.05335  -0.0195   0.1455   1.0001 113.2495 301.0000
   9.608   1.1325   0.08190   0.05537  -0.0190   0.1459   1.0001 113.1956 301.0000
   9.694   1.1206   0.08402   0.05749  -0.0187   0.1463   1.0001 113.1424 301.0000
   9.779   1.1091   0.08622   0.05967  -0.0185   0.1467   1.0001 113.0916 301.0000
   9.864   1.0980   0.08850   0.06194  -0.0186   0.1470   1.0001 113.0442 301.0000
   9.950   1.0875   0.09085   0.06427  -0.0188   0.1474   1.0001 113.0010 301.0000
