  
       XFOIL         Version 6.99
  
 Calculated polar for: Repaneled_Airfoil                               
  
 1 1 Reynolds number fixed          Mach number fixed         
  
 xtrf =   1.000 (top)        1.000 (bottom)  
 Mach =   0.000     Re =     0.050 e 6     Ncrit =   9.000  9.000
  
   alpha    CL        CD       CDp       CM     Top_Xtr  Bot_Xtr  Top_Itr  Bot_Itr
  ------ -------- --------- --------- -------- -------- -------- -------- --------
  -5.000  -0.5242   0.02283   0.01056   0.0320   1.0000   0.7309   1.0000 248.8350
  -4.915  -0.5136   0.02325   0.01104   0.0334   1.0000   0.7436   1.0000 250.2178
  -4.829  -0.5016   0.02373   0.01155   0.0345   1.0000   0.7556   1.0000 251.5395
  -4.744  -0.4912   0.02410   0.01194   0.0357   1.0000   0.7669   1.0000 252.8076
  -4.573  -0.4651   0.02499   0.01283   0.0372   1.0000   0.7880   1.0000 255.2338
  -4.487  -0.4489   0.02550   0.01332   0.0375   1.0000   0.7984   1.0000 256.4674
  -4.402  -0.4340   0.02591   0.01371   0.0377   1.0000   0.8087   1.0000 257.7040
  -4.317  -0.4219   0.02618   0.01397   0.0382   1.0000   0.8190   1.0000 258.9632
  -4.231  -0.3897   0.02712   0.01483   0.0365   1.0000   0.8326   1.0000 260.6782
  -4.146  -0.3592   0.02781   0.01544   0.0346   1.0000   0.8457   1.0000 262.3897
  -4.060  -0.3363   0.02811   0.01568   0.0331   1.0000   0.8559   1.0000 263.7536
  -3.975  -0.3167   0.02818   0.01572   0.0317   1.0000   0.8636   1.0000 264.8206
  -3.889  -0.2979   0.02813   0.01564   0.0301   1.0000   0.8693   1.0000 265.6197
  -3.804  -0.2871   0.02794   0.01545   0.0296   1.0000   0.8740   1.0000 266.2933
  -3.719  -0.2828   0.02768   0.01522   0.0301   1.0000   0.8789   1.0000 267.0041
  -3.633  -0.2662   0.02750   0.01502   0.0286   1.0000   0.8819   1.0000 267.4523
  -3.548  -0.2595   0.02725   0.01480   0.0287   1.0000   0.8865   1.0000 268.1295
  -3.462  -0.2469   0.02705   0.01459   0.0278   1.0000   0.8903   1.0000 268.7174
  -3.377  -0.2355   0.02683   0.01439   0.0271   1.0000   0.8945   1.0000 269.3633
  -3.292  -0.2269   0.02662   0.01418   0.0268   1.0000   0.8994   1.0000 270.1258
  -3.206  -0.2145   0.02642   0.01399   0.0259   1.0000   0.9038   1.0000 270.8402
  -3.121  -0.2002   0.02622   0.01379   0.0247   1.0000   0.9080   1.0000 271.5312
  -3.035  -0.1881   0.02601   0.01360   0.0238   1.0000   0.9128   1.0000 272.3364
  -2.950  -0.1760   0.02581   0.01340   0.0229   1.0000   0.9179   1.0000 273.2030
  -2.864  -0.1630   0.02561   0.01321   0.0218   1.0000   0.9231   1.0000 274.1223
  -2.779  -0.1492   0.02541   0.01302   0.0206   1.0000   0.9283   1.0000 275.0787
  -2.693  -0.1343   0.02521   0.01282   0.0192   1.0000   0.9336   1.0000 276.0704
  -2.608  -0.1187   0.02500   0.01262   0.0176   1.0000   0.9389   1.0000 277.1111
  -2.523  -0.1024   0.02479   0.01241   0.0158   1.0000   0.9442   1.0000 278.2002
  -2.437  -0.0855   0.02457   0.01220   0.0139   1.0000   0.9497   1.0000 279.3752
  -2.352  -0.0684   0.02435   0.01199   0.0120   1.0000   0.9556   1.0000 280.6884
  -2.266  -0.0509   0.02411   0.01176   0.0100   1.0000   0.9616   1.0000 282.1434
  -2.181  -0.0319   0.02387   0.01152   0.0076   1.0000   0.9675   1.0000 283.6565
  -2.095  -0.0125   0.02360   0.01128   0.0052   1.0000   0.9735   1.0000 285.3656
  -2.010   0.0077   0.02333   0.01102   0.0025   1.0000   0.9797   1.0000 287.3305
  -1.925   0.0291   0.02304   0.01074  -0.0004   1.0000   0.9860   1.0000 289.6414
  -1.839   0.0513   0.02273   0.01045  -0.0035   1.0000   0.9923   1.0000 292.5780
  -1.754   0.0747   0.02240   0.01013  -0.0068   1.0000   0.9985   1.0000 297.2824
  -1.668   0.0790   0.02217   0.00994  -0.0070   1.0000   1.0000   1.0000 301.0000
  -1.583   0.0753   0.02200   0.00980  -0.0058   1.0000   1.0000   1.0000 301.0000
  -1.498   0.0702   0.02183   0.00965  -0.0045   1.0000   1.0000   1.0000 301.0000
  -1.412   0.0633   0.02166   0.00950  -0.0029   1.0000   1.0000   1.0000 301.0000
  -1.327   0.0549   0.02149   0.00934  -0.0011   1.0000   1.0000   1.0000 301.0000
  -1.241   0.0455   0.02133   0.00918   0.0009   1.0000   1.0000   1.0000 301.0000
  -1.156   0.0365   0.02119   0.00903   0.0029   1.0000   1.0000   1.0000 301.0000
  -1.070   0.0289   0.02109   0.00892   0.0049   1.0000   1.0000   1.0000 301.0000
  -0.985   0.0232   0.02102   0.00883   0.0066   1.0000   1.0000   1.0000 301.0000
  -0.899   0.0190   0.02099   0.00878   0.0082   1.0000   1.0000   1.0000 301.0000
  -0.814   0.0160   0.02098   0.00876   0.0097   1.0000   1.0000   1.0000 301.0000
  -0.729   0.0140   0.02099   0.00875   0.0110   1.0000   1.0000   1.0000 301.0000
  -0.643   0.0126   0.02102   0.00877   0.0123   1.0000   1.0000   1.0000 301.0000
  -0.558   0.0117   0.02106   0.00881   0.0135   1.0000   1.0000   1.0000 301.0000
  -0.472   0.0111   0.02112   0.00886   0.0147   1.0000   1.0000   1.0000 301.0000
  -0.387   0.0107   0.02119   0.00893   0.0158   1.0000   1.0000   1.0000 301.0000
  -0.301   0.0105   0.02128   0.00902   0.0169   1.0000   1.0000   1.0000 301.0000
  -0.216   0.0102   0.02139   0.00913   0.0179   1.0000   1.0000   1.0000 301.0000
  -0.131   0.0433   0.02162   0.00942   0.0129   0.9904   1.0000  10.3097 301.0000
  -0.045   0.1109   0.02172   0.00965   0.0019   0.9687   1.0000  17.9558 301.0000
   0.126   0.2662   0.02055   0.00889  -0.0212   0.8983   1.0000  31.9456 301.0000
   0.211   0.3022   0.02007   0.00842  -0.0244   0.8564   1.0000  38.0609 301.0000
   0.296   0.3175   0.01995   0.00821  -0.0241   0.8195   1.0000  42.8430 301.0000
   0.382   0.3256   0.02000   0.00813  -0.0228   0.7867   1.0000  46.7858 301.0000
   0.467   0.3316   0.02011   0.00811  -0.0214   0.7569   1.0000  50.1750 301.0000
   0.553   0.3370   0.02021   0.00811  -0.0202   0.7292   1.0000  53.1936 301.0000
   0.638   0.3427   0.02028   0.00809  -0.0192   0.7046   1.0000  55.7975 301.0000
   0.724   0.3489   0.02030   0.00803  -0.0184   0.6837   1.0000  57.9546 301.0000
   0.809   0.3554   0.02031   0.00794  -0.0175   0.6666   1.0000  59.7005 301.0000
   0.894   0.3623   0.02030   0.00777  -0.0165   0.6547   1.0000  60.9014 301.0000
   0.980   0.3695   0.02036   0.00768  -0.0158   0.6425   1.0000  62.1186 301.0000
   1.065   0.3769   0.02048   0.00770  -0.0153   0.6292   1.0000  63.4312 301.0000
   1.151   0.3846   0.02061   0.00772  -0.0148   0.6177   1.0000  64.5658 301.0000
   1.236   0.3923   0.02075   0.00777  -0.0144   0.6071   1.0000  65.6055 301.0000
   1.322   0.4002   0.02091   0.00783  -0.0141   0.5973   1.0000  66.5629 301.0000
   1.407   0.4082   0.02107   0.00791  -0.0137   0.5881   1.0000  67.4537 301.0000
   1.492   0.4162   0.02123   0.00799  -0.0134   0.5796   1.0000  68.2758 301.0000
   1.578   0.4242   0.02139   0.00805  -0.0130   0.5719   1.0000  69.0159 301.0000
   1.663   0.4322   0.02158   0.00820  -0.0128   0.5638   1.0000  69.7930 301.0000
   1.749   0.4404   0.02178   0.00833  -0.0126   0.5563   1.0000  70.5165 301.0000
   1.834   0.4487   0.02196   0.00844  -0.0123   0.5496   1.0000  71.1601 301.0000
   1.920   0.4568   0.02216   0.00858  -0.0121   0.5427   1.0000  71.8167 301.0000
   2.005   0.4649   0.02237   0.00875  -0.0119   0.5362   1.0000  72.4439 301.0000
   2.091   0.4732   0.02257   0.00884  -0.0116   0.5306   1.0000  72.9821 301.0000
   2.176   0.4811   0.02280   0.00907  -0.0114   0.5240   1.0000  73.6033 301.0000
   2.261   0.4893   0.02302   0.00920  -0.0111   0.5187   1.0000  74.1156 301.0000
   2.347   0.4972   0.02326   0.00942  -0.0109   0.5127   1.0000  74.6839 301.0000
   2.432   0.5053   0.02349   0.00959  -0.0107   0.5074   1.0000  75.1895 301.0000
   2.518   0.5131   0.02374   0.00980  -0.0104   0.5018   1.0000  75.7228 301.0000
   2.603   0.5211   0.02399   0.01000  -0.0101   0.4968   1.0000  76.2072 301.0000
   2.688   0.5289   0.02425   0.01023  -0.0099   0.4914   1.0000  76.7195 301.0000
   2.774   0.5368   0.02452   0.01043  -0.0096   0.4865   1.0000  77.1887 301.0000
   2.859   0.5444   0.02480   0.01069  -0.0093   0.4812   1.0000  77.6892 301.0000
   2.945   0.5523   0.02507   0.01088  -0.0090   0.4767   1.0000  78.1253 301.0000
   3.030   0.5597   0.02538   0.01120  -0.0088   0.4714   1.0000  78.6237 301.0000
   3.116   0.5679   0.02566   0.01136  -0.0085   0.4671   1.0000  79.0393 301.0000
   3.201   0.5749   0.02600   0.01174  -0.0082   0.4619   1.0000  79.5398 301.0000
   3.286   0.5830   0.02628   0.01190  -0.0079   0.4575   1.0000  79.9573 301.0000
   3.372   0.5899   0.02665   0.01232  -0.0076   0.4523   1.0000  80.4519 301.0000
   3.457   0.5977   0.02695   0.01253  -0.0073   0.4478   1.0000  80.8821 301.0000
   3.543   0.6047   0.02734   0.01292  -0.0070   0.4430   1.0000  81.3491 301.0000
   3.628   0.6122   0.02767   0.01319  -0.0066   0.4383   1.0000  81.7974 301.0000
   3.714   0.6193   0.02805   0.01354  -0.0063   0.4337   1.0000  82.2431 301.0000
   3.799   0.6264   0.02843   0.01390  -0.0060   0.4289   1.0000  82.7051 301.0000
   3.884   0.6339   0.02879   0.01418  -0.0056   0.4245   1.0000  83.1271 301.0000
   3.970   0.6403   0.02922   0.01465  -0.0052   0.4195   1.0000  83.6100 301.0000
   4.055   0.6485   0.02955   0.01482  -0.0049   0.4153   1.0000  84.0198 301.0000
   4.141   0.6539   0.03005   0.01542  -0.0045   0.4101   1.0000  84.5206 301.0000
   4.226   0.6619   0.03039   0.01561  -0.0041   0.4057   1.0000  84.9470 301.0000
   4.312   0.6672   0.03092   0.01621  -0.0037   0.4007   1.0000  85.4352 301.0000
   4.397   0.6747   0.03129   0.01647  -0.0033   0.3961   1.0000  85.8829 301.0000
   4.482   0.6803   0.03182   0.01703  -0.0028   0.3912   1.0000  86.3570 301.0000
   4.568   0.6872   0.03223   0.01738  -0.0024   0.3865   1.0000  86.8205 301.0000
   4.653   0.6930   0.03276   0.01789  -0.0019   0.3818   1.0000  87.2852 301.0000
   4.739   0.6994   0.03322   0.01831  -0.0015   0.3768   1.0000  87.7685 301.0000
   4.824   0.7054   0.03373   0.01878  -0.0010   0.3721   1.0000  88.2315 301.0000
   4.910   0.7112   0.03423   0.01926  -0.0005   0.3671   1.0000  88.7336 301.0000
   4.995   0.7174   0.03474   0.01970  -0.0000   0.3624   1.0000  89.1992 301.0000
   5.080   0.7227   0.03529   0.02025   0.0005   0.3572   1.0000  89.7080 301.0000
   5.166   0.7289   0.03579   0.02066   0.0010   0.3525   1.0000  90.1782 301.0000
   5.251   0.7337   0.03639   0.02128   0.0016   0.3474   1.0000  90.6929 301.0000
   5.337   0.7400   0.03690   0.02168   0.0021   0.3427   1.0000  91.1646 301.0000
   5.422   0.7442   0.03754   0.02235   0.0027   0.3375   1.0000  91.6832 301.0000
   5.508   0.7505   0.03804   0.02273   0.0032   0.3327   1.0000  92.1666 301.0000
   5.593   0.7543   0.03870   0.02342   0.0038   0.3275   1.0000  92.6974 301.0000
   5.678   0.7602   0.03923   0.02384   0.0044   0.3227   1.0000  93.1891 301.0000
   5.764   0.7641   0.03990   0.02452   0.0050   0.3175   1.0000  93.7136 301.0000
   5.849   0.7695   0.04047   0.02499   0.0056   0.3127   1.0000  94.2122 301.0000
   5.935   0.7735   0.04113   0.02564   0.0062   0.3076   1.0000  94.7370 301.0000
   6.020   0.7783   0.04177   0.02618   0.0068   0.3029   1.0000  95.2254 301.0000
   6.106   0.7821   0.04244   0.02684   0.0075   0.2978   1.0000  95.7484 301.0000
   6.191   0.7865   0.04311   0.02743   0.0081   0.2932   1.0000  96.2344 301.0000
   6.362   0.7942   0.04449   0.02869   0.0093   0.2835   1.0000  97.2513 301.0000
   6.533   0.8014   0.04590   0.02998   0.0106   0.2740   1.0000  98.2599 301.0000
   6.704   0.8083   0.04734   0.03127   0.0119   0.2649   1.0000  99.2402 301.0000
   6.874   0.8153   0.04880   0.03256   0.0131   0.2562   1.0000 100.1853 301.0000
   7.045   0.8230   0.05020   0.03376   0.0143   0.2478   1.0000 101.1120 301.0000
   7.131   0.8170   0.05194   0.03561   0.0150   0.2450   1.0000 101.4234 301.0000
   7.216   0.8314   0.05150   0.03483   0.0154   0.2394   1.0000 102.0436 301.0000
   7.301   0.8222   0.05358   0.03704   0.0162   0.2373   1.0000 102.2772 301.0000
   7.472   0.8294   0.05498   0.03818   0.0173   0.2295   1.0000 103.1505 301.0000
   7.558   0.8207   0.05706   0.04032   0.0178   0.2278   1.0000 103.3421 301.0000
   7.643   0.8387   0.05613   0.03903   0.0183   0.2217   1.0000 104.0428 301.0000
   7.729   0.8275   0.05849   0.04146   0.0189   0.2207   1.0000 104.1625 301.0000
   7.814   0.8171   0.06078   0.04376   0.0192   0.2197   1.0000 104.2760 301.0000
   7.899   0.8069   0.06306   0.04600   0.0194   0.2188   1.0000 104.3722 301.0000
   7.985   0.7962   0.06541   0.04831   0.0194   0.2183   1.0000 104.4326 301.0000
   8.070   0.7836   0.06802   0.05084   0.0192   0.2183   1.0000 104.4301 301.0000
   8.156   0.7694   0.07085   0.05357   0.0186   0.2189   1.0000 104.3638 301.0000
   8.241   0.7554   0.07372   0.05633   0.0179   0.2196   1.0000 104.2795 301.0000
   8.327   0.7423   0.07638   0.05886   0.0173   0.2204   1.0000 104.1949 301.0000
   8.412   0.7306   0.07910   0.06144   0.0163   0.2210   1.0000 104.1218 301.0000
   8.498   0.7205   0.08190   0.06410   0.0150   0.2215   1.0000 104.0597 301.0000
   8.583   0.7122   0.08475   0.06679   0.0135   0.2220   1.0000 104.0080 301.0000
  10.548   0.3380   0.10445   0.07575   0.0107   0.3146   1.0000  94.0105 301.0000
  10.633   0.3288   0.10424   0.07589   0.0106   0.3129   1.0000  94.1885 301.0000
  10.719   0.3272   0.10468   0.07651   0.0105   0.3091   1.0000  94.5800 301.0000
  10.804   0.3421   0.10705   0.07827   0.0105   0.3050   1.0000  95.0027 301.0000
  10.889   0.3332   0.10681   0.07847   0.0104   0.3036   1.0000  95.1539 301.0000
  10.975   0.3305   0.10713   0.07905   0.0103   0.3003   1.0000  95.4972 301.0000
  11.060   0.3371   0.10848   0.08024   0.0102   0.2968   1.0000  95.8607 301.0000
  11.146   0.3408   0.10978   0.08134   0.0101   0.2948   1.0000  96.0632 301.0000
  11.231   0.3348   0.10975   0.08175   0.0099   0.2925   1.0000  96.3082 301.0000
  11.317   0.3365   0.11053   0.08263   0.0098   0.2890   1.0000  96.6792 301.0000
  11.402   0.3484   0.11278   0.08423   0.0098   0.2858   1.0000  97.0123 301.0000
  11.487   0.3410   0.11256   0.08459   0.0096   0.2843   1.0000  97.1684 301.0000
  11.573   0.3391   0.11291   0.08528   0.0093   0.2812   1.0000  97.4966 301.0000
  11.658   0.3451   0.11423   0.08645   0.0093   0.2779   1.0000  97.8499 301.0000
  11.744   0.3502   0.11577   0.08768   0.0092   0.2761   1.0000  98.0439 301.0000
  11.829   0.3446   0.11567   0.08818   0.0089   0.2742   1.0000  98.2404 301.0000
  11.915   0.3445   0.11624   0.08901   0.0087   0.2712   1.0000  98.5683 301.0000
  12.000   0.3523   0.11787   0.09032   0.0087   0.2680   1.0000  98.9086 301.0000
