  
       XFOIL         Version 6.99
  
 Calculated polar for: Repaneled_Airfoil                               
  
 1 1 Reynolds number fixed          Mach number fixed         
  
 xtrf =   1.000 (top)        1.000 (bottom)  
 Mach =   0.000     Re =     0.050 e 6     Ncrit =   9.000  9.000
  
   alpha    CL        CD       CDp       CM     Top_Xtr  Bot_Xtr  Top_Itr  Bot_Itr
  ------ -------- --------- --------- -------- -------- -------- -------- --------
  -5.000  -0.6558   0.03561   0.01851  -0.0062   1.0000   0.1908   1.0000 194.2921
  -4.915  -0.6490   0.03492   0.01785  -0.0058   1.0000   0.1944   1.0000 194.7197
  -4.829  -0.6424   0.03416   0.01708  -0.0053   1.0000   0.1978   1.0000 195.1332
  -4.744  -0.6347   0.03359   0.01665  -0.0049   1.0000   0.2016   1.0000 195.5781
  -4.658  -0.6281   0.03285   0.01584  -0.0044   1.0000   0.2057   1.0000 196.0751
  -4.573  -0.6201   0.03235   0.01553  -0.0041   1.0000   0.2100   1.0000 196.5764
  -4.487  -0.6131   0.03169   0.01485  -0.0036   1.0000   0.2148   1.0000 197.1291
  -4.402  -0.6054   0.03119   0.01448  -0.0032   1.0000   0.2198   1.0000 197.7139
  -4.317  -0.5979   0.03066   0.01405  -0.0028   1.0000   0.2252   1.0000 198.3301
  -4.231  -0.5908   0.03009   0.01344  -0.0024   1.0000   0.2313   1.0000 199.0275
  -4.146  -0.5827   0.02963   0.01318  -0.0020   1.0000   0.2371   1.0000 199.6784
  -4.060  -0.5751   0.02913   0.01278  -0.0016   1.0000   0.2436   1.0000 200.3987
  -3.975  -0.5677   0.02862   0.01233  -0.0012   1.0000   0.2506   1.0000 201.1816
  -3.889  -0.5602   0.02813   0.01186  -0.0007   1.0000   0.2583   1.0000 202.0169
  -3.804  -0.5523   0.02767   0.01156  -0.0003   1.0000   0.2659   1.0000 202.8417
  -3.719  -0.5446   0.02720   0.01123   0.0000   1.0000   0.2742   1.0000 203.7331
  -3.633  -0.5368   0.02674   0.01089   0.0005   1.0000   0.2831   1.0000 204.6877
  -3.548  -0.5292   0.02629   0.01056   0.0009   1.0000   0.2930   1.0000 205.7228
  -3.462  -0.5215   0.02585   0.01022   0.0013   1.0000   0.3037   1.0000 206.8385
  -3.377  -0.5139   0.02540   0.00987   0.0018   1.0000   0.3153   1.0000 208.0371
  -3.292  -0.5060   0.02495   0.00961   0.0022   1.0000   0.3270   1.0000 209.2323
  -3.206  -0.4982   0.02449   0.00932   0.0026   1.0000   0.3400   1.0000 210.5494
  -3.121  -0.4906   0.02405   0.00897   0.0030   1.0000   0.3548   1.0000 212.0300
  -3.035  -0.4826   0.02358   0.00872   0.0035   1.0000   0.3697   1.0000 213.5145
  -2.950  -0.4749   0.02311   0.00841   0.0039   1.0000   0.3867   1.0000 215.1856
  -2.864  -0.4673   0.02264   0.00811   0.0044   1.0000   0.4055   1.0000 217.0154
  -2.779  -0.4596   0.02216   0.00784   0.0049   1.0000   0.4255   1.0000 218.9533
  -2.693  -0.4518   0.02166   0.00757   0.0053   1.0000   0.4473   1.0000 221.0561
  -2.608  -0.4443   0.02115   0.00735   0.0059   1.0000   0.4711   1.0000 223.3322
  -2.523  -0.4373   0.02066   0.00713   0.0066   1.0000   0.4981   1.0000 225.9091
  -2.437  -0.4313   0.02017   0.00699   0.0075   1.0000   0.5271   1.0000 228.6814
  -2.352  -0.4257   0.01973   0.00693   0.0087   1.0000   0.5616   1.0000 231.9918
  -2.266  -0.4198   0.01941   0.00709   0.0102   1.0000   0.6035   1.0000 236.0398
  -2.181  -0.4113   0.01942   0.00761   0.0121   1.0000   0.6567   1.0000 241.3038
  -2.095  -0.4008   0.01971   0.00817   0.0138   1.0000   0.7248   1.0000 248.3451
  -2.010  -0.3849   0.02042   0.00898   0.0152   1.0000   0.7864   1.0000 255.1899
  -1.925  -0.3659   0.02128   0.00979   0.0160   1.0000   0.8360   1.0000 261.2503
  -1.839  -0.3252   0.02243   0.01073   0.0135   1.0000   0.8840   1.0000 267.8551
  -1.754  -0.2194   0.02355   0.01138  -0.0011   1.0000   0.9379   1.0000 276.9901
  -1.668  -0.1374   0.02334   0.01092  -0.0140   1.0000   0.9727   1.0000 285.1692
  -1.583  -0.0653   0.02252   0.00994  -0.0262   1.0000   0.9992   1.0000 298.4379
  -1.498  -0.0585   0.02226   0.00967  -0.0265   1.0000   1.0000   1.0000 301.0000
  -1.412  -0.0535   0.02205   0.00946  -0.0263   1.0000   1.0000   1.0000 301.0000
  -1.327  -0.0484   0.02187   0.00928  -0.0262   1.0000   1.0000   1.0000 301.0000
  -1.241  -0.0432   0.02171   0.00912  -0.0260   1.0000   1.0000   1.0000 301.0000
  -1.156  -0.0380   0.02156   0.00897  -0.0257   1.0000   1.0000   1.0000 301.0000
  -1.070  -0.0327   0.02143   0.00885  -0.0255   1.0000   1.0000   1.0000 301.0000
  -0.985  -0.0275   0.02131   0.00875  -0.0252   1.0000   1.0000   1.0000 301.0000
  -0.899  -0.0225   0.02120   0.00866  -0.0249   1.0000   1.0000   1.0000 301.0000
  -0.814  -0.0175   0.02111   0.00858  -0.0246   1.0000   1.0000   1.0000 301.0000
  -0.729  -0.0129   0.02104   0.00853  -0.0242   1.0000   1.0000   1.0000 301.0000
  -0.643  -0.0086   0.02098   0.00850  -0.0238   1.0000   1.0000   1.0000 301.0000
  -0.558  -0.0049   0.02094   0.00849  -0.0233   1.0000   1.0000   1.0000 301.0000
  -0.472  -0.0020   0.02093   0.00851  -0.0226   1.0000   1.0000   1.0000 301.0000
  -0.387  -0.0002   0.02095   0.00856  -0.0219   1.0000   1.0000   1.0000 301.0000
  -0.301  -0.0004   0.02102   0.00867  -0.0209   1.0000   1.0000   1.0000 301.0000
  -0.216  -0.0032   0.02117   0.00885  -0.0196   1.0000   1.0000   1.0000 301.0000
  -0.131  -0.0100   0.02141   0.00911  -0.0178   1.0000   1.0000   1.0000 301.0000
  -0.045  -0.0202   0.02172   0.00943  -0.0156   1.0000   1.0000   1.0000 301.0000
   0.040  -0.0307   0.02205   0.00975  -0.0134   1.0000   1.0000   1.0000 301.0000
   0.126  -0.0398   0.02234   0.01003  -0.0114   1.0000   1.0000   1.0000 301.0000
   0.211  -0.0474   0.02259   0.01027  -0.0096   1.0000   1.0000   1.0000 301.0000
   0.296  -0.0537   0.02282   0.01048  -0.0079   1.0000   1.0000   1.0000 301.0000
   0.382  -0.0590   0.02303   0.01067  -0.0064   1.0000   1.0000   1.0000 301.0000
   0.467  -0.0592   0.02321   0.01084  -0.0057   0.9991   1.0000   3.8953 301.0000
   0.553  -0.0346   0.02334   0.01096  -0.0093   0.9926   1.0000   9.2473 301.0000
   0.638  -0.0111   0.02345   0.01106  -0.0126   0.9860   1.0000  12.3381 301.0000
   0.724   0.0117   0.02354   0.01114  -0.0157   0.9795   1.0000  14.7450 301.0000
   0.809   0.0339   0.02361   0.01121  -0.0187   0.9730   1.0000  16.7871 301.0000
   0.894   0.0553   0.02367   0.01127  -0.0215   0.9665   1.0000  18.6134 301.0000
   0.980   0.0768   0.02372   0.01132  -0.0242   0.9602   1.0000  20.2091 301.0000
   1.065   0.0976   0.02376   0.01136  -0.0268   0.9539   1.0000  21.7039 301.0000
   1.151   0.1198   0.02377   0.01138  -0.0296   0.9481   1.0000  22.9847 301.0000
   1.236   0.1395   0.02379   0.01141  -0.0319   0.9417   1.0000  24.3226 301.0000
   1.322   0.1605   0.02379   0.01142  -0.0344   0.9358   1.0000  25.4989 301.0000
   1.407   0.1820   0.02378   0.01142  -0.0370   0.9302   1.0000  26.5810 301.0000
   1.492   0.2030   0.02375   0.01141  -0.0394   0.9245   1.0000  27.6231 301.0000
   1.578   0.2222   0.02373   0.01140  -0.0415   0.9187   1.0000  28.6535 301.0000
   1.663   0.2405   0.02371   0.01140  -0.0434   0.9129   1.0000  29.6591 301.0000
   1.749   0.2579   0.02370   0.01139  -0.0450   0.9070   1.0000  30.6435 301.0000
   1.834   0.2745   0.02369   0.01139  -0.0465   0.9010   1.0000  31.6059 301.0000
   1.920   0.2901   0.02369   0.01140  -0.0478   0.8951   1.0000  32.5449 301.0000
   2.005   0.3049   0.02370   0.01141  -0.0489   0.8892   1.0000  33.4556 301.0000
   2.091   0.3192   0.02371   0.01143  -0.0499   0.8833   1.0000  34.3356 301.0000
   2.176   0.3333   0.02373   0.01145  -0.0508   0.8777   1.0000  35.1706 301.0000
   2.261   0.3471   0.02374   0.01146  -0.0516   0.8721   1.0000  35.9791 301.0000
   2.347   0.3575   0.02383   0.01155  -0.0519   0.8659   1.0000  36.8487 301.0000
   2.432   0.3676   0.02393   0.01164  -0.0521   0.8599   1.0000  37.6912 301.0000
   2.518   0.3778   0.02403   0.01174  -0.0523   0.8540   1.0000  38.4997 301.0000
   2.603   0.3889   0.02411   0.01181  -0.0526   0.8483   1.0000  39.2558 301.0000
   2.688   0.4007   0.02416   0.01185  -0.0529   0.8429   1.0000  39.9693 301.0000
   2.774   0.4086   0.02433   0.01201  -0.0528   0.8368   1.0000  40.7715 301.0000
   2.859   0.4169   0.02448   0.01216  -0.0526   0.8308   1.0000  41.5314 301.0000
   2.945   0.4264   0.02460   0.01226  -0.0526   0.8253   1.0000  42.2339 301.0000
   3.030   0.4360   0.02471   0.01236  -0.0525   0.8198   1.0000  42.9226 301.0000
   3.116   0.4425   0.02492   0.01256  -0.0521   0.8137   1.0000  43.6755 301.0000
   3.201   0.4502   0.02509   0.01272  -0.0518   0.8080   1.0000  44.3718 301.0000
   3.286   0.4604   0.02517   0.01278  -0.0517   0.8029   1.0000  44.9928 301.0000
   3.372   0.4658   0.02542   0.01302  -0.0511   0.7966   1.0000  45.7434 301.0000
   3.457   0.4725   0.02563   0.01321  -0.0507   0.7907   1.0000  46.4390 301.0000
   3.543   0.4817   0.02573   0.01329  -0.0503   0.7854   1.0000  47.0526 301.0000
   3.628   0.4872   0.02598   0.01353  -0.0497   0.7793   1.0000  47.7682 301.0000
   3.714   0.4933   0.02620   0.01374  -0.0492   0.7733   1.0000  48.4488 301.0000
   3.799   0.5021   0.02631   0.01381  -0.0487   0.7681   1.0000  49.0407 301.0000
   3.884   0.5070   0.02658   0.01408  -0.0480   0.7618   1.0000  49.7511 301.0000
   3.970   0.5128   0.02681   0.01429  -0.0474   0.7559   1.0000  50.4154 301.0000
   4.055   0.5217   0.02690   0.01434  -0.0469   0.7507   1.0000  50.9889 301.0000
   4.141   0.5257   0.02721   0.01465  -0.0461   0.7442   1.0000  51.7031 301.0000
   4.226   0.5317   0.02744   0.01486  -0.0455   0.7384   1.0000  52.3398 301.0000
   4.312   0.5395   0.02756   0.01494  -0.0448   0.7330   1.0000  52.9278 301.0000
   4.397   0.5437   0.02787   0.01525  -0.0441   0.7265   1.0000  53.6202 301.0000
   4.482   0.5503   0.02805   0.01540  -0.0434   0.7209   1.0000  54.2258 301.0000
   4.568   0.5568   0.02823   0.01555  -0.0426   0.7150   1.0000  54.8491 301.0000
   4.653   0.5612   0.02852   0.01583  -0.0419   0.7087   1.0000  55.5189 301.0000
   4.739   0.5693   0.02861   0.01588  -0.0412   0.7034   1.0000  56.0761 301.0000
   4.824   0.5738   0.02889   0.01615  -0.0403   0.6969   1.0000  56.7524 301.0000
   4.910   0.5788   0.02914   0.01637  -0.0395   0.6907   1.0000  57.3974 301.0000
   4.995   0.5872   0.02919   0.01637  -0.0388   0.6853   1.0000  57.9561 301.0000
   5.080   0.5908   0.02952   0.01670  -0.0379   0.6784   1.0000  58.6604 301.0000
   5.166   0.5970   0.02969   0.01683  -0.0371   0.6724   1.0000  59.2769 301.0000
   5.251   0.6043   0.02978   0.01689  -0.0363   0.6664   1.0000  59.8792 301.0000
   5.337   0.6088   0.03007   0.01715  -0.0354   0.6597   1.0000  60.5542 301.0000
   5.422   0.6170   0.03011   0.01713  -0.0346   0.6541   1.0000  61.1211 301.0000
   5.508   0.6224   0.03033   0.01733  -0.0337   0.6474   1.0000  61.7994 301.0000
   5.593   0.6266   0.03064   0.01761  -0.0328   0.6404   1.0000  62.4976 301.0000
   5.678   0.6344   0.03069   0.01760  -0.0319   0.6343   1.0000  63.1042 301.0000
   5.764   0.6392   0.03094   0.01782  -0.0310   0.6271   1.0000  63.8107 301.0000
   5.849   0.6433   0.03123   0.01808  -0.0301   0.6199   1.0000  64.5280 301.0000
   5.935   0.6509   0.03127   0.01807  -0.0291   0.6135   1.0000  65.1567 301.0000
   6.020   0.6568   0.03141   0.01817  -0.0282   0.6064   1.0000  65.8554 301.0000
   6.106   0.6608   0.03169   0.01842  -0.0272   0.5987   1.0000  66.6056 301.0000
   6.191   0.6672   0.03179   0.01847  -0.0263   0.5916   1.0000  67.2957 301.0000
   6.276   0.6758   0.03170   0.01831  -0.0253   0.5849   1.0000  67.9474 301.0000
   6.362   0.6795   0.03198   0.01856  -0.0243   0.5767   1.0000  68.7397 301.0000
   6.447   0.6847   0.03214   0.01868  -0.0233   0.5690   1.0000  69.4923 301.0000
   6.533   0.6926   0.03207   0.01854  -0.0224   0.5618   1.0000  70.1864 301.0000
   6.704   0.7045   0.03219   0.01856  -0.0204   0.5457   1.0000  71.7318 301.0000
   6.789   0.7102   0.03227   0.01858  -0.0194   0.5375   1.0000  72.5226 301.0000
   6.874   0.7177   0.03219   0.01842  -0.0184   0.5296   1.0000  73.2812 301.0000
   7.131   0.7379   0.03204   0.01805  -0.0154   0.5040   1.0000  75.7288 301.0000
   7.216   0.7441   0.03202   0.01796  -0.0143   0.4950   1.0000  76.5864 301.0000
   7.301   0.7510   0.03193   0.01778  -0.0133   0.4861   1.0000  77.4447 301.0000
   7.387   0.7585   0.03177   0.01752  -0.0124   0.4771   1.0000  78.3076 301.0000
   7.472   0.7666   0.03156   0.01719  -0.0114   0.4680   1.0000  79.1793 301.0000
   7.558   0.7748   0.03132   0.01682  -0.0105   0.4587   1.0000  80.0721 301.0000
   8.070   0.8160   0.03064   0.01533  -0.0047   0.3967   1.0000  86.0649 301.0000
   8.156   0.8218   0.03065   0.01521  -0.0037   0.3856   1.0000  87.1541 301.0000
   8.241   0.8277   0.03068   0.01509  -0.0028   0.3744   1.0000  88.2614 301.0000
   8.327   0.8336   0.03073   0.01497  -0.0018   0.3632   1.0000  89.3683 301.0000
   8.498   0.8458   0.03086   0.01472  -0.0000   0.3409   1.0000  91.5984 301.0000
   8.583   0.8521   0.03096   0.01461   0.0008   0.3300   1.0000  92.7028 301.0000
   8.668   0.8583   0.03111   0.01453   0.0016   0.3194   1.0000  93.7895 301.0000
   8.754   0.8645   0.03131   0.01450   0.0024   0.3090   1.0000  94.8623 301.0000
   8.839   0.8706   0.03157   0.01452   0.0031   0.2989   1.0000  95.9097 301.0000
   8.925   0.8765   0.03188   0.01460   0.0039   0.2891   1.0000  96.9334 301.0000
   9.010   0.8822   0.03225   0.01476   0.0046   0.2798   1.0000  97.9273 301.0000
   9.095   0.8878   0.03265   0.01497   0.0053   0.2707   1.0000  98.8936 301.0000
   9.181   0.8931   0.03310   0.01523   0.0060   0.2621   1.0000  99.8280 301.0000
   9.266   0.8983   0.03359   0.01555   0.0067   0.2539   1.0000 100.7216 301.0000
   9.352   0.9037   0.03411   0.01589   0.0073   0.2463   1.0000 101.5680 301.0000
   9.437   0.9097   0.03463   0.01619   0.0079   0.2390   1.0000 102.3730 301.0000
   9.523   0.9168   0.03512   0.01641   0.0083   0.2322   1.0000 103.1462 301.0000
   9.608   0.9230   0.03568   0.01677   0.0089   0.2256   1.0000 103.8891 301.0000
   9.694   0.9272   0.03640   0.01741   0.0095   0.2197   1.0000 104.5662 301.0000
   9.779   0.9342   0.03701   0.01778   0.0100   0.2142   1.0000 105.2119 301.0000
   9.864   0.9406   0.03761   0.01818   0.0104   0.2087   1.0000 105.8575 301.0000
   9.950   0.9445   0.03839   0.01890   0.0111   0.2038   1.0000 106.4329 301.0000
  10.035   0.9533   0.03892   0.01906   0.0113   0.1986   1.0000 107.0484 301.0000
  10.121   0.9554   0.03980   0.01999   0.0121   0.1945   1.0000 107.5499 301.0000
  10.206   0.9638   0.04040   0.02026   0.0123   0.1900   1.0000 108.0904 301.0000
  10.291   0.9657   0.04131   0.02121   0.0131   0.1863   1.0000 108.5454 301.0000
  10.377   0.9748   0.04188   0.02140   0.0132   0.1821   1.0000 109.0652 301.0000
  10.462   0.9753   0.04291   0.02252   0.0141   0.1791   1.0000 109.4374 301.0000
  10.548   0.9845   0.04350   0.02278   0.0142   0.1752   1.0000 109.9148 301.0000
  10.633   0.9860   0.04455   0.02383   0.0149   0.1727   1.0000 110.2346 301.0000
  10.719   0.9880   0.04555   0.02481   0.0156   0.1701   1.0000 110.5717 301.0000
  10.804   1.0000   0.04610   0.02488   0.0155   0.1666   1.0000 111.0162 301.0000
  10.889   0.9977   0.04738   0.02629   0.0165   0.1650   1.0000 111.2179 301.0000
  10.975   0.9977   0.04858   0.02751   0.0172   0.1633   1.0000 111.4448 301.0000
  11.060   1.0016   0.04954   0.02833   0.0177   0.1610   1.0000 111.7336 301.0000
  11.146   1.0101   0.05030   0.02875   0.0178   0.1585   1.0000 112.0666 301.0000
  11.231   1.0064   0.05170   0.03024   0.0187   0.1574   1.0000 112.2082 301.0000
  11.317   1.0036   0.05306   0.03162   0.0195   0.1562   1.0000 112.3646 301.0000
  11.487   1.0188   0.05460   0.03256   0.0198   0.1513   1.0000 113.0092 301.0000
  11.573   1.0130   0.05614   0.03416   0.0207   0.1508   1.0000 113.0839 301.0000
  11.658   1.0071   0.05770   0.03574   0.0215   0.1503   1.0000 113.1520 301.0000
  11.744   1.0009   0.05929   0.03733   0.0222   0.1498   1.0000 113.2082 301.0000
  11.829   0.9943   0.06091   0.03894   0.0229   0.1495   1.0000 113.2498 301.0000
  11.915   0.9870   0.06259   0.04059   0.0235   0.1493   1.0000 113.2742 301.0000
  12.000   0.9788   0.06432   0.04227   0.0240   0.1493   1.0000 113.2807 301.0000
