  
       XFOIL         Version 6.99
  
 Calculated polar for: Repaneled_Airfoil                               
  
 1 1 Reynolds number fixed          Mach number fixed         
  
 xtrf =   1.000 (top)        1.000 (bottom)  
 Mach =   0.000     Re =     0.050 e 6     Ncrit =   9.000  9.000
  
   alpha    CL        CD       CDp       CM     Top_Xtr  Bot_Xtr  Top_Itr  Bot_Itr
  ------ -------- --------- --------- -------- -------- -------- -------- --------
  -5.000  -0.4000   0.03073   0.01569  -0.0375   1.0000   0.2477   1.0000 200.6771
  -4.915  -0.3918   0.03031   0.01531  -0.0374   1.0000   0.2537   1.0000 201.3404
  -4.829  -0.3833   0.02988   0.01484  -0.0373   1.0000   0.2608   1.0000 202.1151
  -4.744  -0.3752   0.02953   0.01454  -0.0372   1.0000   0.2678   1.0000 202.8772
  -4.658  -0.3674   0.02922   0.01435  -0.0369   1.0000   0.2747   1.0000 203.6113
  -4.573  -0.3593   0.02890   0.01409  -0.0367   1.0000   0.2825   1.0000 204.4429
  -4.487  -0.3512   0.02859   0.01381  -0.0366   1.0000   0.2908   1.0000 205.3205
  -4.402  -0.3431   0.02829   0.01357  -0.0364   1.0000   0.2996   1.0000 206.2442
  -4.317  -0.3350   0.02801   0.01334  -0.0362   1.0000   0.3088   1.0000 207.2009
  -4.231  -0.3269   0.02774   0.01312  -0.0360   1.0000   0.3183   1.0000 208.1822
  -4.146  -0.3189   0.02749   0.01294  -0.0358   1.0000   0.3283   1.0000 209.2003
  -4.060  -0.3109   0.02724   0.01277  -0.0356   1.0000   0.3386   1.0000 210.2514
  -3.975  -0.3030   0.02701   0.01262  -0.0353   1.0000   0.3496   1.0000 211.3577
  -3.889  -0.2949   0.02678   0.01246  -0.0351   1.0000   0.3613   1.0000 212.5258
  -3.804  -0.2870   0.02656   0.01229  -0.0349   1.0000   0.3740   1.0000 213.7846
  -3.719  -0.2791   0.02633   0.01212  -0.0347   1.0000   0.3872   1.0000 215.0799
  -3.633  -0.2716   0.02612   0.01202  -0.0344   1.0000   0.3999   1.0000 216.3260
  -3.548  -0.2638   0.02590   0.01189  -0.0341   1.0000   0.4142   1.0000 217.7127
  -3.462  -0.2561   0.02569   0.01176  -0.0338   1.0000   0.4292   1.0000 219.1721
  -3.377  -0.2486   0.02550   0.01167  -0.0335   1.0000   0.4445   1.0000 220.6436
  -3.292  -0.2409   0.02531   0.01158  -0.0332   1.0000   0.4611   1.0000 222.2403
  -3.206  -0.2331   0.02513   0.01149  -0.0329   1.0000   0.4794   1.0000 223.9889
  -3.121  -0.2257   0.02498   0.01148  -0.0324   1.0000   0.4969   1.0000 225.6568
  -3.035  -0.2183   0.02485   0.01147  -0.0320   1.0000   0.5160   1.0000 227.4864
  -2.950  -0.2111   0.02474   0.01149  -0.0315   1.0000   0.5361   1.0000 229.4099
  -2.864  -0.2043   0.02465   0.01152  -0.0309   1.0000   0.5571   1.0000 231.4306
  -2.779  -0.1977   0.02458   0.01158  -0.0302   1.0000   0.5790   1.0000 233.5403
  -2.693  -0.1913   0.02452   0.01163  -0.0295   1.0000   0.6027   1.0000 235.8450
  -2.608  -0.1851   0.02446   0.01168  -0.0287   1.0000   0.6272   1.0000 238.2481
  -2.523  -0.1789   0.02436   0.01168  -0.0280   1.0000   0.6550   1.0000 241.0226
  -2.437  -0.1732   0.02422   0.01166  -0.0270   1.0000   0.6824   1.0000 243.8080
  -2.352  -0.1681   0.02406   0.01162  -0.0259   1.0000   0.7116   1.0000 246.8400
  -2.266  -0.1636   0.02386   0.01158  -0.0246   1.0000   0.7431   1.0000 250.2203
  -2.181  -0.1600   0.02364   0.01152  -0.0230   1.0000   0.7780   1.0000 254.1277
  -2.095  -0.1573   0.02340   0.01148  -0.0211   1.0000   0.8187   1.0000 258.9831
  -2.010  -0.1501   0.02317   0.01149  -0.0199   1.0000   0.8839   1.0000 267.7805
  -1.925  -0.1318   0.02295   0.01128  -0.0229   1.0000   1.0000   1.0000 301.0000
  -1.839  -0.1212   0.02300   0.01114  -0.0246   1.0000   1.0000   1.0000 301.0000
  -1.754  -0.1121   0.02312   0.01112  -0.0255   1.0000   1.0000   1.0000 301.0000
  -1.668  -0.1037   0.02327   0.01114  -0.0261   1.0000   1.0000   1.0000 301.0000
  -1.583  -0.0959   0.02344   0.01119  -0.0266   1.0000   1.0000   1.0000 301.0000
  -1.498  -0.0883   0.02361   0.01127  -0.0269   1.0000   1.0000   1.0000 301.0000
  -1.412  -0.0810   0.02380   0.01137  -0.0272   1.0000   1.0000   1.0000 301.0000
  -1.327  -0.0739   0.02400   0.01149  -0.0274   1.0000   1.0000   1.0000 301.0000
  -1.241  -0.0669   0.02421   0.01161  -0.0276   1.0000   1.0000   1.0000 301.0000
  -1.156  -0.0600   0.02443   0.01176  -0.0277   1.0000   1.0000   1.0000 301.0000
  -1.070  -0.0532   0.02465   0.01191  -0.0279   1.0000   1.0000   1.0000 301.0000
  -0.985  -0.0464   0.02488   0.01207  -0.0280   1.0000   1.0000   1.0000 301.0000
  -0.899  -0.0398   0.02512   0.01224  -0.0281   1.0000   1.0000   1.0000 301.0000
  -0.814  -0.0332   0.02536   0.01242  -0.0282   1.0000   1.0000   1.0000 301.0000
  -0.729  -0.0266   0.02561   0.01261  -0.0283   1.0000   1.0000   1.0000 301.0000
  -0.643  -0.0201   0.02587   0.01281  -0.0284   1.0000   1.0000   1.0000 301.0000
  -0.558  -0.0136   0.02613   0.01302  -0.0285   1.0000   1.0000   1.0000 301.0000
  -0.472  -0.0071   0.02640   0.01323  -0.0286   1.0000   1.0000   1.0000 301.0000
  -0.387  -0.0007   0.02667   0.01345  -0.0286   1.0000   1.0000   1.0000 301.0000
  -0.301   0.0089   0.02701   0.01374  -0.0293   0.9990   1.0000   4.0234 301.0000
  -0.216   0.0287   0.02753   0.01419  -0.0318   0.9943   1.0000   8.1881 301.0000
  -0.131   0.0475   0.02802   0.01462  -0.0341   0.9895   1.0000  10.7713 301.0000
  -0.045   0.0656   0.02849   0.01504  -0.0363   0.9845   1.0000  12.8690 301.0000
   0.040   0.0827   0.02893   0.01543  -0.0383   0.9794   1.0000  14.7105 301.0000
   0.126   0.0994   0.02935   0.01580  -0.0401   0.9743   1.0000  16.3324 301.0000
   0.211   0.1160   0.02978   0.01618  -0.0420   0.9692   1.0000  17.8003 301.0000
   0.296   0.1320   0.03018   0.01653  -0.0437   0.9640   1.0000  19.1850 301.0000
   0.382   0.1469   0.03055   0.01686  -0.0452   0.9586   1.0000  20.5191 301.0000
   0.467   0.1625   0.03094   0.01720  -0.0467   0.9534   1.0000  21.7352 301.0000
   0.553   0.1783   0.03132   0.01754  -0.0483   0.9482   1.0000  22.8826 301.0000
   0.638   0.1939   0.03169   0.01787  -0.0498   0.9430   1.0000  23.9761 301.0000
   0.724   0.2080   0.03203   0.01817  -0.0511   0.9376   1.0000  25.0639 301.0000
   0.809   0.2218   0.03236   0.01847  -0.0523   0.9322   1.0000  26.1142 301.0000
   0.894   0.2359   0.03269   0.01876  -0.0535   0.9268   1.0000  27.1145 301.0000
   0.980   0.2503   0.03302   0.01905  -0.0547   0.9215   1.0000  28.0733 301.0000
   1.065   0.2649   0.03334   0.01933  -0.0559   0.9162   1.0000  28.9949 301.0000
   1.151   0.2776   0.03363   0.01959  -0.0568   0.9106   1.0000  29.9399 301.0000
   1.236   0.2899   0.03392   0.01985  -0.0576   0.9050   1.0000  30.8628 301.0000
   1.322   0.3018   0.03421   0.02010  -0.0584   0.8994   1.0000  31.7612 301.0000
   1.407   0.3138   0.03449   0.02034  -0.0591   0.8938   1.0000  32.6343 301.0000
   1.492   0.3262   0.03477   0.02059  -0.0599   0.8883   1.0000  33.4788 301.0000
   1.578   0.3396   0.03504   0.02082  -0.0608   0.8829   1.0000  34.2824 301.0000
   1.663   0.3564   0.03530   0.02105  -0.0622   0.8780   1.0000  35.0042 301.0000
   1.749   0.3662   0.03556   0.02127  -0.0626   0.8722   1.0000  35.8519 301.0000
   1.834   0.3765   0.03581   0.02149  -0.0629   0.8663   1.0000  36.6754 301.0000
   1.920   0.3880   0.03606   0.02171  -0.0635   0.8607   1.0000  37.4548 301.0000
   2.005   0.4029   0.03628   0.02190  -0.0645   0.8557   1.0000  38.1475 301.0000
   2.091   0.4155   0.03651   0.02209  -0.0652   0.8502   1.0000  38.8820 301.0000
   2.176   0.4245   0.03676   0.02231  -0.0653   0.8442   1.0000  39.6701 301.0000
   2.261   0.4358   0.03699   0.02250  -0.0658   0.8387   1.0000  40.3989 301.0000
   2.347   0.4541   0.03711   0.02261  -0.0672   0.8341   1.0000  40.9917 301.0000
   2.432   0.4613   0.03738   0.02284  -0.0670   0.8278   1.0000  41.7888 301.0000
   2.518   0.4706   0.03762   0.02304  -0.0671   0.8219   1.0000  42.5270 301.0000
   2.603   0.4858   0.03775   0.02315  -0.0680   0.8169   1.0000  43.1517 301.0000
   2.688   0.4974   0.03793   0.02330  -0.0684   0.8112   1.0000  43.8438 301.0000
   2.774   0.5054   0.03818   0.02352  -0.0683   0.8051   1.0000  44.5862 301.0000
   2.859   0.5194   0.03829   0.02361  -0.0690   0.7999   1.0000  45.2089 301.0000
   2.945   0.5324   0.03841   0.02371  -0.0695   0.7944   1.0000  45.8546 301.0000
   3.030   0.5399   0.03867   0.02393  -0.0693   0.7882   1.0000  46.5910 301.0000
   3.116   0.5545   0.03873   0.02397  -0.0699   0.7830   1.0000  47.1871 301.0000
   3.201   0.5666   0.03884   0.02406  -0.0703   0.7774   1.0000  47.8349 301.0000
   3.286   0.5740   0.03909   0.02427  -0.0700   0.7710   1.0000  48.5604 301.0000
   3.372   0.5931   0.03894   0.02413  -0.0711   0.7665   1.0000  49.0694 301.0000
   3.457   0.6004   0.03918   0.02433  -0.0708   0.7601   1.0000  49.7934 301.0000
   3.543   0.6085   0.03940   0.02451  -0.0706   0.7538   1.0000  50.4868 301.0000
   3.628   0.6299   0.03908   0.02421  -0.0717   0.7496   1.0000  50.9562 301.0000
   3.714   0.6343   0.03942   0.02450  -0.0711   0.7426   1.0000  51.7228 301.0000
   3.799   0.6447   0.03952   0.02457  -0.0711   0.7366   1.0000  52.3718 301.0000
   3.884   0.6638   0.03920   0.02428  -0.0718   0.7319   1.0000  52.8853 301.0000
   4.055   0.6925   0.03891   0.02399  -0.0723   0.7209   1.0000  54.0602 301.0000
   4.141   0.6990   0.03913   0.02417  -0.0718   0.7140   1.0000  54.7915 301.0000
   4.226   0.7073   0.03925   0.02425  -0.0714   0.7074   1.0000  55.4872 301.0000
   4.312   0.7322   0.03842   0.02349  -0.0723   0.7033   1.0000  55.9096 301.0000
   4.397   0.7373   0.03869   0.02371  -0.0716   0.6960   1.0000  56.6696 301.0000
   4.482   0.7542   0.03823   0.02327  -0.0718   0.6908   1.0000  57.2097 301.0000
   4.568   0.7691   0.03784   0.02291  -0.0717   0.6849   1.0000  57.8186 301.0000
   4.653   0.7774   0.03788   0.02291  -0.0712   0.6778   1.0000  58.5425 301.0000
   4.739   0.8047   0.03662   0.02175  -0.0719   0.6737   1.0000  58.9587 301.0000
   4.824   0.8105   0.03679   0.02187  -0.0711   0.6659   1.0000  59.7539 301.0000
   4.910   0.8228   0.03650   0.02157  -0.0707   0.6590   1.0000  60.4464 301.0000
   4.995   0.8504   0.03511   0.02027  -0.0714   0.6540   1.0000  60.9468 301.0000
   5.080   0.8588   0.03507   0.02019  -0.0707   0.6460   1.0000  61.7503 301.0000
   5.166   0.8717   0.03471   0.01981  -0.0702   0.6384   1.0000  62.5055 301.0000
   5.251   0.8919   0.03382   0.01894  -0.0703   0.6314   1.0000  63.2022 301.0000
   5.337   0.9122   0.03293   0.01804  -0.0704   0.6238   1.0000  63.9535 301.0000
   5.422   0.9223   0.03276   0.01782  -0.0697   0.6148   1.0000  64.8334 301.0000
   5.508   0.9335   0.03253   0.01752  -0.0691   0.6057   1.0000  65.7232 301.0000
   5.593   0.9454   0.03226   0.01718  -0.0686   0.5964   1.0000  66.6345 301.0000
   5.678   0.9573   0.03199   0.01683  -0.0681   0.5867   1.0000  67.5732 301.0000
   5.764   0.9688   0.03176   0.01650  -0.0675   0.5766   1.0000  68.5464 301.0000
   5.849   0.9797   0.03156   0.01619  -0.0669   0.5663   1.0000  69.5416 301.0000
   5.935   0.9900   0.03140   0.01591  -0.0662   0.5557   1.0000  70.5657 301.0000
   6.020   0.9998   0.03127   0.01565  -0.0655   0.5447   1.0000  71.6137 301.0000
   6.106   1.0095   0.03114   0.01538  -0.0648   0.5335   1.0000  72.6870 301.0000
   6.191   1.0191   0.03100   0.01508  -0.0640   0.5220   1.0000  73.7896 301.0000
   6.276   1.0289   0.03084   0.01474  -0.0633   0.5102   1.0000  74.9179 301.0000
   6.362   1.0369   0.03077   0.01450  -0.0624   0.4981   1.0000  76.0706 301.0000
   6.447   1.0423   0.03085   0.01444  -0.0613   0.4857   1.0000  77.2551 301.0000
   6.533   1.0486   0.03086   0.01429  -0.0603   0.4728   1.0000  78.4820 301.0000
   6.618   1.0560   0.03079   0.01400  -0.0593   0.4595   1.0000  79.7515 301.0000
   6.704   1.0639   0.03069   0.01365  -0.0584   0.4459   1.0000  81.0592 301.0000
   6.789   1.0678   0.03084   0.01363  -0.0571   0.4319   1.0000  82.4068 301.0000
   6.874   1.0741   0.03084   0.01337  -0.0560   0.4173   1.0000  83.8101 301.0000
   6.960   1.0791   0.03096   0.01324  -0.0549   0.4025   1.0000  85.2484 301.0000
   7.045   1.0838   0.03112   0.01313  -0.0537   0.3874   1.0000  86.7260 301.0000
   7.131   1.0887   0.03132   0.01302  -0.0526   0.3721   1.0000  88.2296 301.0000
   7.216   1.0929   0.03160   0.01301  -0.0514   0.3568   1.0000  89.7473 301.0000
   7.301   1.0973   0.03194   0.01303  -0.0504   0.3417   1.0000  91.2573 301.0000
   7.387   1.1016   0.03234   0.01312  -0.0493   0.3270   1.0000  92.7451 301.0000
   7.472   1.1063   0.03278   0.01322  -0.0483   0.3128   1.0000  94.1918 301.0000
   7.558   1.1100   0.03330   0.01346  -0.0473   0.2994   1.0000  95.5784 301.0000
   7.643   1.1157   0.03377   0.01356  -0.0465   0.2868   1.0000  96.9086 301.0000
   7.729   1.1200   0.03432   0.01382  -0.0456   0.2750   1.0000  98.1554 301.0000
   7.814   1.1243   0.03490   0.01415  -0.0448   0.2641   1.0000  99.3299 301.0000
   7.899   1.1291   0.03549   0.01446  -0.0440   0.2539   1.0000 100.4383 301.0000
   7.985   1.1345   0.03608   0.01478  -0.0433   0.2445   1.0000 101.4776 301.0000
   8.070   1.1403   0.03670   0.01512  -0.0427   0.2358   1.0000 102.4534 301.0000
   8.156   1.1463   0.03733   0.01547  -0.0421   0.2277   1.0000 103.3669 301.0000
   8.241   1.1531   0.03797   0.01581  -0.0416   0.2202   1.0000 104.2264 301.0000
   8.327   1.1609   0.03859   0.01608  -0.0413   0.2130   1.0000 105.0585 301.0000
   8.412   1.1658   0.03927   0.01658  -0.0406   0.2065   1.0000 105.8177 301.0000
   8.498   1.1709   0.03999   0.01711  -0.0400   0.2006   1.0000 106.5199 301.0000
   8.583   1.1786   0.04067   0.01748  -0.0397   0.1949   1.0000 107.2055 301.0000
   8.668   1.1858   0.04135   0.01787  -0.0393   0.1894   1.0000 107.8700 301.0000
   8.754   1.1901   0.04214   0.01853  -0.0386   0.1847   1.0000 108.4420 301.0000
   8.839   1.1999   0.04283   0.01881  -0.0386   0.1797   1.0000 109.0618 301.0000
   8.925   1.2027   0.04369   0.01963  -0.0377   0.1760   1.0000 109.5291 301.0000
   9.010   1.2128   0.04444   0.01998  -0.0378   0.1716   1.0000 110.0772 301.0000
   9.095   1.2149   0.04536   0.02087  -0.0368   0.1685   1.0000 110.4778 301.0000
   9.181   1.2276   0.04612   0.02113  -0.0372   0.1644   1.0000 111.0056 301.0000
   9.266   1.2276   0.04715   0.02221  -0.0360   0.1621   1.0000 111.2953 301.0000
   9.352   1.2326   0.04807   0.02296  -0.0355   0.1593   1.0000 111.6669 301.0000
   9.437   1.2426   0.04893   0.02343  -0.0355   0.1561   1.0000 112.0816 301.0000
   9.523   1.2420   0.04999   0.02451  -0.0343   0.1542   1.0000 112.3328 301.0000
   9.608   1.2458   0.05093   0.02529  -0.0337   0.1517   1.0000 112.6590 301.0000
   9.694   1.2569   0.05177   0.02568  -0.0339   0.1487   1.0000 113.0652 301.0000
   9.779   1.2546   0.05290   0.02685  -0.0326   0.1473   1.0000 113.2521 301.0000
   9.864   1.2546   0.05400   0.02789  -0.0315   0.1457   1.0000 113.4685 301.0000
   9.950   1.2592   0.05498   0.02866  -0.0310   0.1437   1.0000 113.7374 301.0000
  10.035   1.2692   0.05593   0.02918  -0.0312   0.1413   1.0000 114.0621 301.0000
  10.121   1.2652   0.05716   0.03043  -0.0298   0.1405   1.0000 114.1817 301.0000
  10.206   1.2619   0.05838   0.03164  -0.0285   0.1395   1.0000 114.3109 301.0000
  10.291   1.2598   0.05959   0.03278  -0.0274   0.1385   1.0000 114.4527 301.0000
  10.377   1.2600   0.06071   0.03377  -0.0266   0.1372   1.0000 114.6297 301.0000
  10.462   1.2764   0.06152   0.03397  -0.0273   0.1345   1.0000 115.0108 301.0000
  10.548   1.2703   0.06285   0.03530  -0.0259   0.1341   1.0000 115.0621 301.0000
  10.633   1.2642   0.06420   0.03664  -0.0245   0.1338   1.0000 115.1086 301.0000
  10.719   1.2578   0.06556   0.03798  -0.0232   0.1335   1.0000 115.1497 301.0000
  10.804   1.2510   0.06693   0.03932  -0.0219   0.1333   1.0000 115.1843 301.0000
  10.889   1.2437   0.06831   0.04067  -0.0207   0.1331   1.0000 115.2112 301.0000
  10.975   1.2358   0.06967   0.04199  -0.0194   0.1329   1.0000 115.2282 301.0000
  11.060   1.2271   0.07102   0.04329  -0.0180   0.1329   1.0000 115.2350 301.0000
  11.146   1.2181   0.07242   0.04465  -0.0168   0.1329   1.0000 115.2343 301.0000
  11.231   1.2087   0.07388   0.04608  -0.0157   0.1330   1.0000 115.2260 301.0000
  11.317   1.1990   0.07542   0.04757  -0.0147   0.1331   1.0000 115.2108 301.0000
  11.402   1.1890   0.07703   0.04915  -0.0139   0.1332   1.0000 115.1896 301.0000
  11.487   1.1788   0.07873   0.05080  -0.0132   0.1334   1.0000 115.1635 301.0000
  11.573   1.1685   0.08051   0.05254  -0.0127   0.1336   1.0000 115.1335 301.0000
  11.658   1.1581   0.08238   0.05437  -0.0124   0.1339   1.0000 115.0990 301.0000
  11.744   1.1478   0.08433   0.05629  -0.0122   0.1341   1.0000 115.0636 301.0000
  11.829   1.1377   0.08637   0.05829  -0.0122   0.1344   1.0000 115.0284 301.0000
