  
       XFOIL         Version 6.99
  
 Calculated polar for: Repaneled_Airfoil                               
  
 1 1 Reynolds number fixed          Mach number fixed         
  
 xtrf =   1.000 (top)        1.000 (bottom)  
 Mach =   0.000     Re =     0.050 e 6     Ncrit =   9.000  9.000
  
   alpha    CL        CD       CDp       CM     Top_Xtr  Bot_Xtr  Top_Itr  Bot_Itr
  ------ -------- --------- --------- -------- -------- -------- -------- --------
  -5.000  -0.5396   0.03781   0.02304  -0.0327   1.0000   0.2185   1.0000 197.4962
  -4.915  -0.5353   0.03686   0.02193  -0.0325   1.0000   0.2233   1.0000 198.0600
  -4.829  -0.5290   0.03675   0.02203  -0.0318   1.0000   0.2276   1.0000 198.5410
  -4.744  -0.5240   0.03596   0.02115  -0.0315   1.0000   0.2327   1.0000 199.1190
  -4.658  -0.5181   0.03570   0.02101  -0.0309   1.0000   0.2375   1.0000 199.6594
  -4.573  -0.5125   0.03517   0.02049  -0.0305   1.0000   0.2428   1.0000 200.2579
  -4.487  -0.5069   0.03456   0.01979  -0.0302   1.0000   0.2490   1.0000 200.9380
  -4.402  -0.5008   0.03432   0.01973  -0.0296   1.0000   0.2538   1.0000 201.4708
  -4.317  -0.4950   0.03375   0.01911  -0.0292   1.0000   0.2602   1.0000 202.1654
  -4.231  -0.4889   0.03332   0.01868  -0.0288   1.0000   0.2667   1.0000 202.8707
  -4.146  -0.4828   0.03301   0.01849  -0.0283   1.0000   0.2726   1.0000 203.5008
  -4.060  -0.4766   0.03255   0.01803  -0.0280   1.0000   0.2796   1.0000 204.2529
  -3.975  -0.4703   0.03207   0.01751  -0.0277   1.0000   0.2873   1.0000 205.0696
  -3.889  -0.4641   0.03176   0.01729  -0.0272   1.0000   0.2943   1.0000 205.8028
  -3.804  -0.4578   0.03143   0.01705  -0.0268   1.0000   0.3014   1.0000 206.5396
  -3.719  -0.4513   0.03103   0.01667  -0.0264   1.0000   0.3091   1.0000 207.3361
  -3.633  -0.4447   0.03062   0.01626  -0.0261   1.0000   0.3172   1.0000 208.1770
  -3.548  -0.4379   0.03023   0.01584  -0.0259   1.0000   0.3258   1.0000 209.0474
  -3.462  -0.4313   0.02992   0.01562  -0.0255   1.0000   0.3335   1.0000 209.8313
  -3.377  -0.4247   0.02961   0.01541  -0.0251   1.0000   0.3411   1.0000 210.6043
  -3.292  -0.4179   0.02928   0.01512  -0.0248   1.0000   0.3494   1.0000 211.4294
  -3.206  -0.4109   0.02896   0.01482  -0.0245   1.0000   0.3579   1.0000 212.2798
  -3.121  -0.4038   0.02863   0.01450  -0.0243   1.0000   0.3666   1.0000 213.1480
  -3.035  -0.3965   0.02833   0.01419  -0.0241   1.0000   0.3755   1.0000 214.0234
  -2.950  -0.3895   0.02808   0.01403  -0.0237   1.0000   0.3832   1.0000 214.7859
  -2.864  -0.3823   0.02781   0.01383  -0.0234   1.0000   0.3913   1.0000 215.5708
  -2.779  -0.3750   0.02755   0.01361  -0.0232   1.0000   0.3996   1.0000 216.3846
  -2.693  -0.3675   0.02730   0.01337  -0.0230   1.0000   0.4081   1.0000 217.2147
  -2.608  -0.3599   0.02706   0.01313  -0.0229   1.0000   0.4168   1.0000 218.0583
  -2.523  -0.3527   0.02685   0.01299  -0.0226   1.0000   0.4247   1.0000 218.8190
  -2.437  -0.3455   0.02665   0.01285  -0.0224   1.0000   0.4325   1.0000 219.5718
  -2.352  -0.3380   0.02645   0.01268  -0.0222   1.0000   0.4405   1.0000 220.3430
  -2.266  -0.3303   0.02626   0.01251  -0.0221   1.0000   0.4489   1.0000 221.1478
  -2.181  -0.3227   0.02609   0.01235  -0.0219   1.0000   0.4572   1.0000 221.9427
  -2.095  -0.3157   0.02594   0.01228  -0.0216   1.0000   0.4645   1.0000 222.6429
  -2.010  -0.3084   0.02579   0.01217  -0.0214   1.0000   0.4723   1.0000 223.3860
  -1.925  -0.3009   0.02565   0.01205  -0.0213   1.0000   0.4805   1.0000 224.1698
  -1.839  -0.2935   0.02553   0.01194  -0.0211   1.0000   0.4887   1.0000 224.9585
  -1.754  -0.2865   0.02542   0.01190  -0.0208   1.0000   0.4961   1.0000 225.6607
  -1.668  -0.2792   0.02532   0.01184  -0.0206   1.0000   0.5039   1.0000 226.4082
  -1.583  -0.2718   0.02522   0.01177  -0.0205   1.0000   0.5122   1.0000 227.1931
  -1.498  -0.2644   0.02515   0.01170  -0.0204   1.0000   0.5208   1.0000 228.0147
  -1.412  -0.2573   0.02507   0.01168  -0.0202   1.0000   0.5286   1.0000 228.7622
  -1.327  -0.2501   0.02501   0.01166  -0.0200   1.0000   0.5369   1.0000 229.5556
  -1.241  -0.2427   0.02495   0.01163  -0.0199   1.0000   0.5456   1.0000 230.3896
  -1.156  -0.2352   0.02491   0.01161  -0.0198   1.0000   0.5547   1.0000 231.2637
  -1.070  -0.2277   0.02486   0.01159  -0.0198   1.0000   0.5642   1.0000 232.1818
  -0.985  -0.2202   0.02482   0.01157  -0.0197   1.0000   0.5742   1.0000 233.1400
  -0.899  -0.2128   0.02477   0.01156  -0.0196   1.0000   0.5847   1.0000 234.1518
  -0.814  -0.2053   0.02471   0.01154  -0.0196   1.0000   0.5959   1.0000 235.2391
  -0.729  -0.1978   0.02463   0.01152  -0.0196   1.0000   0.6082   1.0000 236.4406
  -0.643  -0.1900   0.02455   0.01147  -0.0196   1.0000   0.6226   1.0000 237.8570
  -0.558  -0.1822   0.02442   0.01143  -0.0196   1.0000   0.6391   1.0000 239.4842
  -0.472  -0.1755   0.02426   0.01147  -0.0193   1.0000   0.6550   1.0000 241.0714
  -0.387  -0.1716   0.02418   0.01171  -0.0180   1.0000   0.6665   1.0000 242.2363
  -0.301  -0.1665   0.02416   0.01189  -0.0173   1.0000   0.6921   1.0000 244.8580
  -0.216  -0.1617   0.02414   0.01205  -0.0164   1.0000   0.7286   1.0000 248.6952
  -0.131  -0.1583   0.02406   0.01219  -0.0150   1.0000   0.7786   1.0000 254.2390
  -0.045  -0.1541   0.02392   0.01234  -0.0133   1.0000   0.8618   1.0000 264.6441
   0.040  -0.1370   0.02376   0.01217  -0.0164   1.0000   1.0000   1.0000 301.0000
   0.126  -0.1127   0.02411   0.01222  -0.0204   0.9956   1.0000   7.3546 301.0000
   0.211  -0.0917   0.02448   0.01241  -0.0234   0.9911   1.0000  10.0404 301.0000
   0.296  -0.0725   0.02483   0.01261  -0.0259   0.9864   1.0000  12.1764 301.0000
   0.382  -0.0539   0.02517   0.01284  -0.0282   0.9818   1.0000  13.9435 301.0000
   0.467  -0.0368   0.02549   0.01306  -0.0301   0.9769   1.0000  15.5815 301.0000
   0.553  -0.0193   0.02581   0.01330  -0.0322   0.9724   1.0000  16.9534 301.0000
   0.638  -0.0036   0.02611   0.01352  -0.0338   0.9675   1.0000  18.3252 301.0000
   0.724   0.0121   0.02640   0.01374  -0.0355   0.9628   1.0000  19.5639 301.0000
   0.809   0.0278   0.02669   0.01397  -0.0371   0.9581   1.0000  20.7104 301.0000
   0.894   0.0431   0.02698   0.01420  -0.0386   0.9535   1.0000  21.7832 301.0000
   0.980   0.0580   0.02726   0.01442  -0.0401   0.9489   1.0000  22.8056 301.0000
   1.065   0.0723   0.02753   0.01464  -0.0414   0.9442   1.0000  23.7887 301.0000
   1.151   0.0862   0.02779   0.01485  -0.0426   0.9396   1.0000  24.7380 301.0000
   1.236   0.0997   0.02806   0.01507  -0.0438   0.9350   1.0000  25.6489 301.0000
   1.322   0.1129   0.02832   0.01528  -0.0448   0.9304   1.0000  26.5137 301.0000
   1.407   0.1264   0.02858   0.01550  -0.0459   0.9261   1.0000  27.3209 301.0000
   1.492   0.1418   0.02884   0.01573  -0.0474   0.9221   1.0000  28.0387 301.0000
   1.578   0.1531   0.02909   0.01594  -0.0481   0.9176   1.0000  28.8380 301.0000
   1.663   0.1640   0.02935   0.01615  -0.0487   0.9131   1.0000  29.6056 301.0000
   1.749   0.1764   0.02961   0.01637  -0.0496   0.9090   1.0000  30.2909 301.0000
   1.834   0.1904   0.02986   0.01659  -0.0507   0.9052   1.0000  30.9196 301.0000
   1.920   0.1994   0.03012   0.01681  -0.0510   0.9007   1.0000  31.6439 301.0000
   2.005   0.2113   0.03038   0.01704  -0.0518   0.8968   1.0000  32.2638 301.0000
   2.091   0.2237   0.03064   0.01726  -0.0527   0.8930   1.0000  32.8537 301.0000
   2.176   0.2322   0.03092   0.01750  -0.0529   0.8888   1.0000  33.4971 301.0000
   2.261   0.2477   0.03117   0.01772  -0.0542   0.8856   1.0000  33.9811 301.0000
   2.347   0.2539   0.03146   0.01797  -0.0540   0.8812   1.0000  34.6424 301.0000
   2.432   0.2664   0.03172   0.01820  -0.0548   0.8777   1.0000  35.1541 301.0000
   2.518   0.2752   0.03200   0.01845  -0.0551   0.8738   1.0000  35.7250 301.0000
   2.603   0.2856   0.03228   0.01870  -0.0556   0.8702   1.0000  36.2317 301.0000
   2.688   0.2951   0.03257   0.01895  -0.0559   0.8666   1.0000  36.7469 301.0000
   2.774   0.3051   0.03287   0.01921  -0.0563   0.8631   1.0000  37.2287 301.0000
   2.859   0.3141   0.03316   0.01947  -0.0566   0.8595   1.0000  37.7276 301.0000
   2.945   0.3249   0.03345   0.01973  -0.0571   0.8563   1.0000  38.1725 301.0000
   3.030   0.3320   0.03378   0.02002  -0.0571   0.8526   1.0000  38.6709 301.0000
   3.116   0.3462   0.03404   0.02025  -0.0582   0.8499   1.0000  39.0337 301.0000
   3.201   0.3489   0.03443   0.02060  -0.0575   0.8460   1.0000  39.5486 301.0000
   3.286   0.3621   0.03471   0.02085  -0.0584   0.8433   1.0000  39.9071 301.0000
   3.372   0.3662   0.03510   0.02120  -0.0580   0.8398   1.0000  40.3702 301.0000
   3.457   0.3760   0.03543   0.02149  -0.0584   0.8368   1.0000  40.7614 301.0000
   3.543   0.3865   0.03575   0.02178  -0.0588   0.8340   1.0000  41.1177 301.0000
   3.628   0.3901   0.03617   0.02215  -0.0584   0.8306   1.0000  41.5536 301.0000
   3.714   0.4024   0.03647   0.02243  -0.0591   0.8280   1.0000  41.8823 301.0000
   3.799   0.4070   0.03689   0.02280  -0.0588   0.8248   1.0000  42.2863 301.0000
   3.884   0.4142   0.03727   0.02314  -0.0588   0.8217   1.0000  42.6713 301.0000
   3.970   0.4286   0.03754   0.02339  -0.0598   0.8193   1.0000  42.9718 301.0000
   4.055   0.4287   0.03805   0.02385  -0.0589   0.8159   1.0000  43.3957 301.0000
   4.141   0.4374   0.03843   0.02419  -0.0591   0.8131   1.0000  43.7329 301.0000
   4.226   0.4512   0.03873   0.02446  -0.0600   0.8108   1.0000  44.0196 301.0000
   4.312   0.4500   0.03928   0.02496  -0.0590   0.8075   1.0000  44.4255 301.0000
   4.397   0.4590   0.03967   0.02531  -0.0593   0.8048   1.0000  44.7511 301.0000
   4.482   0.4720   0.03999   0.02560  -0.0600   0.8025   1.0000  45.0293 301.0000
   4.568   0.4705   0.04058   0.02614  -0.0590   0.7994   1.0000  45.3939 301.0000
   4.653   0.4782   0.04101   0.02653  -0.0592   0.7968   1.0000  45.7045 301.0000
   4.739   0.4921   0.04133   0.02682  -0.0600   0.7945   1.0000  45.9753 301.0000
   4.824   0.4907   0.04195   0.02738  -0.0591   0.7916   1.0000  46.3169 301.0000
   4.910   0.4965   0.04243   0.02782  -0.0590   0.7889   1.0000  46.6341 301.0000
   4.995   0.5098   0.04276   0.02813  -0.0598   0.7864   1.0000  46.9277 301.0000
   5.080   0.5109   0.04334   0.02865  -0.0591   0.7835   1.0000  47.2688 301.0000
   5.166   0.5159   0.04384   0.02910  -0.0589   0.7805   1.0000  47.6166 301.0000
   5.251   0.5329   0.04406   0.02931  -0.0600   0.7773   1.0000  47.9825 301.0000
   5.337   0.5305   0.04470   0.02988  -0.0589   0.7735   1.0000  48.4141 301.0000
   5.422   0.5513   0.04469   0.02986  -0.0601   0.7681   1.0000  49.0256 301.0000
   5.508   0.5531   0.04512   0.03024  -0.0593   0.7624   1.0000  49.6778 301.0000
   5.593   0.5654   0.04519   0.03027  -0.0593   0.7551   1.0000  50.4923 301.0000
   5.678   0.5817   0.04504   0.03010  -0.0595   0.7466   1.0000  51.4324 301.0000
   5.764   0.5996   0.04474   0.02978  -0.0597   0.7374   1.0000  52.4293 301.0000
   5.849   0.6183   0.04434   0.02937  -0.0599   0.7282   1.0000  53.4288 301.0000
   5.935   0.6382   0.04383   0.02886  -0.0601   0.7191   1.0000  54.3950 301.0000
   6.020   0.6604   0.04319   0.02824  -0.0604   0.7109   1.0000  55.2619 301.0000
   6.106   0.6933   0.04193   0.02707  -0.0615   0.7034   1.0000  56.0585 301.0000
   6.276   0.7104   0.04200   0.02707  -0.0602   0.6895   1.0000  57.4976 301.0000
   6.362   0.7332   0.04106   0.02616  -0.0602   0.6823   1.0000  58.2384 301.0000
   6.533   0.7454   0.04123   0.02622  -0.0583   0.6677   1.0000  59.7354 301.0000
   6.618   0.7541   0.04104   0.02600  -0.0575   0.6601   1.0000  60.5027 301.0000
   6.704   0.7774   0.03969   0.02471  -0.0571   0.6519   1.0000  61.3241 301.0000
   6.789   0.8020   0.03812   0.02321  -0.0566   0.6433   1.0000  62.1898 301.0000
   6.874   0.8257   0.03652   0.02167  -0.0560   0.6342   1.0000  63.0938 301.0000
   6.960   0.8457   0.03514   0.02031  -0.0551   0.6243   1.0000  64.0694 301.0000
   7.045   0.8619   0.03399   0.01916  -0.0541   0.6137   1.0000  65.1122 301.0000
   7.131   0.8763   0.03292   0.01807  -0.0529   0.6023   1.0000  66.2329 301.0000
   7.216   0.8906   0.03182   0.01692  -0.0516   0.5895   1.0000  67.4813 301.0000
   7.301   0.9123   0.03004   0.01505  -0.0505   0.5737   1.0000  69.0035 301.0000
   7.387   0.9196   0.02950   0.01440  -0.0488   0.5572   1.0000  70.5982 301.0000
   7.472   0.9301   0.02862   0.01335  -0.0471   0.5369   1.0000  72.5463 301.0000
   7.643   0.9426   0.02745   0.01170  -0.0431   0.4854   1.0000  77.4756 301.0000
   7.729   0.9448   0.02718   0.01111  -0.0408   0.4541   1.0000  80.4743 301.0000
   7.814   0.9458   0.02712   0.01068  -0.0385   0.4205   1.0000  83.7112 301.0000
   7.899   0.9465   0.02725   0.01038  -0.0364   0.3883   1.0000  86.8414 301.0000
   7.985   0.9474   0.02756   0.01026  -0.0346   0.3600   1.0000  89.6423 301.0000
   8.070   0.9492   0.02795   0.01020  -0.0331   0.3367   1.0000  91.9759 301.0000
   8.156   0.9516   0.02842   0.01026  -0.0318   0.3169   1.0000  93.9952 301.0000
   8.241   0.9546   0.02896   0.01045  -0.0307   0.2996   1.0000  95.7857 301.0000
   8.327   0.9585   0.02952   0.01065  -0.0297   0.2850   1.0000  97.3186 301.0000
   8.412   0.9630   0.03011   0.01088  -0.0288   0.2719   1.0000  98.7079 301.0000
   8.498   0.9691   0.03073   0.01111  -0.0282   0.2604   1.0000  99.9572 301.0000
   8.583   0.9759   0.03139   0.01146  -0.0277   0.2495   1.0000 101.1509 301.0000
   8.668   0.9839   0.03208   0.01184  -0.0274   0.2394   1.0000 102.2736 301.0000
   8.754   0.9931   0.03282   0.01226  -0.0272   0.2302   1.0000 103.3117 301.0000
   8.839   1.0031   0.03358   0.01270  -0.0271   0.2217   1.0000 104.2803 301.0000
   8.925   1.0142   0.03438   0.01317  -0.0272   0.2139   1.0000 105.1747 301.0000
   9.010   1.0261   0.03522   0.01365  -0.0274   0.2066   1.0000 106.0341 301.0000
   9.095   1.0343   0.03598   0.01425  -0.0272   0.2004   1.0000 106.7701 301.0000
   9.181   1.0436   0.03680   0.01486  -0.0271   0.1947   1.0000 107.4597 301.0000
   9.266   1.0552   0.03768   0.01540  -0.0273   0.1892   1.0000 108.1232 301.0000
   9.352   1.0631   0.03847   0.01605  -0.0270   0.1844   1.0000 108.7132 301.0000
   9.437   1.0720   0.03933   0.01669  -0.0269   0.1799   1.0000 109.2654 301.0000
   9.523   1.0812   0.04017   0.01731  -0.0268   0.1757   1.0000 109.7941 301.0000
   9.608   1.0891   0.04106   0.01803  -0.0265   0.1721   1.0000 110.2408 301.0000
   9.694   1.0962   0.04190   0.01875  -0.0261   0.1687   1.0000 110.6718 301.0000
   9.779   1.1068   0.04287   0.01938  -0.0263   0.1654   1.0000 111.0980 301.0000
   9.864   1.1107   0.04375   0.02028  -0.0255   0.1630   1.0000 111.4050 301.0000
   9.950   1.1187   0.04468   0.02103  -0.0252   0.1603   1.0000 111.7529 301.0000
  10.035   1.1281   0.04569   0.02174  -0.0252   0.1577   1.0000 112.0941 301.0000
  10.121   1.1305   0.04663   0.02271  -0.0243   0.1558   1.0000 112.3442 301.0000
  10.206   1.1356   0.04757   0.02355  -0.0237   0.1536   1.0000 112.6380 301.0000
  10.291   1.1476   0.04859   0.02411  -0.0241   0.1508   1.0000 113.0134 301.0000
  10.377   1.1477   0.04959   0.02520  -0.0229   0.1494   1.0000 113.1907 301.0000
  10.462   1.1495   0.05062   0.02623  -0.0220   0.1480   1.0000 113.3881 301.0000
  10.548   1.1534   0.05167   0.02719  -0.0214   0.1464   1.0000 113.6008 301.0000
  10.633   1.1615   0.05269   0.02792  -0.0213   0.1444   1.0000 113.8705 301.0000
  10.719   1.1664   0.05382   0.02883  -0.0208   0.1429   1.0000 114.0747 301.0000
  10.804   1.1651   0.05496   0.03002  -0.0197   0.1420   1.0000 114.1906 301.0000
  10.889   1.1644   0.05612   0.03118  -0.0187   0.1412   1.0000 114.3115 301.0000
  10.975   1.1642   0.05729   0.03232  -0.0177   0.1403   1.0000 114.4365 301.0000
  11.060   1.1648   0.05846   0.03342  -0.0169   0.1393   1.0000 114.5667 301.0000
  11.146   1.1667   0.05963   0.03447  -0.0162   0.1383   1.0000 114.7038 301.0000
  11.231   1.1717   0.06080   0.03540  -0.0159   0.1372   1.0000 114.8609 301.0000
  11.317   1.1782   0.06206   0.03631  -0.0157   0.1360   1.0000 115.0267 301.0000
  11.402   1.1743   0.06338   0.03763  -0.0146   0.1357   1.0000 115.0614 301.0000
  11.487   1.1700   0.06471   0.03895  -0.0135   0.1355   1.0000 115.0913 301.0000
  11.573   1.1653   0.06607   0.04029  -0.0124   0.1353   1.0000 115.1161 301.0000
  11.658   1.1601   0.06744   0.04164  -0.0114   0.1352   1.0000 115.1347 301.0000
  11.744   1.1545   0.06884   0.04301  -0.0104   0.1351   1.0000 115.1466 301.0000
  11.829   1.1485   0.07025   0.04438  -0.0094   0.1351   1.0000 115.1514 301.0000
  11.915   1.1421   0.07169   0.04577  -0.0085   0.1351   1.0000 115.1491 301.0000
  12.000   1.1352   0.07314   0.04718  -0.0076   0.1352   1.0000 115.1400 301.0000
