  
       XFOIL         Version 6.99
  
 Calculated polar for: Repaneled_Airfoil                               
  
 1 1 Reynolds number fixed          Mach number fixed         
  
 xtrf =   1.000 (top)        1.000 (bottom)  
 Mach =   0.000     Re =     0.050 e 6     Ncrit =   9.000  9.000
  
   alpha    CL        CD       CDp       CM     Top_Xtr  Bot_Xtr  Top_Itr  Bot_Itr
  ------ -------- --------- --------- -------- -------- -------- -------- --------
  -5.000  -0.8497   0.02947   0.01215   0.0288   1.0000   0.3336   1.0000 209.9820
  -4.915  -0.8433   0.02901   0.01201   0.0296   1.0000   0.3502   1.0000 211.6575
  -4.829  -0.8377   0.02855   0.01177   0.0305   1.0000   0.3666   1.0000 213.2826
  -4.744  -0.8320   0.02813   0.01154   0.0314   1.0000   0.3822   1.0000 214.8204
  -4.658  -0.8256   0.02775   0.01136   0.0322   1.0000   0.3967   1.0000 216.2433
  -4.573  -0.8189   0.02739   0.01121   0.0329   1.0000   0.4105   1.0000 217.5889
  -4.487  -0.8128   0.02704   0.01098   0.0337   1.0000   0.4238   1.0000 218.8757
  -4.402  -0.8061   0.02670   0.01081   0.0344   1.0000   0.4364   1.0000 220.0824
  -4.317  -0.7986   0.02639   0.01069   0.0350   1.0000   0.4484   1.0000 221.2394
  -4.231  -0.7912   0.02609   0.01055   0.0357   1.0000   0.4602   1.0000 222.3656
  -4.146  -0.7838   0.02579   0.01040   0.0363   1.0000   0.4717   1.0000 223.4651
  -4.060  -0.7764   0.02550   0.01026   0.0369   1.0000   0.4830   1.0000 224.5480
  -3.975  -0.7689   0.02521   0.01011   0.0375   1.0000   0.4943   1.0000 225.6227
  -3.889  -0.7613   0.02493   0.00997   0.0381   1.0000   0.5056   1.0000 226.7046
  -3.804  -0.7537   0.02465   0.00982   0.0387   1.0000   0.5169   1.0000 227.7785
  -3.719  -0.7461   0.02437   0.00968   0.0393   1.0000   0.5283   1.0000 228.8679
  -3.633  -0.7384   0.02410   0.00954   0.0399   1.0000   0.5397   1.0000 229.9610
  -3.548  -0.7301   0.02384   0.00943   0.0404   1.0000   0.5511   1.0000 231.0584
  -3.462  -0.7211   0.02360   0.00936   0.0409   1.0000   0.5626   1.0000 232.1572
  -3.377  -0.7120   0.02338   0.00929   0.0414   1.0000   0.5741   1.0000 233.2621
  -3.292  -0.7025   0.02317   0.00922   0.0418   1.0000   0.5854   1.0000 234.3562
  -3.206  -0.6927   0.02298   0.00918   0.0421   1.0000   0.5966   1.0000 235.4500
  -3.121  -0.6825   0.02283   0.00916   0.0425   1.0000   0.6078   1.0000 236.5386
  -3.035  -0.6718   0.02271   0.00918   0.0427   1.0000   0.6189   1.0000 237.6221
  -2.950  -0.6606   0.02266   0.00925   0.0430   1.0000   0.6299   1.0000 238.7081
  -2.864  -0.6488   0.02267   0.00939   0.0432   1.0000   0.6409   1.0000 239.7974
  -2.779  -0.6366   0.02276   0.00957   0.0434   1.0000   0.6520   1.0000 240.9076
  -2.693  -0.6235   0.02294   0.00984   0.0436   1.0000   0.6631   1.0000 242.0193
  -2.608  -0.6111   0.02311   0.01009   0.0438   1.0000   0.6752   1.0000 243.2443
  -2.523  -0.5975   0.02337   0.01040   0.0440   1.0000   0.6871   1.0000 244.4686
  -2.437  -0.5846   0.02363   0.01070   0.0442   1.0000   0.6999   1.0000 245.7852
  -2.352  -0.5711   0.02395   0.01105   0.0444   1.0000   0.7128   1.0000 247.1373
  -2.266  -0.5554   0.02440   0.01152   0.0444   1.0000   0.7251   1.0000 248.4465
  -2.181  -0.5434   0.02472   0.01184   0.0447   1.0000   0.7400   1.0000 250.0456
  -2.095  -0.5258   0.02528   0.01239   0.0445   1.0000   0.7526   1.0000 251.4312
  -2.010  -0.5118   0.02571   0.01281   0.0447   1.0000   0.7683   1.0000 253.1762
  -1.925  -0.4971   0.02617   0.01325   0.0448   1.0000   0.7847   1.0000 255.0548
  -1.839  -0.4802   0.02668   0.01373   0.0446   1.0000   0.8014   1.0000 257.0123
  -1.754  -0.4603   0.02720   0.01421   0.0439   1.0000   0.8181   1.0000 259.0370
  -1.668  -0.4362   0.02770   0.01465   0.0424   1.0000   0.8348   1.0000 261.1358
  -1.583  -0.4070   0.02813   0.01502   0.0398   1.0000   0.8517   1.0000 263.3509
  -1.498  -0.3806   0.02840   0.01524   0.0375   1.0000   0.8696   1.0000 265.8088
  -1.412  -0.3517   0.02856   0.01534   0.0346   1.0000   0.8864   1.0000 268.2543
  -1.327  -0.3240   0.02857   0.01532   0.0317   1.0000   0.9032   1.0000 270.8579
  -1.241  -0.2934   0.02846   0.01517   0.0281   1.0000   0.9186   1.0000 273.4485
  -1.156  -0.2642   0.02823   0.01491   0.0245   1.0000   0.9341   1.0000 276.2669
  -1.070  -0.2340   0.02788   0.01455   0.0206   1.0000   0.9487   1.0000 279.2367
  -0.985  -0.2028   0.02743   0.01408   0.0163   1.0000   0.9624   1.0000 282.4250
  -0.899  -0.1716   0.02690   0.01354   0.0118   1.0000   0.9757   1.0000 286.1053
  -0.814  -0.1382   0.02626   0.01290   0.0068   1.0000   0.9879   1.0000 290.5025
  -0.729  -0.1031   0.02552   0.01216   0.0013   1.0000   0.9993   1.0000 298.5605
  -0.643  -0.0951   0.02521   0.01186   0.0009   1.0000   1.0000   1.0000 301.0000
  -0.558  -0.0888   0.02495   0.01162   0.0008   1.0000   1.0000   1.0000 301.0000
  -0.472  -0.0823   0.02471   0.01140   0.0008   1.0000   1.0000   1.0000 301.0000
  -0.387  -0.0756   0.02448   0.01119   0.0007   1.0000   1.0000   1.0000 301.0000
  -0.301  -0.0687   0.02427   0.01101   0.0007   1.0000   1.0000   1.0000 301.0000
  -0.216  -0.0617   0.02407   0.01083   0.0006   1.0000   1.0000   1.0000 301.0000
  -0.131  -0.0546   0.02389   0.01067   0.0006   1.0000   1.0000   1.0000 301.0000
  -0.045  -0.0474   0.02371   0.01052   0.0005   1.0000   1.0000   1.0000 301.0000
   0.040  -0.0402   0.02354   0.01039   0.0005   1.0000   1.0000   1.0000 301.0000
   0.126  -0.0328   0.02339   0.01026   0.0004   1.0000   1.0000   1.0000 301.0000
   0.211  -0.0254   0.02324   0.01014   0.0003   1.0000   1.0000   1.0000 301.0000
   0.296  -0.0179   0.02310   0.01004   0.0002   1.0000   1.0000   1.0000 301.0000
   0.382  -0.0103   0.02297   0.00994   0.0001   1.0000   1.0000   1.0000 301.0000
   0.467  -0.0028   0.02284   0.00986   0.0001   1.0000   1.0000   1.0000 301.0000
   0.553   0.0049   0.02273   0.00978  -0.0001   1.0000   1.0000   1.0000 301.0000
   0.638   0.0125   0.02262   0.00971  -0.0002   1.0000   1.0000   1.0000 301.0000
   0.724   0.0201   0.02252   0.00966  -0.0003   1.0000   1.0000   1.0000 301.0000
   0.809   0.0276   0.02244   0.00961  -0.0004   1.0000   1.0000   1.0000 301.0000
   0.894   0.0351   0.02236   0.00958  -0.0006   1.0000   1.0000   1.0000 301.0000
   0.980   0.0424   0.02230   0.00956  -0.0007   1.0000   1.0000   1.0000 301.0000
   1.065   0.0496   0.02225   0.00956  -0.0009   1.0000   1.0000   1.0000 301.0000
   1.151   0.0564   0.02222   0.00958  -0.0010   1.0000   1.0000   1.0000 301.0000
   1.236   0.0628   0.02221   0.00962  -0.0010   1.0000   1.0000   1.0000 301.0000
   1.322   0.0686   0.02223   0.00968  -0.0010   1.0000   1.0000   1.0000 301.0000
   1.407   0.0732   0.02229   0.00979  -0.0009   1.0000   1.0000   1.0000 301.0000
   1.492   0.0763   0.02240   0.00994  -0.0006   1.0000   1.0000   1.0000 301.0000
   1.578   0.0769   0.02259   0.01017   0.0000   1.0000   1.0000   1.0000 301.0000
   1.663   0.0745   0.02285   0.01046   0.0011   1.0000   1.0000   1.0000 301.0000
   1.749   0.0701   0.02318   0.01079   0.0024   1.0000   1.0000   1.0000 301.0000
   1.834   0.0645   0.02353   0.01114   0.0040   1.0000   1.0000   1.0000 301.0000
   1.920   0.0590   0.02387   0.01147   0.0055   1.0000   1.0000   1.0000 301.0000
   2.005   0.0791   0.02389   0.01151   0.0026   0.9916   1.0000   9.8139 301.0000
   2.091   0.1022   0.02385   0.01150  -0.0008   0.9819   1.0000  13.9254 301.0000
   2.176   0.1262   0.02376   0.01145  -0.0042   0.9722   1.0000  17.0323 301.0000
   2.261   0.1515   0.02363   0.01135  -0.0077   0.9621   1.0000  19.7508 301.0000
   2.347   0.1779   0.02344   0.01120  -0.0113   0.9514   1.0000  22.2802 301.0000
   2.432   0.2041   0.02320   0.01100  -0.0147   0.9393   1.0000  24.8138 301.0000
   2.518   0.2293   0.02295   0.01078  -0.0177   0.9262   1.0000  27.3192 301.0000
   2.603   0.2523   0.02272   0.01056  -0.0201   0.9125   1.0000  29.7230 301.0000
   2.688   0.2719   0.02254   0.01036  -0.0218   0.8990   1.0000  31.9376 301.0000
   2.774   0.2872   0.02244   0.01024  -0.0227   0.8859   1.0000  33.9534 301.0000
   2.859   0.2992   0.02242   0.01018  -0.0229   0.8735   1.0000  35.7714 301.0000
   2.945   0.3093   0.02245   0.01017  -0.0227   0.8616   1.0000  37.4546 301.0000
   3.030   0.3181   0.02252   0.01018  -0.0223   0.8501   1.0000  39.0157 301.0000
   3.116   0.3256   0.02262   0.01025  -0.0216   0.8386   1.0000  40.5335 301.0000
   3.201   0.3328   0.02275   0.01032  -0.0209   0.8279   1.0000  41.9050 301.0000
   3.286   0.3396   0.02289   0.01043  -0.0202   0.8174   1.0000  43.2156 301.0000
   3.372   0.3464   0.02304   0.01055  -0.0195   0.8073   1.0000  44.4503 301.0000
   3.457   0.3531   0.02320   0.01069  -0.0188   0.7977   1.0000  45.6004 301.0000
   3.543   0.3599   0.02337   0.01083  -0.0181   0.7884   1.0000  46.6935 301.0000
   3.628   0.3665   0.02354   0.01097  -0.0174   0.7792   1.0000  47.7684 301.0000
   3.714   0.3731   0.02371   0.01112  -0.0166   0.7698   1.0000  48.8365 301.0000
   3.799   0.3795   0.02388   0.01127  -0.0159   0.7604   1.0000  49.9007 301.0000
   3.884   0.3858   0.02405   0.01142  -0.0150   0.7509   1.0000  50.9587 301.0000
   3.970   0.3920   0.02422   0.01157  -0.0142   0.7410   1.0000  52.0452 301.0000
   4.055   0.3981   0.02438   0.01172  -0.0134   0.7307   1.0000  53.1621 301.0000
   4.141   0.4041   0.02454   0.01187  -0.0125   0.7201   1.0000  54.2938 301.0000
   4.226   0.4099   0.02469   0.01200  -0.0115   0.7092   1.0000  55.4450 301.0000
   4.312   0.4157   0.02483   0.01212  -0.0105   0.6981   1.0000  56.6071 301.0000
   4.397   0.4214   0.02496   0.01221  -0.0094   0.6867   1.0000  57.7918 301.0000
   4.482   0.4271   0.02506   0.01227  -0.0083   0.6752   1.0000  58.9731 301.0000
   4.568   0.4328   0.02516   0.01236  -0.0072   0.6618   1.0000  60.3360 301.0000
   4.653   0.4383   0.02523   0.01239  -0.0061   0.6482   1.0000  61.7017 301.0000
   4.739   0.4437   0.02526   0.01238  -0.0048   0.6344   1.0000  63.0833 301.0000
   4.824   0.4490   0.02526   0.01236  -0.0036   0.6181   1.0000  64.6964 301.0000
   4.910   0.4542   0.02521   0.01226  -0.0022   0.6016   1.0000  66.3155 301.0000
   4.995   0.4593   0.02510   0.01207  -0.0007   0.5849   1.0000  67.9439 301.0000
   5.080   0.4644   0.02499   0.01189   0.0007   0.5653   1.0000  69.8374 301.0000
   5.166   0.4696   0.02486   0.01167   0.0022   0.5449   1.0000  71.8035 301.0000
   5.251   0.4748   0.02474   0.01142   0.0036   0.5237   1.0000  73.8431 301.0000
   5.337   0.4804   0.02465   0.01119   0.0049   0.5021   1.0000  75.9066 301.0000
   5.422   0.4862   0.02461   0.01098   0.0061   0.4807   1.0000  77.9539 301.0000
   5.508   0.4924   0.02463   0.01084   0.0071   0.4601   1.0000  79.9358 301.0000
   5.593   0.4989   0.02469   0.01075   0.0079   0.4405   1.0000  81.8233 301.0000
   5.678   0.5057   0.02479   0.01072   0.0086   0.4225   1.0000  83.5562 301.0000
   5.764   0.5126   0.02487   0.01061   0.0094   0.4079   1.0000  84.9750 301.0000
   5.849   0.5198   0.02505   0.01068   0.0099   0.3923   1.0000  86.5008 301.0000
   5.935   0.5269   0.02520   0.01068   0.0104   0.3794   1.0000  87.7738 301.0000
   6.020   0.5341   0.02536   0.01067   0.0110   0.3675   1.0000  88.9452 301.0000
   6.106   0.5414   0.02556   0.01075   0.0115   0.3560   1.0000  90.0922 301.0000
   6.191   0.5488   0.02579   0.01086   0.0119   0.3452   1.0000  91.1771 301.0000
   6.276   0.5561   0.02603   0.01098   0.0123   0.3352   1.0000  92.1875 301.0000
   6.362   0.5633   0.02628   0.01109   0.0128   0.3261   1.0000  93.1137 301.0000
   6.447   0.5707   0.02655   0.01121   0.0132   0.3176   1.0000  93.9816 301.0000
   6.533   0.5780   0.02686   0.01145   0.0136   0.3090   1.0000  94.8657 301.0000
   6.618   0.5853   0.02720   0.01170   0.0140   0.3010   1.0000  95.6945 301.0000
   6.704   0.5927   0.02754   0.01195   0.0144   0.2937   1.0000  96.4680 301.0000
   6.789   0.6000   0.02788   0.01213   0.0148   0.2868   1.0000  97.1897 301.0000
   6.874   0.6073   0.02824   0.01236   0.0151   0.2801   1.0000  97.9028 301.0000
   6.960   0.6145   0.02867   0.01275   0.0155   0.2733   1.0000  98.6258 301.0000
   7.045   0.6218   0.02909   0.01304   0.0159   0.2674   1.0000  99.2680 301.0000
   7.131   0.6292   0.02951   0.01331   0.0162   0.2616   1.0000  99.8896 301.0000
   7.216   0.6362   0.03002   0.01382   0.0166   0.2559   1.0000 100.5147 301.0000
   7.301   0.6437   0.03048   0.01407   0.0170   0.2509   1.0000 101.0682 301.0000
   7.387   0.6505   0.03103   0.01466   0.0173   0.2456   1.0000 101.6453 301.0000
   7.472   0.6577   0.03157   0.01505   0.0177   0.2410   1.0000 102.1631 301.0000
   7.558   0.6643   0.03213   0.01559   0.0181   0.2360   1.0000 102.7183 301.0000
   7.643   0.6711   0.03271   0.01608   0.0185   0.2317   1.0000 103.2134 301.0000
   7.729   0.6776   0.03331   0.01666   0.0189   0.2272   1.0000 103.7198 301.0000
   7.814   0.6843   0.03393   0.01716   0.0193   0.2232   1.0000 104.1753 301.0000
   7.899   0.6901   0.03459   0.01786   0.0198   0.2190   1.0000 104.6627 301.0000
   7.985   0.6971   0.03520   0.01826   0.0201   0.2153   1.0000 105.0918 301.0000
   8.070   0.7019   0.03598   0.01919   0.0207   0.2118   1.0000 105.5041 301.0000
   8.156   0.7088   0.03659   0.01961   0.0211   0.2084   1.0000 105.9026 301.0000
   8.241   0.7134   0.03741   0.02052   0.0216   0.2054   1.0000 106.2566 301.0000
   8.327   0.7183   0.03820   0.02134   0.0222   0.2023   1.0000 106.6175 301.0000
   8.412   0.7254   0.03884   0.02174   0.0225   0.1994   1.0000 106.9599 301.0000
   8.498   0.7283   0.03981   0.02288   0.0232   0.1971   1.0000 107.2367 301.0000
   8.583   0.7318   0.04070   0.02387   0.0239   0.1946   1.0000 107.5411 301.0000
   8.668   0.7383   0.04134   0.02431   0.0243   0.1918   1.0000 107.8863 301.0000
   8.754   0.7414   0.04229   0.02527   0.0250   0.1896   1.0000 108.1527 301.0000
   8.839   0.7429   0.04334   0.02649   0.0257   0.1876   1.0000 108.3910 301.0000
   8.925   0.7460   0.04427   0.02744   0.0264   0.1856   1.0000 108.6367 301.0000
   9.095   0.7539   0.04600   0.02898   0.0275   0.1817   1.0000 109.1211 301.0000
   9.181   0.7531   0.04723   0.03037   0.0284   0.1805   1.0000 109.2755 301.0000
   9.266   0.7529   0.04839   0.03163   0.0292   0.1791   1.0000 109.4404 301.0000
   9.352   0.7540   0.04944   0.03269   0.0299   0.1777   1.0000 109.6244 301.0000
   9.523   0.7620   0.05113   0.03405   0.0311   0.1743   1.0000 110.0406 301.0000
   9.608   0.7587   0.05251   0.03555   0.0321   0.1739   1.0000 110.0965 301.0000
   9.694   0.7552   0.05390   0.03703   0.0329   0.1735   1.0000 110.1445 301.0000
   9.779   0.7512   0.05530   0.03850   0.0338   0.1732   1.0000 110.1812 301.0000
   9.864   0.7468   0.05672   0.03996   0.0347   0.1731   1.0000 110.2036 301.0000
   9.950   0.7420   0.05815   0.04142   0.0355   0.1730   1.0000 110.2102 301.0000
  10.035   0.7366   0.05960   0.04288   0.0364   0.1731   1.0000 110.1998 301.0000
  10.121   0.7308   0.06106   0.04433   0.0372   0.1733   1.0000 110.1750 301.0000
  10.206   0.7249   0.06252   0.04576   0.0380   0.1736   1.0000 110.1401 301.0000
  10.291   0.7192   0.06397   0.04716   0.0387   0.1739   1.0000 110.0987 301.0000
  10.377   0.7141   0.06541   0.04852   0.0394   0.1742   1.0000 110.0541 301.0000
  10.462   0.7097   0.06682   0.04983   0.0400   0.1746   1.0000 110.0094 301.0000
  10.719   0.5979   0.08145   0.06483   0.0336   0.1998   1.0000 106.9163 301.0000
  10.804   0.6022   0.08249   0.06560   0.0340   0.1991   1.0000 107.0003 301.0000
  11.231   0.4536   0.11108   0.09608   0.0038   0.3717   1.0000  88.5338 301.0000
  11.317   0.4694   0.11319   0.09768   0.0039   0.3672   1.0000  88.9807 301.0000
  11.402   0.4590   0.11345   0.09827   0.0037   0.3642   1.0000  89.2796 301.0000
  11.487   0.4633   0.11457   0.09937   0.0038   0.3591   1.0000  89.7846 301.0000
  11.573   0.4695   0.11617   0.10066   0.0037   0.3561   1.0000  90.0849 301.0000
  11.658   0.4636   0.11659   0.10137   0.0036   0.3514   1.0000  90.5519 301.0000
  11.744   0.4796   0.11878   0.10300   0.0038   0.3471   1.0000  90.9844 301.0000
  11.829   0.4686   0.11895   0.10359   0.0035   0.3440   1.0000  91.2973 301.0000
  11.915   0.4745   0.12019   0.10475   0.0036   0.3388   1.0000  91.8245 301.0000
  12.000   0.4768   0.12148   0.10588   0.0035   0.3356   1.0000  92.1415 301.0000
