  
       XFOIL         Version 6.99
  
 Calculated polar for: Repaneled_Airfoil                               
  
 1 1 Reynolds number fixed          Mach number fixed         
  
 xtrf =   1.000 (top)        1.000 (bottom)  
 Mach =   0.000     Re =     0.050 e 6     Ncrit =   9.000  9.000
  
   alpha    CL        CD       CDp       CM     Top_Xtr  Bot_Xtr  Top_Itr  Bot_Itr
  ------ -------- --------- --------- -------- -------- -------- -------- --------
  -5.000  -0.5147   0.02554   0.01361   0.0429   1.0000   0.7748   1.0000 253.6650
  -4.915  -0.5072   0.02563   0.01372   0.0439   1.0000   0.7829   1.0000 254.5973
  -4.829  -0.4997   0.02565   0.01376   0.0447   1.0000   0.7898   1.0000 255.4054
  -4.744  -0.4931   0.02555   0.01366   0.0453   1.0000   0.7959   1.0000 256.1208
  -4.658  -0.4844   0.02551   0.01362   0.0456   1.0000   0.8006   1.0000 256.6866
  -4.573  -0.4772   0.02534   0.01344   0.0458   1.0000   0.8047   1.0000 257.1769
  -4.487  -0.4686   0.02521   0.01330   0.0458   1.0000   0.8081   1.0000 257.5831
  -4.402  -0.4622   0.02497   0.01304   0.0459   1.0000   0.8119   1.0000 258.0459
  -4.317  -0.4527   0.02488   0.01295   0.0458   1.0000   0.8149   1.0000 258.4213
  -4.231  -0.4455   0.02468   0.01274   0.0459   1.0000   0.8188   1.0000 258.8976
  -4.146  -0.4364   0.02457   0.01262   0.0458   1.0000   0.8220   1.0000 259.3007
  -4.060  -0.4286   0.02442   0.01246   0.0458   1.0000   0.8258   1.0000 259.7783
  -3.975  -0.4204   0.02430   0.01233   0.0458   1.0000   0.8295   1.0000 260.2467
  -3.889  -0.4121   0.02417   0.01220   0.0458   1.0000   0.8335   1.0000 260.7571
  -3.804  -0.4037   0.02406   0.01208   0.0458   1.0000   0.8374   1.0000 261.2636
  -3.719  -0.3954   0.02394   0.01196   0.0457   1.0000   0.8417   1.0000 261.8163
  -3.633  -0.3862   0.02386   0.01187   0.0456   1.0000   0.8456   1.0000 262.3429
  -3.548  -0.3785   0.02373   0.01173   0.0456   1.0000   0.8506   1.0000 262.9954
  -3.462  -0.3681   0.02369   0.01169   0.0454   1.0000   0.8546   1.0000 263.5411
  -3.377  -0.3592   0.02360   0.01160   0.0452   1.0000   0.8594   1.0000 264.2055
  -3.292  -0.3501   0.02352   0.01151   0.0450   1.0000   0.8645   1.0000 264.9008
  -3.206  -0.3394   0.02349   0.01147   0.0446   1.0000   0.8691   1.0000 265.5504
  -3.121  -0.3294   0.02343   0.01141   0.0443   1.0000   0.8743   1.0000 266.2973
  -3.035  -0.3193   0.02337   0.01135   0.0439   1.0000   0.8799   1.0000 267.1168
  -2.950  -0.3088   0.02332   0.01130   0.0435   1.0000   0.8858   1.0000 267.9896
  -2.864  -0.2965   0.02331   0.01128   0.0427   1.0000   0.8913   1.0000 268.8368
  -2.779  -0.2841   0.02330   0.01127   0.0419   1.0000   0.8973   1.0000 269.7708
  -2.693  -0.2713   0.02330   0.01125   0.0410   1.0000   0.9036   1.0000 270.7784
  -2.608  -0.2578   0.02330   0.01125   0.0400   1.0000   0.9105   1.0000 271.9058
  -2.523  -0.2431   0.02332   0.01126   0.0387   1.0000   0.9174   1.0000 273.0809
  -2.437  -0.2267   0.02335   0.01128   0.0371   1.0000   0.9242   1.0000 274.2868
  -2.352  -0.2096   0.02339   0.01131   0.0353   1.0000   0.9314   1.0000 275.6211
  -2.266  -0.1917   0.02343   0.01134   0.0334   1.0000   0.9391   1.0000 277.1174
  -2.181  -0.1716   0.02349   0.01139   0.0309   1.0000   0.9464   1.0000 278.6347
  -2.095  -0.1501   0.02355   0.01143   0.0282   1.0000   0.9541   1.0000 280.3245
  -2.010  -0.1267   0.02361   0.01148   0.0251   1.0000   0.9618   1.0000 282.1552
  -1.925  -0.1022   0.02366   0.01152   0.0217   1.0000   0.9696   1.0000 284.2247
  -1.839  -0.0771   0.02369   0.01155   0.0181   1.0000   0.9779   1.0000 286.7001
  -1.754  -0.0509   0.02371   0.01156   0.0142   1.0000   0.9869   1.0000 289.9976
  -1.668  -0.0233   0.02370   0.01155   0.0100   1.0000   0.9962   1.0000 295.0539
  -1.583  -0.0207   0.02335   0.01121   0.0097   1.0000   1.0000   1.0000 301.0000
  -1.498  -0.0350   0.02280   0.01063   0.0122   1.0000   1.0000   1.0000 301.0000
  -1.412  -0.0428   0.02243   0.01022   0.0139   1.0000   1.0000   1.0000 301.0000
  -1.327  -0.0448   0.02223   0.00996   0.0150   1.0000   1.0000   1.0000 301.0000
  -1.241  -0.0439   0.02212   0.00980   0.0158   1.0000   1.0000   1.0000 301.0000
  -1.156  -0.0413   0.02206   0.00970   0.0164   1.0000   1.0000   1.0000 301.0000
  -1.070  -0.0377   0.02205   0.00964   0.0170   1.0000   1.0000   1.0000 301.0000
  -0.985  -0.0333   0.02205   0.00960   0.0174   1.0000   1.0000   1.0000 301.0000
  -0.899  -0.0284   0.02208   0.00959   0.0178   1.0000   1.0000   1.0000 301.0000
  -0.814  -0.0231   0.02212   0.00960   0.0181   1.0000   1.0000   1.0000 301.0000
  -0.729  -0.0176   0.02217   0.00962   0.0185   1.0000   1.0000   1.0000 301.0000
  -0.643  -0.0119   0.02224   0.00966   0.0187   1.0000   1.0000   1.0000 301.0000
  -0.558  -0.0060   0.02231   0.00971   0.0190   1.0000   1.0000   1.0000 301.0000
  -0.472   0.0000   0.02240   0.00977   0.0193   1.0000   1.0000   1.0000 301.0000
  -0.387   0.0062   0.02249   0.00984   0.0195   1.0000   1.0000   1.0000 301.0000
  -0.301   0.0123   0.02259   0.00993   0.0197   1.0000   1.0000   1.0000 301.0000
  -0.216   0.0185   0.02271   0.01003   0.0199   1.0000   1.0000   1.0000 301.0000
  -0.131   0.0247   0.02283   0.01014   0.0201   1.0000   1.0000   1.0000 301.0000
  -0.045   0.0309   0.02296   0.01027   0.0202   1.0000   1.0000   1.0000 301.0000
   0.040   0.0787   0.02358   0.01094   0.0124   0.9847   1.0000  12.7961 301.0000
   0.126   0.1332   0.02403   0.01148   0.0038   0.9650   1.0000  18.9126 301.0000
   0.211   0.1929   0.02416   0.01175  -0.0053   0.9411   1.0000  24.3474 301.0000
   0.296   0.2947   0.02356   0.01146  -0.0207   0.9031   1.0000  31.1444 301.0000
   0.382   0.3686   0.02236   0.01049  -0.0296   0.8637   1.0000  37.0264 301.0000
   0.467   0.3974   0.02169   0.00988  -0.0308   0.8327   1.0000  41.1449 301.0000
   0.553   0.4128   0.02127   0.00944  -0.0300   0.8038   1.0000  44.7060 301.0000
   0.638   0.4234   0.02097   0.00908  -0.0286   0.7763   1.0000  47.9242 301.0000
   0.724   0.4302   0.02077   0.00880  -0.0269   0.7485   1.0000  51.0363 301.0000
   0.809   0.4352   0.02064   0.00860  -0.0252   0.7191   1.0000  54.2008 301.0000
   0.894   0.4407   0.02052   0.00839  -0.0237   0.6904   1.0000  57.1921 301.0000
   0.980   0.4423   0.02064   0.00854  -0.0226   0.6455   1.0000  61.7301 301.0000
   1.065   0.4510   0.02032   0.00803  -0.0214   0.6259   1.0000  63.6723 301.0000
   1.151   0.4593   0.02012   0.00760  -0.0202   0.6068   1.0000  65.5381 301.0000
   1.236   0.4672   0.02005   0.00727  -0.0192   0.5889   1.0000  67.2832 301.0000
   1.322   0.4749   0.02011   0.00707  -0.0183   0.5723   1.0000  68.8916 301.0000
   1.407   0.4825   0.02029   0.00702  -0.0176   0.5568   1.0000  70.3803 301.0000
   1.492   0.4903   0.02051   0.00703  -0.0170   0.5428   1.0000  71.7181 301.0000
   1.578   0.4986   0.02078   0.00709  -0.0166   0.5303   1.0000  72.9121 301.0000
   1.663   0.5072   0.02107   0.00720  -0.0163   0.5187   1.0000  74.0269 301.0000
   1.749   0.5159   0.02138   0.00736  -0.0160   0.5077   1.0000  75.0735 301.0000
   1.834   0.5248   0.02170   0.00752  -0.0158   0.4976   1.0000  76.0414 301.0000
   1.920   0.5335   0.02202   0.00771  -0.0156   0.4879   1.0000  76.9607 301.0000
   2.005   0.5421   0.02235   0.00793  -0.0154   0.4787   1.0000  77.8380 301.0000
   2.091   0.5506   0.02269   0.00817  -0.0152   0.4700   1.0000  78.6740 301.0000
   2.176   0.5592   0.02304   0.00842  -0.0149   0.4617   1.0000  79.4654 301.0000
   2.261   0.5679   0.02340   0.00865  -0.0147   0.4539   1.0000  80.2098 301.0000
   2.347   0.5767   0.02377   0.00890  -0.0145   0.4464   1.0000  80.9368 301.0000
   2.432   0.5848   0.02414   0.00922  -0.0143   0.4387   1.0000  81.6748 301.0000
   2.518   0.5932   0.02453   0.00952  -0.0141   0.4315   1.0000  82.3682 301.0000
   2.603   0.6021   0.02495   0.00977  -0.0139   0.4246   1.0000  83.0293 301.0000
   2.688   0.6099   0.02534   0.01014  -0.0136   0.4174   1.0000  83.7285 301.0000
   2.774   0.6180   0.02577   0.01049  -0.0133   0.4106   1.0000  84.3843 301.0000
   2.859   0.6269   0.02621   0.01077  -0.0131   0.4042   1.0000  85.0064 301.0000
   2.945   0.6342   0.02663   0.01121  -0.0128   0.3973   1.0000  85.6745 301.0000
   3.030   0.6422   0.02709   0.01159  -0.0125   0.3911   1.0000  86.2879 301.0000
   3.116   0.6504   0.02756   0.01194  -0.0123   0.3848   1.0000  86.8966 301.0000
   3.201   0.6574   0.02802   0.01242  -0.0119   0.3785   1.0000  87.5235 301.0000
   3.286   0.6655   0.02852   0.01277  -0.0116   0.3726   1.0000  88.1037 301.0000
   3.372   0.6725   0.02899   0.01325  -0.0113   0.3662   1.0000  88.7297 301.0000
   3.457   0.6798   0.02950   0.01371  -0.0109   0.3604   1.0000  89.3133 301.0000
   3.543   0.6876   0.03000   0.01409  -0.0106   0.3545   1.0000  89.8958 301.0000
   3.628   0.6940   0.03053   0.01465  -0.0102   0.3485   1.0000  90.4967 301.0000
   3.714   0.7023   0.03105   0.01498  -0.0099   0.3431   1.0000  91.0358 301.0000
   3.799   0.7081   0.03159   0.01560  -0.0094   0.3371   1.0000  91.6421 301.0000
   3.884   0.7154   0.03214   0.01604  -0.0091   0.3318   1.0000  92.1800 301.0000
   3.970   0.7219   0.03268   0.01657  -0.0086   0.3260   1.0000  92.7645 301.0000
   4.055   0.7282   0.03325   0.01711  -0.0082   0.3205   1.0000  93.3199 301.0000
   4.141   0.7354   0.03377   0.01752  -0.0078   0.3151   1.0000  93.8774 301.0000
   4.226   0.7407   0.03440   0.01818  -0.0072   0.3097   1.0000  94.4322 301.0000
   4.312   0.7487   0.03489   0.01848  -0.0069   0.3046   1.0000  94.9608 301.0000
   4.397   0.7529   0.03557   0.01927  -0.0063   0.2992   1.0000  95.5175 301.0000
   4.482   0.7612   0.03606   0.01953  -0.0060   0.2945   1.0000  96.0119 301.0000
   4.568   0.7647   0.03679   0.02041  -0.0052   0.2892   1.0000  96.5617 301.0000
   4.653   0.7727   0.03729   0.02070  -0.0049   0.2846   1.0000  97.0506 301.0000
   4.739   0.7761   0.03804   0.02158  -0.0042   0.2796   1.0000  97.5833 301.0000
   4.824   0.7837   0.03854   0.02187  -0.0038   0.2749   1.0000  98.0819 301.0000
   4.910   0.7869   0.03930   0.02274  -0.0031   0.2700   1.0000  98.6084 301.0000
   4.995   0.7944   0.03980   0.02304  -0.0027   0.2654   1.0000  99.0955 301.0000
   5.080   0.7972   0.04062   0.02397  -0.0020   0.2608   1.0000  99.5955 301.0000
   5.166   0.8052   0.04107   0.02419  -0.0017   0.2564   1.0000 100.0736 301.0000
   5.251   0.8069   0.04202   0.02528  -0.0008   0.2522   1.0000 100.5335 301.0000
   5.337   0.8165   0.04233   0.02527  -0.0006   0.2479   1.0000 101.0072 301.0000
   5.422   0.8161   0.04348   0.02664   0.0003   0.2441   1.0000 101.4253 301.0000
   5.508   0.8235   0.04395   0.02693   0.0007   0.2400   1.0000 101.8804 301.0000
   5.593   0.8257   0.04494   0.02795   0.0014   0.2366   1.0000 102.2658 301.0000
   5.678   0.8293   0.04574   0.02874   0.0020   0.2327   1.0000 102.6969 301.0000
   5.764   0.8360   0.04627   0.02908   0.0025   0.2289   1.0000 103.1280 301.0000
   5.849   0.8357   0.04747   0.03039   0.0033   0.2257   1.0000 103.4937 301.0000
   6.020   0.8438   0.04904   0.03179   0.0044   0.2190   1.0000 104.2602 301.0000
   6.106   0.8453   0.05006   0.03282   0.0051   0.2159   1.0000 104.6191 301.0000
   6.191   0.8549   0.05027   0.03272   0.0054   0.2120   1.0000 105.0699 301.0000
   6.276   0.8508   0.05191   0.03451   0.0063   0.2101   1.0000 105.2918 301.0000
   6.362   0.8506   0.05317   0.03579   0.0070   0.2078   1.0000 105.5653 301.0000
   6.447   0.8634   0.05310   0.03533   0.0072   0.2038   1.0000 106.0339 301.0000
   6.533   0.8573   0.05495   0.03732   0.0080   0.2025   1.0000 106.1811 301.0000
   6.618   0.8528   0.05666   0.03910   0.0088   0.2012   1.0000 106.3398 301.0000
   6.704   0.8501   0.05818   0.04063   0.0094   0.1997   1.0000 106.5182 301.0000
   6.789   0.8666   0.05781   0.03982   0.0095   0.1955   1.0000 107.0213 301.0000
   6.874   0.8594   0.05979   0.04188   0.0103   0.1949   1.0000 107.0932 301.0000
   6.960   0.8524   0.06175   0.04388   0.0108   0.1944   1.0000 107.1566 301.0000
   7.045   0.8450   0.06373   0.04587   0.0113   0.1940   1.0000 107.2033 301.0000
   7.131   0.8373   0.06573   0.04787   0.0117   0.1937   1.0000 107.2328 301.0000
   7.216   0.8292   0.06777   0.04988   0.0121   0.1937   1.0000 107.2418 301.0000
   7.301   0.8206   0.06986   0.05192   0.0122   0.1937   1.0000 107.2303 301.0000
   7.387   0.8118   0.07197   0.05397   0.0123   0.1940   1.0000 107.2017 301.0000
   7.472   0.8030   0.07411   0.05604   0.0123   0.1943   1.0000 107.1606 301.0000
   7.558   0.7945   0.07624   0.05808   0.0122   0.1947   1.0000 107.1131 301.0000
   7.643   0.7863   0.07828   0.06001   0.0121   0.1951   1.0000 107.0656 301.0000
   7.729   0.7789   0.08028   0.06190   0.0120   0.1955   1.0000 107.0214 301.0000
   8.839   0.5995   0.12728   0.11092  -0.0220   0.3188   1.0000  93.4994 301.0000
   9.010   0.6063   0.13008   0.11348  -0.0220   0.3123   1.0000  94.1690 301.0000
   9.095   0.6030   0.13102   0.11469  -0.0222   0.3084   1.0000  94.5678 301.0000
   9.181   0.6207   0.13319   0.11605  -0.0216   0.3042   1.0000  95.0027 301.0000
   9.266   0.6095   0.13388   0.11732  -0.0223   0.3026   1.0000  95.1647 301.0000
   9.352   0.6061   0.13479   0.11853  -0.0226   0.2988   1.0000  95.5590 301.0000
   9.437   0.6238   0.13703   0.11990  -0.0219   0.2946   1.0000  96.0018 301.0000
   9.523   0.6131   0.13768   0.12118  -0.0227   0.2931   1.0000  96.1530 301.0000
   9.608   0.6092   0.13854   0.12241  -0.0231   0.2897   1.0000  96.5167 301.0000
   9.694   0.6194   0.14027   0.12375  -0.0228   0.2859   1.0000  96.9072 301.0000
   9.779   0.6199   0.14172   0.12515  -0.0230   0.2843   1.0000  97.0802 301.0000
   9.864   0.6129   0.14240   0.12642  -0.0237   0.2817   1.0000  97.3596 301.0000
   9.950   0.6161   0.14365   0.12772  -0.0237   0.2781   1.0000  97.7357 301.0000
  10.035   0.6277   0.14582   0.12916  -0.0233   0.2754   1.0000  98.0267 301.0000
  10.121   0.6187   0.14636   0.13047  -0.0241   0.2736   1.0000  98.2130 301.0000
  10.206   0.6174   0.14730   0.13176  -0.0245   0.2703   1.0000  98.5712 301.0000
  10.291   0.6284   0.14923   0.13316  -0.0241   0.2670   1.0000  98.9286 301.0000
  10.377   0.6278   0.15056   0.13460  -0.0245   0.2656   1.0000  99.0781 301.0000
  10.462   0.6215   0.15116   0.13592  -0.0252   0.2633   1.0000  99.3260 301.0000
  10.548   0.6227   0.15230   0.13728  -0.0254   0.2605   1.0000  99.6335 301.0000
  10.633   0.6316   0.15418   0.13875  -0.0252   0.2579   1.0000  99.9059 301.0000
  10.719   0.6339   0.15576   0.14025  -0.0255   0.2565   1.0000 100.0586 301.0000
  10.804   0.6270   0.15621   0.14157  -0.0262   0.2546   1.0000 100.2733 301.0000
  10.889   0.6272   0.15722   0.14293  -0.0265   0.2516   1.0000 100.5943 301.0000
  10.975   0.6373   0.15924   0.14441  -0.0262   0.2487   1.0000 100.9190 301.0000
  11.060   0.6378   0.16061   0.14589  -0.0266   0.2473   1.0000 101.0727 301.0000
  11.146   0.6319   0.16103   0.14724  -0.0273   0.2452   1.0000 101.3038 301.0000
  11.231   0.6332   0.16210   0.14863  -0.0276   0.2422   1.0000 101.6350 301.0000
  11.317   0.6438   0.16428   0.15014  -0.0273   0.2395   1.0000 101.9381 301.0000
  11.402   0.6434   0.16552   0.15165  -0.0277   0.2383   1.0000 102.0688 301.0000
  11.487   0.6381   0.16593   0.15308  -0.0285   0.2364   1.0000 102.2809 301.0000
  11.573   0.6386   0.16695   0.15454  -0.0289   0.2339   1.0000 102.5684 301.0000
  11.658   0.6447   0.16857   0.15602  -0.0289   0.2315   1.0000 102.8399 301.0000
  11.744   0.6526   0.17083   0.15761  -0.0288   0.2298   1.0000 103.0264 301.0000
  11.829   0.6462   0.17106   0.15912  -0.0297   0.2285   1.0000 103.1785 301.0000
  11.915   0.6448   0.17181   0.16062  -0.0303   0.2259   1.0000 103.4650 301.0000
  12.000   0.6492   0.17319   0.16209  -0.0304   0.2233   1.0000 103.7701 301.0000
