  
       XFOIL         Version 6.99
  
 Calculated polar for: Repaneled_Airfoil                               
  
 1 1 Reynolds number fixed          Mach number fixed         
  
 xtrf =   1.000 (top)        1.000 (bottom)  
 Mach =   0.000     Re =     0.050 e 6     Ncrit =   9.000  9.000
  
   alpha    CL        CD       CDp       CM     Top_Xtr  Bot_Xtr  Top_Itr  Bot_Itr
  ------ -------- --------- --------- -------- -------- -------- -------- --------
  -5.000  -0.5117   0.03364   0.01785   0.0018   1.0000   0.5475   1.0000 230.4648
  -4.915  -0.5053   0.03347   0.01765   0.0025   1.0000   0.5566   1.0000 231.3399
  -4.829  -0.4986   0.03326   0.01738   0.0030   1.0000   0.5657   1.0000 232.2226
  -4.744  -0.4918   0.03302   0.01708   0.0034   1.0000   0.5749   1.0000 233.1134
  -4.658  -0.4847   0.03275   0.01674   0.0036   1.0000   0.5841   1.0000 234.0031
  -4.573  -0.4782   0.03238   0.01641   0.0043   1.0000   0.5917   1.0000 234.7441
  -4.487  -0.4712   0.03199   0.01603   0.0047   1.0000   0.5998   1.0000 235.5380
  -4.402  -0.4639   0.03159   0.01561   0.0048   1.0000   0.6082   1.0000 236.3507
  -4.317  -0.4560   0.03117   0.01513   0.0047   1.0000   0.6167   1.0000 237.1874
  -4.231  -0.4472   0.03070   0.01449   0.0041   1.0000   0.6259   1.0000 238.1063
  -4.146  -0.4377   0.02981   0.01353   0.0031   1.0000   0.6363   1.0000 239.1422
  -4.060  -0.4309   0.02887   0.01295   0.0034   1.0000   0.6424   1.0000 239.7468
  -3.975  -0.4240   0.02817   0.01255   0.0038   1.0000   0.6482   1.0000 240.3208
  -3.889  -0.4164   0.02764   0.01222   0.0040   1.0000   0.6547   1.0000 240.9539
  -3.804  -0.4100   0.02727   0.01212   0.0048   1.0000   0.6597   1.0000 241.4557
  -3.719  -0.4026   0.02696   0.01197   0.0052   1.0000   0.6656   1.0000 242.0474
  -3.633  -0.3955   0.02672   0.01188   0.0057   1.0000   0.6715   1.0000 242.6485
  -3.548  -0.3877   0.02649   0.01175   0.0060   1.0000   0.6778   1.0000 243.2882
  -3.462  -0.3796   0.02627   0.01160   0.0060   1.0000   0.6846   1.0000 243.9816
  -3.377  -0.3724   0.02609   0.01153   0.0065   1.0000   0.6903   1.0000 244.5718
  -3.292  -0.3644   0.02590   0.01141   0.0067   1.0000   0.6967   1.0000 245.2383
  -3.206  -0.3562   0.02573   0.01129   0.0068   1.0000   0.7033   1.0000 245.9295
  -3.121  -0.3488   0.02558   0.01123   0.0073   1.0000   0.7091   1.0000 246.5388
  -3.035  -0.3406   0.02543   0.01113   0.0074   1.0000   0.7156   1.0000 247.2188
  -2.950  -0.3324   0.02529   0.01103   0.0075   1.0000   0.7222   1.0000 247.9212
  -2.864  -0.3247   0.02516   0.01098   0.0079   1.0000   0.7281   1.0000 248.5565
  -2.779  -0.3165   0.02504   0.01090   0.0080   1.0000   0.7346   1.0000 249.2515
  -2.693  -0.3082   0.02493   0.01082   0.0081   1.0000   0.7413   1.0000 249.9867
  -2.608  -0.3006   0.02483   0.01079   0.0085   1.0000   0.7474   1.0000 250.6485
  -2.523  -0.2926   0.02473   0.01073   0.0087   1.0000   0.7538   1.0000 251.3646
  -2.437  -0.2844   0.02464   0.01068   0.0088   1.0000   0.7606   1.0000 252.1211
  -2.352  -0.2765   0.02455   0.01064   0.0090   1.0000   0.7673   1.0000 252.8773
  -2.266  -0.2688   0.02447   0.01061   0.0094   1.0000   0.7739   1.0000 253.6259
  -2.181  -0.2610   0.02440   0.01058   0.0096   1.0000   0.7808   1.0000 254.4177
  -2.095  -0.2530   0.02433   0.01055   0.0098   1.0000   0.7879   1.0000 255.2442
  -2.010  -0.2451   0.02426   0.01053   0.0100   1.0000   0.7953   1.0000 256.1103
  -1.925  -0.2372   0.02420   0.01051   0.0103   1.0000   0.8029   1.0000 257.0143
  -1.839  -0.2295   0.02415   0.01051   0.0105   1.0000   0.8106   1.0000 257.9447
  -1.754  -0.2217   0.02410   0.01050   0.0108   1.0000   0.8185   1.0000 258.9233
  -1.668  -0.2139   0.02405   0.01050   0.0111   1.0000   0.8270   1.0000 259.9868
  -1.583  -0.2061   0.02401   0.01051   0.0114   1.0000   0.8357   1.0000 261.0976
  -1.498  -0.1983   0.02398   0.01053   0.0117   1.0000   0.8450   1.0000 262.3154
  -1.412  -0.1901   0.02395   0.01055   0.0119   1.0000   0.8552   1.0000 263.6821
  -1.327  -0.1815   0.02393   0.01057   0.0120   1.0000   0.8663   1.0000 265.2175
  -1.156  -0.1614   0.02393   0.01066   0.0116   1.0000   0.8926   1.0000 269.0749
  -1.070  -0.1487   0.02395   0.01073   0.0107   1.0000   0.9088   1.0000 271.6710
  -0.985  -0.1337   0.02400   0.01081   0.0093   1.0000   0.9277   1.0000 274.9770
  -0.899  -0.1169   0.02404   0.01089   0.0074   1.0000   0.9499   1.0000 279.4230
  -0.814  -0.1001   0.02403   0.01090   0.0053   1.0000   0.9779   1.0000 286.7419
  -0.729  -0.0895   0.02391   0.01077   0.0042   1.0000   1.0000   1.0000 301.0000
  -0.643  -0.0818   0.02384   0.01064   0.0035   1.0000   1.0000   1.0000 301.0000
  -0.558  -0.0731   0.02383   0.01057   0.0028   1.0000   1.0000   1.0000 301.0000
  -0.472  -0.0641   0.02385   0.01053   0.0021   1.0000   1.0000   1.0000 301.0000
  -0.387  -0.0549   0.02390   0.01052   0.0015   1.0000   1.0000   1.0000 301.0000
  -0.301  -0.0457   0.02397   0.01054   0.0009   1.0000   1.0000   1.0000 301.0000
  -0.216  -0.0366   0.02405   0.01057   0.0004   1.0000   1.0000   1.0000 301.0000
  -0.131  -0.0275   0.02415   0.01061  -0.0000   1.0000   1.0000   1.0000 301.0000
  -0.045  -0.0186   0.02425   0.01067  -0.0004   1.0000   1.0000   1.0000 301.0000
   0.040  -0.0097   0.02436   0.01074  -0.0008   1.0000   1.0000   1.0000 301.0000
   0.126  -0.0009   0.02448   0.01082  -0.0011   1.0000   1.0000   1.0000 301.0000
   0.211   0.0078   0.02460   0.01091  -0.0014   1.0000   1.0000   1.0000 301.0000
   0.296   0.0163   0.02473   0.01101  -0.0017   1.0000   1.0000   1.0000 301.0000
   0.382   0.0248   0.02487   0.01111  -0.0019   1.0000   1.0000   1.0000 301.0000
   0.467   0.0333   0.02501   0.01123  -0.0021   1.0000   1.0000   1.0000 301.0000
   0.553   0.0416   0.02515   0.01135  -0.0023   1.0000   1.0000   1.0000 301.0000
   0.638   0.0499   0.02530   0.01148  -0.0024   1.0000   1.0000   1.0000 301.0000
   0.724   0.0581   0.02546   0.01161  -0.0026   1.0000   1.0000   1.0000 301.0000
   0.809   0.0662   0.02562   0.01175  -0.0027   1.0000   1.0000   1.0000 301.0000
   0.894   0.0743   0.02579   0.01190  -0.0029   1.0000   1.0000   1.0000 301.0000
   0.980   0.0823   0.02596   0.01206  -0.0030   1.0000   1.0000   1.0000 301.0000
   1.065   0.0902   0.02614   0.01222  -0.0031   1.0000   1.0000   1.0000 301.0000
   1.151   0.0981   0.02632   0.01239  -0.0032   1.0000   1.0000   1.0000 301.0000
   1.236   0.1058   0.02651   0.01257  -0.0033   1.0000   1.0000   1.0000 301.0000
   1.322   0.1135   0.02671   0.01276  -0.0034   1.0000   1.0000   1.0000 301.0000
   1.407   0.1211   0.02691   0.01296  -0.0034   1.0000   1.0000   1.0000 301.0000
   1.492   0.1287   0.02713   0.01317  -0.0035   1.0000   1.0000   1.0000 301.0000
   1.578   0.1361   0.02735   0.01338  -0.0036   1.0000   1.0000   1.0000 301.0000
   1.663   0.1435   0.02758   0.01361  -0.0037   1.0000   1.0000   1.0000 301.0000
   1.749   0.1507   0.02782   0.01385  -0.0038   1.0000   1.0000   1.0000 301.0000
   1.834   0.1579   0.02807   0.01410  -0.0039   1.0000   1.0000   1.0000 301.0000
   1.920   0.1649   0.02833   0.01437  -0.0039   1.0000   1.0000   1.0000 301.0000
   2.005   0.1717   0.02861   0.01466  -0.0040   1.0000   1.0000   1.0000 301.0000
   2.091   0.2143   0.02966   0.01574  -0.0109   0.9847   1.0000  12.8137 301.0000
   2.176   0.2530   0.03042   0.01655  -0.0167   0.9676   1.0000  18.2406 301.0000
   2.261   0.2874   0.03096   0.01712  -0.0214   0.9509   1.0000  22.2770 301.0000
   2.347   0.3197   0.03134   0.01754  -0.0255   0.9343   1.0000  25.6901 301.0000
   2.432   0.3516   0.03157   0.01781  -0.0292   0.9175   1.0000  28.7498 301.0000
   2.518   0.3814   0.03163   0.01792  -0.0323   0.9005   1.0000  31.5786 301.0000
   2.603   0.4130   0.03153   0.01788  -0.0354   0.8830   1.0000  34.2583 301.0000
   2.688   0.4459   0.03124   0.01766  -0.0383   0.8650   1.0000  36.8523 301.0000
   2.774   0.4760   0.03078   0.01727  -0.0405   0.8461   1.0000  39.4154 301.0000
   2.859   0.5191   0.02981   0.01643  -0.0440   0.8253   1.0000  42.0847 301.0000
   2.945   0.5535   0.02870   0.01543  -0.0457   0.8035   1.0000  44.7659 301.0000
   3.030   0.5852   0.02739   0.01421  -0.0464   0.7794   1.0000  47.5891 301.0000
   3.286   0.6374   0.02447   0.01115  -0.0422   0.6808   1.0000  58.2111 301.0000
   3.372   0.5922   0.02636   0.01303  -0.0369   0.6392   1.0000  62.3824 301.0000
   3.543   0.6565   0.02206   0.00779  -0.0352   0.5282   1.0000  73.1581 301.0000
   3.628   0.6653   0.02243   0.00760  -0.0341   0.4939   1.0000  76.4321 301.0000
   3.714   0.6730   0.02301   0.00775  -0.0333   0.4686   1.0000  78.8452 301.0000
   3.799   0.6812   0.02361   0.00802  -0.0328   0.4474   1.0000  80.8778 301.0000
   3.884   0.6899   0.02419   0.00834  -0.0324   0.4288   1.0000  82.6746 301.0000
   3.970   0.6993   0.02475   0.00867  -0.0322   0.4123   1.0000  84.2651 301.0000
   4.055   0.7088   0.02529   0.00902  -0.0320   0.3974   1.0000  85.7196 301.0000
   4.141   0.7191   0.02584   0.00933  -0.0319   0.3841   1.0000  87.0159 301.0000
   4.226   0.7280   0.02633   0.00971  -0.0317   0.3715   1.0000  88.2537 301.0000
   4.312   0.7372   0.02683   0.01007  -0.0315   0.3600   1.0000  89.3925 301.0000
   4.397   0.7463   0.02732   0.01042  -0.0313   0.3493   1.0000  90.4651 301.0000
   4.482   0.7554   0.02780   0.01077  -0.0311   0.3392   1.0000  91.4759 301.0000
   4.568   0.7645   0.02827   0.01111  -0.0309   0.3298   1.0000  92.4327 301.0000
   4.653   0.7736   0.02874   0.01145  -0.0307   0.3207   1.0000  93.3516 301.0000
   4.739   0.7831   0.02920   0.01178  -0.0305   0.3123   1.0000  94.2218 301.0000
   4.824   0.7925   0.02967   0.01207  -0.0304   0.3044   1.0000  95.0364 301.0000
   4.910   0.8003   0.03015   0.01248  -0.0300   0.2967   1.0000  95.8363 301.0000
   4.995   0.8081   0.03064   0.01291  -0.0296   0.2893   1.0000  96.6056 301.0000
   5.080   0.8162   0.03114   0.01328  -0.0293   0.2824   1.0000  97.3376 301.0000
   5.166   0.8252   0.03162   0.01355  -0.0292   0.2759   1.0000  98.0325 301.0000
   5.251   0.8324   0.03214   0.01405  -0.0287   0.2692   1.0000  98.7532 301.0000
   5.337   0.8400   0.03269   0.01452  -0.0284   0.2630   1.0000  99.4229 301.0000
   5.422   0.8492   0.03322   0.01481  -0.0282   0.2572   1.0000 100.0427 301.0000
   5.508   0.8560   0.03380   0.01541  -0.0277   0.2513   1.0000 100.6925 301.0000
   5.593   0.8638   0.03441   0.01590  -0.0274   0.2460   1.0000 101.2803 301.0000
   5.678   0.8723   0.03497   0.01632  -0.0272   0.2407   1.0000 101.8644 301.0000
   5.764   0.8788   0.03565   0.01698  -0.0267   0.2356   1.0000 102.4402 301.0000
   5.849   0.8884   0.03618   0.01721  -0.0266   0.2307   1.0000 102.9936 301.0000
   5.935   0.8933   0.03693   0.01808  -0.0259   0.2259   1.0000 103.5398 301.0000
   6.020   0.9025   0.03751   0.01838  -0.0258   0.2214   1.0000 104.0545 301.0000
   6.106   0.9073   0.03828   0.01925  -0.0251   0.2169   1.0000 104.5683 301.0000
   6.191   0.9163   0.03887   0.01955  -0.0250   0.2127   1.0000 105.0550 301.0000
   6.276   0.9205   0.03974   0.02055  -0.0242   0.2090   1.0000 105.4988 301.0000
   6.362   0.9295   0.04034   0.02088  -0.0241   0.2051   1.0000 105.9485 301.0000
   6.447   0.9332   0.04129   0.02193  -0.0233   0.2019   1.0000 106.3379 301.0000
   6.533   0.9397   0.04205   0.02261  -0.0229   0.1984   1.0000 106.7493 301.0000
   6.618   0.9469   0.04285   0.02322  -0.0226   0.1954   1.0000 107.1092 301.0000
   6.704   0.9497   0.04388   0.02437  -0.0218   0.1926   1.0000 107.4442 301.0000
   6.789   0.9572   0.04459   0.02490  -0.0214   0.1894   1.0000 107.8359 301.0000
   6.874   0.9619   0.04552   0.02574  -0.0209   0.1867   1.0000 108.1650 301.0000
   6.960   0.9641   0.04660   0.02692  -0.0200   0.1842   1.0000 108.4684 301.0000
   7.045   0.9708   0.04738   0.02755  -0.0197   0.1815   1.0000 108.8079 301.0000
   7.131   0.9765   0.04830   0.02829  -0.0192   0.1791   1.0000 109.0995 301.0000
   7.216   0.9764   0.04958   0.02972  -0.0183   0.1774   1.0000 109.3131 301.0000
   7.301   0.9786   0.05069   0.03084  -0.0175   0.1754   1.0000 109.5703 301.0000
   7.472   0.9890   0.05255   0.03237  -0.0166   0.1710   1.0000 110.1204 301.0000
   7.558   0.9874   0.05398   0.03392  -0.0156   0.1700   1.0000 110.2513 301.0000
   7.643   0.9864   0.05537   0.03537  -0.0148   0.1689   1.0000 110.3919 301.0000
   7.729   0.9866   0.05666   0.03668  -0.0140   0.1676   1.0000 110.5517 301.0000
   7.814   0.9905   0.05768   0.03757  -0.0135   0.1659   1.0000 110.7742 301.0000
   7.899   0.9985   0.05850   0.03806  -0.0133   0.1638   1.0000 111.0429 301.0000
   7.985   0.9947   0.06011   0.03974  -0.0124   0.1634   1.0000 111.0901 301.0000
   8.070   0.9910   0.06173   0.04142  -0.0115   0.1631   1.0000 111.1236 301.0000
   8.156   0.9872   0.06337   0.04309  -0.0107   0.1630   1.0000 111.1419 301.0000
   8.241   0.9832   0.06504   0.04478  -0.0099   0.1630   1.0000 111.1455 301.0000
   8.327   0.9787   0.06672   0.04647  -0.0092   0.1630   1.0000 111.1407 301.0000
   8.412   0.9738   0.06843   0.04818  -0.0086   0.1631   1.0000 111.1265 301.0000
   8.498   0.9686   0.07016   0.04989  -0.0079   0.1633   1.0000 111.1060 301.0000
   8.583   0.9632   0.07189   0.05160  -0.0074   0.1635   1.0000 111.0808 301.0000
   8.668   0.9578   0.07363   0.05331  -0.0069   0.1637   1.0000 111.0524 301.0000
   8.754   0.9526   0.07538   0.05501  -0.0064   0.1639   1.0000 111.0226 301.0000
   9.095   0.8899   0.08516   0.06513  -0.0058   0.1719   1.0000 110.0108 301.0000
   9.608   0.3843   0.09868   0.07175  -0.0161   0.3675   1.0000  88.6525 301.0000
   9.694   0.3962   0.10054   0.07323  -0.0163   0.3636   1.0000  89.0355 301.0000
   9.779   0.3864   0.10047   0.07353  -0.0162   0.3604   1.0000  89.3586 301.0000
   9.864   0.3916   0.10158   0.07460  -0.0162   0.3558   1.0000  89.8096 301.0000
   9.950   0.3965   0.10295   0.07575  -0.0163   0.3532   1.0000  90.0781 301.0000
  10.035   0.3897   0.10306   0.07622  -0.0163   0.3493   1.0000  90.4629 301.0000
  10.121   0.4017   0.10484   0.07766  -0.0163   0.3445   1.0000  90.9449 301.0000
  10.206   0.3960   0.10518   0.07825  -0.0164   0.3421   1.0000  91.1823 301.0000
  10.291   0.3949   0.10572   0.07901  -0.0164   0.3375   1.0000  91.6472 301.0000
  10.377   0.4067   0.10770   0.08051  -0.0164   0.3337   1.0000  92.0301 301.0000
  10.462   0.3976   0.10753   0.08091  -0.0165   0.3308   1.0000  92.3231 301.0000
  10.548   0.4014   0.10852   0.08194  -0.0165   0.3264   1.0000  92.7749 301.0000
  10.633   0.4084   0.11013   0.08323  -0.0166   0.3236   1.0000  93.0571 301.0000
  10.719   0.4012   0.11009   0.08374  -0.0168   0.3204   1.0000  93.3880 301.0000
  10.804   0.4076   0.11135   0.08491  -0.0167   0.3159   1.0000  93.8468 301.0000
  10.889   0.4099   0.11248   0.08597  -0.0169   0.3134   1.0000  94.1043 301.0000
  10.975   0.4054   0.11265   0.08663  -0.0170   0.3097   1.0000  94.4902 301.0000
  11.060   0.4158   0.11442   0.08802  -0.0169   0.3053   1.0000  94.9345 301.0000
  11.146   0.4126   0.11492   0.08883  -0.0172   0.3033   1.0000  95.1444 301.0000
  11.231   0.4099   0.11527   0.08960  -0.0174   0.2996   1.0000  95.5348 301.0000
  11.317   0.4192   0.11698   0.09097  -0.0173   0.2959   1.0000  95.9221 301.0000
  11.402   0.4174   0.11764   0.09187  -0.0175   0.2939   1.0000  96.1251 301.0000
  11.487   0.4142   0.11790   0.09264  -0.0178   0.2904   1.0000  96.4988 301.0000
  11.573   0.4234   0.11960   0.09399  -0.0177   0.2863   1.0000  96.9211 301.0000
  11.658   0.4217   0.12025   0.09491  -0.0179   0.2844   1.0000  97.1263 301.0000
  11.744   0.4187   0.12051   0.09572  -0.0182   0.2809   1.0000  97.4974 301.0000
  11.829   0.4267   0.12208   0.09702  -0.0181   0.2771   1.0000  97.8987 301.0000
  11.915   0.4274   0.12305   0.09808  -0.0183   0.2753   1.0000  98.0931 301.0000
  12.000   0.4233   0.12318   0.09888  -0.0187   0.2724   1.0000  98.4073 301.0000
