  
       XFOIL         Version 6.99
  
 Calculated polar for: Repaneled_Airfoil                               
  
 1 1 Reynolds number fixed          Mach number fixed         
  
 xtrf =   1.000 (top)        1.000 (bottom)  
 Mach =   0.000     Re =     0.050 e 6     Ncrit =   9.000  9.000
  
   alpha    CL        CD       CDp       CM     Top_Xtr  Bot_Xtr  Top_Itr  Bot_Itr
  ------ -------- --------- --------- -------- -------- -------- -------- --------
  -5.000  -0.3905   0.04562   0.03208  -0.0382   1.0000   0.1977   1.0000 194.9431
  -4.915  -0.3826   0.04451   0.03089  -0.0386   1.0000   0.1974   1.0000 194.9171
  -4.829  -0.3744   0.04342   0.02969  -0.0389   1.0000   0.1974   1.0000 194.9053
  -4.744  -0.3660   0.04237   0.02853  -0.0393   1.0000   0.1973   1.0000 194.8959
  -4.658  -0.3572   0.04135   0.02737  -0.0397   1.0000   0.1974   1.0000 194.9171
  -4.573  -0.3481   0.04037   0.02617  -0.0402   1.0000   0.1981   1.0000 194.9899
  -4.487  -0.3407   0.03968   0.02566  -0.0401   1.0000   0.1999   1.0000 195.2112
  -4.402  -0.3324   0.03896   0.02490  -0.0402   1.0000   0.2015   1.0000 195.4035
  -4.317  -0.3236   0.03819   0.02403  -0.0404   1.0000   0.2029   1.0000 195.5645
  -4.231  -0.3144   0.03742   0.02311  -0.0407   1.0000   0.2041   1.0000 195.7039
  -4.146  -0.3049   0.03669   0.02216  -0.0410   1.0000   0.2056   1.0000 195.8866
  -4.060  -0.2963   0.03604   0.02148  -0.0411   1.0000   0.2077   1.0000 196.1346
  -3.975  -0.2883   0.03551   0.02099  -0.0411   1.0000   0.2102   1.0000 196.4293
  -3.889  -0.2793   0.03494   0.02030  -0.0412   1.0000   0.2127   1.0000 196.7185
  -3.804  -0.2699   0.03438   0.01953  -0.0415   1.0000   0.2153   1.0000 197.0299
  -3.719  -0.2623   0.03391   0.01920  -0.0414   1.0000   0.2183   1.0000 197.3691
  -3.633  -0.2536   0.03345   0.01866  -0.0415   1.0000   0.2214   1.0000 197.7287
  -3.548  -0.2446   0.03298   0.01805  -0.0416   1.0000   0.2243   1.0000 198.0681
  -3.462  -0.2368   0.03257   0.01773  -0.0415   1.0000   0.2275   1.0000 198.4306
  -3.377  -0.2281   0.03219   0.01724  -0.0416   1.0000   0.2312   1.0000 198.8518
  -3.292  -0.2200   0.03181   0.01689  -0.0416   1.0000   0.2346   1.0000 199.2322
  -3.206  -0.2119   0.03148   0.01655  -0.0416   1.0000   0.2382   1.0000 199.6373
  -3.121  -0.2032   0.03116   0.01612  -0.0417   1.0000   0.2419   1.0000 200.0546
  -3.035  -0.1957   0.03085   0.01592  -0.0416   1.0000   0.2457   1.0000 200.4728
  -2.950  -0.1872   0.03061   0.01555  -0.0416   1.0000   0.2501   1.0000 200.9604
  -2.864  -0.1797   0.03033   0.01539  -0.0415   1.0000   0.2540   1.0000 201.3916
  -2.779  -0.1715   0.03014   0.01513  -0.0416   1.0000   0.2589   1.0000 201.9314
  -2.693  -0.1642   0.02992   0.01501  -0.0414   1.0000   0.2635   1.0000 202.4283
  -2.608  -0.1562   0.02977   0.01478  -0.0414   1.0000   0.2688   1.0000 202.9967
  -2.523  -0.1491   0.02958   0.01472  -0.0413   1.0000   0.2734   1.0000 203.4934
  -2.437  -0.1414   0.02946   0.01457  -0.0413   1.0000   0.2790   1.0000 204.0938
  -2.352  -0.1342   0.02933   0.01452  -0.0412   1.0000   0.2846   1.0000 204.6834
  -2.266  -0.1268   0.02923   0.01445  -0.0411   1.0000   0.2903   1.0000 205.2849
  -2.181  -0.1191   0.02917   0.01438  -0.0410   1.0000   0.2967   1.0000 205.9640
  -2.095  -0.1114   0.02911   0.01439  -0.0410   1.0000   0.3033   1.0000 206.6469
  -2.010  -0.1036   0.02907   0.01439  -0.0411   1.0000   0.3105   1.0000 207.3912
  -1.925  -0.0957   0.02905   0.01440  -0.0411   1.0000   0.3184   1.0000 208.2075
  -1.839  -0.0879   0.02903   0.01443  -0.0411   1.0000   0.3273   1.0000 209.1152
  -1.754  -0.0801   0.02903   0.01448  -0.0412   1.0000   0.3369   1.0000 210.0887
  -1.668  -0.0723   0.02902   0.01454  -0.0413   1.0000   0.3474   1.0000 211.1498
  -1.583  -0.0643   0.02901   0.01463  -0.0414   1.0000   0.3594   1.0000 212.3478
  -1.498  -0.0563   0.02900   0.01471  -0.0415   1.0000   0.3737   1.0000 213.7641
  -1.412  -0.0479   0.02896   0.01481  -0.0417   1.0000   0.3909   1.0000 215.4615
  -1.327  -0.0392   0.02889   0.01492  -0.0419   1.0000   0.4145   1.0000 217.7547
  -1.241  -0.0297   0.02871   0.01505  -0.0422   1.0000   0.4515   1.0000 221.3248
  -1.156  -0.0204   0.02823   0.01532  -0.0421   1.0000   0.5429   1.0000 230.0737
  -1.070  -0.0173   0.02734   0.01544  -0.0392   0.9993   0.7812   3.3515 254.5099
  -0.985   0.0117   0.02745   0.01540  -0.0432   0.9875   1.0000  11.6851 301.0000
  -0.899   0.0363   0.02793   0.01563  -0.0462   0.9800   1.0000  14.5273 301.0000
  -0.814   0.0595   0.02837   0.01590  -0.0490   0.9726   1.0000  16.8436 301.0000
  -0.729   0.0812   0.02876   0.01614  -0.0516   0.9652   1.0000  18.8740 301.0000
  -0.643   0.1009   0.02910   0.01637  -0.0537   0.9579   1.0000  20.7014 301.0000
  -0.558   0.1199   0.02942   0.01659  -0.0557   0.9509   1.0000  22.3037 301.0000
  -0.472   0.1383   0.02972   0.01680  -0.0576   0.9441   1.0000  23.7469 301.0000
  -0.387   0.1577   0.03003   0.01701  -0.0596   0.9380   1.0000  24.9944 301.0000
  -0.301   0.1722   0.03027   0.01719  -0.0608   0.9310   1.0000  26.3336 301.0000
  -0.216   0.1883   0.03051   0.01737  -0.0622   0.9245   1.0000  27.5260 301.0000
  -0.131   0.2046   0.03075   0.01754  -0.0636   0.9182   1.0000  28.6497 301.0000
  -0.045   0.2207   0.03097   0.01769  -0.0650   0.9119   1.0000  29.7279 301.0000
   0.040   0.2365   0.03117   0.01784  -0.0662   0.9056   1.0000  30.7727 301.0000
   0.126   0.2518   0.03136   0.01797  -0.0674   0.8993   1.0000  31.7894 301.0000
   0.211   0.2668   0.03154   0.01810  -0.0685   0.8929   1.0000  32.7872 301.0000
   0.296   0.2815   0.03170   0.01821  -0.0695   0.8864   1.0000  33.7657 301.0000
   0.382   0.2959   0.03185   0.01831  -0.0704   0.8800   1.0000  34.7274 301.0000
   0.467   0.3101   0.03198   0.01840  -0.0713   0.8734   1.0000  35.6730 301.0000
   0.553   0.3242   0.03210   0.01848  -0.0721   0.8669   1.0000  36.6011 301.0000
   0.638   0.3384   0.03221   0.01855  -0.0729   0.8604   1.0000  37.5034 301.0000
   0.724   0.3530   0.03229   0.01860  -0.0738   0.8540   1.0000  38.3760 301.0000
   0.809   0.3691   0.03234   0.01861  -0.0748   0.8479   1.0000  39.1924 301.0000
   0.894   0.3866   0.03234   0.01859  -0.0760   0.8421   1.0000  39.9617 301.0000
   0.980   0.3990   0.03239   0.01861  -0.0764   0.8351   1.0000  40.8701 301.0000
   1.065   0.4115   0.03244   0.01863  -0.0768   0.8281   1.0000  41.7577 301.0000
   1.151   0.4244   0.03247   0.01863  -0.0773   0.8212   1.0000  42.6228 301.0000
   1.236   0.4384   0.03246   0.01860  -0.0778   0.8146   1.0000  43.4334 301.0000
   1.322   0.4602   0.03224   0.01838  -0.0794   0.8100   1.0000  43.9973 301.0000
   1.407   0.4714   0.03226   0.01837  -0.0795   0.8027   1.0000  44.8814 301.0000
   1.492   0.4830   0.03226   0.01834  -0.0797   0.7955   1.0000  45.7377 301.0000
   1.578   0.4957   0.03223   0.01829  -0.0799   0.7886   1.0000  46.5478 301.0000
   1.663   0.5149   0.03198   0.01804  -0.0810   0.7836   1.0000  47.1307 301.0000
   1.749   0.5291   0.03184   0.01789  -0.0814   0.7772   1.0000  47.8686 301.0000
   1.920   0.5520   0.03171   0.01772  -0.0814   0.7631   1.0000  49.4668 301.0000
   2.005   0.5717   0.03129   0.01731  -0.0823   0.7588   1.0000  49.9437 301.0000
   2.091   0.5810   0.03129   0.01728  -0.0819   0.7512   1.0000  50.7906 301.0000
   2.176   0.5914   0.03124   0.01721  -0.0818   0.7440   1.0000  51.5811 301.0000
   2.261   0.6121   0.03071   0.01670  -0.0827   0.7402   1.0000  51.9915 301.0000
   2.347   0.6204   0.03074   0.01669  -0.0822   0.7323   1.0000  52.8436 301.0000
   2.432   0.6297   0.03073   0.01665  -0.0819   0.7248   1.0000  53.6474 301.0000
   2.518   0.6426   0.03054   0.01645  -0.0819   0.7187   1.0000  54.3013 301.0000
   2.603   0.6578   0.03022   0.01612  -0.0822   0.7133   1.0000  54.8694 301.0000
   2.688   0.6663   0.03027   0.01613  -0.0817   0.7058   1.0000  55.6537 301.0000
   2.774   0.6792   0.03008   0.01593  -0.0818   0.7000   1.0000  56.2602 301.0000
   2.859   0.6926   0.02986   0.01569  -0.0818   0.6944   1.0000  56.8463 301.0000
   2.945   0.7006   0.02995   0.01574  -0.0814   0.6872   1.0000  57.5863 301.0000
   3.030   0.7189   0.02946   0.01524  -0.0820   0.6834   1.0000  57.9829 301.0000
   3.201   0.7387   0.02948   0.01519  -0.0815   0.6709   1.0000  59.2560 301.0000
   3.286   0.7518   0.02932   0.01500  -0.0816   0.6657   1.0000  59.7766 301.0000
   3.372   0.7653   0.02916   0.01481  -0.0818   0.6610   1.0000  60.2598 301.0000
   3.457   0.7797   0.02898   0.01459  -0.0820   0.6564   1.0000  60.7227 301.0000
   3.543   0.7957   0.02872   0.01429  -0.0824   0.6524   1.0000  61.1165 301.0000
   3.628   0.8050   0.02891   0.01442  -0.0822   0.6467   1.0000  61.6888 301.0000
   3.714   0.8192   0.02882   0.01428  -0.0825   0.6425   1.0000  62.1096 301.0000
   3.799   0.8256   0.02923   0.01463  -0.0821   0.6364   1.0000  62.7130 301.0000
   3.884   0.8366   0.02938   0.01472  -0.0821   0.6318   1.0000  63.1718 301.0000
   3.970   0.8438   0.02976   0.01505  -0.0818   0.6264   1.0000  63.7026 301.0000
   4.055   0.8558   0.02987   0.01509  -0.0820   0.6223   1.0000  64.1087 301.0000
   4.141   0.8608   0.03040   0.01557  -0.0815   0.6168   1.0000  64.6478 301.0000
   4.226   0.8755   0.03036   0.01545  -0.0818   0.6133   1.0000  64.9879 301.0000
   4.312   0.8767   0.03112   0.01618  -0.0810   0.6077   1.0000  65.5432 301.0000
   4.397   0.8894   0.03120   0.01619  -0.0812   0.6041   1.0000  65.8954 301.0000
   4.482   0.8928   0.03184   0.01679  -0.0807   0.5993   1.0000  66.3591 301.0000
   4.568   0.9016   0.03217   0.01706  -0.0805   0.5954   1.0000  66.7400 301.0000
   4.653   0.9140   0.03229   0.01710  -0.0807   0.5923   1.0000  67.0444 301.0000
   4.739   0.9140   0.03315   0.01794  -0.0799   0.5875   1.0000  67.5082 301.0000
   4.824   0.9248   0.03336   0.01809  -0.0799   0.5842   1.0000  67.8247 301.0000
   4.910   0.9323   0.03379   0.01845  -0.0797   0.5808   1.0000  68.1534 301.0000
   4.995   0.9341   0.03457   0.01919  -0.0791   0.5768   1.0000  68.5442 301.0000
   5.080   0.9447   0.03480   0.01937  -0.0791   0.5738   1.0000  68.8273 301.0000
   5.166   0.9530   0.03520   0.01970  -0.0790   0.5709   1.0000  69.1113 301.0000
   5.251   0.9522   0.03617   0.02063  -0.0781   0.5670   1.0000  69.4875 301.0000
   5.337   0.9610   0.03652   0.02092  -0.0780   0.5641   1.0000  69.7688 301.0000
   5.422   0.9752   0.03654   0.02087  -0.0783   0.5618   1.0000  69.9892 301.0000
   5.508   0.9688   0.03791   0.02219  -0.0771   0.5578   1.0000  70.3660 301.0000
   5.593   0.9741   0.03851   0.02273  -0.0768   0.5548   1.0000  70.6550 301.0000
   5.678   0.9862   0.03864   0.02281  -0.0769   0.5524   1.0000  70.8899 301.0000
   5.764   0.9874   0.03953   0.02362  -0.0763   0.5493   1.0000  71.1828 301.0000
   5.849   0.9845   0.04072   0.02473  -0.0754   0.5459   1.0000  71.5072 301.0000
   5.935   0.9932   0.04109   0.02504  -0.0753   0.5433   1.0000  71.7595 301.0000
   6.020   1.0085   0.04100   0.02490  -0.0756   0.5412   1.0000  71.9652 301.0000
   6.106   0.9967   0.04287   0.02665  -0.0742   0.5377   1.0000  72.2918 301.0000
   6.191   0.9947   0.04405   0.02774  -0.0735   0.5348   1.0000  72.5768 301.0000
   6.276   1.0050   0.04431   0.02795  -0.0734   0.5324   1.0000  72.8020 301.0000
   6.362   1.0231   0.04402   0.02761  -0.0739   0.5305   1.0000  72.9860 301.0000
   6.447   0.9980   0.04701   0.03040  -0.0719   0.5271   1.0000  73.3119 301.0000
   6.533   0.9907   0.04869   0.03193  -0.0711   0.5243   1.0000  73.5806 301.0000
   6.618   1.0014   0.04891   0.03210  -0.0710   0.5220   1.0000  73.7983 301.0000
   6.789   0.9767   0.05324   0.03602  -0.0691   0.5167   1.0000  74.3048 301.0000
   7.131   0.9123   0.06417   0.04595  -0.0670   0.5075   1.0000  75.1804 301.0000
   7.216   0.8805   0.06882   0.05030  -0.0673   0.5060   1.0000  75.3201 301.0000
   7.301   0.8680   0.07137   0.05269  -0.0675   0.5046   1.0000  75.4539 301.0000
   7.387   0.8637   0.07311   0.05431  -0.0675   0.5031   1.0000  75.6016 301.0000
   7.558   0.8873   0.07343   0.05444  -0.0671   0.4983   1.0000  76.0605 301.0000
   7.643   0.8708   0.07641   0.05725  -0.0674   0.4976   1.0000  76.1276 301.0000
   7.729   0.8589   0.07887   0.05958  -0.0676   0.4968   1.0000  76.1983 301.0000
   7.814   0.8501   0.08102   0.06162  -0.0677   0.4960   1.0000  76.2733 301.0000
   7.899   0.8436   0.08294   0.06345  -0.0679   0.4953   1.0000  76.3483 301.0000
   7.985   0.8388   0.08471   0.06514  -0.0680   0.4945   1.0000  76.4240 301.0000
   8.070   0.8357   0.08632   0.06665  -0.0681   0.4934   1.0000  76.5214 301.0000
   8.156   0.8609   0.08528   0.06546  -0.0676   0.4877   1.0000  77.0649 301.0000
   8.241   0.8526   0.08740   0.06749  -0.0678   0.4873   1.0000  77.1098 301.0000
   8.327   0.8460   0.08936   0.06938  -0.0680   0.4869   1.0000  77.1487 301.0000
   8.412   0.8403   0.09122   0.07117  -0.0682   0.4865   1.0000  77.1868 301.0000
   8.498   0.8355   0.09301   0.07290  -0.0685   0.4861   1.0000  77.2209 301.0000
   8.583   0.8315   0.09474   0.07458  -0.0687   0.4858   1.0000  77.2478 301.0000
   8.668   0.8279   0.09644   0.07622  -0.0689   0.4856   1.0000  77.2724 301.0000
   8.754   0.8248   0.09810   0.07784  -0.0692   0.4854   1.0000  77.2893 301.0000
   8.839   0.8221   0.09976   0.07945  -0.0694   0.4854   1.0000  77.2854 301.0000
   8.925   0.8199   0.10140   0.08106  -0.0697   0.4856   1.0000  77.2712 301.0000
   9.010   0.8180   0.10304   0.08265  -0.0700   0.4859   1.0000  77.2446 301.0000
   9.095   0.8169   0.10466   0.08424  -0.0704   0.4863   1.0000  77.2015 301.0000
   9.181   0.8164   0.10628   0.08581  -0.0707   0.4868   1.0000  77.1523 301.0000
   9.266   0.8169   0.10788   0.08736  -0.0711   0.4874   1.0000  77.0978 301.0000
   9.352   0.8181   0.10948   0.08889  -0.0715   0.4879   1.0000  77.0468 301.0000
   9.608   0.8268   0.11131   0.09053  -0.0699   0.4654   1.0000  79.1952 301.0000
   9.694   0.8249   0.11303   0.09224  -0.0702   0.4656   1.0000  79.1765 301.0000
   9.779   0.8241   0.11475   0.09395  -0.0706   0.4661   1.0000  79.1367 301.0000
   9.864   0.8241   0.11648   0.09565  -0.0711   0.4666   1.0000  79.0880 301.0000
   9.950   0.8253   0.11822   0.09734  -0.0715   0.4671   1.0000  79.0365 301.0000
  10.121   0.8239   0.11954   0.09877  -0.0704   0.4500   1.0000  80.6788 301.0000
  10.206   0.8235   0.12119   0.10045  -0.0707   0.4493   1.0000  80.7397 301.0000
  10.291   0.8236   0.12286   0.10214  -0.0711   0.4487   1.0000  80.7990 301.0000
  10.377   0.8242   0.12456   0.10384  -0.0714   0.4481   1.0000  80.8590 301.0000
  10.462   0.8254   0.12630   0.10556  -0.0718   0.4475   1.0000  80.9150 301.0000
  10.548   0.8270   0.12811   0.10733  -0.0723   0.4470   1.0000  80.9647 301.0000
  10.633   0.8230   0.12879   0.10823  -0.0717   0.4381   1.0000  81.8179 301.0000
  10.719   0.8242   0.13059   0.11003  -0.0721   0.4374   1.0000  81.8845 301.0000
  10.804   0.8239   0.13244   0.11194  -0.0726   0.4370   1.0000  81.9193 301.0000
  10.889   0.8217   0.13428   0.11392  -0.0730   0.4370   1.0000  81.9218 301.0000
  10.975   0.8164   0.13605   0.11598  -0.0735   0.4375   1.0000  81.8782 301.0000
  11.060   0.8133   0.13752   0.11761  -0.0736   0.4343   1.0000  82.1819 301.0000
  11.146   1.3158   0.05005   0.02316  -0.0265   0.1862   1.0000 108.2721 301.0000
  11.231   1.3173   0.05050   0.02322  -0.0256   0.1811   1.0000 108.8906 301.0000
  11.317   1.3146   0.05145   0.02395  -0.0245   0.1773   1.0000 109.3708 301.0000
  11.402   1.3196   0.05170   0.02370  -0.0239   0.1721   1.0000 110.0203 301.0000
  11.487   1.3149   0.05287   0.02474  -0.0229   0.1691   1.0000 110.4011 301.0000
  11.573   1.3216   0.05314   0.02447  -0.0223   0.1641   1.0000 111.0415 301.0000
  11.658   1.3170   0.05436   0.02558  -0.0214   0.1615   1.0000 111.3745 301.0000
  11.744   1.3262   0.05464   0.02529  -0.0211   0.1566   1.0000 112.0166 301.0000
  11.829   1.3212   0.05594   0.02650  -0.0202   0.1546   1.0000 112.2779 301.0000
  11.915   1.3217   0.05687   0.02717  -0.0195   0.1517   1.0000 112.6702 301.0000
  12.000   1.3280   0.05750   0.02735  -0.0191   0.1480   1.0000 113.1605 301.0000
