--------------------------------------------------------------
  XFOIL-like Polar Output (Generated by NeuralFoil)
--------------------------------------------------------------
  alpha     CL        CD       Cm        CL/CD
--------------------------------------------------------------
  -5.000  -0.51223   0.01955  -0.01803  -26.19634
  -4.915  -0.50568   0.01944  -0.01766  -26.00928
  -4.829  -0.49909   0.01934  -0.01730  -25.81229
  -4.744  -0.49247   0.01923  -0.01694  -25.60500
  -4.658  -0.48583   0.01914  -0.01659  -25.38653
  -4.573  -0.47916   0.01905  -0.01625  -25.15579
  -4.487  -0.47245   0.01896  -0.01592  -24.91202
  -4.402  -0.46572   0.01889  -0.01560  -24.65496
  -4.317  -0.45893   0.01882  -0.01529  -24.38469
  -4.231  -0.45209   0.01876  -0.01499  -24.10143
  -4.146  -0.44518   0.01870  -0.01471  -23.80544
  -4.060  -0.43818   0.01865  -0.01445  -23.49697
  -3.975  -0.43106   0.01860  -0.01421  -23.17620
  -3.889  -0.42381   0.01855  -0.01399  -22.84328
  -3.804  -0.41642   0.01851  -0.01381  -22.49832
  -3.719  -0.40886   0.01847  -0.01366  -22.14133
  -3.633  -0.40113   0.01842  -0.01355  -21.77217
  -3.548  -0.39319   0.01838  -0.01348  -21.39020
  -3.462  -0.38501   0.01834  -0.01346  -20.99411
  -3.377  -0.37653   0.01829  -0.01350  -20.58196
  -3.291  -0.36771   0.01825  -0.01360  -20.15152
  -3.206  -0.35848   0.01820  -0.01378  -19.70050
  -3.121  -0.34878   0.01814  -0.01405  -19.22634
  -3.035  -0.33856   0.01808  -0.01442  -18.72587
  -2.950  -0.32779   0.01802  -0.01488  -18.19541
  -2.864  -0.31646   0.01795  -0.01545  -17.63152
  -2.779  -0.30457   0.01788  -0.01610  -17.03227
  -2.693  -0.29219   0.01782  -0.01682  -16.39834
  -2.608  -0.27940   0.01776  -0.01761  -15.73342
  -2.523  -0.26632   0.01770  -0.01842  -15.04389
  -2.437  -0.25309   0.01765  -0.01923  -14.33775
  -2.352  -0.23985   0.01761  -0.02003  -13.62315
  -2.266  -0.22670   0.01756  -0.02078  -12.90684
  -2.181  -0.21373   0.01753  -0.02147  -12.19306
  -2.095  -0.20095   0.01750  -0.02209  -11.48378
  -2.010  -0.18839   0.01747  -0.02262  -10.78098
  -1.925  -0.17614   0.01745  -0.02302  -10.09139
  -1.839  -0.16444   0.01743  -0.02323  -9.43241
  -1.754  -0.15372   0.01740  -0.02316  -8.83249
  -1.668  -0.14423   0.01736  -0.02273  -8.31004
  -1.583  -0.13519   0.01729  -0.02213  -7.81706
  -1.497  -0.12413   0.01725  -0.02189  -7.19612
  -1.412  -0.10823   0.01726  -0.02264  -6.27160
  -1.327  -0.08687   0.01732  -0.02452  -5.01488
  -1.241  -0.06143   0.01742  -0.02726  -3.52690
  -1.156  -0.03336   0.01752  -0.03057  -1.90424
  -1.070  -0.00362   0.01760  -0.03429  -0.20572
  -0.985   0.02659   0.01766  -0.03819   1.50565
  -0.899   0.05562   0.01770  -0.04198   3.14283
  -0.814   0.08178   0.01771  -0.04531   4.61887
  -0.729   0.10407   0.01769  -0.04799   5.88404
  -0.643   0.12252   0.01765  -0.04998   6.94163
  -0.558   0.13788   0.01760  -0.05141   7.83445
  -0.472   0.15123   0.01755  -0.05245   8.61921
  -0.387   0.16352   0.01750  -0.05327   9.34667
  -0.302   0.17544   0.01745  -0.05399  10.05357
  -0.216   0.18743   0.01741  -0.05469  10.76274
  -0.131   0.19970   0.01739  -0.05542  11.48650
  -0.045   0.21237   0.01736  -0.05619  12.23004
   0.040   0.22541   0.01735  -0.05700  12.99418
   0.126   0.23878   0.01733  -0.05785  13.77720
   0.211   0.25240   0.01732  -0.05872  14.57617
   0.296   0.26620   0.01730  -0.05960  15.38765
   0.382   0.28008   0.01728  -0.06048  16.20800
   0.467   0.29396   0.01726  -0.06133  17.03352
   0.553   0.30777   0.01723  -0.06215  17.86025
   0.638   0.32144   0.01720  -0.06292  18.68397
   0.724   0.33490   0.01717  -0.06364  19.50015
   0.809   0.34807   0.01714  -0.06427  20.30410
   0.894   0.36090   0.01711  -0.06483  21.09117
   0.980   0.37333   0.01708  -0.06529  21.85713
   1.065   0.38533   0.01705  -0.06564  22.59847
   1.151   0.39687   0.01702  -0.06589  23.31272
   1.236   0.40794   0.01700  -0.06604  23.99862
   1.322   0.41855   0.01698  -0.06607  24.65622
   1.407   0.42872   0.01695  -0.06601  25.28677
   1.492   0.43850   0.01694  -0.06586  25.89251
   1.578   0.44791   0.01692  -0.06563  26.47645
   1.663   0.45702   0.01690  -0.06532  27.04206
   1.749   0.46587   0.01688  -0.06495  27.59306
   1.834   0.47451   0.01687  -0.06453  28.13316
   1.920   0.48297   0.01685  -0.06407  28.66595
   2.005   0.49131   0.01683  -0.06356  29.19478
   2.090   0.49955   0.01681  -0.06304  29.72261
   2.176   0.50771   0.01678  -0.06248  30.25198
   2.261   0.51583   0.01676  -0.06191  30.78489
   2.347   0.52390   0.01673  -0.06133  31.32276
   2.432   0.53195   0.01669  -0.06073  31.86640
   2.518   0.53996   0.01666  -0.06012  32.41605
   2.603   0.54795   0.01662  -0.05950  32.97151
   2.688   0.55590   0.01658  -0.05887  33.53232
   2.774   0.56381   0.01654  -0.05822  34.09795
   2.859   0.57169   0.01649  -0.05756  34.66801
   2.945   0.57953   0.01644  -0.05689  35.24242
   3.030   0.58734   0.01640  -0.05621  35.82149
   3.116   0.59512   0.01635  -0.05552  36.40584
   3.201   0.60287   0.01630  -0.05483  36.99634
   3.286   0.61062   0.01624  -0.05413  37.59382
   3.372   0.61835   0.01619  -0.05344  38.19882
   3.457   0.62609   0.01613  -0.05274  38.81133
   3.543   0.63382   0.01607  -0.05205  39.43061
   3.628   0.64155   0.01602  -0.05137  40.05505
   3.714   0.64928   0.01596  -0.05070  40.68218
   3.799   0.65700   0.01590  -0.05003  41.30874
   3.884   0.66470   0.01585  -0.04937  41.93086
   3.970   0.67238   0.01580  -0.04871  42.54435
   4.055   0.68003   0.01576  -0.04806  43.14500
   4.141   0.68762   0.01572  -0.04741  43.72893
   4.226   0.69517   0.01569  -0.04677  44.29285
   4.312   0.70265   0.01567  -0.04613  44.83430
   4.397   0.71007   0.01566  -0.04549  45.35161
   4.482   0.71741   0.01565  -0.04485  45.84378
   4.568   0.72469   0.01565  -0.04421  46.31017
   4.653   0.73190   0.01566  -0.04356  46.75015
   4.739   0.73904   0.01567  -0.04291  47.16290
   4.824   0.74611   0.01569  -0.04224  47.54740
   4.910   0.75311   0.01572  -0.04156  47.90237
   4.995   0.76003   0.01576  -0.04087  48.22603
   5.080   0.76685   0.01581  -0.04015  48.51503
   5.166   0.77355   0.01586  -0.03942  48.76243
   5.251   0.78010   0.01594  -0.03865  48.95458
   5.337   0.78645   0.01603  -0.03786  49.06821
   5.422   0.79253   0.01615  -0.03702  49.07096
   5.508   0.79831   0.01632  -0.03613  48.93054
   5.593   0.80374   0.01653  -0.03520  48.63335
   5.678   0.80882   0.01678  -0.03423  48.19767
   5.764   0.81360   0.01707  -0.03324  47.66174
   5.849   0.81809   0.01739  -0.03225  47.05676
   5.935   0.82234   0.01772  -0.03126  46.39558
   6.020   0.82638   0.01809  -0.03029  45.68097
   6.106   0.83026   0.01849  -0.02933  44.91499
   6.191   0.83405   0.01891  -0.02839  44.10480
   6.276   0.83785   0.01936  -0.02749  43.26872
   6.362   0.84181   0.01984  -0.02663  42.43814
   6.447   0.84608   0.02031  -0.02584  41.64959
   6.533   0.85079   0.02079  -0.02511  40.93113
   6.618   0.85600   0.02124  -0.02445  40.29410
   6.704   0.86171   0.02169  -0.02387  39.73648
   6.789   0.86791   0.02211  -0.02336  39.25002
   6.874   0.87458   0.02253  -0.02291  38.82313
   6.960   0.88164   0.02293  -0.02252  38.44204
   7.045   0.88904   0.02334  -0.02217  38.09342
   7.131   0.89671   0.02374  -0.02185  37.76664
   7.216   0.90459   0.02415  -0.02156  37.45458
   7.302   0.91265   0.02456  -0.02129  37.15304
   7.387   0.92085   0.02498  -0.02104  36.85972
   7.472   0.92917   0.02541  -0.02080  36.57328
   7.558   0.93759   0.02583  -0.02057  36.29277
   7.643   0.94609   0.02627  -0.02036  36.01730
   7.729   0.95464   0.02671  -0.02016  35.74594
   7.814   0.96322   0.02715  -0.01996  35.47770
   7.899   0.97181   0.02760  -0.01977  35.21159
   7.985   0.98039   0.02805  -0.01959  34.94664
   8.070   0.98895   0.02851  -0.01941  34.68194
   8.156   0.99746   0.02898  -0.01923  34.41663
   8.241   1.00590   0.02946  -0.01905  34.14989
   8.327   1.01428   0.02994  -0.01887  33.88098
   8.412   1.02257   0.03043  -0.01869  33.60922
   8.497   1.03076   0.03092  -0.01851  33.33399
   8.583   1.03885   0.03143  -0.01832  33.05471
   8.668   1.04682   0.03194  -0.01813  32.77086
   8.754   1.05467   0.03247  -0.01793  32.48194
   8.839   1.06239   0.03301  -0.01772  32.18753
   8.925   1.06996   0.03355  -0.01750  31.88723
   9.010   1.07739   0.03412  -0.01727  31.58074
   9.095   1.08465   0.03469  -0.01703  31.26784
   9.181   1.09175   0.03528  -0.01678  30.94838
   9.266   1.09867   0.03588  -0.01651  30.62231
   9.352   1.10541   0.03649  -0.01622  30.28969
   9.437   1.11195   0.03713  -0.01592  29.95065
   9.523   1.11830   0.03777  -0.01560  29.60542
   9.608   1.12443   0.03844  -0.01525  29.25429
   9.693   1.13035   0.03912  -0.01489  28.89765
   9.779   1.13606   0.03981  -0.01450  28.53594
   9.864   1.14154   0.04052  -0.01409  28.16965
   9.950   1.14679   0.04125  -0.01366  27.79930
  10.035   1.15181   0.04200  -0.01320  27.42546
  10.121   1.15659   0.04276  -0.01272  27.04868
  10.206   1.16114   0.04354  -0.01221  26.66948
  10.291   1.16545   0.04433  -0.01168  26.28836
  10.377   1.16952   0.04515  -0.01111  25.90570
  10.462   1.17334   0.04597  -0.01052  25.52176
  10.548   1.17690   0.04682  -0.00990  25.13663
  10.633   1.18020   0.04768  -0.00924  24.75015
  10.719   1.18323   0.04857  -0.00856  24.36188
  10.804   1.18594   0.04947  -0.00783  23.97096
  10.889   1.18833   0.05040  -0.00707  23.57606
  10.975   1.19032   0.05136  -0.00627  23.17517
  11.060   1.19186   0.05235  -0.00542  22.76551
  11.146   1.19283   0.05339  -0.00453  22.34328
  11.231   1.19309   0.05447  -0.00359  21.90354
  11.317   1.19245   0.05562  -0.00260  21.44006
  11.402   1.19066   0.05685  -0.00157  20.94557
  11.487   1.18742   0.05817  -0.00050  20.41242
  11.573   1.18244   0.05962   0.00060  19.83433
  11.658   1.17546   0.06119   0.00173  19.20980
  11.744   1.16642   0.06289   0.00285  18.54765
  11.829   1.15567   0.06465   0.00398  17.87499
  11.915   1.14414   0.06635   0.00510  17.24505
  12.000   1.13355   0.06772   0.00625  16.73771
