--------------------------------------------------------------
  XFOIL-like Polar Output (Generated by NeuralFoil)
--------------------------------------------------------------
  alpha     CL        CD       Cm        CL/CD
--------------------------------------------------------------
  -5.000  -0.45145   0.02043  -0.02259  -22.09321
  -4.915  -0.44379   0.02021  -0.02238  -21.95890
  -4.829  -0.43617   0.01999  -0.02219  -21.82139
  -4.744  -0.42863   0.01977  -0.02199  -21.68601
  -4.658  -0.42122   0.01954  -0.02179  -21.55795
  -4.573  -0.41396   0.01931  -0.02158  -21.43793
  -4.487  -0.40683   0.01908  -0.02137  -21.32113
  -4.402  -0.39980   0.01886  -0.02114  -21.19997
  -4.317  -0.39283   0.01865  -0.02091  -21.06768
  -4.231  -0.38588   0.01845  -0.02068  -20.91995
  -4.146  -0.37892   0.01826  -0.02044  -20.75421
  -4.060  -0.37191   0.01808  -0.02021  -20.56719
  -3.975  -0.36481   0.01792  -0.02000  -20.35365
  -3.889  -0.35762   0.01778  -0.01979  -20.10816
  -3.804  -0.35033   0.01767  -0.01960  -19.82872
  -3.719  -0.34295   0.01757  -0.01942  -19.51844
  -3.633  -0.33550   0.01749  -0.01925  -19.18425
  -3.548  -0.32795   0.01741  -0.01908  -18.83422
  -3.462  -0.32032   0.01734  -0.01892  -18.47447
  -3.377  -0.31258   0.01726  -0.01876  -18.10588
  -3.291  -0.30468   0.01719  -0.01861  -17.72312
  -3.206  -0.29658   0.01713  -0.01848  -17.31708
  -3.121  -0.28819   0.01707  -0.01839  -16.87893
  -3.035  -0.27945   0.01704  -0.01834  -16.40258
  -2.950  -0.27028   0.01702  -0.01836  -15.88463
  -2.864  -0.26061   0.01701  -0.01845  -15.32323
  -2.779  -0.25038   0.01701  -0.01861  -14.71759
  -2.693  -0.23959   0.01703  -0.01884  -14.06876
  -2.608  -0.22826   0.01706  -0.01914  -13.38133
  -2.523  -0.21651   0.01709  -0.01945  -12.66534
  -2.437  -0.20456   0.01714  -0.01975  -11.93749
  -2.352  -0.19274   0.01718  -0.01996  -11.22049
  -2.266  -0.18138   0.01721  -0.02002  -10.53853
  -2.181  -0.17063   0.01723  -0.01989  -9.90331
  -2.095  -0.16000   0.01723  -0.01968  -9.28614
  -2.010  -0.14803   0.01723  -0.01969  -8.59268
  -1.925  -0.13268   0.01725  -0.02038  -7.69265
  -1.839  -0.11270   0.01730  -0.02202  -6.51271
  -1.754  -0.08843   0.01739  -0.02458  -5.08340
  -1.668  -0.06106   0.01750  -0.02781  -3.48942
  -1.583  -0.03199   0.01760  -0.03145  -1.81826
  -1.497  -0.00268   0.01768  -0.03523  -0.15183
  -1.412   0.02542   0.01773  -0.03886   1.43406
  -1.327   0.05114   0.01775  -0.04212   2.88041
  -1.241   0.07379   0.01775  -0.04486   4.15693
  -1.156   0.09334   0.01773  -0.04705   5.26538
  -1.070   0.11024   0.01769  -0.04876   6.23293
  -0.985   0.12522   0.01764  -0.05011   7.09974
  -0.899   0.13904   0.01759  -0.05122   7.90659
  -0.814   0.15233   0.01754  -0.05221   8.68678
  -0.729   0.16553   0.01749  -0.05316   9.46329
  -0.643   0.17889   0.01745  -0.05411  10.24964
  -0.558   0.19253   0.01742  -0.05508  11.05238
  -0.472   0.20647   0.01739  -0.05607  11.87355
  -0.387   0.22069   0.01736  -0.05709  12.71260
  -0.302   0.23512   0.01733  -0.05812  13.56777
  -0.216   0.24970   0.01730  -0.05914  14.43686
  -0.131   0.26434   0.01726  -0.06015  15.31766
  -0.045   0.27898   0.01721  -0.06112  16.20802
   0.040   0.29355   0.01716  -0.06206  17.10565
   0.126   0.30798   0.01710  -0.06295  18.00782
   0.211   0.32218   0.01704  -0.06376  18.91102
   0.296   0.33609   0.01697  -0.06450  19.81092
   0.382   0.34964   0.01689  -0.06514  20.70241
   0.467   0.36273   0.01681  -0.06568  21.58006
   0.553   0.37532   0.01673  -0.06610  22.43877
   0.638   0.38737   0.01664  -0.06640  23.27448
   0.724   0.39886   0.01656  -0.06658  24.08480
   0.809   0.40982   0.01648  -0.06664  24.86937
   0.894   0.42028   0.01640  -0.06659  25.62982
   0.980   0.43032   0.01632  -0.06645  26.36940
   1.065   0.44001   0.01624  -0.06624  27.09235
   1.151   0.44944   0.01616  -0.06597  27.80330
   1.236   0.45867   0.01609  -0.06565  28.50661
   1.322   0.46778   0.01602  -0.06531  29.20594
   1.407   0.47682   0.01595  -0.06495  29.90393
   1.492   0.48584   0.01588  -0.06458  30.60208
   1.578   0.49484   0.01581  -0.06421  31.30068
   1.663   0.50384   0.01575  -0.06384  31.99896
   1.749   0.51283   0.01569  -0.06347  32.69521
   1.834   0.52182   0.01563  -0.06309  33.38703
   1.920   0.53077   0.01558  -0.06271  34.07170
   2.005   0.53968   0.01553  -0.06233  34.74641
   2.090   0.54853   0.01549  -0.06193  35.40866
   2.176   0.55732   0.01546  -0.06153  36.05646
   2.261   0.56603   0.01543  -0.06111  36.68849
   2.347   0.57468   0.01541  -0.06068  37.30416
   2.432   0.58326   0.01539  -0.06023  37.90355
   2.518   0.59178   0.01538  -0.05977  38.48719
   2.603   0.60025   0.01537  -0.05931  39.05592
   2.688   0.60868   0.01537  -0.05884  39.61057
   2.774   0.61707   0.01537  -0.05836  40.15178
   2.859   0.62543   0.01537  -0.05788  40.67989
   2.945   0.63376   0.01538  -0.05739  41.19486
   3.030   0.64207   0.01540  -0.05691  41.69630
   3.116   0.65036   0.01542  -0.05643  42.18361
   3.201   0.65863   0.01544  -0.05594  42.65605
   3.286   0.66688   0.01547  -0.05546  43.11284
   3.372   0.67510   0.01550  -0.05498  43.55328
   3.457   0.68330   0.01554  -0.05451  43.97671
   3.543   0.69147   0.01558  -0.05404  44.38256
   3.628   0.69961   0.01563  -0.05357  44.77026
   3.714   0.70770   0.01568  -0.05310  45.13928
   3.799   0.71575   0.01573  -0.05264  45.48905
   3.884   0.72375   0.01580  -0.05217  45.81902
   3.970   0.73170   0.01586  -0.05171  46.12863
   4.055   0.73959   0.01593  -0.05124  46.41740
   4.141   0.74742   0.01601  -0.05077  46.68504
   4.226   0.75520   0.01609  -0.05030  46.93163
   4.312   0.76294   0.01618  -0.04982  47.15780
   4.397   0.77062   0.01627  -0.04934  47.36476
   4.482   0.77826   0.01637  -0.04886  47.55424
   4.568   0.78586   0.01647  -0.04837  47.72829
   4.653   0.79341   0.01657  -0.04787  47.88899
   4.739   0.80091   0.01667  -0.04738  48.03821
   4.824   0.80836   0.01678  -0.04688  48.17729
   4.910   0.81575   0.01689  -0.04637  48.30696
   4.995   0.82310   0.01700  -0.04586  48.42722
   5.080   0.83038   0.01711  -0.04534  48.53739
   5.166   0.83760   0.01722  -0.04481  48.63596
   5.251   0.84476   0.01734  -0.04428  48.72032
   5.337   0.85184   0.01746  -0.04373  48.78635
   5.422   0.85885   0.01759  -0.04317  48.82843
   5.508   0.86576   0.01773  -0.04260  48.84001
   5.593   0.87259   0.01788  -0.04201  48.81530
   5.678   0.87932   0.01804  -0.04141  48.75166
   5.764   0.88596   0.01821  -0.04080  48.65140
   5.849   0.89252   0.01839  -0.04017  48.52139
   5.935   0.89900   0.01859  -0.03954  48.37005
   6.020   0.90541   0.01878  -0.03889  48.20390
   6.106   0.91174   0.01898  -0.03824  48.02558
   6.191   0.91799   0.01919  -0.03759  47.83424
   6.276   0.92416   0.01940  -0.03693  47.62709
   6.362   0.93024   0.01962  -0.03627  47.40090
   6.447   0.93622   0.01986  -0.03560  47.15241
   6.533   0.94210   0.02010  -0.03493  46.87807
   6.618   0.94786   0.02035  -0.03425  46.57426
   6.704   0.95351   0.02062  -0.03359  46.23846
   6.789   0.95906   0.02091  -0.03293  45.86963
   6.874   0.96454   0.02121  -0.03229  45.46722
   6.960   0.96994   0.02154  -0.03165  45.03100
   7.045   0.97528   0.02189  -0.03103  44.56318
   7.131   0.98061   0.02225  -0.03041  44.07034
   7.216   0.98596   0.02263  -0.02979  43.56210
   7.302   0.99137   0.02303  -0.02919  43.04888
   7.387   0.99688   0.02343  -0.02861  42.54202
   7.472   1.00253   0.02384  -0.02805  42.05218
   7.558   1.00835   0.02425  -0.02752  41.58505
   7.643   1.01434   0.02466  -0.02701  41.13969
   7.729   1.02046   0.02507  -0.02652  40.71119
   7.814   1.02669   0.02548  -0.02604  40.29412
   7.899   1.03300   0.02590  -0.02557  39.88446
   7.985   1.03939   0.02633  -0.02510  39.47992
   8.070   1.04585   0.02676  -0.02465  39.07949
   8.156   1.05237   0.02720  -0.02420  38.68301
   8.241   1.05896   0.02766  -0.02376  38.29089
   8.327   1.06562   0.02811  -0.02334  37.90411
   8.412   1.07237   0.02858  -0.02293  37.52396
   8.497   1.07919   0.02905  -0.02254  37.15184
   8.583   1.08611   0.02952  -0.02216  36.78877
   8.668   1.09311   0.03000  -0.02181  36.43512
   8.754   1.10018   0.03048  -0.02147  36.09057
   8.839   1.10733   0.03097  -0.02115  35.75417
   8.925   1.11452   0.03146  -0.02084  35.42453
   9.010   1.12173   0.03196  -0.02055  35.10006
   9.095   1.12896   0.03246  -0.02027  34.77908
   9.181   1.13618   0.03297  -0.02000  34.46001
   9.266   1.14337   0.03349  -0.01974  34.14140
   9.352   1.15052   0.03402  -0.01949  33.82199
   9.437   1.15760   0.03455  -0.01924  33.50069
   9.523   1.16460   0.03510  -0.01898  33.17663
   9.608   1.17150   0.03566  -0.01873  32.84907
   9.693   1.17829   0.03624  -0.01848  32.51745
   9.779   1.18495   0.03682  -0.01822  32.18134
   9.864   1.19147   0.03742  -0.01795  31.84044
   9.950   1.19784   0.03803  -0.01767  31.49455
  10.035   1.20403   0.03866  -0.01739  31.14356
  10.121   1.21003   0.03930  -0.01708  30.78746
  10.206   1.21584   0.03996  -0.01676  30.42630
  10.291   1.22143   0.04063  -0.01643  30.06022
  10.377   1.22679   0.04132  -0.01606  29.68938
  10.462   1.23191   0.04202  -0.01568  29.31400
  10.548   1.23677   0.04274  -0.01527  28.93436
  10.633   1.24136   0.04348  -0.01483  28.55071
  10.719   1.24567   0.04423  -0.01435  28.16338
  10.804   1.24969   0.04500  -0.01384  27.77263
  10.889   1.25340   0.04578  -0.01329  27.37876
  10.975   1.25678   0.04658  -0.01270  26.98199
  11.060   1.25983   0.04739  -0.01206  26.58247
  11.146   1.26252   0.04822  -0.01138  26.18025
  11.231   1.26484   0.04907  -0.01065  25.77521
  11.317   1.26677   0.04994  -0.00986  25.36703
  11.402   1.26828   0.05082  -0.00902  24.95511
  11.487   1.26933   0.05173  -0.00812  24.53852
  11.573   1.26989   0.05266  -0.00716  24.11589
  11.658   1.26990   0.05362  -0.00615  23.68532
  11.744   1.26928   0.05461  -0.00510  23.24428
  11.829   1.26794   0.05564  -0.00400  22.78946
  11.915   1.26575   0.05672  -0.00286  22.31672
  12.000   1.26256   0.05786  -0.00171  21.82106
