--------------------------------------------------------------
  XFOIL-like Polar Output (Generated by NeuralFoil)
--------------------------------------------------------------
  alpha     CL        CD       Cm        CL/CD
--------------------------------------------------------------
  -5.000  -0.41686   0.08248  -0.00483  -5.05393
  -4.915  -0.41701   0.08186  -0.00365  -5.09426
  -4.829  -0.41645   0.08122  -0.00242  -5.12724
  -4.744  -0.41528   0.08058  -0.00109  -5.15383
  -4.658  -0.41348   0.07995   0.00045  -5.17193
  -4.573  -0.41069   0.07940   0.00233  -5.17225
  -4.487  -0.40598   0.07903   0.00459  -5.13687
  -4.402  -0.39835   0.07890   0.00709  -5.04871
  -4.317  -0.38799   0.07885   0.00923  -4.92075
  -4.231  -0.37841   0.07828   0.00971  -4.83379
  -4.146  -0.37595   0.07639   0.00710  -4.92144
  -4.060  -0.38376   0.07302   0.00104  -5.25553
  -3.975  -0.39749   0.06902  -0.00721  -5.75866
  -3.889  -0.41036   0.06528  -0.01574  -6.28647
  -3.804  -0.41846   0.06208  -0.02304  -6.74036
  -3.719  -0.42058   0.05937  -0.02837  -7.08428
  -3.633  -0.41755   0.05693  -0.03182  -7.33421
  -3.548  -0.41140   0.05462  -0.03399  -7.53181
  -3.462  -0.40402   0.05242  -0.03545  -7.70696
  -3.377  -0.39667   0.05041  -0.03653  -7.86921
  -3.291  -0.38991   0.04863  -0.03738  -8.01743
  -3.206  -0.38382   0.04711  -0.03806  -8.14712
  -3.121  -0.37817   0.04582  -0.03860  -8.25361
  -3.035  -0.37266   0.04472  -0.03902  -8.33388
  -2.950  -0.36707   0.04377  -0.03935  -8.38719
  -2.864  -0.36128   0.04293  -0.03962  -8.41460
  -2.779  -0.35524   0.04220  -0.03984  -8.41824
  -2.693  -0.34897   0.04154  -0.04003  -8.40059
  -2.608  -0.34249   0.04095  -0.04020  -8.36408
  -2.523  -0.33584   0.04041  -0.04034  -8.31085
  -2.437  -0.32903   0.03992  -0.04047  -8.24271
  -2.352  -0.32211   0.03947  -0.04059  -8.16112
  -2.266  -0.31508   0.03906  -0.04071  -8.06723
  -2.181  -0.30794   0.03868  -0.04082  -7.96185
  -2.095  -0.30070   0.03833  -0.04093  -7.84545
  -2.010  -0.29332   0.03800  -0.04105  -7.71807
  -1.925  -0.28577   0.03770  -0.04119  -7.57923
  -1.839  -0.27798   0.03742  -0.04137  -7.42780
  -1.754  -0.26986   0.03716  -0.04159  -7.26183
  -1.668  -0.26128   0.03691  -0.04188  -7.07838
  -1.583  -0.25208   0.03667  -0.04228  -6.87349
  -1.497  -0.24208   0.03645  -0.04282  -6.64220
  -1.412  -0.23105   0.03622  -0.04353  -6.37887
  -1.327  -0.21880   0.03600  -0.04446  -6.07791
  -1.241  -0.20517   0.03578  -0.04562  -5.73491
  -1.156  -0.19012   0.03555  -0.04702  -5.34802
  -1.070  -0.17375   0.03532  -0.04864  -4.91930
  -0.985  -0.15634   0.03509  -0.05044  -4.45527
  -0.899  -0.13828   0.03486  -0.05233  -3.96627
  -0.814  -0.12003   0.03465  -0.05425  -3.46455
  -0.729  -0.10201   0.03444  -0.05610  -2.96181
  -0.643  -0.08450   0.03425  -0.05785  -2.46711
  -0.558  -0.06768   0.03408  -0.05945  -1.98586
  -0.472  -0.05156   0.03392  -0.06091  -1.51991
  -0.387  -0.03608   0.03378  -0.06224  -1.06819
  -0.302  -0.02112   0.03364  -0.06345  -0.62760
  -0.216  -0.00650   0.03353  -0.06458  -0.19374
  -0.131   0.00796   0.03342  -0.06566   0.23818
  -0.045   0.02241   0.03334  -0.06672   0.67226
   0.040   0.03697   0.03329  -0.06777   1.11075
   0.126   0.05166   0.03326  -0.06883   1.55343
   0.211   0.06643   0.03325  -0.06987   1.99807
   0.296   0.08114   0.03324  -0.07086   2.44086
   0.382   0.09555   0.03322  -0.07176   2.87654
   0.467   0.10930   0.03312  -0.07247   3.29969
   0.553   0.12214   0.03293  -0.07294   3.70916
   0.638   0.13419   0.03261  -0.07319   4.11461
   0.724   0.14631   0.03225  -0.07343   4.53651
   0.809   0.15957   0.03198  -0.07394   4.98950
   0.894   0.17405   0.03189  -0.07480   5.45810
   0.980   0.18854   0.03194  -0.07579   5.90284
   1.065   0.20203   0.03206  -0.07667   6.30216
   1.151   0.21460   0.03219  -0.07742   6.66627
   1.236   0.22682   0.03234  -0.07810   7.01367
   1.322   0.23903   0.03250  -0.07877   7.35437
   1.407   0.25129   0.03268  -0.07944   7.68933
   1.492   0.26348   0.03287  -0.08010   8.01529
   1.578   0.27547   0.03308  -0.08071   8.32873
   1.663   0.28718   0.03329  -0.08127   8.62759
   1.749   0.29857   0.03350  -0.08178   8.91136
   1.834   0.30964   0.03373  -0.08224   9.18050
   1.920   0.32042   0.03396  -0.08265   9.43595
   2.005   0.33094   0.03419  -0.08302   9.67877
   2.090   0.34121   0.03443  -0.08336   9.90995
   2.176   0.35128   0.03468  -0.08366  10.13041
   2.261   0.36116   0.03493  -0.08394  10.34096
   2.347   0.37088   0.03518  -0.08419  10.54230
   2.432   0.38044   0.03544  -0.08442  10.73501
   2.518   0.38986   0.03570  -0.08463  10.91962
   2.603   0.39917   0.03597  -0.08482  11.09654
   2.688   0.40835   0.03625  -0.08500  11.26609
   2.774   0.41743   0.03653  -0.08516  11.42853
   2.859   0.42641   0.03681  -0.08530  11.58404
   2.945   0.43530   0.03710  -0.08543  11.73273
   3.030   0.44408   0.03740  -0.08555  11.87467
   3.116   0.45278   0.03770  -0.08565  12.00988
   3.201   0.46138   0.03801  -0.08573  12.13835
   3.286   0.46988   0.03833  -0.08581  12.26004
   3.372   0.47829   0.03865  -0.08586  12.37492
   3.457   0.48659   0.03898  -0.08591  12.48293
   3.543   0.49478   0.03932  -0.08593  12.58403
   3.628   0.50287   0.03966  -0.08595  12.67815
   3.714   0.51084   0.04002  -0.08594  12.76524
   3.799   0.51869   0.04038  -0.08593  12.84524
   3.884   0.52641   0.04075  -0.08590  12.91809
   3.970   0.53401   0.04113  -0.08585  12.98371
   4.055   0.54147   0.04152  -0.08579  13.04203
   4.141   0.54879   0.04191  -0.08571  13.09297
   4.226   0.55596   0.04232  -0.08563  13.13645
   4.312   0.56298   0.04274  -0.08553  13.17241
   4.397   0.56985   0.04317  -0.08541  13.20078
   4.482   0.57657   0.04361  -0.08528  13.22153
   4.568   0.58312   0.04406  -0.08515  13.23463
   4.653   0.58951   0.04452  -0.08500  13.24009
   4.739   0.59573   0.04500  -0.08483  13.23795
   4.824   0.60179   0.04549  -0.08466  13.22828
   4.910   0.60768   0.04600  -0.08448  13.21119
   4.995   0.61340   0.04652  -0.08429  13.18682
   5.080   0.61895   0.04705  -0.08410  13.15534
   5.166   0.62434   0.04760  -0.08389  13.11698
   5.251   0.62956   0.04816  -0.08369  13.07197
   5.337   0.63462   0.04874  -0.08347  13.02057
   5.422   0.63951   0.04933  -0.08325  12.96310
   5.508   0.64424   0.04994  -0.08303  12.89987
   5.593   0.64882   0.05057  -0.08281  12.83120
   5.678   0.65325   0.05121  -0.08259  12.75744
   5.764   0.65752   0.05186  -0.08236  12.67893
   5.849   0.66165   0.05253  -0.08214  12.59600
   5.935   0.66564   0.05321  -0.08192  12.50898
   6.020   0.66949   0.05391  -0.08170  12.41816
   6.106   0.67320   0.05463  -0.08149  12.32384
   6.191   0.67678   0.05535  -0.08128  12.22626
   6.276   0.68022   0.05610  -0.08107  12.12567
   6.362   0.68353   0.05686  -0.08087  12.02230
   6.447   0.68671   0.05763  -0.08068  11.91636
   6.533   0.68976   0.05841  -0.08050  11.80805
   6.618   0.69267   0.05921  -0.08033  11.69758
   6.704   0.69544   0.06003  -0.08017  11.58511
   6.789   0.69808   0.06086  -0.08002  11.47082
   6.874   0.70057   0.06170  -0.07989  11.35485
   6.960   0.70291   0.06255  -0.07978  11.23732
   7.045   0.70510   0.06342  -0.07968  11.11831
   7.131   0.70712   0.06430  -0.07961  10.99784
   7.216   0.70897   0.06519  -0.07956  10.87590
   7.302   0.71063   0.06609  -0.07952  10.75241
   7.387   0.71209   0.06701  -0.07951  10.62723
   7.472   0.71334   0.06794  -0.07951  10.50019
   7.558   0.71436   0.06888  -0.07952  10.37105
   7.643   0.71513   0.06984  -0.07954  10.23955
   7.729   0.71563   0.07082  -0.07956  10.10543
   7.814   0.71586   0.07181  -0.07959   9.96842
   7.899   0.71580   0.07283  -0.07960   9.82827
   7.985   0.71543   0.07387  -0.07960   9.68479
   8.070   0.71475   0.07494  -0.07957   9.53786
   8.156   0.71375   0.07603  -0.07952   9.38748
   8.241   0.71244   0.07716  -0.07943   9.23377
   8.327   0.71084   0.07831  -0.07930   9.07709
   8.412   0.70896   0.07950  -0.07913   8.91799
   8.497   0.70685   0.08071  -0.07891   8.75736
   8.583   0.70457   0.08196  -0.07865   8.59635
   8.668   0.70220   0.08323  -0.07833   8.43643
   8.754   0.69985   0.08453  -0.07798   8.27932
   8.839   0.69763   0.08584  -0.07759   8.12694
   8.925   0.69567   0.08716  -0.07717   7.98121
   9.010   0.69410   0.08849  -0.07674   7.84399
   9.095   0.69304   0.08981  -0.07629   7.71684
   9.181   0.69261   0.09112  -0.07585   7.60093
   9.266   0.69288   0.09242  -0.07541   7.49690
   9.352   0.69392   0.09371  -0.07499   7.40488
   9.437   0.69574   0.09499  -0.07458   7.32447
   9.523   0.69835   0.09626  -0.07420   7.25490
   9.608   0.70171   0.09753  -0.07384   7.19513
   9.693   0.70580   0.09879  -0.07351   7.14411
   9.779   0.71059   0.10007  -0.07321   7.10092
   9.864   0.71604   0.10135  -0.07294   7.06516
   9.950   0.72219   0.10262  -0.07271   7.03770
  10.035   0.72919   0.10383  -0.07253   7.02264
  10.121   0.73746   0.10487  -0.07238   7.03203
  10.206   0.74814   0.10544  -0.07221   7.09547
  10.291   0.76360   0.10493  -0.07191   7.27723
  10.377   0.78807   0.10234  -0.07125   7.70046
  10.462   0.82730   0.09652  -0.06989   8.57127
  10.548   0.88604   0.08702  -0.06753  10.18179
  10.633   0.96375   0.07502  -0.06412  12.84737
  10.719   1.05183   0.06294  -0.06003  16.71224
  10.804   1.13628   0.05296  -0.05589  21.45531
  10.889   1.20449   0.04594  -0.05230  26.21871
  10.975   1.25090   0.04160  -0.04947  30.06993
  11.060   1.27739   0.03920  -0.04722  32.58900
  11.146   1.28960   0.03801  -0.04526  33.92639
  11.231   1.29314   0.03754  -0.04334  34.44751
  11.317   1.29191   0.03750  -0.04138  34.44726
  11.402   1.28809   0.03779  -0.03944  34.08553
  11.487   1.28282   0.03836  -0.03762  33.44034
  11.573   1.27680   0.03920  -0.03602  32.57159
  11.658   1.27061   0.04027  -0.03470  31.55253
  11.744   1.26487   0.04151  -0.03367  30.46945
  11.829   1.26017   0.04285  -0.03290  29.40571
  11.915   1.25700   0.04422  -0.03233  28.42605
  12.000   1.25568   0.04555  -0.03192  27.56912
