--------------------------------------------------------------
  XFOIL-like Polar Output (Generated by NeuralFoil)
--------------------------------------------------------------
  alpha     CL        CD       Cm        CL/CD
--------------------------------------------------------------
  -5.000  -0.61530   0.06751  -0.00853  -9.11430
  -4.915  -0.62680   0.06501  -0.01166  -9.64162
  -4.829  -0.63109   0.06315  -0.01290  -9.99396
  -4.744  -0.63113   0.06156  -0.01305  -10.25277
  -4.658  -0.62951   0.06001  -0.01279  -10.49078
  -4.573  -0.62785   0.05839  -0.01244  -10.75320
  -4.487  -0.62681   0.05668  -0.01207  -11.05784
  -4.402  -0.62633   0.05495  -0.01167  -11.39907
  -4.317  -0.62597   0.05324  -0.01125  -11.75865
  -4.231  -0.62530   0.05160  -0.01079  -12.11741
  -4.146  -0.62403   0.05008  -0.01032  -12.46157
  -4.060  -0.62205   0.04866  -0.00984  -12.78375
  -3.975  -0.61933   0.04734  -0.00936  -13.08164
  -3.889  -0.61594   0.04612  -0.00887  -13.35603
  -3.804  -0.61197   0.04497  -0.00838  -13.60925
  -3.719  -0.60751   0.04388  -0.00789  -13.84411
  -3.633  -0.60265   0.04285  -0.00739  -14.06330
  -3.548  -0.59747   0.04187  -0.00688  -14.26908
  -3.462  -0.59204   0.04093  -0.00637  -14.46325
  -3.377  -0.58641   0.04004  -0.00585  -14.64709
  -3.291  -0.58062   0.03917  -0.00532  -14.82150
  -3.206  -0.57471   0.03835  -0.00479  -14.98704
  -3.121  -0.56871   0.03755  -0.00426  -15.14409
  -3.035  -0.56265   0.03679  -0.00372  -15.29292
  -2.950  -0.55656   0.03606  -0.00319  -15.43376
  -2.864  -0.55044   0.03536  -0.00265  -15.56685
  -2.779  -0.54433   0.03469  -0.00212  -15.69250
  -2.693  -0.53823   0.03404  -0.00159  -15.81107
  -2.608  -0.53216   0.03342  -0.00106  -15.92300
  -2.523  -0.52612   0.03282  -0.00053  -16.02874
  -2.437  -0.52013   0.03225  -0.00001  -16.12874
  -2.352  -0.51419   0.03169   0.00051  -16.22337
  -2.266  -0.50830   0.03116   0.00102  -16.31278
  -2.181  -0.50246   0.03064   0.00152  -16.39678
  -2.095  -0.49666   0.03015   0.00200  -16.47476
  -2.010  -0.49088   0.02967   0.00248  -16.54555
  -1.925  -0.48509   0.02921   0.00294  -16.60755
  -1.839  -0.47928   0.02877   0.00338  -16.65888
  -1.754  -0.47340   0.02835   0.00381  -16.69762
  -1.668  -0.46745   0.02795   0.00421  -16.72215
  -1.583  -0.46139   0.02758   0.00459  -16.73142
  -1.497  -0.45523   0.02722   0.00494  -16.72526
  -1.412  -0.44898   0.02688   0.00528  -16.70448
  -1.327  -0.44265   0.02655   0.00560  -16.67101
  -1.241  -0.43630   0.02624   0.00591  -16.62774
  -1.156  -0.42994   0.02593   0.00622  -16.57819
  -1.070  -0.42359   0.02563   0.00652  -16.52570
  -0.985  -0.41723   0.02533   0.00681  -16.47235
  -0.899  -0.41081   0.02502   0.00709  -16.41796
  -0.814  -0.40428   0.02471   0.00733  -16.36093
  -0.729  -0.39767   0.02439   0.00756  -16.30317
  -0.643  -0.39131   0.02407   0.00785  -16.25987
  -0.558  -0.38588   0.02372   0.00836  -16.26732
  -0.472  -0.38194   0.02334   0.00927  -16.36537
  -0.387  -0.37814   0.02290   0.01043  -16.51007
  -0.302  -0.36821   0.02244   0.01086  -16.40758
  -0.216  -0.34027   0.02206   0.00846  -15.42765
  -0.131  -0.28444   0.02193   0.00135  -12.97127
  -0.045  -0.20980   0.02215  -0.00902  -9.47090
   0.040  -0.14596   0.02255  -0.01748  -6.47320
   0.126  -0.11006   0.02284  -0.02126  -4.81936
   0.211  -0.09517   0.02291  -0.02185  -4.15365
   0.296  -0.09026   0.02284  -0.02121  -3.95202
   0.382  -0.08869   0.02273  -0.02033  -3.90231
   0.467  -0.08684   0.02265  -0.01967  -3.83433
   0.553  -0.08270   0.02263  -0.01944  -3.65397
   0.638  -0.07527   0.02268  -0.01974  -3.31935
   0.724  -0.06435   0.02276  -0.02060  -2.82690
   0.809  -0.05022   0.02286  -0.02196  -2.19648
   0.894  -0.03348   0.02297  -0.02373  -1.45791
   0.980  -0.01479   0.02305  -0.02581  -0.64141
   1.065   0.00527   0.02312  -0.02811   0.22810
   1.151   0.02624   0.02315  -0.03055   1.13341
   1.236   0.04783   0.02317  -0.03310   2.06452
   1.322   0.06983   0.02315  -0.03571   3.01640
   1.407   0.09213   0.02311  -0.03836   3.98601
   1.492   0.11459   0.02306  -0.04104   4.96966
   1.578   0.13704   0.02299  -0.04370   5.96126
   1.663   0.15928   0.02291  -0.04631   6.95140
   1.749   0.18107   0.02284  -0.04882   7.92754
   1.834   0.20212   0.02277  -0.05117   8.87483
   1.920   0.22220   0.02273  -0.05331   9.77744
   2.005   0.24105   0.02270  -0.05519  10.62020
   2.090   0.25852   0.02270  -0.05678  11.39015
   2.176   0.27448   0.02273  -0.05806  12.07796
   2.261   0.28890   0.02279  -0.05902  12.67897
   2.347   0.30183   0.02288  -0.05967  13.19375
   2.432   0.31340   0.02300  -0.06006  13.62794
   2.518   0.32381   0.02314  -0.06021  13.99130
   2.603   0.33327   0.02331  -0.06018  14.29616
   2.688   0.34203   0.02350  -0.06002  14.55553
   2.774   0.35031   0.02370  -0.05977  14.78155
   2.859   0.35827   0.02391  -0.05948  14.98430
   2.945   0.36606   0.02413  -0.05916  15.17136
   3.030   0.37375   0.02435  -0.05885  15.34783
   3.116   0.38139   0.02458  -0.05855  15.51671
   3.201   0.38901   0.02481  -0.05825  15.67939
   3.286   0.39659   0.02504  -0.05797  15.83613
   3.372   0.40414   0.02528  -0.05770  15.98652
   3.457   0.41163   0.02552  -0.05743  16.12978
   3.543   0.41906   0.02576  -0.05716  16.26503
   3.628   0.42640   0.02601  -0.05688  16.39149
   3.714   0.43365   0.02627  -0.05660  16.50857
   3.799   0.44081   0.02653  -0.05631  16.61595
   3.884   0.44785   0.02680  -0.05600  16.71354
   3.970   0.45479   0.02707  -0.05567  16.80149
   4.055   0.46160   0.02735  -0.05534  16.88004
   4.141   0.46830   0.02763  -0.05498  16.94953
   4.226   0.47488   0.02792  -0.05461  17.01026
   4.312   0.48133   0.02821  -0.05423  17.06250
   4.397   0.48766   0.02851  -0.05383  17.10647
   4.482   0.49385   0.02881  -0.05342  17.14231
   4.568   0.49992   0.02912  -0.05299  17.17018
   4.653   0.50585   0.02943  -0.05254  17.19017
   4.739   0.51166   0.02974  -0.05208  17.20241
   4.824   0.51733   0.03006  -0.05161  17.20702
   4.910   0.52286   0.03039  -0.05111  17.20418
   4.995   0.52827   0.03072  -0.05061  17.19408
   5.080   0.53354   0.03106  -0.05008  17.17694
   5.166   0.53869   0.03141  -0.04955  17.15302
   5.251   0.54372   0.03175  -0.04900  17.12260
   5.337   0.54862   0.03211  -0.04843  17.08600
   5.422   0.55340   0.03247  -0.04785  17.04354
   5.508   0.55808   0.03284  -0.04726  16.99559
   5.593   0.56265   0.03321  -0.04666  16.94249
   5.678   0.56712   0.03359  -0.04605  16.88463
   5.764   0.57150   0.03397  -0.04544  16.82240
   5.849   0.57579   0.03436  -0.04481  16.75617
   5.935   0.58000   0.03476  -0.04418  16.68634
   6.020   0.58414   0.03516  -0.04355  16.61330
   6.106   0.58821   0.03557  -0.04291  16.53740
   6.191   0.59222   0.03598  -0.04227  16.45903
   6.276   0.59618   0.03640  -0.04163  16.37852
   6.362   0.60008   0.03682  -0.04098  16.29620
   6.447   0.60394   0.03725  -0.04034  16.21239
   6.533   0.60776   0.03768  -0.03970  16.12737
   6.618   0.61153   0.03812  -0.03907  16.04141
   6.704   0.61527   0.03856  -0.03843  15.95475
   6.789   0.61897   0.03901  -0.03780  15.86763
   6.874   0.62263   0.03946  -0.03716  15.78026
   6.960   0.62626   0.03991  -0.03653  15.69286
   7.045   0.62984   0.04036  -0.03590  15.60563
   7.131   0.63339   0.04081  -0.03527  15.51876
   7.216   0.63690   0.04127  -0.03464  15.43248
   7.302   0.64036   0.04173  -0.03401  15.34699
   7.387   0.64378   0.04218  -0.03337  15.26253
   7.472   0.64716   0.04263  -0.03273  15.17935
   7.558   0.65050   0.04309  -0.03207  15.09774
   7.643   0.65380   0.04353  -0.03141  15.01802
   7.729   0.65707   0.04398  -0.03073  14.94058
   7.814   0.66033   0.04442  -0.03004  14.86583
   7.899   0.66357   0.04485  -0.02933  14.79425
   7.985   0.66681   0.04528  -0.02861  14.72639
   8.070   0.67007   0.04570  -0.02787  14.66288
   8.156   0.67338   0.04611  -0.02711  14.60441
   8.241   0.67675   0.04651  -0.02632  14.55185
   8.327   0.68022   0.04689  -0.02552  14.50619
   8.412   0.68381   0.04726  -0.02470  14.46864
   8.497   0.68757   0.04761  -0.02385  14.44068
   8.583   0.69153   0.04794  -0.02298  14.42412
   8.668   0.69576   0.04825  -0.02210  14.42115
   8.754   0.70030   0.04852  -0.02119  14.43450
   8.839   0.70523   0.04875  -0.02026  14.46752
   8.925   0.71061   0.04893  -0.01931  14.52437
   9.010   0.71653   0.04904  -0.01834  14.61020
   9.095   0.72309   0.04908  -0.01735  14.73143
   9.181   0.73039   0.04903  -0.01633  14.89591
   9.266   0.73854   0.04887  -0.01528  15.11299
   9.352   0.74767   0.04857  -0.01421  15.39334
   9.437   0.75787   0.04812  -0.01309  15.74828
   9.523   0.76921   0.04752  -0.01194  16.18865
   9.608   0.78168   0.04674  -0.01076  16.72293
   9.693   0.79519   0.04582  -0.00953  17.35494
   9.779   0.80950   0.04477  -0.00828  18.08126
   9.864   0.82429   0.04364  -0.00701  18.88925
   9.950   0.83912   0.04247  -0.00574  19.75641
  10.035   0.85355   0.04133  -0.00448  20.65214
  10.121   0.86716   0.04025  -0.00325  21.54188
  10.206   0.87965   0.03928  -0.00205  22.39291
  10.291   0.89087   0.03843  -0.00090  23.17971
  10.377   0.90082   0.03771   0.00022  23.88708
  10.462   0.90964   0.03711   0.00131  24.51007
  10.548   0.91752   0.03663   0.00238  25.05158
  10.633   0.92466   0.03623   0.00343  25.51886
  10.719   0.93125   0.03593   0.00447  25.92055
  10.804   0.93747   0.03569   0.00551  26.26466
  10.889   0.94343   0.03552   0.00653  26.55763
  10.975   0.94923   0.03541   0.00755  26.80421
  11.060   0.95495   0.03536   0.00854  27.00765
  11.146   0.96062   0.03536   0.00952  27.16991
  11.231   0.96628   0.03541   0.01046  27.29190
  11.317   0.97196   0.03551   0.01137  27.37359
  11.402   0.97767   0.03566   0.01225  27.41429
  11.487   0.98339   0.03587   0.01308  27.41321
  11.573   0.98914   0.03614   0.01387  27.37019
  11.658   0.99489   0.03646   0.01462  27.28653
  11.744   1.00066   0.03684   0.01532  27.16535
  11.829   1.00642   0.03726   0.01599  27.01124
  11.915   1.01216   0.03773   0.01661  26.82921
  12.000   1.01786   0.03823   0.01718  26.62364
