  
       XFOIL         Version 6.99
  
 Calculated polar for: Repaneled_Airfoil                               
  
 1 1 Reynolds number fixed          Mach number fixed         
  
 xtrf =   1.000 (top)        1.000 (bottom)  
 Mach =   0.000     Re =     0.500 e 6     Ncrit =   9.000  9.000
  
   alpha    CL        CD       CDp       CM     Top_Xtr  Bot_Xtr  Top_Itr  Bot_Itr
  ------ -------- --------- --------- -------- -------- -------- -------- --------
  -5.000  -0.1415   0.01151   0.00316  -0.1249   0.8752   0.0715  35.5703 176.9573
  -4.915  -0.1324   0.01137   0.00308  -0.1249   0.8732   0.0732  35.8622 177.2632
  -4.829  -0.1232   0.01128   0.00301  -0.1248   0.8708   0.0750  36.1923 177.5989
  -4.744  -0.1138   0.01120   0.00293  -0.1248   0.8683   0.0771  36.5499 177.9725
  -4.658  -0.1047   0.01107   0.00286  -0.1247   0.8662   0.0789  36.8525 178.2910
  -4.573  -0.0953   0.01098   0.00279  -0.1247   0.8638   0.0810  37.1884 178.6548
  -4.487  -0.0860   0.01090   0.00271  -0.1246   0.8610   0.0832  37.5722 179.0388
  -4.402  -0.0768   0.01078   0.00264  -0.1246   0.8587   0.0851  37.8987 179.3689
  -4.317  -0.0674   0.01070   0.00258  -0.1245   0.8557   0.0874  38.2990 179.7487
  -4.231  -0.0581   0.01061   0.00251  -0.1245   0.8527   0.0896  38.7086 180.1199
  -4.146  -0.0488   0.01052   0.00245  -0.1244   0.8500   0.0917  39.0754 180.4763
  -4.060  -0.0394   0.01045   0.00239  -0.1244   0.8464   0.0942  39.5605 180.8888
  -3.975  -0.0301   0.01036   0.00232  -0.1243   0.8433   0.0964  39.9666 181.2467
  -3.889  -0.0208   0.01028   0.00227  -0.1243   0.8392   0.0989  40.5039 181.6417
  -3.804  -0.0114   0.01021   0.00220  -0.1242   0.8356   0.1016  40.9720 182.0662
  -3.719  -0.0022   0.01013   0.00217  -0.1242   0.8309   0.1040  41.5713 182.4437
  -3.633   0.0072   0.01008   0.00211  -0.1241   0.8265   0.1069  42.1376 182.8971
  -3.548   0.0165   0.01000   0.00206  -0.1240   0.8211   0.1095  42.8043 183.2885
  -3.462   0.0258   0.00995   0.00202  -0.1240   0.8153   0.1124  43.5296 183.7257
  -3.377   0.0351   0.00989   0.00196  -0.1239   0.8087   0.1151  44.3388 184.1430
  -3.292   0.0443   0.00983   0.00192  -0.1238   0.8009   0.1178  45.2768 184.5335
  -3.206   0.0536   0.00980   0.00185  -0.1237   0.7919   0.1207  46.3559 184.9701
  -3.121   0.0625   0.00974   0.00181  -0.1235   0.7806   0.1231  47.6697 185.3089
  -3.035   0.0714   0.00972   0.00174  -0.1233   0.7677   0.1257  49.1451 185.6914
  -2.950   0.0802   0.00971   0.00167  -0.1231   0.7531   0.1283  50.7785 186.0692
  -2.864   0.0886   0.00972   0.00163  -0.1228   0.7403   0.1306  52.1904 186.3878
  -2.779   0.0973   0.00975   0.00159  -0.1226   0.7288   0.1332  53.4321 186.7590
  -2.693   0.1059   0.00979   0.00156  -0.1224   0.7192   0.1357  54.4641 187.1076
  -2.608   0.1146   0.00982   0.00156  -0.1222   0.7111   0.1381  55.3209 187.4289
  -2.523   0.1235   0.00987   0.00155  -0.1220   0.7040   0.1409  56.0731 187.8148
  -2.437   0.1324   0.00990   0.00155  -0.1219   0.6973   0.1434  56.7649 188.1621
  -2.352   0.1414   0.00994   0.00157  -0.1218   0.6915   0.1459  57.3659 188.5011
  -2.266   0.1505   0.01001   0.00157  -0.1217   0.6863   0.1488  57.9111 188.8908
  -2.181   0.1598   0.01000   0.00159  -0.1216   0.6803   0.1512  58.5177 189.2077
  -2.095   0.1693   0.01000   0.00160  -0.1216   0.6739   0.1537  59.1752 189.5361
  -2.010   0.1792   0.00995   0.00157  -0.1217   0.6579   0.1565  60.8028 189.9058
  -1.925   0.1881   0.00996   0.00156  -0.1215   0.6505   0.1586  61.5496 190.1817
  -1.839   0.1970   0.00998   0.00155  -0.1214   0.6440   0.1607  62.2012 190.4572
  -1.754   0.2061   0.01001   0.00153  -0.1213   0.6382   0.1631  62.7733 190.7688
  -1.668   0.2151   0.01004   0.00152  -0.1212   0.6332   0.1655  63.2754 191.0685
  -1.583   0.2241   0.01006   0.00154  -0.1211   0.6285   0.1674  63.7371 191.3205
  -1.498   0.2332   0.01011   0.00155  -0.1210   0.6245   0.1698  64.1312 191.6207
  -1.412   0.2425   0.01015   0.00154  -0.1209   0.6207   0.1724  64.5111 191.9570
  -1.327   0.2516   0.01017   0.00157  -0.1208   0.6173   0.1745  64.8492 192.2106
  -1.241   0.2609   0.01020   0.00159  -0.1208   0.6141   0.1767  65.1570 192.4831
  -1.156   0.2703   0.01023   0.00159  -0.1207   0.6110   0.1791  65.4659 192.7883
  -1.070   0.2796   0.01026   0.00159  -0.1206   0.6081   0.1813  65.7505 193.0637
  -0.985   0.2887   0.01029   0.00161  -0.1206   0.6055   0.1831  66.0000 193.2781
  -0.899   0.2983   0.01030   0.00163  -0.1205   0.6028   0.1850  66.2664 193.5202
  -0.814   0.3077   0.01032   0.00163  -0.1205   0.6002   0.1873  66.5218 193.7950
  -0.729   0.3171   0.01034   0.00162  -0.1204   0.5978   0.1894  66.7551 194.0578
  -0.643   0.3263   0.01036   0.00165  -0.1204   0.5957   0.1912  66.9585 194.2739
  -0.558   0.3358   0.01038   0.00166  -0.1204   0.5935   0.1933  67.1728 194.5272
  -0.472   0.3454   0.01040   0.00166  -0.1203   0.5913   0.1957  67.3847 194.8112
  -0.387   0.3549   0.01041   0.00166  -0.1203   0.5893   0.1978  67.5832 195.0682
  -0.301   0.3642   0.01042   0.00168  -0.1203   0.5874   0.1996  67.7641 195.2777
  -0.216   0.3736   0.01045   0.00169  -0.1202   0.5858   0.2015  67.9267 195.5074
  -0.131   0.3831   0.01047   0.00169  -0.1202   0.5841   0.2036  68.0918 195.7513
  -0.045   0.3928   0.01049   0.00168  -0.1202   0.5822   0.2056  68.2695 195.9957
   0.040   0.4022   0.01047   0.00170  -0.1201   0.5805   0.2073  68.4396 196.1846
   0.126   0.4117   0.01048   0.00171  -0.1201   0.5788   0.2091  68.6007 196.3959
   0.211   0.4212   0.01050   0.00172  -0.1201   0.5773   0.2111  68.7507 196.6376
   0.296   0.4307   0.01054   0.00171  -0.1200   0.5758   0.2133  68.8887 196.8946
   0.382   0.4401   0.01055   0.00172  -0.1200   0.5745   0.2152  69.0193 197.1114
   0.467   0.4497   0.01054   0.00173  -0.1200   0.5729   0.2170  69.1725 197.3151
   0.553   0.4593   0.01055   0.00174  -0.1199   0.5713   0.2189  69.3250 197.5432
   0.638   0.4688   0.01056   0.00174  -0.1199   0.5698   0.2210  69.4723 197.7849
   0.724   0.4784   0.01058   0.00174  -0.1199   0.5683   0.2230  69.6120 198.0142
   0.809   0.4878   0.01058   0.00175  -0.1198   0.5670   0.2246  69.7429 198.1917
   0.894   0.4972   0.01060   0.00176  -0.1198   0.5657   0.2263  69.8668 198.3830
   0.980   0.5067   0.01063   0.00176  -0.1197   0.5645   0.2282  69.9842 198.6022
   1.065   0.5163   0.01064   0.00176  -0.1197   0.5631   0.2304  70.1225 198.8459
   1.151   0.5259   0.01064   0.00176  -0.1197   0.5616   0.2323  70.2675 199.0690
   1.236   0.5353   0.01064   0.00178  -0.1197   0.5601   0.2341  70.4110 199.2636
   1.322   0.5448   0.01064   0.00179  -0.1196   0.5586   0.2360  70.5507 199.4786
   1.407   0.5543   0.01066   0.00179  -0.1196   0.5572   0.2381  70.6839 199.7137
   1.492   0.5639   0.01069   0.00178  -0.1195   0.5559   0.2402  70.8099 199.9563
   1.578   0.5733   0.01071   0.00179  -0.1195   0.5547   0.2420  70.9279 200.1502
   1.663   0.5827   0.01072   0.00180  -0.1194   0.5534   0.2438  71.0494 200.3484
   1.749   0.5923   0.01072   0.00181  -0.1194   0.5520   0.2458  71.1878 200.5704
   1.834   0.6018   0.01073   0.00181  -0.1194   0.5506   0.2479  71.3245 200.8070
   1.920   0.6114   0.01074   0.00181  -0.1193   0.5492   0.2499  71.4545 201.0300
   2.005   0.6208   0.01074   0.00182  -0.1193   0.5479   0.2517  71.5768 201.2209
   2.091   0.6303   0.01075   0.00183  -0.1192   0.5467   0.2537  71.6926 201.4406
   2.176   0.6398   0.01077   0.00183  -0.1192   0.5456   0.2560  71.8010 201.6913
   2.261   0.6493   0.01081   0.00183  -0.1191   0.5446   0.2584  71.9031 201.9543
   2.347   0.6588   0.01084   0.00184  -0.1191   0.5435   0.2604  71.9997 202.1708
   2.432   0.6683   0.01083   0.00185  -0.1190   0.5423   0.2625  72.1153 202.3960
   2.518   0.6778   0.01084   0.00186  -0.1190   0.5411   0.2648  72.2321 202.6439
   2.603   0.6873   0.01085   0.00187  -0.1189   0.5399   0.2672  72.3480 202.9030
   2.688   0.6968   0.01085   0.00188  -0.1189   0.5387   0.2693  72.4609 203.1307
   2.774   0.7063   0.01086   0.00189  -0.1188   0.5376   0.2715  72.5697 203.3652
   2.859   0.7158   0.01088   0.00189  -0.1188   0.5365   0.2740  72.6733 203.6329
   2.945   0.7253   0.01090   0.00190  -0.1187   0.5355   0.2766  72.7712 203.9185
   3.030   0.7348   0.01092   0.00190  -0.1187   0.5345   0.2790  72.8640 204.1642
   3.116   0.7443   0.01095   0.00191  -0.1187   0.5336   0.2814  72.9531 204.4207
   3.201   0.7538   0.01097   0.00192  -0.1186   0.5326   0.2841  73.0490 204.7097
   3.286   0.7633   0.01098   0.00193  -0.1186   0.5315   0.2870  73.1578 205.0193
   3.372   0.7727   0.01098   0.00195  -0.1185   0.5303   0.2897  73.2678 205.3003
   3.457   0.7821   0.01098   0.00197  -0.1184   0.5292   0.2929  73.3765 205.6345
   3.628   0.8011   0.01101   0.00199  -0.1183   0.5270   0.2995  73.5844 206.3239
   3.714   0.8105   0.01103   0.00200  -0.1183   0.5260   0.3032  73.6817 206.7057
   3.799   0.8200   0.01105   0.00200  -0.1182   0.5250   0.3069  73.7751 207.0899
   3.884   0.8295   0.01106   0.00202  -0.1182   0.5241   0.3105  73.8649 207.4665
   3.970   0.8391   0.01110   0.00202  -0.1181   0.5232   0.3149  73.9524 207.9162
   4.055   0.8485   0.01112   0.00204  -0.1181   0.5222   0.3193  74.0482 208.3678
   4.141   0.8579   0.01112   0.00206  -0.1180   0.5210   0.3248  74.1589 208.9234
   4.226   0.8672   0.01111   0.00208  -0.1179   0.5198   0.3306  74.2723 209.5148
   4.312   0.8766   0.01111   0.00209  -0.1179   0.5187   0.3376  74.3854 210.2278
   4.397   0.8859   0.01111   0.00211  -0.1178   0.5175   0.3463  74.4955 211.1001
   4.482   0.8953   0.01110   0.00212  -0.1177   0.5164   0.3580  74.6010 212.2632
   4.568   0.9046   0.01108   0.00213  -0.1177   0.5154   0.3762  74.7006 214.0630
   4.653   0.9135   0.01094   0.00215  -0.1176   0.5144   0.4402  74.7933 220.2864
   4.739   0.9190   0.01040   0.00228  -0.1169   0.5136   0.7395  74.8729 249.8509
   4.910   0.9472   0.01000   0.00233  -0.1186   0.5112   1.0000  75.0997 301.0000
   4.995   0.9562   0.01002   0.00234  -0.1184   0.5096   1.0000  75.2502 301.0000
   5.080   0.9652   0.01005   0.00234  -0.1182   0.5079   1.0000  75.4125 301.0000
   5.166   0.9742   0.01008   0.00234  -0.1181   0.5061   1.0000  75.5851 301.0000
   5.251   0.9832   0.01012   0.00233  -0.1179   0.5043   1.0000  75.7623 301.0000
   5.337   0.9923   0.01017   0.00230  -0.1177   0.5024   1.0000  75.9417 301.0000
   5.422   1.0010   0.01019   0.00230  -0.1175   0.5002   1.0000  76.1534 301.0000
   5.508   1.0097   0.01020   0.00230  -0.1172   0.4978   1.0000  76.3868 301.0000
   5.593   1.0184   0.01023   0.00228  -0.1170   0.4955   1.0000  76.6035 301.0000
   5.678   1.0273   0.01026   0.00227  -0.1168   0.4935   1.0000  76.7945 301.0000
   5.764   1.0362   0.01032   0.00225  -0.1166   0.4917   1.0000  76.9659 301.0000
   5.849   1.0450   0.01034   0.00226  -0.1164   0.4896   1.0000  77.1692 301.0000
   5.935   1.0537   0.01036   0.00226  -0.1161   0.4873   1.0000  77.3904 301.0000
   6.020   1.0625   0.01038   0.00225  -0.1159   0.4852   1.0000  77.5930 301.0000
   6.106   1.0713   0.01042   0.00224  -0.1157   0.4833   1.0000  77.7662 301.0000
   6.191   1.0802   0.01048   0.00223  -0.1155   0.4818   1.0000  77.9173 301.0000
   6.276   1.0891   0.01052   0.00223  -0.1153   0.4800   1.0000  78.0906 301.0000
   6.362   1.0978   0.01054   0.00224  -0.1150   0.4776   1.0000  78.3134 301.0000
   6.447   1.1065   0.01056   0.00223  -0.1148   0.4752   1.0000  78.5482 301.0000
   6.533   1.1151   0.01060   0.00222  -0.1145   0.4728   1.0000  78.7722 301.0000
   6.618   1.1236   0.01066   0.00220  -0.1143   0.4707   1.0000  78.9762 301.0000
   6.704   1.1323   0.01068   0.00220  -0.1140   0.4681   1.0000  79.2229 301.0000
   6.789   1.1410   0.01070   0.00220  -0.1138   0.4656   1.0000  79.4656 301.0000
   6.874   1.1496   0.01074   0.00220  -0.1135   0.4633   1.0000  79.6859 301.0000
   6.960   1.1581   0.01079   0.00219  -0.1133   0.4612   1.0000  79.8920 301.0000
   7.045   1.1667   0.01084   0.00218  -0.1130   0.4588   1.0000  80.1152 301.0000
   7.131   1.1754   0.01086   0.00219  -0.1128   0.4560   1.0000  80.3853 301.0000
   7.216   1.1839   0.01090   0.00218  -0.1125   0.4532   1.0000  80.6575 301.0000
   7.301   1.1921   0.01095   0.00216  -0.1121   0.4505   1.0000  80.9187 301.0000
   7.387   1.2005   0.01099   0.00216  -0.1119   0.4471   1.0000  81.2406 301.0000
   7.472   1.2089   0.01102   0.00215  -0.1115   0.4433   1.0000  81.6079 301.0000
   7.558   1.2167   0.01109   0.00213  -0.1111   0.4397   1.0000  81.9574 301.0000
   7.643   1.2251   0.01112   0.00213  -0.1108   0.4351   1.0000  82.4034 301.0000
   7.729   1.2330   0.01118   0.00211  -0.1105   0.4303   1.0000  82.8638 301.0000
   7.814   1.2411   0.01123   0.00210  -0.1101   0.4250   1.0000  83.3758 301.0000
   7.899   1.2486   0.01130   0.00209  -0.1096   0.4194   1.0000  83.9214 301.0000
   7.985   1.2565   0.01137   0.00209  -0.1093   0.4130   1.0000  84.5417 301.0000
   8.070   1.2638   0.01146   0.00208  -0.1088   0.4063   1.0000  85.1899 301.0000
   8.156   1.2709   0.01156   0.00208  -0.1083   0.3978   1.0000  86.0166 301.0000
   8.241   1.2776   0.01169   0.00208  -0.1077   0.3878   1.0000  87.0022 301.0000
   8.327   1.2839   0.01184   0.00210  -0.1071   0.3753   1.0000  88.2286 301.0000
   8.412   1.2890   0.01206   0.00213  -0.1062   0.3584   1.0000  89.9059 301.0000
   8.498   1.2926   0.01238   0.00221  -0.1052   0.3351   1.0000  92.2413 301.0000
   8.583   1.2926   0.01292   0.00238  -0.1036   0.2986   1.0000  95.9894 301.0000
   8.668   1.2827   0.01412   0.00290  -0.1006   0.2215   1.0000 104.4029 301.0000
   8.754   1.2732   0.01519   0.00344  -0.0976   0.1652   1.0000 111.2227 301.0000
   8.839   1.2690   0.01591   0.00382  -0.0954   0.1341   1.0000 115.3767 301.0000
   8.925   1.2689   0.01641   0.00408  -0.0938   0.1170   1.0000 117.8471 301.0000
   9.010   1.2705   0.01681   0.00429  -0.0925   0.1051   1.0000 119.6528 301.0000
   9.095   1.2730   0.01717   0.00447  -0.0914   0.0964   1.0000 121.0252 301.0000
   9.181   1.2762   0.01749   0.00463  -0.0904   0.0894   1.0000 122.1766 301.0000
   9.266   1.2797   0.01780   0.00478  -0.0894   0.0839   1.0000 123.1110 301.0000
   9.352   1.2834   0.01810   0.00494  -0.0885   0.0791   1.0000 123.9411 301.0000
   9.437   1.2875   0.01838   0.00508  -0.0876   0.0751   1.0000 124.6725 301.0000
   9.523   1.2914   0.01866   0.00523  -0.0867   0.0717   1.0000 125.2821 301.0000
   9.608   1.2953   0.01896   0.00538  -0.0859   0.0687   1.0000 125.8393 301.0000
   9.694   1.2995   0.01923   0.00552  -0.0851   0.0660   1.0000 126.3562 301.0000
   9.779   1.3034   0.01953   0.00568  -0.0842   0.0636   1.0000 126.8272 301.0000
   9.864   1.3075   0.01981   0.00583  -0.0834   0.0614   1.0000 127.2558 301.0000
   9.950   1.3117   0.02009   0.00598  -0.0826   0.0593   1.0000 127.6728 301.0000
  10.035   1.3149   0.02044   0.00617  -0.0817   0.0577   1.0000 128.0096 301.0000
  10.121   1.3197   0.02069   0.00631  -0.0810   0.0558   1.0000 128.3954 301.0000
  10.206   1.3236   0.02100   0.00648  -0.0802   0.0542   1.0000 128.7281 301.0000
  10.291   1.3263   0.02138   0.00670  -0.0793   0.0529   1.0000 129.0001 301.0000
  10.377   1.3312   0.02164   0.00684  -0.0787   0.0514   1.0000 129.3350 301.0000
  10.462   1.3353   0.02194   0.00702  -0.0779   0.0500   1.0000 129.6348 301.0000
  10.548   1.3384   0.02231   0.00723  -0.0771   0.0489   1.0000 129.8781 301.0000
  10.633   1.3417   0.02267   0.00744  -0.0763   0.0478   1.0000 130.1140 301.0000
  10.719   1.3460   0.02297   0.00762  -0.0756   0.0467   1.0000 130.3708 301.0000
  10.804   1.3498   0.02331   0.00782  -0.0748   0.0457   1.0000 130.5974 301.0000
  10.889   1.3528   0.02370   0.00805  -0.0740   0.0448   1.0000 130.7927 301.0000
  10.975   1.3548   0.02416   0.00833  -0.0732   0.0441   1.0000 130.9653 301.0000
  11.060   1.3583   0.02453   0.00856  -0.0724   0.0433   1.0000 131.1581 301.0000
  11.146   1.3621   0.02489   0.00879  -0.0717   0.0424   1.0000 131.3594 301.0000
  11.231   1.3654   0.02528   0.00903  -0.0710   0.0416   1.0000 131.5446 301.0000
  11.317   1.3683   0.02570   0.00929  -0.0703   0.0410   1.0000 131.7096 301.0000
  11.402   1.3702   0.02619   0.00960  -0.0695   0.0403   1.0000 131.8555 301.0000
  11.487   1.3707   0.02680   0.00999  -0.0685   0.0398   1.0000 131.9886 301.0000
  11.573   1.3743   0.02719   0.01025  -0.0679   0.0392   1.0000 132.1452 301.0000
  11.658   1.3776   0.02761   0.01053  -0.0672   0.0385   1.0000 132.3110 301.0000
  11.744   1.3806   0.02807   0.01083  -0.0666   0.0379   1.0000 132.4677 301.0000
  11.829   1.3833   0.02854   0.01114  -0.0659   0.0373   1.0000 132.6109 301.0000
  11.915   1.3855   0.02905   0.01148  -0.0652   0.0368   1.0000 132.7386 301.0000
  12.000   1.3869   0.02964   0.01187  -0.0645   0.0363   1.0000 132.8520 301.0000
