  
       XFOIL         Version 6.99
  
 Calculated polar for: Repaneled_Airfoil                               
  
 1 1 Reynolds number fixed          Mach number fixed         
  
 xtrf =   1.000 (top)        1.000 (bottom)  
 Mach =   0.000     Re =     0.500 e 6     Ncrit =   9.000  9.000
  
   alpha    CL        CD       CDp       CM     Top_Xtr  Bot_Xtr  Top_Itr  Bot_Itr
  ------ -------- --------- --------- -------- -------- -------- -------- --------
  -5.000  -0.5599   0.01333   0.00409  -0.0524   0.9769   0.0513  15.6512 173.0747
  -4.915  -0.5478   0.01312   0.00397  -0.0530   0.9756   0.0525  16.0468 173.3257
  -4.829  -0.5366   0.01298   0.00387  -0.0535   0.9735   0.0537  16.6944 173.5920
  -4.744  -0.5246   0.01285   0.00376  -0.0540   0.9716   0.0551  17.2407 173.8941
  -4.658  -0.5131   0.01266   0.00364  -0.0545   0.9695   0.0565  17.8511 174.1714
  -4.573  -0.5024   0.01251   0.00355  -0.0548   0.9667   0.0578  18.6159 174.4466
  -4.487  -0.4913   0.01238   0.00345  -0.0551   0.9638   0.0594  19.3715 174.7669
  -4.402  -0.4802   0.01223   0.00335  -0.0555   0.9608   0.0610  20.1267 175.0898
  -4.317  -0.4693   0.01207   0.00325  -0.0559   0.9573   0.0626  20.9703 175.4072
  -4.231  -0.4584   0.01196   0.00317  -0.0561   0.9533   0.0646  21.8952 175.7890
  -4.146  -0.4475   0.01181   0.00307  -0.0565   0.9491   0.0665  22.8392 176.1661
  -4.060  -0.4364   0.01167   0.00299  -0.0568   0.9443   0.0686  23.8442 176.5525
  -3.975  -0.4247   0.01157   0.00290  -0.0573   0.9391   0.0709  24.9099 176.9979
  -3.889  -0.4132   0.01140   0.00281  -0.0577   0.9332   0.0731  26.0752 177.3964
  -3.804  -0.4014   0.01129   0.00272  -0.0582   0.9259   0.0757  27.4358 177.8625
  -3.719  -0.3893   0.01114   0.00262  -0.0588   0.9177   0.0782  28.9105 178.2997
  -3.633  -0.3771   0.01103   0.00253  -0.0593   0.9071   0.0810  30.6899 178.7930
  -3.548  -0.3652   0.01089   0.00242  -0.0598   0.8940   0.0836  32.7908 179.2591
  -3.462  -0.3539   0.01080   0.00232  -0.0601   0.8779   0.0865  35.2261 179.7460
  -3.292  -0.3346   0.01067   0.00215  -0.0601   0.8403   0.0920  40.4007 180.6630
  -3.206  -0.3258   0.01065   0.00208  -0.0598   0.8232   0.0948  42.5897 181.1243
  -3.121  -0.3173   0.01061   0.00202  -0.0596   0.8091   0.0976  44.3357 181.5749
  -3.035  -0.3086   0.01060   0.00197  -0.0594   0.7975   0.1007  45.7374 182.0630
  -2.950  -0.3000   0.01055   0.00192  -0.0592   0.7880   0.1035  46.8542 182.5116
  -2.864  -0.2911   0.01054   0.00188  -0.0590   0.7800   0.1068  47.7915 183.0217
  -2.779  -0.2824   0.01049   0.00184  -0.0589   0.7731   0.1099  48.5779 183.4932
  -2.693  -0.2734   0.01047   0.00181  -0.0587   0.7672   0.1135  49.2563 184.0424
  -2.608  -0.2645   0.01043   0.00178  -0.0586   0.7617   0.1170  49.8680 184.5633
  -2.523  -0.2554   0.01040   0.00175  -0.0585   0.7568   0.1209  50.4157 185.1257
  -2.437  -0.2464   0.01037   0.00173  -0.0584   0.7523   0.1247  50.9161 185.6763
  -2.352  -0.2373   0.01033   0.00171  -0.0583   0.7482   0.1285  51.3711 186.2224
  -2.266  -0.2281   0.01031   0.00170  -0.0583   0.7443   0.1325  51.7986 186.7955
  -2.181  -0.2190   0.01028   0.00168  -0.0582   0.7408   0.1363  52.1900 187.3167
  -2.095  -0.2097   0.01026   0.00166  -0.0581   0.7371   0.1404  52.5837 187.8816
  -2.010  -0.2006   0.01023   0.00165  -0.0580   0.7339   0.1439  52.9401 188.3646
  -1.925  -0.1912   0.01021   0.00163  -0.0580   0.7305   0.1480  53.2990 188.9098
  -1.839  -0.1820   0.01018   0.00163  -0.0579   0.7273   0.1515  53.6487 189.3799
  -1.754  -0.1727   0.01018   0.00162  -0.0579   0.7243   0.1555  53.9662 189.9101
  -1.668  -0.1633   0.01014   0.00161  -0.0578   0.7212   0.1590  54.3058 190.3685
  -1.583  -0.1540   0.01013   0.00160  -0.0578   0.7180   0.1631  54.6407 190.8976
  -1.498  -0.1447   0.01013   0.00160  -0.0577   0.7152   0.1668  54.9429 191.3633
  -1.412  -0.1353   0.01011   0.00160  -0.0577   0.7121   0.1710  55.2699 191.9027
  -1.327  -0.1259   0.01009   0.00161  -0.0576   0.7090   0.1748  55.5971 192.3759
  -1.241  -0.1165   0.01011   0.00161  -0.0576   0.7062   0.1791  55.8947 192.9122
  -1.156  -0.1071   0.01009   0.00162  -0.0576   0.7032   0.1827  56.2064 193.3535
  -1.070  -0.0976   0.01009   0.00162  -0.0575   0.7000   0.1867  56.5385 193.8473
  -0.985  -0.0883   0.01009   0.00163  -0.0575   0.6971   0.1901  56.8409 194.2591
  -0.899  -0.0788   0.01010   0.00164  -0.0575   0.6942   0.1937  57.1384 194.6952
  -0.814  -0.0693   0.01010   0.00165  -0.0574   0.6910   0.1972  57.4695 195.1149
  -0.729  -0.0599   0.01010   0.00166  -0.0574   0.6881   0.2005  57.7717 195.5124
  -0.643  -0.0503   0.01014   0.00166  -0.0574   0.6854   0.2044  58.0563 195.9702
  -0.558  -0.0410   0.01009   0.00167  -0.0573   0.6816   0.2076  58.4460 196.3441
  -0.472  -0.0315   0.01009   0.00167  -0.0573   0.6782   0.2114  58.7975 196.7853
  -0.387  -0.0219   0.01000   0.00166  -0.0573   0.6726   0.2147  59.3765 197.1786
  -0.301  -0.0119   0.00986   0.00162  -0.0573   0.6591   0.2181  60.7510 197.5717
  -0.216  -0.0023   0.00983   0.00158  -0.0573   0.6548   0.2218  61.1794 197.9932
  -0.131   0.0071   0.00977   0.00155  -0.0572   0.6499   0.2246  61.6720 198.3107
  -0.045   0.0166   0.00972   0.00151  -0.0572   0.6455   0.2278  62.1133 198.6781
   0.040   0.0261   0.00969   0.00146  -0.0571   0.6409   0.2311  62.5816 199.0517
   0.126   0.0354   0.00965   0.00143  -0.0570   0.6367   0.2339  63.0008 199.3674
   0.211   0.0448   0.00963   0.00140  -0.0570   0.6315   0.2373  63.5110 199.7438
   0.296   0.0541   0.00963   0.00137  -0.0569   0.6270   0.2405  63.9650 200.0991
   0.382   0.0635   0.00961   0.00137  -0.0568   0.6220   0.2434  64.4569 200.4178
   0.467   0.0728   0.00962   0.00135  -0.0567   0.6175   0.2466  64.8950 200.7757
   0.553   0.0822   0.00962   0.00134  -0.0567   0.6131   0.2495  65.3298 201.1001
   0.638   0.0915   0.00962   0.00134  -0.0566   0.6089   0.2522  65.7406 201.3888
   0.724   0.1008   0.00963   0.00133  -0.0566   0.6052   0.2552  66.1050 201.7203
   0.809   0.1103   0.00964   0.00132  -0.0565   0.6014   0.2583  66.4850 202.0550
   0.894   0.1196   0.00963   0.00132  -0.0565   0.5979   0.2610  66.8210 202.3479
   0.980   0.1291   0.00964   0.00132  -0.0564   0.5947   0.2641  67.1340 202.6885
   1.065   0.1386   0.00965   0.00131  -0.0564   0.5913   0.2674  67.4641 203.0367
   1.151   0.1479   0.00963   0.00131  -0.0563   0.5883   0.2701  67.7634 203.3263
   1.236   0.1573   0.00965   0.00130  -0.0563   0.5855   0.2731  68.0276 203.6518
   1.322   0.1670   0.00965   0.00129  -0.0563   0.5825   0.2763  68.3262 203.9943
   1.407   0.1763   0.00963   0.00129  -0.0562   0.5796   0.2790  68.6045 204.2753
   1.492   0.1857   0.00963   0.00128  -0.0562   0.5770   0.2820  68.8535 204.6000
   1.578   0.1953   0.00964   0.00128  -0.0561   0.5746   0.2854  69.0901 204.9539
   1.663   0.2048   0.00961   0.00127  -0.0561   0.5719   0.2883  69.3537 205.2605
   1.749   0.2142   0.00961   0.00127  -0.0561   0.5693   0.2916  69.6002 205.6100
   1.834   0.2237   0.00962   0.00126  -0.0560   0.5670   0.2952  69.8228 205.9857
   1.920   0.2331   0.00961   0.00126  -0.0560   0.5650   0.2983  70.0220 206.3081
   2.005   0.2427   0.00959   0.00125  -0.0560   0.5625   0.3019  70.2634 206.6806
   2.091   0.2522   0.00958   0.00125  -0.0559   0.5601   0.3056  70.4939 207.0627
   2.176   0.2616   0.00956   0.00124  -0.0559   0.5579   0.3092  70.7046 207.4411
   2.261   0.2711   0.00957   0.00124  -0.0559   0.5559   0.3135  70.8936 207.8770
   2.347   0.2805   0.00955   0.00123  -0.0558   0.5540   0.3177  71.0835 208.3113
   2.432   0.2901   0.00953   0.00123  -0.0558   0.5517   0.3227  71.3037 208.8192
   2.518   0.2995   0.00950   0.00123  -0.0558   0.5495   0.3279  71.5156 209.3479
   2.603   0.3090   0.00949   0.00122  -0.0557   0.5475   0.3342  71.7123 209.9828
   2.688   0.3183   0.00946   0.00121  -0.0557   0.5456   0.3412  71.8910 210.6932
   2.774   0.3277   0.00944   0.00121  -0.0557   0.5437   0.3502  72.0712 211.5907
   2.859   0.3371   0.00937   0.00121  -0.0556   0.5415   0.3629  72.2829 212.8571
   3.030   0.3540   0.00891   0.00117  -0.0555   0.5376   0.4846  72.6642 224.6424
   3.116   0.3608   0.00846   0.00111  -0.0551   0.5359   0.6475  72.8227 240.3905
   3.201   0.3669   0.00823   0.00125  -0.0543   0.5344   0.7537  72.9652 251.4971
   3.286   0.3755   0.00821   0.00129  -0.0540   0.5326   0.7810  73.1408 254.5691
   3.372   0.3843   0.00819   0.00133  -0.0537   0.5307   0.7980  73.3258 256.5588
   3.457   0.3933   0.00820   0.00136  -0.0535   0.5288   0.8113  73.5011 258.1554
   3.543   0.4021   0.00820   0.00138  -0.0532   0.5272   0.8225  73.6628 259.5436
   3.628   0.4111   0.00822   0.00141  -0.0530   0.5256   0.8321  73.8123 260.7545
   3.714   0.4200   0.00826   0.00143  -0.0528   0.5242   0.8404  73.9502 261.8169
   3.799   0.4290   0.00827   0.00145  -0.0525   0.5225   0.8479  74.1071 262.8060
   3.884   0.4380   0.00828   0.00148  -0.0523   0.5207   0.8550  74.2797 263.7570
   3.970   0.4470   0.00830   0.00150  -0.0521   0.5190   0.8616  74.4477 264.6524
   4.055   0.4560   0.00832   0.00152  -0.0519   0.5173   0.8676  74.6064 265.4871
   4.141   0.4649   0.00834   0.00154  -0.0516   0.5158   0.8733  74.7529 266.2971
   4.226   0.4739   0.00838   0.00156  -0.0514   0.5144   0.8788  74.8874 267.1003
   4.312   0.4828   0.00842   0.00157  -0.0512   0.5131   0.8839  75.0156 267.8417
   4.397   0.4918   0.00843   0.00160  -0.0509   0.5114   0.8883  75.1753 268.5151
   4.482   0.5008   0.00845   0.00162  -0.0507   0.5098   0.8927  75.3321 269.1865
   4.568   0.5098   0.00847   0.00164  -0.0505   0.5082   0.8970  75.4810 269.8548
   4.653   0.5187   0.00849   0.00166  -0.0503   0.5068   0.9010  75.6211 270.4796
   4.739   0.5277   0.00852   0.00167  -0.0501   0.5054   0.9050  75.7513 271.1226
   4.824   0.5366   0.00856   0.00169  -0.0499   0.5041   0.9086  75.8716 271.7202
   4.910   0.5455   0.00861   0.00170  -0.0496   0.5030   0.9123  75.9844 272.3358
   4.995   0.5545   0.00862   0.00173  -0.0494   0.5015   0.9164  76.1234 273.0259
   5.080   0.5633   0.00864   0.00175  -0.0491   0.5000   0.9201  76.2674 273.6843
   5.166   0.5721   0.00866   0.00177  -0.0489   0.4985   0.9239  76.4079 274.3592
   5.251   0.5810   0.00869   0.00179  -0.0487   0.4971   0.9279  76.5422 275.0764
   5.337   0.5898   0.00871   0.00181  -0.0484   0.4958   0.9316  76.6680 275.7770
   5.422   0.5986   0.00874   0.00182  -0.0481   0.4946   0.9353  76.7872 276.4773
   5.508   0.6075   0.00879   0.00183  -0.0479   0.4933   0.9389  76.9091 277.1822
   5.593   0.6166   0.00883   0.00184  -0.0477   0.4918   0.9423  77.0521 277.8633
   5.678   0.6257   0.00883   0.00186  -0.0475   0.4897   0.9455  77.2524 278.5318
   5.764   0.6348   0.00884   0.00186  -0.0474   0.4874   0.9490  77.4770 279.2763
   5.849   0.6440   0.00886   0.00186  -0.0472   0.4850   0.9526  77.7043 280.0715
   5.935   0.6535   0.00889   0.00184  -0.0471   0.4827   0.9559  77.9256 280.8200
   6.020   0.6632   0.00890   0.00184  -0.0471   0.4799   0.9590  78.1981 281.5748
   6.106   0.6731   0.00890   0.00183  -0.0471   0.4768   0.9622  78.4981 282.3389
   6.191   0.6832   0.00892   0.00182  -0.0471   0.4739   0.9654  78.7708 283.1582
   6.276   0.6935   0.00897   0.00181  -0.0472   0.4715   0.9686  79.0055 284.0147
   6.362   0.7045   0.00897   0.00181  -0.0475   0.4683   0.9716  79.3052 284.8703
   6.447   0.7156   0.00898   0.00181  -0.0477   0.4653   0.9745  79.5940 285.7326
   6.533   0.7268   0.00901   0.00180  -0.0481   0.4627   0.9773  79.8507 286.5928
   6.618   0.7382   0.00905   0.00180  -0.0484   0.4601   0.9798  80.1010 287.4320
   6.704   0.7498   0.00905   0.00180  -0.0488   0.4570   0.9822  80.3992 288.2750
   6.789   0.7614   0.00908   0.00180  -0.0492   0.4541   0.9846  80.6738 289.1423
   6.874   0.7730   0.00912   0.00179  -0.0496   0.4516   0.9868  80.9201 290.0295
   6.960   0.7849   0.00914   0.00179  -0.0501   0.4486   0.9889  81.2037 290.9387
   7.045   0.7969   0.00916   0.00179  -0.0506   0.4453   0.9909  81.5223 291.9065
   7.131   0.8088   0.00919   0.00179  -0.0511   0.4423   0.9929  81.8121 292.9789
   7.216   0.8207   0.00924   0.00179  -0.0516   0.4395   0.9948  82.0792 294.1349
   7.301   0.8331   0.00925   0.00179  -0.0522   0.4361   0.9965  82.4111 295.4137
   7.387   0.8454   0.00928   0.00179  -0.0528   0.4327   0.9982  82.7428 296.9969
   7.472   0.8576   0.00933   0.00178  -0.0533   0.4292   0.9997  83.0752 299.7127
   7.558   0.8657   0.00934   0.00177  -0.0530   0.4256   1.0000  83.4308 301.0000
   7.643   0.8730   0.00937   0.00176  -0.0526   0.4221   1.0000  83.7693 301.0000
   7.729   0.8807   0.00940   0.00174  -0.0522   0.4187   1.0000  84.0996 301.0000
   7.814   0.8890   0.00943   0.00174  -0.0519   0.4146   1.0000  84.4974 301.0000
   7.899   0.8971   0.00947   0.00173  -0.0517   0.4108   1.0000  84.8686 301.0000
   7.985   0.9057   0.00950   0.00173  -0.0514   0.4067   1.0000  85.2624 301.0000
   8.070   0.9143   0.00954   0.00172  -0.0512   0.4021   1.0000  85.7132 301.0000
   8.156   0.9228   0.00959   0.00172  -0.0510   0.3975   1.0000  86.1657 301.0000
   8.241   0.9315   0.00964   0.00172  -0.0508   0.3920   1.0000  86.7068 301.0000
   8.327   0.9400   0.00969   0.00172  -0.0506   0.3863   1.0000  87.2645 301.0000
   8.412   0.9485   0.00976   0.00172  -0.0504   0.3797   1.0000  87.9169 301.0000
   8.498   0.9572   0.00982   0.00172  -0.0502   0.3717   1.0000  88.7055 301.0000
   8.583   0.9655   0.00991   0.00172  -0.0499   0.3624   1.0000  89.6317 301.0000
   8.668   0.9736   0.01001   0.00173  -0.0497   0.3510   1.0000  90.7676 301.0000
   8.754   0.9814   0.01014   0.00175  -0.0493   0.3357   1.0000  92.3087 301.0000
   8.839   0.9885   0.01035   0.00178  -0.0489   0.3130   1.0000  94.6366 301.0000
   8.925   0.9929   0.01077   0.00189  -0.0482   0.2695   1.0000  99.2139 301.0000
   9.010   0.9946   0.01150   0.00220  -0.0471   0.2131   1.0000 105.5223 301.0000
   9.095   0.9983   0.01204   0.00248  -0.0462   0.1795   1.0000 109.5562 301.0000
   9.181   1.0035   0.01245   0.00269  -0.0456   0.1574   1.0000 112.3787 301.0000
   9.266   1.0094   0.01278   0.00286  -0.0451   0.1410   1.0000 114.5803 301.0000
   9.352   1.0159   0.01307   0.00301  -0.0446   0.1279   1.0000 116.4133 301.0000
   9.437   1.0225   0.01333   0.00314  -0.0442   0.1174   1.0000 117.9363 301.0000
   9.523   1.0294   0.01357   0.00327  -0.0438   0.1085   1.0000 119.2826 301.0000
   9.608   1.0364   0.01380   0.00339  -0.0434   0.1011   1.0000 120.4373 301.0000
   9.694   1.0435   0.01402   0.00350  -0.0430   0.0946   1.0000 121.4783 301.0000
   9.779   1.0506   0.01423   0.00361  -0.0426   0.0890   1.0000 122.3928 301.0000
   9.864   1.0577   0.01444   0.00373  -0.0422   0.0843   1.0000 123.1885 301.0000
   9.950   1.0648   0.01465   0.00384  -0.0418   0.0800   1.0000 123.9359 301.0000
  10.035   1.0721   0.01483   0.00394  -0.0414   0.0762   1.0000 124.6248 301.0000
  10.121   1.0792   0.01504   0.00405  -0.0411   0.0729   1.0000 125.2162 301.0000
  10.206   1.0863   0.01524   0.00416  -0.0407   0.0699   1.0000 125.7811 301.0000
  10.291   1.0935   0.01543   0.00427  -0.0403   0.0672   1.0000 126.2901 301.0000
  10.377   1.1006   0.01563   0.00437  -0.0399   0.0646   1.0000 126.7807 301.0000
  10.462   1.1075   0.01582   0.00448  -0.0395   0.0624   1.0000 127.2169 301.0000
  10.548   1.1147   0.01600   0.00459  -0.0391   0.0602   1.0000 127.6555 301.0000
  10.633   1.1212   0.01624   0.00471  -0.0386   0.0584   1.0000 128.0174 301.0000
  10.719   1.1286   0.01640   0.00481  -0.0383   0.0564   1.0000 128.4189 301.0000
  10.804   1.1354   0.01660   0.00492  -0.0378   0.0547   1.0000 128.7688 301.0000
  10.889   1.1416   0.01684   0.00505  -0.0373   0.0533   1.0000 129.0809 301.0000
  10.975   1.1490   0.01699   0.00515  -0.0370   0.0516   1.0000 129.4339 301.0000
  11.060   1.1557   0.01719   0.00525  -0.0365   0.0502   1.0000 129.7421 301.0000
  11.146   1.1614   0.01746   0.00540  -0.0360   0.0490   1.0000 130.0020 301.0000
  11.231   1.1686   0.01761   0.00549  -0.0356   0.0477   1.0000 130.2961 301.0000
  11.317   1.1754   0.01779   0.00560  -0.0352   0.0465   1.0000 130.5650 301.0000
  11.402   1.1816   0.01801   0.00572  -0.0347   0.0455   1.0000 130.7927 301.0000
  11.487   1.1866   0.01831   0.00589  -0.0340   0.0446   1.0000 130.9932 301.0000
  11.573   1.1933   0.01848   0.00600  -0.0335   0.0437   1.0000 131.2148 301.0000
  11.658   1.1996   0.01868   0.00612  -0.0330   0.0427   1.0000 131.4357 301.0000
  11.744   1.2056   0.01889   0.00625  -0.0325   0.0419   1.0000 131.6354 301.0000
  11.829   1.2110   0.01914   0.00639  -0.0319   0.0412   1.0000 131.8116 301.0000
  11.915   1.2150   0.01947   0.00658  -0.0311   0.0405   1.0000 131.9735 301.0000
  12.000   1.2208   0.01968   0.00671  -0.0305   0.0398   1.0000 132.1473 301.0000
