  
       XFOIL         Version 6.99
  
 Calculated polar for: Repaneled_Airfoil                               
  
 1 1 Reynolds number fixed          Mach number fixed         
  
 xtrf =   1.000 (top)        1.000 (bottom)  
 Mach =   0.000     Re =     0.500 e 6     Ncrit =   9.000  9.000
  
   alpha    CL        CD       CDp       CM     Top_Xtr  Bot_Xtr  Top_Itr  Bot_Itr
  ------ -------- --------- --------- -------- -------- -------- -------- --------
  -5.000  -0.7405   0.01322   0.00342   0.0349   1.0000   0.0565   1.0000 174.0227
  -4.915  -0.7331   0.01305   0.00335   0.0353   1.0000   0.0577   1.0000 174.2577
  -4.829  -0.7250   0.01293   0.00329   0.0356   1.0000   0.0590   1.0000 174.5207
  -4.744  -0.7168   0.01283   0.00323   0.0359   1.0000   0.0605   1.0000 174.8254
  -4.658  -0.7088   0.01271   0.00317   0.0363   1.0000   0.0620   1.0000 175.1195
  -4.573  -0.7009   0.01258   0.00311   0.0366   1.0000   0.0635   1.0000 175.4152
  -4.487  -0.6926   0.01249   0.00306   0.0369   1.0000   0.0653   1.0000 175.7750
  -4.402  -0.6845   0.01237   0.00300   0.0372   1.0000   0.0672   1.0000 176.1289
  -4.317  -0.6766   0.01225   0.00296   0.0375   1.0000   0.0690   1.0000 176.4762
  -4.231  -0.6682   0.01217   0.00291   0.0378   1.0000   0.0712   1.0000 176.8876
  -4.146  -0.6573   0.01202   0.00284   0.0375   0.9980   0.0735   5.3179 177.3117
  -4.060  -0.6400   0.01188   0.00275   0.0357   0.9850   0.0770  12.7262 177.9364
  -3.975  -0.6077   0.01164   0.00258   0.0307   0.9123   0.0824  29.7298 178.8869
  -3.889  -0.5845   0.01151   0.00240   0.0278   0.8674   0.0870  36.6105 179.6818
  -3.804  -0.5757   0.01152   0.00235   0.0281   0.8484   0.0900  39.2190 180.1827
  -3.719  -0.5674   0.01148   0.00231   0.0284   0.8384   0.0931  40.5318 180.7039
  -3.633  -0.5589   0.01143   0.00227   0.0286   0.8315   0.0964  41.4132 181.2424
  -3.548  -0.5504   0.01138   0.00223   0.0289   0.8262   0.1002  42.0897 181.8434
  -3.462  -0.5418   0.01130   0.00219   0.0291   0.8215   0.1039  42.6779 182.4338
  -3.377  -0.5331   0.01124   0.00215   0.0293   0.8174   0.1082  43.1834 183.0995
  -3.292  -0.5245   0.01116   0.00211   0.0295   0.8135   0.1129  43.6612 183.8098
  -3.206  -0.5159   0.01109   0.00208   0.0297   0.8101   0.1180  44.0852 184.5671
  -3.121  -0.5073   0.01100   0.00204   0.0299   0.8065   0.1237  44.5212 185.4111
  -3.035  -0.4988   0.01092   0.00200   0.0302   0.8032   0.1304  44.9150 186.3667
  -2.950  -0.4902   0.01081   0.00195   0.0304   0.7998   0.1383  45.3271 187.4764
  -2.864  -0.4818   0.01070   0.00191   0.0306   0.7964   0.1479  45.7294 188.7814
  -2.779  -0.4736   0.01057   0.00185   0.0308   0.7933   0.1601  46.0963 190.3961
  -2.693  -0.4657   0.01039   0.00178   0.0311   0.7898   0.1775  46.5008 192.6102
  -2.608  -0.4586   0.01012   0.00168   0.0315   0.7868   0.2079  46.8580 196.2989
  -2.523  -0.4548   0.00949   0.00152   0.0323   0.7838   0.2996  47.2021 206.4014
  -2.437  -0.4491   0.00912   0.00146   0.0329   0.7806   0.3644  47.5717 212.9758
  -2.352  -0.4421   0.00891   0.00143   0.0334   0.7778   0.4035  47.8982 216.8140
  -2.266  -0.4344   0.00875   0.00141   0.0337   0.7748   0.4311  48.2441 219.4842
  -2.181  -0.4264   0.00863   0.00139   0.0340   0.7717   0.4531  48.5981 221.5962
  -2.095  -0.4182   0.00853   0.00138   0.0343   0.7690   0.4718  48.9076 223.3843
  -1.925  -0.4016   0.00833   0.00135   0.0349   0.7628   0.5047  49.5971 226.5276
  -1.754  -0.3849   0.00815   0.00131   0.0354   0.7572   0.5351  50.2274 229.4287
  -1.668  -0.3765   0.00806   0.00129   0.0357   0.7541   0.5500  50.5680 230.8598
  -1.583  -0.3682   0.00796   0.00127   0.0360   0.7515   0.5648  50.8627 232.2803
  -1.498  -0.3599   0.00786   0.00125   0.0363   0.7487   0.5801  51.1750 233.7548
  -1.412  -0.3516   0.00775   0.00123   0.0366   0.7454   0.5954  51.5336 235.2415
  -1.327  -0.3434   0.00764   0.00120   0.0369   0.7425   0.6116  51.8533 236.8227
  -1.241  -0.3353   0.00752   0.00118   0.0373   0.7394   0.6286  52.1902 238.4905
  -1.156  -0.3274   0.00738   0.00115   0.0377   0.7359   0.6483  52.5678 240.4553
  -1.070  -0.3194   0.00726   0.00112   0.0380   0.7329   0.6728  52.8974 242.9243
  -0.985  -0.3121   0.00707   0.00110   0.0386   0.7294   0.6954  53.2712 245.2396
  -0.899  -0.3062   0.00686   0.00121   0.0396   0.7259   0.7373  53.6533 249.6833
  -0.814  -0.2992   0.00690   0.00145   0.0406   0.7228   0.7910  53.9800 255.7287
  -0.729  -0.2904   0.00695   0.00155   0.0410   0.7185   0.8128  54.4386 258.3336
  -0.643  -0.2816   0.00699   0.00161   0.0413   0.7146   0.8254  54.8473 259.8910
  -0.558  -0.2726   0.00703   0.00165   0.0416   0.7105   0.8346  55.2863 261.0555
  -0.472  -0.2635   0.00706   0.00169   0.0418   0.7061   0.8419  55.7427 262.0099
  -0.387  -0.2544   0.00711   0.00174   0.0421   0.7019   0.8478  56.1864 262.7807
  -0.301  -0.2454   0.00716   0.00180   0.0424   0.6970   0.8531  56.7007 263.4998
  -0.216  -0.2365   0.00720   0.00184   0.0427   0.6922   0.8585  57.2016 264.2216
  -0.131  -0.2276   0.00725   0.00189   0.0430   0.6866   0.8635  57.7768 264.9173
  -0.045  -0.2186   0.00732   0.00196   0.0433   0.6809   0.8672  58.3632 265.4277
   0.040  -0.2098   0.00736   0.00198   0.0436   0.6752   0.8716  58.9508 266.0454
   0.126  -0.2008   0.00743   0.00205   0.0440   0.6689   0.8745  59.5908 266.4709
   0.211  -0.1922   0.00748   0.00208   0.0443   0.6630   0.8785  60.1892 267.0398
   0.296  -0.1833   0.00757   0.00215   0.0447   0.6569   0.8811  60.7980 267.4247
   0.382  -0.1749   0.00763   0.00218   0.0451   0.6505   0.8850  61.4403 268.0090
   0.467  -0.1661   0.00774   0.00226   0.0455   0.6439   0.8874  62.1054 268.3646
   0.553  -0.1576   0.00780   0.00231   0.0459   0.6360   0.8908  62.8894 268.8816
   0.638  -0.1489   0.00789   0.00239   0.0463   0.6277   0.8933  63.7113 269.2621
   0.724  -0.1404   0.00798   0.00245   0.0468   0.6190   0.8960  64.5758 269.6949
   0.809  -0.1320   0.00806   0.00250   0.0472   0.6096   0.8990  65.4974 270.1569
   0.894  -0.1235   0.00817   0.00258   0.0477   0.5993   0.9015  66.4977 270.5546
   0.980  -0.1155   0.00825   0.00262   0.0482   0.5884   0.9048  67.5607 271.0885
   1.065  -0.1069   0.00837   0.00270   0.0487   0.5764   0.9069  68.7264 271.4350
   1.151  -0.0989   0.00845   0.00272   0.0492   0.5638   0.9098  69.9455 271.9156
   1.236  -0.0902   0.00854   0.00277   0.0496   0.5496   0.9115  71.3059 272.1965
   1.322  -0.0814   0.00863   0.00280   0.0499   0.5344   0.9130  72.7730 272.4481
   1.407  -0.0729   0.00871   0.00281   0.0502   0.5185   0.9147  74.2950 272.7376
   1.492  -0.0647   0.00876   0.00280   0.0505   0.5022   0.9165  75.8480 273.0433
   1.578  -0.0556   0.00886   0.00282   0.0507   0.4857   0.9174  77.4312 273.1974
   1.663  -0.0467   0.00895   0.00284   0.0509   0.4699   0.9185  78.9388 273.3860
   1.749  -0.0380   0.00904   0.00286   0.0512   0.4549   0.9198  80.3759 273.6200
   1.834  -0.0299   0.00909   0.00285   0.0515   0.4414   0.9218  81.6754 273.9623
   1.920  -0.0209   0.00918   0.00288   0.0517   0.4288   0.9227  82.8924 274.1330
   2.005  -0.0117   0.00927   0.00291   0.0518   0.4175   0.9236  83.9843 274.3029
   2.091  -0.0026   0.00935   0.00293   0.0520   0.4074   0.9248  84.9654 274.5087
   2.176   0.0060   0.00941   0.00294   0.0522   0.3984   0.9263  85.8435 274.7857
   2.261   0.0144   0.00946   0.00295   0.0525   0.3905   0.9279  86.6176 275.0693
   2.347   0.0239   0.00954   0.00298   0.0526   0.3832   0.9287  87.3279 275.2222
   2.518   0.0425   0.00966   0.00303   0.0528   0.3708   0.9308  88.5578 275.6169
   2.603   0.0507   0.00969   0.00302   0.0531   0.3658   0.9323  89.0545 275.8991
   2.688   0.0598   0.00973   0.00303   0.0532   0.3607   0.9333  89.5622 276.0866
   2.774   0.0695   0.00979   0.00305   0.0532   0.3562   0.9339  90.0089 276.2103
   2.859   0.0792   0.00983   0.00307   0.0532   0.3516   0.9346  90.4656 276.3445
   2.945   0.0886   0.00988   0.00308   0.0533   0.3476   0.9354  90.8685 276.5025
   3.030   0.0976   0.00991   0.00308   0.0534   0.3438   0.9364  91.2484 276.6978
   3.116   0.1055   0.00992   0.00307   0.0537   0.3402   0.9379  91.6120 276.9840
   3.201   0.1152   0.00998   0.00309   0.0537   0.3368   0.9385  91.9529 277.1087
   3.286   0.1252   0.01001   0.00311   0.0536   0.3333   0.9392  92.3092 277.2360
   3.372   0.1350   0.01006   0.00313   0.0536   0.3299   0.9399  92.6520 277.3826
   3.457   0.1443   0.01011   0.00314   0.0537   0.3271   0.9408  92.9447 277.5650
   3.543   0.1530   0.01013   0.00314   0.0539   0.3241   0.9420  93.2467 277.7997
   3.628   0.1614   0.01014   0.00314   0.0541   0.3212   0.9432  93.5437 278.0459
   3.714   0.1716   0.01020   0.00316   0.0540   0.3184   0.9438  93.8297 278.1674
   3.799   0.1816   0.01025   0.00318   0.0539   0.3158   0.9444  94.0984 278.3018
   3.884   0.1915   0.01028   0.00319   0.0539   0.3128   0.9451  94.4034 278.4557
   3.970   0.2007   0.01031   0.00320   0.0539   0.3101   0.9460  94.6832 278.6460
   4.055   0.2085   0.01034   0.00319   0.0543   0.3078   0.9474  94.9201 278.9273
   4.141   0.2181   0.01037   0.00320   0.0543   0.3052   0.9481  95.1881 279.0851
   4.226   0.2285   0.01040   0.00322   0.0541   0.3025   0.9486  95.4751 279.2000
   4.312   0.2387   0.01045   0.00324   0.0540   0.3000   0.9492  95.7314 279.3301
   4.397   0.2483   0.01050   0.00325   0.0539   0.2979   0.9500  95.9569 279.4880
   4.482   0.2576   0.01052   0.00326   0.0540   0.2954   0.9508  96.2125 279.6829
   4.568   0.2650   0.01052   0.00325   0.0544   0.2930   0.9522  96.4632 279.9787
   4.653   0.2755   0.01057   0.00326   0.0542   0.2905   0.9528  96.7319 280.1047
   4.739   0.2861   0.01064   0.00328   0.0540   0.2882   0.9533  96.9717 280.2341
   4.824   0.2968   0.01067   0.00330   0.0537   0.2856   0.9540  97.2435 280.3815
   4.910   0.3068   0.01070   0.00332   0.0536   0.2831   0.9547  97.5135 280.5558
   4.995   0.3156   0.01073   0.00332   0.0537   0.2808   0.9557  97.7514 280.7785
   5.080   0.3232   0.01076   0.00331   0.0541   0.2789   0.9568  97.9572 281.0343
   5.166   0.3344   0.01079   0.00333   0.0537   0.2763   0.9572  98.2357 281.1360
   5.251   0.3454   0.01082   0.00335   0.0534   0.2736   0.9577  98.5270 281.2522
   5.337   0.3561   0.01087   0.00336   0.0531   0.2711   0.9583  98.7928 281.3924
   5.422   0.3660   0.01093   0.00337   0.0530   0.2689   0.9590  99.0287 281.5684
   5.508   0.3751   0.01094   0.00337   0.0531   0.2664   0.9601  99.3032 281.8126
   5.593   0.3841   0.01096   0.00338   0.0532   0.2639   0.9611  99.5717 282.0644
   5.678   0.3960   0.01102   0.00340   0.0526   0.2613   0.9616  99.8551 282.1857
   5.764   0.4080   0.01108   0.00342   0.0521   0.2586   0.9622 100.1451 282.3327
   5.849   0.4200   0.01111   0.00345   0.0516   0.2556   0.9629 100.4723 282.5168
   5.935   0.4300   0.01115   0.00345   0.0514   0.2531   0.9640 100.7502 282.7951
   6.020   0.4395   0.01121   0.00346   0.0514   0.2509   0.9651 100.9904 283.0756
   6.106   0.4530   0.01124   0.00349   0.0505   0.2478   0.9655 101.3413 283.1914
   6.191   0.4660   0.01129   0.00351   0.0497   0.2447   0.9660 101.6807 283.3174
   6.276   0.4783   0.01137   0.00352   0.0491   0.2421   0.9665 101.9728 283.4508
   6.362   0.4898   0.01139   0.00354   0.0486   0.2390   0.9670 102.3122 283.5945
   6.447   0.4985   0.01140   0.00353   0.0487   0.2364   0.9678 102.6121 283.8015
   6.533   0.5049   0.01142   0.00351   0.0493   0.2342   0.9687 102.8572 284.0375
   6.618   0.5155   0.01145   0.00351   0.0490   0.2315   0.9689 103.1676 284.0899
   6.704   0.5257   0.01146   0.00351   0.0488   0.2283   0.9691 103.5266 284.1421
   6.789   0.5355   0.01150   0.00350   0.0486   0.2254   0.9693 103.8536 284.2009
   6.874   0.5455   0.01152   0.00350   0.0484   0.2225   0.9695 104.1865 284.2652
   6.960   0.5553   0.01154   0.00350   0.0483   0.2194   0.9697 104.5514 284.3329
   7.045   0.5648   0.01158   0.00349   0.0482   0.2166   0.9700 104.8728 284.4134
   7.131   0.5742   0.01161   0.00349   0.0481   0.2136   0.9704 105.2179 284.5050
   7.216   0.5830   0.01163   0.00349   0.0482   0.2104   0.9707 105.5968 284.6144
   7.301   0.5906   0.01167   0.00347   0.0485   0.2076   0.9713 105.9287 284.7751
   7.387   0.5966   0.01167   0.00345   0.0492   0.2047   0.9722 106.2711 285.0201
   7.472   0.6070   0.01170   0.00346   0.0489   0.2009   0.9724 106.7178 285.0718
   7.558   0.6172   0.01176   0.00346   0.0486   0.1974   0.9726 107.1318 285.1312
   7.643   0.6275   0.01179   0.00347   0.0483   0.1936   0.9728 107.5951 285.1949
   7.729   0.6375   0.01186   0.00347   0.0481   0.1902   0.9730 108.0126 285.2666
   7.814   0.6476   0.01190   0.00348   0.0479   0.1862   0.9733 108.5026 285.3425
   7.899   0.6571   0.01197   0.00349   0.0478   0.1824   0.9736 108.9674 285.4346
   7.985   0.6665   0.01200   0.00350   0.0477   0.1781   0.9739 109.5006 285.5364
   8.070   0.6751   0.01207   0.00351   0.0477   0.1741   0.9744 110.0048 285.6695
   8.156   0.6825   0.01211   0.00351   0.0481   0.1699   0.9750 110.5339 285.8722
   8.241   0.6903   0.01218   0.00352   0.0483   0.1658   0.9756 111.0603 286.0435
   8.327   0.7003   0.01225   0.00354   0.0480   0.1605   0.9758 111.7411 286.1020
   8.412   0.7102   0.01233   0.00356   0.0478   0.1552   0.9760 112.4383 286.1655
   8.498   0.7198   0.01243   0.00359   0.0476   0.1497   0.9762 113.1676 286.2376
   8.583   0.7292   0.01253   0.00363   0.0475   0.1441   0.9765 113.9231 286.3191
   8.668   0.7384   0.01263   0.00366   0.0474   0.1383   0.9767 114.7282 286.4085
   8.754   0.7473   0.01274   0.00370   0.0473   0.1324   0.9771 115.5468 286.5149
   8.839   0.7557   0.01285   0.00375   0.0474   0.1268   0.9775 116.3532 286.6471
   8.925   0.7630   0.01297   0.00379   0.0476   0.1216   0.9781 117.0976 286.8431
   9.010   0.7703   0.01309   0.00384   0.0479   0.1163   0.9787 117.8873 287.0379
   9.095   0.7798   0.01323   0.00391   0.0477   0.1105   0.9789 118.7571 287.1059
   9.181   0.7892   0.01338   0.00399   0.0475   0.1051   0.9791 119.5854 287.1833
   9.266   0.7984   0.01354   0.00407   0.0474   0.1001   0.9794 120.3826 287.2699
   9.352   0.8074   0.01371   0.00416   0.0472   0.0952   0.9797 121.1705 287.3693
   9.437   0.8161   0.01388   0.00425   0.0471   0.0904   0.9800 121.9445 287.4882
   9.523   0.8247   0.01403   0.00434   0.0471   0.0862   0.9804 122.6617 287.6245
   9.608   0.8325   0.01420   0.00443   0.0473   0.0825   0.9810 123.2991 287.8202
   9.694   0.8399   0.01436   0.00452   0.0474   0.0789   0.9816 123.9213 288.0350
   9.779   0.8494   0.01453   0.00462   0.0472   0.0753   0.9818 124.5758 288.1160
   9.864   0.8586   0.01472   0.00474   0.0470   0.0721   0.9821 125.1526 288.2094
   9.950   0.8679   0.01490   0.00485   0.0468   0.0691   0.9824 125.7239 288.3201
  10.035   0.8770   0.01510   0.00497   0.0466   0.0664   0.9827 126.2302 288.4449
  10.121   0.8859   0.01527   0.00508   0.0465   0.0638   0.9832 126.7374 288.6025
  10.206   0.8941   0.01546   0.00519   0.0465   0.0616   0.9837 127.1683 288.8008
  10.291   0.9023   0.01562   0.00529   0.0465   0.0594   0.9843 127.6104 289.0314
  10.377   0.9113   0.01586   0.00544   0.0463   0.0574   0.9846 128.0051 289.1353
  10.462   0.9209   0.01601   0.00554   0.0461   0.0554   0.9848 128.4266 289.2401
  10.548   0.9298   0.01622   0.00567   0.0459   0.0537   0.9852 128.7958 289.3772
  10.633   0.9384   0.01644   0.00581   0.0457   0.0521   0.9856 129.1332 289.5310
  10.719   0.9472   0.01659   0.00592   0.0456   0.0504   0.9860 129.4904 289.7145
  10.804   0.9549   0.01679   0.00604   0.0457   0.0491   0.9867 129.7905 289.9770
  10.889   0.9637   0.01704   0.00620   0.0455   0.0478   0.9870 130.0781 290.1141
  10.975   0.9731   0.01720   0.00632   0.0453   0.0464   0.9873 130.3875 290.2372
  11.060   0.9822   0.01740   0.00645   0.0450   0.0452   0.9876 130.6619 290.3811
  11.146   0.9905   0.01766   0.00661   0.0449   0.0442   0.9881 130.8973 290.5776
  11.231   0.9986   0.01790   0.00677   0.0448   0.0432   0.9886 131.1247 290.8241
  11.317   1.0071   0.01808   0.00690   0.0447   0.0422   0.9891 131.3641 291.0520
  11.402   1.0162   0.01829   0.00705   0.0445   0.0412   0.9895 131.5954 291.2010
  11.487   1.0248   0.01855   0.00722   0.0443   0.0404   0.9898 131.7999 291.3819
  11.573   1.0322   0.01892   0.00745   0.0442   0.0396   0.9904 131.9929 291.6537
  11.658   1.0409   0.01909   0.00759   0.0441   0.0388   0.9909 132.1867 291.9161
  11.744   1.0497   0.01930   0.00774   0.0438   0.0380   0.9913 132.3941 292.1262
  11.829   1.0586   0.01953   0.00790   0.0436   0.0372   0.9917 132.5888 292.3275
  11.915   1.0670   0.01979   0.00808   0.0434   0.0365   0.9922 132.7600 292.5792
  12.000   1.0744   0.02012   0.00829   0.0433   0.0359   0.9928 132.9152 292.9257
