  
       XFOIL         Version 6.99
  
 Calculated polar for: Repaneled_Airfoil                               
  
 1 1 Reynolds number fixed          Mach number fixed         
  
 xtrf =   1.000 (top)        1.000 (bottom)  
 Mach =   0.000     Re =     0.500 e 6     Ncrit =   9.000  9.000
  
   alpha    CL        CD       CDp       CM     Top_Xtr  Bot_Xtr  Top_Itr  Bot_Itr
  ------ -------- --------- --------- -------- -------- -------- -------- --------
  -5.000  -0.5207   0.01515   0.00390  -0.0415   0.6102   0.0520  65.5131 173.1393
  -4.915  -0.5120   0.01502   0.00384  -0.0414   0.6091   0.0529  65.6205 173.3359
  -4.829  -0.5031   0.01492   0.00378  -0.0413   0.6081   0.0540  65.7195 173.5584
  -4.744  -0.4941   0.01482   0.00371  -0.0411   0.6071   0.0551  65.8093 173.8043
  -4.658  -0.4851   0.01472   0.00363  -0.0410   0.6063   0.0563  65.8910 174.0419
  -4.573  -0.4765   0.01457   0.00358  -0.0409   0.6056   0.0574  65.9651 174.2652
  -4.487  -0.4675   0.01448   0.00353  -0.0408   0.6045   0.0586  66.0692 174.5190
  -4.402  -0.4584   0.01440   0.00348  -0.0407   0.6031   0.0601  66.2006 174.8156
  -4.317  -0.4494   0.01429   0.00343  -0.0406   0.6019   0.0615  66.3227 175.1017
  -4.231  -0.4406   0.01417   0.00339  -0.0405   0.6007   0.0629  66.4363 175.3748
  -4.146  -0.4314   0.01409   0.00334  -0.0404   0.5997   0.0646  66.5426 175.6984
  -4.060  -0.4222   0.01402   0.00328  -0.0403   0.5986   0.0663  66.6414 176.0291
  -3.975  -0.4136   0.01388   0.00324  -0.0401   0.5977   0.0678  66.7321 176.3130
  -3.889  -0.4045   0.01380   0.00320  -0.0401   0.5968   0.0695  66.8171 176.6332
  -3.804  -0.3953   0.01374   0.00314  -0.0400   0.5960   0.0713  66.8959 176.9751
  -3.719  -0.3866   0.01361   0.00309  -0.0398   0.5953   0.0729  66.9685 177.2668
  -3.633  -0.3775   0.01353   0.00305  -0.0397   0.5942   0.0747  67.0772 177.5958
  -3.548  -0.3682   0.01346   0.00301  -0.0397   0.5928   0.0767  67.2098 177.9636
  -3.462  -0.3594   0.01334   0.00297  -0.0395   0.5915   0.0785  67.3338 178.2731
  -3.377  -0.3503   0.01326   0.00293  -0.0394   0.5903   0.0805  67.4511 178.6252
  -3.206  -0.3322   0.01307   0.00284  -0.0392   0.5882   0.0846  67.6642 179.3398
  -3.121  -0.3231   0.01300   0.00280  -0.0391   0.5872   0.0869  67.7612 179.7257
  -3.035  -0.3140   0.01292   0.00275  -0.0390   0.5862   0.0891  67.8515 180.1125
  -2.950  -0.3050   0.01283   0.00272  -0.0389   0.5854   0.0914  67.9353 180.4838
  -2.864  -0.2958   0.01278   0.00267  -0.0389   0.5844   0.0940  68.0271 180.9211
  -2.779  -0.2867   0.01269   0.00265  -0.0388   0.5830   0.0965  68.1666 181.3105
  -2.693  -0.2775   0.01262   0.00263  -0.0387   0.5816   0.0993  68.2985 181.7727
  -2.608  -0.2684   0.01254   0.00260  -0.0386   0.5803   0.1022  68.4234 182.2189
  -2.523  -0.2592   0.01247   0.00257  -0.0385   0.5791   0.1052  68.5403 182.7005
  -2.437  -0.2501   0.01241   0.00254  -0.0384   0.5780   0.1084  68.6493 183.1840
  -2.352  -0.2409   0.01234   0.00251  -0.0384   0.5770   0.1116  68.7498 183.6834
  -2.266  -0.2318   0.01227   0.00248  -0.0383   0.5760   0.1150  68.8424 184.1845
  -2.181  -0.2226   0.01221   0.00245  -0.0382   0.5751   0.1184  68.9287 184.6909
  -2.095  -0.2135   0.01215   0.00242  -0.0381   0.5742   0.1218  69.0172 185.1938
  -2.010  -0.2043   0.01207   0.00240  -0.0380   0.5728   0.1254  69.1526 185.7123
  -1.925  -0.1951   0.01201   0.00238  -0.0380   0.5715   0.1290  69.2810 186.2291
  -1.839  -0.1859   0.01194   0.00235  -0.0379   0.5703   0.1330  69.4007 186.7878
  -1.754  -0.1768   0.01187   0.00233  -0.0378   0.5691   0.1369  69.5118 187.3357
  -1.668  -0.1675   0.01181   0.00230  -0.0377   0.5680   0.1414  69.6165 187.9586
  -1.583  -0.1585   0.01173   0.00228  -0.0377   0.5670   0.1460  69.7158 188.5768
  -1.498  -0.1494   0.01167   0.00225  -0.0376   0.5660   0.1512  69.8104 189.2751
  -1.412  -0.1402   0.01160   0.00222  -0.0375   0.5651   0.1572  69.9007 190.0714
  -1.327  -0.1312   0.01154   0.00220  -0.0374   0.5642   0.1641  69.9874 190.9679
  -1.241  -0.1221   0.01146   0.00219  -0.0374   0.5628   0.1721  70.1183 191.9895
  -1.156  -0.1130   0.01137   0.00218  -0.0373   0.5614   0.1817  70.2556 193.1874
  -1.070  -0.1040   0.01129   0.00218  -0.0372   0.5600   0.1935  70.3882 194.6249
  -0.985  -0.0949   0.01120   0.00217  -0.0371   0.5587   0.2079  70.5141 196.3350
  -0.899  -0.0859   0.01112   0.00217  -0.0371   0.5575   0.2239  70.6316 198.1918
  -0.814  -0.0768   0.01105   0.00217  -0.0370   0.5564   0.2403  70.7400 200.0480
  -0.729  -0.0676   0.01098   0.00217  -0.0370   0.5554   0.2561  70.8388 201.7898
  -0.643  -0.0585   0.01093   0.00217  -0.0369   0.5544   0.2712  70.9291 203.4269
  -0.558  -0.0492   0.01088   0.00217  -0.0369   0.5535   0.2865  71.0198 205.0484
  -0.472  -0.0400   0.01081   0.00219  -0.0369   0.5522   0.3019  71.1431 206.6672
  -0.387  -0.0306   0.01075   0.00221  -0.0368   0.5509   0.3180  71.2644 208.3225
  -0.301  -0.0213   0.01071   0.00223  -0.0368   0.5497   0.3349  71.3838 210.0404
  -0.216  -0.0120   0.01065   0.00224  -0.0368   0.5485   0.3523  71.4998 211.7967
  -0.131  -0.0028   0.01057   0.00224  -0.0368   0.5473   0.3720  71.6112 213.7480
  -0.045   0.0063   0.01045   0.00222  -0.0368   0.5462   0.3983  71.7173 216.3308
   0.040   0.0146   0.01014   0.00216  -0.0369   0.5452   0.4668  71.8161 222.9362
   0.126   0.0250   0.01046   0.00246  -0.0373   0.5442   0.6721  71.9172 242.8718
   0.211   0.0344   0.01048   0.00251  -0.0372   0.5431   0.6777  72.0157 243.4496
   0.296   0.0440   0.01052   0.00251  -0.0372   0.5417   0.6833  72.1565 244.0084
   0.382   0.0528   0.01029   0.00245  -0.0370   0.5403   0.6895  72.2908 244.6377
   0.467   0.0620   0.01021   0.00241  -0.0368   0.5389   0.6948  72.4194 245.1913
   0.553   0.0712   0.01015   0.00239  -0.0367   0.5377   0.7005  72.5381 245.7789
   0.638   0.0804   0.01009   0.00238  -0.0365   0.5366   0.7053  72.6472 246.2829
   0.724   0.0897   0.01007   0.00237  -0.0364   0.5355   0.7102  72.7489 246.7923
   0.809   0.0991   0.01005   0.00237  -0.0363   0.5345   0.7140  72.8428 247.1914
   0.894   0.1084   0.01003   0.00237  -0.0361   0.5336   0.7180  72.9294 247.6208
   0.980   0.1180   0.01008   0.00237  -0.0361   0.5327   0.7215  73.0185 247.9870
   1.065   0.1272   0.01002   0.00240  -0.0359   0.5314   0.7252  73.1401 248.3849
   1.151   0.1368   0.01003   0.00242  -0.0358   0.5301   0.7288  73.2660 248.7669
   1.236   0.1463   0.01004   0.00243  -0.0358   0.5288   0.7318  73.3910 249.0931
   1.322   0.1555   0.01002   0.00246  -0.0356   0.5276   0.7353  73.5113 249.4697
   1.407   0.1651   0.01004   0.00247  -0.0355   0.5264   0.7385  73.6279 249.8133
   1.492   0.1747   0.01005   0.00247  -0.0355   0.5252   0.7411  73.7392 250.0937
   1.578   0.1839   0.01004   0.00249  -0.0353   0.5241   0.7437  73.8436 250.3775
   1.663   0.1934   0.01006   0.00250  -0.0352   0.5231   0.7461  73.9430 250.6367
   1.749   0.2031   0.01009   0.00250  -0.0352   0.5219   0.7482  74.0599 250.8738
   1.834   0.2128   0.01009   0.00252  -0.0352   0.5202   0.7502  74.2159 251.0899
   1.920   0.2221   0.01007   0.00254  -0.0350   0.5185   0.7524  74.3786 251.3324
   2.005   0.2315   0.01007   0.00255  -0.0349   0.5168   0.7547  74.5431 251.5860
   2.091   0.2411   0.01009   0.00254  -0.0349   0.5152   0.7567  74.7015 251.8114
   2.176   0.2509   0.01011   0.00252  -0.0349   0.5137   0.7584  74.8469 251.9945
   2.261   0.2600   0.01010   0.00253  -0.0347   0.5123   0.7603  74.9774 252.2133
   2.347   0.2694   0.01010   0.00255  -0.0346   0.5105   0.7626  75.1507 252.4710
   2.432   0.2789   0.01011   0.00256  -0.0345   0.5086   0.7652  75.3271 252.7530
   2.518   0.2886   0.01014   0.00256  -0.0345   0.5070   0.7675  75.4875 253.0142
   2.603   0.2976   0.01012   0.00259  -0.0343   0.5055   0.7701  75.6271 253.3154
   2.688   0.3069   0.01014   0.00261  -0.0341   0.5041   0.7728  75.7586 253.6188
   2.774   0.3165   0.01017   0.00260  -0.0341   0.5028   0.7752  75.8832 253.8882
   2.859   0.3258   0.01019   0.00260  -0.0340   0.5016   0.7771  76.0004 254.1097
   2.945   0.3351   0.01018   0.00263  -0.0338   0.4998   0.7791  76.1695 254.3352
   3.030   0.3446   0.01018   0.00265  -0.0337   0.4981   0.7809  76.3371 254.5471
   3.116   0.3542   0.01019   0.00265  -0.0337   0.4965   0.7825  76.4950 254.7275
   3.201   0.3639   0.01021   0.00264  -0.0337   0.4949   0.7836  76.6410 254.8592
   3.286   0.3737   0.01023   0.00263  -0.0338   0.4935   0.7844  76.7751 254.9423
   3.372   0.3835   0.01025   0.00261  -0.0338   0.4922   0.7848  76.8993 254.9886
   3.457   0.3932   0.01026   0.00260  -0.0338   0.4910   0.7851  77.0220 255.0318
   3.543   0.4029   0.01025   0.00261  -0.0338   0.4892   0.7855  77.1888 255.0700
   3.628   0.4127   0.01025   0.00261  -0.0339   0.4875   0.7857  77.3507 255.1025
   3.714   0.4224   0.01025   0.00261  -0.0339   0.4859   0.7860  77.5073 255.1345
   3.799   0.4322   0.01026   0.00260  -0.0339   0.4843   0.7863  77.6553 255.1640
   3.884   0.4419   0.01026   0.00259  -0.0339   0.4829   0.7865  77.7944 255.1905
   3.970   0.4515   0.01028   0.00257  -0.0339   0.4815   0.7867  77.9239 255.2156
   4.055   0.4612   0.01029   0.00257  -0.0340   0.4800   0.7870  78.0701 255.2475
   4.141   0.4710   0.01029   0.00257  -0.0340   0.4781   0.7873  78.2539 255.2870
   4.226   0.4807   0.01029   0.00257  -0.0340   0.4762   0.7877  78.4339 255.3319
   4.312   0.4904   0.01030   0.00256  -0.0340   0.4745   0.7881  78.6039 255.3804
   4.397   0.5001   0.01031   0.00255  -0.0340   0.4728   0.7885  78.7601 255.4275
   4.482   0.5097   0.01033   0.00254  -0.0340   0.4713   0.7890  78.9027 255.4851
   4.568   0.5193   0.01035   0.00253  -0.0340   0.4698   0.7897  79.0546 255.5688
   4.653   0.5290   0.01035   0.00254  -0.0340   0.4677   0.7907  79.2544 255.6787
   4.739   0.5387   0.01036   0.00254  -0.0341   0.4657   0.7917  79.4489 255.8018
   4.824   0.5484   0.01038   0.00253  -0.0341   0.4637   0.7927  79.6330 255.9210
   4.910   0.5581   0.01040   0.00252  -0.0341   0.4620   0.7936  79.8012 256.0259
   4.995   0.5673   0.01041   0.00251  -0.0340   0.4604   0.7946  79.9533 256.1341
   5.080   0.5768   0.01041   0.00252  -0.0340   0.4584   0.7952  80.1508 256.2160
   5.166   0.5865   0.01041   0.00252  -0.0340   0.4561   0.7956  80.3700 256.2574
   5.251   0.5963   0.01041   0.00250  -0.0340   0.4539   0.7956  80.5829 256.2611
   5.337   0.6061   0.01042   0.00248  -0.0341   0.4518   0.7954  80.7787 256.2360
   5.422   0.6158   0.01045   0.00246  -0.0341   0.4500   0.7951  80.9553 256.1965
   5.508   0.6257   0.01046   0.00245  -0.0342   0.4476   0.7947  81.1854 256.1566
   5.593   0.6356   0.01046   0.00244  -0.0343   0.4450   0.7944  81.4338 256.1176
   5.678   0.6454   0.01047   0.00242  -0.0344   0.4425   0.7941  81.6736 256.0819
   5.764   0.6551   0.01050   0.00239  -0.0345   0.4403   0.7938  81.8944 256.0501
   5.849   0.6649   0.01051   0.00237  -0.0345   0.4375   0.7936  82.1596 256.0209
   5.935   0.6748   0.01052   0.00236  -0.0346   0.4341   0.7934  82.4912 255.9945
   6.020   0.6843   0.01052   0.00233  -0.0346   0.4308   0.7932  82.8039 255.9722
   6.106   0.6939   0.01053   0.00230  -0.0346   0.4275   0.7930  83.1272 255.9491
   6.191   0.7036   0.01053   0.00229  -0.0347   0.4233   0.7928  83.5305 255.9248
   6.276   0.7131   0.01054   0.00225  -0.0347   0.4196   0.7926  83.8920 255.8992
   6.362   0.7227   0.01055   0.00223  -0.0347   0.4153   0.7923  84.3146 255.8722
   6.447   0.7323   0.01056   0.00221  -0.0347   0.4107   0.7921  84.7629 255.8432
   6.533   0.7418   0.01057   0.00218  -0.0347   0.4059   0.7918  85.2216 255.8124
   6.618   0.7514   0.01059   0.00216  -0.0348   0.4006   0.7915  85.7450 255.7808
   6.704   0.7609   0.01061   0.00213  -0.0348   0.3954   0.7913  86.2551 255.7488
   6.789   0.7704   0.01064   0.00211  -0.0348   0.3899   0.7910  86.7888 255.7164
   6.874   0.7800   0.01067   0.00210  -0.0348   0.3845   0.7907  87.3221 255.6839
   6.960   0.7894   0.01071   0.00208  -0.0348   0.3788   0.7904  87.8885 255.6509
   7.045   0.7989   0.01074   0.00207  -0.0349   0.3724   0.7902  88.5145 255.6179
   7.131   0.8083   0.01079   0.00206  -0.0349   0.3660   0.7899  89.1477 255.5846
   7.216   0.8176   0.01085   0.00205  -0.0349   0.3592   0.7896  89.8340 255.5513
   7.301   0.8270   0.01091   0.00205  -0.0349   0.3521   0.7893  90.5386 255.5179
   7.387   0.8362   0.01098   0.00205  -0.0349   0.3450   0.7890  91.2542 255.4844
   7.472   0.8454   0.01105   0.00205  -0.0349   0.3372   0.7887  92.0406 255.4509
   7.558   0.8546   0.01114   0.00206  -0.0348   0.3292   0.7884  92.8471 255.4174
   7.643   0.8637   0.01123   0.00207  -0.0348   0.3212   0.7881  93.6684 255.3841
   7.729   0.8728   0.01132   0.00209  -0.0348   0.3131   0.7879  94.5072 255.3508
   7.814   0.8818   0.01143   0.00211  -0.0348   0.3047   0.7876  95.3711 255.3177
   7.899   0.8908   0.01154   0.00214  -0.0348   0.2965   0.7873  96.2230 255.2847
   7.985   0.8997   0.01166   0.00217  -0.0347   0.2883   0.7870  97.0844 255.2521
   8.070   0.9087   0.01177   0.00220  -0.0347   0.2797   0.7867  98.0039 255.2196
   8.156   0.9176   0.01190   0.00224  -0.0346   0.2714   0.7865  98.8936 255.1876
   8.241   0.9264   0.01203   0.00228  -0.0346   0.2631   0.7862  99.7850 255.1559
   8.327   0.9353   0.01215   0.00232  -0.0346   0.2547   0.7859 100.7039 255.1247
   8.412   0.9440   0.01230   0.00237  -0.0345   0.2466   0.7857 101.5960 255.0940
   8.498   0.9527   0.01244   0.00242  -0.0344   0.2390   0.7854 102.4432 255.0639
   8.583   0.9614   0.01258   0.00247  -0.0344   0.2315   0.7852 103.2881 255.0345
   8.668   0.9700   0.01273   0.00252  -0.0343   0.2240   0.7849 104.1406 255.0059
   8.754   0.9785   0.01288   0.00258  -0.0342   0.2170   0.7847 104.9499 254.9831
   8.839   0.9871   0.01301   0.00264  -0.0341   0.2101   0.7845 105.7571 254.9612
   8.925   0.9957   0.01314   0.00270  -0.0340   0.2034   0.7843 106.5549 254.9388
   9.010   1.0041   0.01328   0.00276  -0.0339   0.1967   0.7841 107.3477 254.9158
   9.095   1.0125   0.01343   0.00282  -0.0338   0.1903   0.7839 108.1267 254.8924
   9.181   1.0209   0.01357   0.00288  -0.0337   0.1835   0.7837 108.9563 254.8686
   9.266   1.0294   0.01371   0.00294  -0.0336   0.1762   0.7835 109.8684 254.8444
   9.352   1.0377   0.01386   0.00301  -0.0335   0.1686   0.7833 110.8249 254.8197
   9.437   1.0459   0.01403   0.00308  -0.0334   0.1605   0.7831 111.8713 254.7948
   9.523   1.0539   0.01420   0.00315  -0.0332   0.1514   0.7829 113.0750 254.7695
   9.608   1.0618   0.01440   0.00324  -0.0330   0.1417   0.7826 114.3793 254.7438
   9.694   1.0693   0.01462   0.00333  -0.0328   0.1309   0.7824 115.8846 254.7179
   9.779   1.0767   0.01486   0.00345  -0.0326   0.1204   0.7822 117.3968 254.6917
   9.950   1.0909   0.01538   0.00371  -0.0320   0.1010   0.7817 120.3522 254.6386
  10.035   1.0979   0.01563   0.00384  -0.0317   0.0929   0.7815 121.6651 254.6118
  10.121   1.1049   0.01589   0.00398  -0.0314   0.0862   0.7813 122.7809 254.5849
  10.206   1.1121   0.01613   0.00412  -0.0311   0.0804   0.7810 123.7835 254.5580
  10.291   1.1193   0.01636   0.00425  -0.0308   0.0754   0.7808 124.6750 254.5311
  10.377   1.1265   0.01660   0.00437  -0.0306   0.0712   0.7806 125.4386 254.5041
  10.462   1.1335   0.01684   0.00451  -0.0303   0.0677   0.7803 126.0952 254.4770
  10.548   1.1409   0.01704   0.00463  -0.0300   0.0644   0.7801 126.7431 254.4502
  10.633   1.1481   0.01726   0.00475  -0.0297   0.0616   0.7799 127.2944 254.4233
  10.719   1.1553   0.01748   0.00487  -0.0294   0.0590   0.7796 127.8087 254.3965
  10.804   1.1625   0.01769   0.00500  -0.0292   0.0568   0.7794 128.2634 254.3697
  10.889   1.1697   0.01790   0.00512  -0.0289   0.0547   0.7792 128.6986 254.3431
  10.975   1.1765   0.01815   0.00526  -0.0285   0.0529   0.7789 129.0631 254.3163
  11.060   1.1840   0.01832   0.00536  -0.0283   0.0511   0.7787 129.4578 254.2901
  11.146   1.1910   0.01854   0.00549  -0.0280   0.0496   0.7785 129.7943 254.2637
  11.231   1.1976   0.01879   0.00563  -0.0276   0.0482   0.7782 130.0855 254.2374
  11.317   1.2050   0.01897   0.00574  -0.0274   0.0469   0.7780 130.3964 254.2117
  11.402   1.2120   0.01918   0.00586  -0.0271   0.0456   0.7778 130.6748 254.1860
  11.487   1.2182   0.01945   0.00601  -0.0267   0.0446   0.7776 130.9157 254.1602
  11.573   1.2249   0.01967   0.00615  -0.0263   0.0435   0.7773 131.1583 254.1349
  11.658   1.2319   0.01987   0.00627  -0.0260   0.0425   0.7771 131.4092 254.1112
  11.744   1.2386   0.02009   0.00640  -0.0257   0.0415   0.7769 131.6358 254.0893
  11.829   1.2446   0.02036   0.00655  -0.0252   0.0407   0.7768 131.8362 254.0688
  11.915   1.2498   0.02069   0.00675  -0.0247   0.0399   0.7766 132.0248 254.0492
  12.000   1.2568   0.02087   0.00686  -0.0244   0.0391   0.7764 132.2293 254.0313
