  
       XFOIL         Version 6.99
  
 Calculated polar for: Repaneled_Airfoil                               
  
 1 1 Reynolds number fixed          Mach number fixed         
  
 xtrf =   1.000 (top)        1.000 (bottom)  
 Mach =   0.000     Re =     0.500 e 6     Ncrit =   9.000  9.000
  
   alpha    CL        CD       CDp       CM     Top_Xtr  Bot_Xtr  Top_Itr  Bot_Itr
  ------ -------- --------- --------- -------- -------- -------- -------- --------
  -5.000  -0.2592   0.01028   0.00201  -0.0448   0.8245   0.1424  42.2197 187.8567
  -4.915  -0.2498   0.01019   0.00198  -0.0448   0.8239   0.1492  42.2945 188.7718
  -4.829  -0.2403   0.01012   0.00195  -0.0448   0.8234   0.1563  42.3550 189.7188
  -4.744  -0.2308   0.01004   0.00193  -0.0448   0.8229   0.1636  42.4148 190.6653
  -4.658  -0.2214   0.00996   0.00190  -0.0448   0.8224   0.1709  42.4769 191.6013
  -4.573  -0.2119   0.00988   0.00188  -0.0448   0.8219   0.1784  42.5444 192.5472
  -4.487  -0.2025   0.00981   0.00185  -0.0448   0.8213   0.1861  42.6195 193.4980
  -4.402  -0.1931   0.00973   0.00181  -0.0448   0.8206   0.1940  42.7048 194.4633
  -4.317  -0.1838   0.00964   0.00178  -0.0448   0.8198   0.2024  42.8034 195.4754
  -4.231  -0.1745   0.00956   0.00174  -0.0447   0.8189   0.2118  42.9113 196.5802
  -4.146  -0.1653   0.00946   0.00170  -0.0447   0.8180   0.2227  43.0270 197.8460
  -4.060  -0.1561   0.00934   0.00166  -0.0446   0.8168   0.2366  43.1727 199.4242
  -3.975  -0.1472   0.00919   0.00163  -0.0446   0.8155   0.2557  43.3286 201.5456
  -3.889  -0.1384   0.00903   0.00160  -0.0445   0.8143   0.2824  43.4828 204.4245
  -3.804  -0.1296   0.00888   0.00159  -0.0444   0.8130   0.3126  43.6341 207.5816
  -3.719  -0.1207   0.00876   0.00158  -0.0443   0.8119   0.3391  43.7763 210.2788
  -3.633  -0.1115   0.00868   0.00158  -0.0442   0.8108   0.3606  43.9117 212.4425
  -3.548  -0.1023   0.00861   0.00157  -0.0441   0.8096   0.3782  44.0567 214.1831
  -3.462  -0.0929   0.00855   0.00158  -0.0441   0.8081   0.3927  44.2336 215.6023
  -3.377  -0.0836   0.00850   0.00158  -0.0440   0.8065   0.4053  44.4257 216.8373
  -3.292  -0.0742   0.00845   0.00157  -0.0439   0.8049   0.4167  44.6243 217.9461
  -3.121  -0.0555   0.00839   0.00155  -0.0437   0.8018   0.4380  45.0007 220.0035
  -3.035  -0.0461   0.00834   0.00155  -0.0437   0.7999   0.4478  45.2199 220.9437
  -2.950  -0.0367   0.00829   0.00155  -0.0436   0.7981   0.4568  45.4345 221.8067
  -2.864  -0.0273   0.00826   0.00155  -0.0435   0.7965   0.4651  45.6286 222.6061
  -2.779  -0.0178   0.00823   0.00154  -0.0434   0.7950   0.4730  45.8010 223.3628
  -2.693  -0.0083   0.00821   0.00153  -0.0434   0.7937   0.4807  45.9540 224.0991
  -2.608   0.0012   0.00818   0.00153  -0.0433   0.7924   0.4883  46.1111 224.8258
  -2.523   0.0107   0.00814   0.00154  -0.0433   0.7911   0.4958  46.2634 225.5441
  -2.437   0.0203   0.00811   0.00154  -0.0433   0.7900   0.5034  46.3932 226.2673
  -2.266   0.0395   0.00806   0.00155  -0.0432   0.7880   0.5181  46.6265 227.6744
  -2.181   0.0490   0.00804   0.00155  -0.0432   0.7870   0.5251  46.7369 228.3464
  -2.095   0.0587   0.00802   0.00155  -0.0431   0.7861   0.5323  46.8457 229.0340
  -2.010   0.0682   0.00801   0.00155  -0.0431   0.7852   0.5392  46.9551 229.6976
  -1.925   0.0778   0.00798   0.00156  -0.0431   0.7840   0.5462  47.0843 230.3676
  -1.839   0.0874   0.00796   0.00157  -0.0430   0.7827   0.5534  47.2384 231.0609
  -1.754   0.0970   0.00794   0.00157  -0.0430   0.7813   0.5603  47.4012 231.7283
  -1.668   0.1066   0.00792   0.00158  -0.0430   0.7798   0.5671  47.5673 232.3755
  -1.583   0.1162   0.00791   0.00158  -0.0429   0.7784   0.5739  47.7311 233.0389
  -1.498   0.1258   0.00790   0.00158  -0.0429   0.7771   0.5803  47.8866 233.6518
  -1.412   0.1354   0.00790   0.00158  -0.0428   0.7758   0.5866  48.0388 234.2666
  -1.327   0.1450   0.00789   0.00159  -0.0428   0.7741   0.5933  48.2245 234.9165
  -1.241   0.1546   0.00788   0.00160  -0.0428   0.7725   0.5993  48.4095 235.4982
  -1.156   0.1643   0.00788   0.00160  -0.0427   0.7709   0.6055  48.5865 236.1067
  -1.070   0.1739   0.00787   0.00159  -0.0427   0.7694   0.6113  48.7580 236.6799
  -0.985   0.1836   0.00787   0.00159  -0.0427   0.7680   0.6172  48.9218 237.2519
  -0.899   0.1933   0.00787   0.00158  -0.0426   0.7664   0.6234  49.1018 237.8610
  -0.814   0.2028   0.00784   0.00158  -0.0426   0.7645   0.6290  49.3132 238.4215
  -0.729   0.2125   0.00784   0.00156  -0.0426   0.7626   0.6353  49.5242 239.0379
  -0.643   0.2221   0.00781   0.00153  -0.0425   0.7608   0.6415  49.7246 239.6644
  -0.558   0.2316   0.00777   0.00150  -0.0425   0.7592   0.6471  49.9081 240.2193
  -0.472   0.2408   0.00769   0.00146  -0.0424   0.7575   0.6525  50.0992 240.7550
  -0.387   0.2500   0.00760   0.00144  -0.0423   0.7554   0.6577  50.3259 241.2827
  -0.301   0.2588   0.00750   0.00143  -0.0421   0.7534   0.6631  50.5494 241.8265
  -0.216   0.2677   0.00742   0.00141  -0.0419   0.7515   0.6744  50.7643 242.9689
  -0.131   0.2764   0.00733   0.00138  -0.0417   0.7496   0.6910  50.9650 244.6753
  -0.045   0.2844   0.00717   0.00138  -0.0413   0.7473   0.7199  51.2166 247.7079
   0.040   0.2892   0.00687   0.00145  -0.0400   0.7450   0.8123  51.4707 258.1777
   0.126   0.2969   0.00678   0.00154  -0.0392   0.7427   0.8823  51.7268 267.5380
   0.211   0.3070   0.00679   0.00157  -0.0390   0.7404   0.9111  51.9706 272.0696
   0.296   0.3176   0.00680   0.00160  -0.0390   0.7376   0.9286  52.2825 275.1493
   0.382   0.3288   0.00681   0.00162  -0.0392   0.7346   0.9412  52.6068 277.5910
   0.467   0.3403   0.00684   0.00162  -0.0395   0.7318   0.9508  52.9058 279.6205
   0.553   0.3520   0.00685   0.00163  -0.0398   0.7286   0.9584  53.2438 281.3722
   0.638   0.3636   0.00687   0.00164  -0.0401   0.7252   0.9648  53.6096 282.9509
   0.724   0.3761   0.00689   0.00163  -0.0406   0.7221   0.9694  53.9409 284.1876
   0.809   0.3889   0.00691   0.00164  -0.0412   0.7184   0.9732  54.3376 285.2763
   0.894   0.4019   0.00692   0.00163  -0.0419   0.7145   0.9764  54.7526 286.2461
   0.980   0.4153   0.00694   0.00162  -0.0427   0.7106   0.9790  55.1588 287.1078
   1.065   0.4293   0.00695   0.00162  -0.0436   0.7060   0.9813  55.6434 287.8744
   1.151   0.4435   0.00697   0.00160  -0.0445   0.7015   0.9832  56.1064 288.5956
   1.236   0.4576   0.00698   0.00159  -0.0454   0.6960   0.9854  56.6860 289.4066
   1.322   0.4714   0.00700   0.00158  -0.0463   0.6905   0.9874  57.2521 290.2362
   1.407   0.4851   0.00702   0.00155  -0.0472   0.6845   0.9893  57.8672 291.0832
   1.492   0.4993   0.00703   0.00155  -0.0481   0.6765   0.9912  58.6852 292.0044
   1.578   0.5146   0.00694   0.00155  -0.0494   0.6500   0.9931  61.3537 293.0131
   1.663   0.5280   0.00692   0.00138  -0.0501   0.6301   0.9948  63.3359 294.0622
   1.749   0.5412   0.00700   0.00131  -0.0509   0.6086   0.9963  65.4461 295.1786
   1.834   0.5544   0.00714   0.00130  -0.0517   0.5882   0.9977  67.4311 296.4636
   1.920   0.5678   0.00728   0.00132  -0.0526   0.5690   0.9991  69.2909 298.1299
   2.005   0.5798   0.00741   0.00134  -0.0532   0.5508   1.0000  71.0399 301.0000
   2.091   0.5878   0.00752   0.00135  -0.0529   0.5342   1.0000  72.6233 301.0000
   2.176   0.5956   0.00764   0.00137  -0.0526   0.5180   1.0000  74.1784 301.0000
   2.261   0.6035   0.00775   0.00139  -0.0523   0.5014   1.0000  75.7570 301.0000
   2.347   0.6112   0.00787   0.00140  -0.0520   0.4847   1.0000  77.3492 301.0000
   2.432   0.6189   0.00800   0.00143  -0.0517   0.4682   1.0000  78.9304 301.0000
   2.518   0.6266   0.00812   0.00145  -0.0514   0.4521   1.0000  80.4703 301.0000
   2.603   0.6342   0.00825   0.00147  -0.0510   0.4375   1.0000  81.8726 301.0000
   2.688   0.6418   0.00837   0.00150  -0.0507   0.4239   1.0000  83.1858 301.0000
   2.774   0.6495   0.00849   0.00153  -0.0504   0.4113   1.0000  84.3963 301.0000
   2.859   0.6572   0.00860   0.00156  -0.0500   0.4002   1.0000  85.4805 301.0000
   2.945   0.6649   0.00871   0.00159  -0.0497   0.3903   1.0000  86.4465 301.0000
   3.030   0.6726   0.00881   0.00162  -0.0494   0.3816   1.0000  87.2968 301.0000
   3.116   0.6803   0.00892   0.00165  -0.0491   0.3737   1.0000  88.0746 301.0000
   3.201   0.6881   0.00901   0.00168  -0.0488   0.3661   1.0000  88.8290 301.0000
   3.286   0.6959   0.00910   0.00170  -0.0484   0.3593   1.0000  89.5036 301.0000
   3.372   0.7036   0.00919   0.00173  -0.0481   0.3532   1.0000  90.1058 301.0000
   3.457   0.7115   0.00928   0.00176  -0.0478   0.3473   1.0000  90.7031 301.0000
   3.543   0.7193   0.00936   0.00179  -0.0475   0.3419   1.0000  91.2379 301.0000
   3.628   0.7271   0.00944   0.00182  -0.0472   0.3366   1.0000  91.7775 301.0000
   3.714   0.7350   0.00952   0.00185  -0.0469   0.3316   1.0000  92.2811 301.0000
   3.799   0.7428   0.00960   0.00188  -0.0465   0.3266   1.0000  92.7872 301.0000
   3.884   0.7506   0.00968   0.00190  -0.0462   0.3220   1.0000  93.2558 301.0000
   3.970   0.7584   0.00976   0.00193  -0.0459   0.3174   1.0000  93.7306 301.0000
   4.055   0.7661   0.00984   0.00196  -0.0456   0.3132   1.0000  94.1612 301.0000
   4.141   0.7741   0.00991   0.00198  -0.0452   0.3087   1.0000  94.6270 301.0000
   4.226   0.7817   0.01000   0.00201  -0.0449   0.3045   1.0000  95.0556 301.0000
   4.312   0.7897   0.01006   0.00204  -0.0446   0.3001   1.0000  95.5202 301.0000
   4.397   0.7972   0.01016   0.00207  -0.0442   0.2959   1.0000  95.9508 301.0000
   4.482   0.8052   0.01022   0.00209  -0.0439   0.2916   1.0000  96.4062 301.0000
   4.568   0.8128   0.01030   0.00212  -0.0436   0.2874   1.0000  96.8494 301.0000
   4.653   0.8207   0.01037   0.00215  -0.0433   0.2832   1.0000  97.2853 301.0000
   4.739   0.8285   0.01045   0.00217  -0.0429   0.2789   1.0000  97.7420 301.0000
   4.824   0.8362   0.01053   0.00220  -0.0426   0.2748   1.0000  98.1792 301.0000
   4.910   0.8440   0.01060   0.00223  -0.0423   0.2703   1.0000  98.6680 301.0000
   4.995   0.8516   0.01069   0.00225  -0.0419   0.2659   1.0000  99.1380 301.0000
   5.080   0.8595   0.01076   0.00228  -0.0416   0.2609   1.0000  99.6765 301.0000
   5.166   0.8671   0.01085   0.00230  -0.0413   0.2561   1.0000 100.2017 301.0000
   5.251   0.8749   0.01092   0.00233  -0.0409   0.2507   1.0000 100.7988 301.0000
   5.337   0.8826   0.01101   0.00235  -0.0406   0.2454   1.0000 101.3874 301.0000
   5.508   0.8979   0.01118   0.00241  -0.0399   0.2341   1.0000 102.6506 301.0000
   5.593   0.9055   0.01127   0.00243  -0.0396   0.2280   1.0000 103.3335 301.0000
   5.678   0.9129   0.01138   0.00246  -0.0392   0.2213   1.0000 104.1055 301.0000
   5.764   0.9203   0.01149   0.00249  -0.0388   0.2141   1.0000 104.9363 301.0000
   5.849   0.9277   0.01160   0.00253  -0.0385   0.2062   1.0000 105.8563 301.0000
   5.935   0.9349   0.01172   0.00256  -0.0381   0.1975   1.0000 106.8931 301.0000
   6.020   0.9419   0.01187   0.00261  -0.0376   0.1887   1.0000 107.9557 301.0000
   6.106   0.9488   0.01203   0.00266  -0.0372   0.1795   1.0000 109.0892 301.0000
   6.191   0.9557   0.01219   0.00272  -0.0368   0.1699   1.0000 110.2997 301.0000
   6.276   0.9624   0.01237   0.00279  -0.0363   0.1609   1.0000 111.4517 301.0000
   6.362   0.9691   0.01255   0.00286  -0.0359   0.1520   1.0000 112.6177 301.0000
   6.447   0.9758   0.01274   0.00294  -0.0354   0.1438   1.0000 113.7212 301.0000
   6.533   0.9825   0.01292   0.00303  -0.0350   0.1362   1.0000 114.7719 301.0000
   6.618   0.9893   0.01311   0.00311  -0.0346   0.1289   1.0000 115.7989 301.0000
   6.704   0.9962   0.01329   0.00319  -0.0342   0.1223   1.0000 116.7475 301.0000
   6.789   1.0031   0.01347   0.00328  -0.0337   0.1162   1.0000 117.6499 301.0000
   6.874   1.0101   0.01365   0.00337  -0.0334   0.1104   1.0000 118.5166 301.0000
   6.960   1.0170   0.01383   0.00345  -0.0330   0.1052   1.0000 119.3238 301.0000
   7.045   1.0238   0.01402   0.00355  -0.0326   0.1005   1.0000 120.0664 301.0000
   7.131   1.0309   0.01420   0.00363  -0.0322   0.0957   1.0000 120.8292 301.0000
   7.216   1.0380   0.01437   0.00372  -0.0318   0.0914   1.0000 121.5432 301.0000
   7.301   1.0449   0.01456   0.00381  -0.0314   0.0875   1.0000 122.1924 301.0000
   7.387   1.0519   0.01474   0.00391  -0.0310   0.0838   1.0000 122.8253 301.0000
   7.472   1.0590   0.01492   0.00400  -0.0307   0.0803   1.0000 123.4272 301.0000
   7.643   1.0730   0.01528   0.00419  -0.0299   0.0741   1.0000 124.5497 301.0000
   7.729   1.0797   0.01549   0.00430  -0.0295   0.0714   1.0000 125.0327 301.0000
   7.814   1.0869   0.01565   0.00439  -0.0292   0.0687   1.0000 125.5384 301.0000
   7.899   1.0934   0.01587   0.00450  -0.0288   0.0665   1.0000 125.9630 301.0000
   7.985   1.1006   0.01603   0.00459  -0.0284   0.0641   1.0000 126.4226 301.0000
   8.070   1.1074   0.01623   0.00469  -0.0280   0.0620   1.0000 126.8325 301.0000
   8.156   1.1142   0.01642   0.00480  -0.0276   0.0601   1.0000 127.2162 301.0000
   8.241   1.1212   0.01659   0.00489  -0.0273   0.0582   1.0000 127.6059 301.0000
   8.327   1.1275   0.01681   0.00501  -0.0269   0.0566   1.0000 127.9354 301.0000
   8.412   1.1345   0.01699   0.00511  -0.0265   0.0549   1.0000 128.2837 301.0000
   8.498   1.1413   0.01717   0.00521  -0.0261   0.0533   1.0000 128.6204 301.0000
   8.583   1.1474   0.01741   0.00534  -0.0257   0.0520   1.0000 128.9082 301.0000
   8.668   1.1541   0.01760   0.00545  -0.0252   0.0506   1.0000 129.2079 301.0000
   8.754   1.1610   0.01777   0.00555  -0.0249   0.0492   1.0000 129.5179 301.0000
   8.839   1.1673   0.01798   0.00566  -0.0245   0.0480   1.0000 129.7866 301.0000
   8.925   1.1729   0.01824   0.00580  -0.0239   0.0469   1.0000 130.0222 301.0000
   9.010   1.1798   0.01840   0.00590  -0.0236   0.0457   1.0000 130.2897 301.0000
   9.095   1.1864   0.01858   0.00600  -0.0232   0.0446   1.0000 130.5404 301.0000
   9.181   1.1925   0.01880   0.00612  -0.0227   0.0437   1.0000 130.7588 301.0000
   9.266   1.1976   0.01908   0.00627  -0.0221   0.0429   1.0000 130.9508 301.0000
   9.352   1.2036   0.01929   0.00640  -0.0217   0.0420   1.0000 131.1504 301.0000
   9.437   1.2098   0.01948   0.00651  -0.0212   0.0412   1.0000 131.3583 301.0000
   9.523   1.2156   0.01969   0.00663  -0.0207   0.0404   1.0000 131.5500 301.0000
   9.608   1.2207   0.01991   0.00675  -0.0201   0.0397   1.0000 131.7190 301.0000
   9.694   1.2248   0.02019   0.00690  -0.0193   0.0391   1.0000 131.8711 301.0000
   9.779   1.2280   0.02052   0.00709  -0.0185   0.0385   1.0000 132.0176 301.0000
   9.864   1.2338   0.02070   0.00720  -0.0179   0.0378   1.0000 132.1811 301.0000
   9.950   1.2390   0.02091   0.00733  -0.0174   0.0372   1.0000 132.3498 301.0000
  10.035   1.2441   0.02114   0.00747  -0.0168   0.0365   1.0000 132.5100 301.0000
  10.121   1.2489   0.02139   0.00761  -0.0162   0.0360   1.0000 132.6551 301.0000
  10.206   1.2533   0.02166   0.00777  -0.0156   0.0354   1.0000 132.7860 301.0000
  10.291   1.2567   0.02200   0.00796  -0.0148   0.0350   1.0000 132.9062 301.0000
  10.377   1.2596   0.02238   0.00818  -0.0140   0.0345   1.0000 133.0232 301.0000
  10.462   1.2649   0.02261   0.00833  -0.0135   0.0340   1.0000 133.1524 301.0000
  10.548   1.2697   0.02288   0.00850  -0.0130   0.0335   1.0000 133.2861 301.0000
  10.633   1.2744   0.02315   0.00867  -0.0125   0.0330   1.0000 133.4162 301.0000
  10.719   1.2789   0.02344   0.00885  -0.0119   0.0326   1.0000 133.5388 301.0000
  10.804   1.2832   0.02375   0.00903  -0.0114   0.0322   1.0000 133.6525 301.0000
  10.889   1.2872   0.02407   0.00923  -0.0109   0.0318   1.0000 133.7575 301.0000
  10.975   1.2905   0.02446   0.00946  -0.0103   0.0314   1.0000 133.8555 301.0000
  11.060   1.2925   0.02493   0.00974  -0.0096   0.0311   1.0000 133.9497 301.0000
  11.146   1.2952   0.02537   0.01002  -0.0089   0.0307   1.0000 134.0428 301.0000
  11.231   1.2999   0.02567   0.01023  -0.0085   0.0304   1.0000 134.1457 301.0000
  11.317   1.3042   0.02601   0.01045  -0.0081   0.0300   1.0000 134.2526 301.0000
  11.402   1.3083   0.02636   0.01069  -0.0076   0.0296   1.0000 134.3592 301.0000
  11.487   1.3122   0.02673   0.01093  -0.0072   0.0293   1.0000 134.4623 301.0000
  11.573   1.3159   0.02711   0.01118  -0.0067   0.0289   1.0000 134.5601 301.0000
  11.658   1.3195   0.02751   0.01143  -0.0063   0.0286   1.0000 134.6517 301.0000
  11.744   1.3228   0.02793   0.01171  -0.0058   0.0283   1.0000 134.7371 301.0000
  11.829   1.3257   0.02840   0.01201  -0.0054   0.0280   1.0000 134.8173 301.0000
  11.915   1.3275   0.02895   0.01237  -0.0049   0.0277   1.0000 134.8932 301.0000
  12.000   1.3281   0.02961   0.01280  -0.0043   0.0275   1.0000 134.9679 301.0000
